0.0000000000e+00 1.5078669903e+04 1.5707963268e+00 0.0000000000e+00
3.2602721372e-07 1.5078669903e+04 1.5737375033e+00 0.0000000000e+00
6.5205442743e-07 1.5078646885e+04 1.5766786797e+00 0.0000000000e+00
9.7808235215e-07 1.5078600848e+04 1.5796198652e+00 0.0000000000e+00
1.3041116989e-06 1.5078531792e+04 1.5825610686e+00 0.0000000000e+00
1.6301431787e-06 1.5078439717e+04 1.5855022989e+00 0.0000000000e+00
1.9561775026e-06 1.5078324622e+04 1.5884435652e+00 0.0000000000e+00
2.2822153819e-06 1.5078186507e+04 1.5913848764e+00 0.0000000000e+00
2.6082575278e-06 1.5078025370e+04 1.5943262414e+00 0.0000000000e+00
2.9343046516e-06 1.5077841210e+04 1.5972676694e+00 0.0000000000e+00
3.2603574651e-06 1.5077634026e+04 1.6002091691e+00 0.0000000000e+00
3.5864166798e-06 1.5077403815e+04 1.6031507498e+00 0.0000000000e+00
3.9124830077e-06 1.5077150576e+04 1.6060924202e+00 0.0000000000e+00
4.2385571608e-06 1.5076874306e+04 1.6090341895e+00 0.0000000000e+00
4.5646398517e-06 1.5076575004e+04 1.6119760665e+00 0.0000000000e+00
4.8907317928e-06 1.5076252665e+04 1.6149180604e+00 0.0000000000e+00
5.2168336970e-06 1.5075907289e+04 1.6178601800e+00 0.0000000000e+00
5.5429462777e-06 1.5075538871e+04 1.6208024345e+00 0.0000000000e+00
5.8690702483e-06 1.5075147408e+04 1.6237448328e+00 0.0000000000e+00
6.1952063226e-06 1.5074732897e+04 1.6266873839e+00 0.0000000000e+00
6.5213552150e-06 1.5074295333e+04 1.6296300968e+00 0.0000000000e+00
6.8475176401e-06 1.5073834713e+04 1.6325729805e+00 0.0000000000e+00
7.1736943130e-06 1.5073351033e+04 1.6355160441e+00 0.0000000000e+00
7.4998859493e-06 1.5072844289e+04 1.6384592965e+00 0.0000000000e+00
7.8260932648e-06 1.5072314474e+04 1.6414027469e+00 0.0000000000e+00
8.1523169760e-06 1.5071761586e+04 1.6443464041e+00 0.0000000000e+00
8.4785578001e-06 1.5071185618e+04 1.6472902774e+00 0.0000000000e+00
8.8048164544e-06 1.5070586565e+04 1.6502343756e+00 0.0000000000e+00
9.1310936570e-06 1.5069964422e+04 1.6531787079e+00 0.0000000000e+00
9.4573901267e-06 1.5069319182e+04 1.6561232833e+00 0.0000000000e+00
9.7837065827e-06 1.5068650841e+04 1.6590681108e+00 0.0000000000e+00
1.0110043745e-05 1.5067959391e+04 1.6620131995e+00 0.0000000000e+00
1.0436402334e-05 1.5067244826e+04 1.6649585585e+00 0.0000000000e+00
1.0762783071e-05 1.5066507140e+04 1.6679041969e+00 0.0000000000e+00
1.1089186678e-05 1.5065746325e+04 1.6708501237e+00 0.0000000000e+00
1.1415613877e-05 1.5064962375e+04 1.6737963481e+00 0.0000000000e+00
1.1742065392e-05 1.5064155282e+04 1.6767428790e+00 0.0000000000e+00
1.2068541948e-05 1.5063325038e+04 1.6796897257e+00 0.0000000000e+00
1.2395044268e-05 1.5062471636e+04 1.6826368971e+00 0.0000000000e+00
1.2721573079e-05 1.5061595067e+04 1.6855844026e+00 0.0000000000e+00
1.3048129108e-05 1.5060695323e+04 1.6885322511e+00 0.0000000000e+00
1.3374713082e-05 1.5059772397e+04 1.6914804517e+00 0.0000000000e+00
1.3701325729e-05 1.5058826278e+04 1.6944290138e+00 0.0000000000e+00
1.4027967779e-05 1.5057856959e+04 1.6973779462e+00 0.0000000000e+00
1.4354639961e-05 1.5056864429e+04 1.7003272584e+00 0.0000000000e+00
1.4681343008e-05 1.5055848680e+04 1.7032769593e+00 0.0000000000e+00
1.5008077650e-05 1.5054809701e+04 1.7062270583e+00 0.0000000000e+00
1.5334844623e-05 1.5053747483e+04 1.7091775643e+00 0.0000000000e+00
1.5661644658e-05 1.5052662016e+04 1.7121284868e+00 0.0000000000e+00
1.5988478493e-05 1.5051553290e+04 1.7150798348e+00 0.0000000000e+00
1.6315346863e-05 1.5050421293e+04 1.7180316175e+00 0.0000000000e+00
1.6642250506e-05 1.5049266015e+04 1.7209838443e+00 0.0000000000e+00
1.6969190160e-05 1.5048087445e+04 1.7239365243e+00 0.0000000000e+00
1.7296166565e-05 1.5046885572e+04 1.7268896668e+00 0.0000000000e+00
1.7623180463e-05 1.5045660384e+04 1.7298432810e+00 0.0000000000e+00
1.7950232595e-05 1.5044411870e+04 1.7327973762e+00 0.0000000000e+00
1.8277323704e-05 1.5043140016e+04 1.7357519616e+00 0.0000000000e+00
1.8604454536e-05 1.5041844812e+04 1.7387070466e+00 0.0000000000e+00
1.8931625836e-05 1.5040526245e+04 1.7416626405e+00 0.0000000000e+00
1.9258838352e-05 1.5039184301e+04 1.7446187526e+00 0.0000000000e+00
1.9586092832e-05 1.5037818969e+04 1.7475753921e+00 0.0000000000e+00
1.9913390027e-05 1.5036430235e+04 1.7505325685e+00 0.0000000000e+00
2.0240730687e-05 1.5035018085e+04 1.7534902911e+00 0.0000000000e+00
2.0568115565e-05 1.5033582506e+04 1.7564485693e+00 0.0000000000e+00
2.0895545416e-05 1.5032123484e+04 1.7594074123e+00 0.0000000000e+00
2.1223020995e-05 1.5030641004e+04 1.7623668297e+00 0.0000000000e+00
2.1550543059e-05 1.5029135053e+04 1.7653268308e+00 0.0000000000e+00
2.1878112368e-05 1.5027605617e+04 1.7682874250e+00 0.0000000000e+00
2.2205729681e-05 1.5026052679e+04 1.7712486218e+00 0.0000000000e+00
2.2533395761e-05 1.5024476225e+04 1.7742104306e+00 0.0000000000e+00
2.2861111370e-05 1.5022876239e+04 1.7771728609e+00 0.0000000000e+00
2.3188877274e-05 1.5021252707e+04 1.7801359222e+00 0.0000000000e+00
2.3516694240e-05 1.5019605612e+04 1.7830996238e+00 0.0000000000e+00
2.3844563035e-05 1.5017934938e+04 1.7860639755e+00 0.0000000000e+00
2.4172484431e-05 1.5016240668e+04 1.7890289866e+00 0.0000000000e+00
2.4500459199e-05 1.5014522788e+04 1.7919946667e+00 0.0000000000e+00
2.4828488112e-05 1.5012781278e+04 1.7949610253e+00 0.0000000000e+00
2.5156571946e-05 1.5011016123e+04 1.7979280721e+00 0.0000000000e+00
2.5484711478e-05 1.5009227305e+04 1.8008958166e+00 0.0000000000e+00
2.5812907488e-05 1.5007414807e+04 1.8038642684e+00 0.0000000000e+00
2.6141160757e-05 1.5005578610e+04 1.8068334371e+00 0.0000000000e+00
2.6469472066e-05 1.5003718697e+04 1.8098033324e+00 0.0000000000e+00
2.6797842202e-05 1.5001835050e+04 1.8127739640e+00 0.0000000000e+00
2.7126271951e-05 1.4999927650e+04 1.8157453414e+00 0.0000000000e+00
2.7454762101e-05 1.4997996477e+04 1.8187174744e+00 0.0000000000e+00
2.7783313445e-05 1.4996041514e+04 1.8216903728e+00 0.0000000000e+00
2.8111926773e-05 1.4994062740e+04 1.8246640461e+00 0.0000000000e+00
2.8440602883e-05 1.4992060137e+04 1.8276385042e+00 0.0000000000e+00
2.8769342570e-05 1.4990033683e+04 1.8306137569e+00 0.0000000000e+00
2.9098146633e-05 1.4987983361e+04 1.8335898138e+00 0.0000000000e+00
2.9427015876e-05 1.4985909148e+04 1.8365666849e+00 0.0000000000e+00
2.9755951100e-05 1.4983811024e+04 1.8395443800e+00 0.0000000000e+00
3.0084953112e-05 1.4981688969e+04 1.8425229088e+00 0.0000000000e+00
3.0414022720e-05 1.4979542961e+04 1.8455022813e+00 0.0000000000e+00
3.0743160735e-05 1.4977372980e+04 1.8484825074e+00 0.0000000000e+00
3.1072367969e-05 1.4975179002e+04 1.8514635968e+00 0.0000000000e+00
3.1401645237e-05 1.4972961007e+04 1.8544455597e+00 0.0000000000e+00
3.1730993357e-05 1.4970718973e+04 1.8574284059e+00 0.0000000000e+00
3.2060413150e-05 1.4968452876e+04 1.8604121454e+00 0.0000000000e+00
3.2389905437e-05 1.4966162695e+04 1.8633967882e+00 0.0000000000e+00
3.2719471043e-05 1.4963848406e+04 1.8663823442e+00 0.0000000000e+00
3.3049110796e-05 1.4961509986e+04 1.8693688237e+00 0.0000000000e+00
3.3378825526e-05 1.4959147411e+04 1.8723562365e+00 0.0000000000e+00
3.3708616065e-05 1.4956760658e+04 1.8753445928e+00 0.0000000000e+00
3.4038483249e-05 1.4954349703e+04 1.8783339027e+00 0.0000000000e+00
3.4368427916e-05 1.4951914522e+04 1.8813241763e+00 0.0000000000e+00
3.4698450907e-05 1.4949455089e+04 1.8843154238e+00 0.0000000000e+00
3.5028553063e-05 1.4946971381e+04 1.8873076554e+00 0.0000000000e+00
3.5358735233e-05 1.4944463371e+04 1.8903008812e+00 0.0000000000e+00
3.5688998264e-05 1.4941931034e+04 1.8932951115e+00 0.0000000000e+00
3.6019343009e-05 1.4939374346e+04 1.8962903566e+00 0.0000000000e+00
3.6349770322e-05 1.4936793279e+04 1.8992866266e+00 0.0000000000e+00
3.6680281060e-05 1.4934187808e+04 1.9022839320e+00 0.0000000000e+00
3.7010876084e-05 1.4931557906e+04 1.9052822831e+00 0.0000000000e+00
3.7341556258e-05 1.4928903547e+04 1.9082816902e+00 0.0000000000e+00
3.7672322448e-05 1.4926224702e+04 1.9112821637e+00 0.0000000000e+00
3.8003175523e-05 1.4923521346e+04 1.9142837139e+00 0.0000000000e+00
3.8334116356e-05 1.4920793450e+04 1.9172863515e+00 0.0000000000e+00
3.8665145823e-05 1.4918040986e+04 1.9202900867e+00 0.0000000000e+00
3.8996264802e-05 1.4915263926e+04 1.9232949302e+00 0.0000000000e+00
3.9327474176e-05 1.4912462241e+04 1.9263008924e+00 0.0000000000e+00
3.9658774830e-05 1.4909635904e+04 1.9293079839e+00 0.0000000000e+00
3.9990167653e-05 1.4906784884e+04 1.9323162152e+00 0.0000000000e+00
4.0321653536e-05 1.4903909152e+04 1.9353255970e+00 0.0000000000e+00
4.0653233376e-05 1.4901008679e+04 1.9383361399e+00 0.0000000000e+00
4.0984908069e-05 1.4898083434e+04 1.9413478546e+00 0.0000000000e+00
4.1316678520e-05 1.4895133388e+04 1.9443607517e+00 0.0000000000e+00
4.1648545632e-05 1.4892158510e+04 1.9473748421e+00 0.0000000000e+00
4.1980510316e-05 1.4889158768e+04 1.9503901364e+00 0.0000000000e+00
4.2312573485e-05 1.4886134133e+04 1.9534066454e+00 0.0000000000e+00
4.2644736053e-05 1.4883084571e+04 1.9564243800e+00 0.0000000000e+00
4.2976998942e-05 1.4880010052e+04 1.9594433511e+00 0.0000000000e+00
4.3309363074e-05 1.4876910543e+04 1.9624635694e+00 0.0000000000e+00
4.3641829378e-05 1.4873786013e+04 1.9654850460e+00 0.0000000000e+00
4.3974398785e-05 1.4870636427e+04 1.9685077917e+00 0.0000000000e+00
4.4307072228e-05 1.4867461754e+04 1.9715318176e+00 0.0000000000e+00
4.4639850648e-05 1.4864261960e+04 1.9745571347e+00 0.0000000000e+00
4.4972734986e-05 1.4861037012e+04 1.9775837540e+00 0.0000000000e+00
4.5305726190e-05 1.4857786874e+04 1.9806116866e+00 0.0000000000e+00
4.5638825210e-05 1.4854511514e+04 1.9836409437e+00 0.0000000000e+00
4.5972033000e-05 1.4851210897e+04 1.9866715363e+00 0.0000000000e+00
4.6305350520e-05 1.4847884987e+04 1.9897034757e+00 0.0000000000e+00
4.6638778733e-05 1.4844533750e+04 1.9927367731e+00 0.0000000000e+00
4.6972318604e-05 1.4841157149e+04 1.9957714397e+00 0.0000000000e+00
4.7305971107e-05 1.4837755150e+04 1.9988074870e+00 0.0000000000e+00
4.7639737216e-05 1.4834327715e+04 2.0018449261e+00 0.0000000000e+00
4.7973617911e-05 1.4830874809e+04 2.0048837684e+00 0.0000000000e+00
4.8307614176e-05 1.4827396395e+04 2.0079240255e+00 0.0000000000e+00
4.8641727001e-05 1.4823892435e+04 2.0109657086e+00 0.0000000000e+00
4.8975957377e-05 1.4820362891e+04 2.0140088293e+00 0.0000000000e+00
4.9310306304e-05 1.4816807727e+04 2.0170533992e+00 0.0000000000e+00
4.9644774782e-05 1.4813226903e+04 2.0200994298e+00 0.0000000000e+00
4.9979363820e-05 1.4809620382e+04 2.0231469326e+00 0.0000000000e+00
5.0314074428e-05 1.4805988125e+04 2.0261959194e+00 0.0000000000e+00
5.0648907623e-05 1.4802330091e+04 2.0292464018e+00 0.0000000000e+00
5.0983864426e-05 1.4798646243e+04 2.0322983915e+00 0.0000000000e+00
5.1318945862e-05 1.4794936539e+04 2.0353519003e+00 0.0000000000e+00
5.1654152962e-05 1.4791200940e+04 2.0384069400e+00 0.0000000000e+00
5.1989486763e-05 1.4787439405e+04 2.0414635225e+00 0.0000000000e+00
5.2324948304e-05 1.4783651893e+04 2.0445216596e+00 0.0000000000e+00
5.2660538631e-05 1.4779838363e+04 2.0475813632e+00 0.0000000000e+00
5.2996258796e-05 1.4775998773e+04 2.0506426454e+00 0.0000000000e+00
5.3332109854e-05 1.4772133081e+04 2.0537055181e+00 0.0000000000e+00
5.3668092866e-05 1.4768241245e+04 2.0567699935e+00 0.0000000000e+00
5.4004208898e-05 1.4764323223e+04 2.0598360836e+00 0.0000000000e+00
5.4340459024e-05 1.4760378970e+04 2.0629038005e+00 0.0000000000e+00
5.4676844319e-05 1.4756408444e+04 2.0659731565e+00 0.0000000000e+00
5.5013365866e-05 1.4752411601e+04 2.0690441638e+00 0.0000000000e+00
5.5350024754e-05 1.4748388397e+04 2.0721168348e+00 0.0000000000e+00
5.5686822077e-05 1.4744338786e+04 2.0751911816e+00 0.0000000000e+00
5.6023758932e-05 1.4740262725e+04 2.0782672167e+00 0.0000000000e+00
5.6360836427e-05 1.4736160168e+04 2.0813449526e+00 0.0000000000e+00
5.6698055671e-05 1.4732031069e+04 2.0844244017e+00 0.0000000000e+00
5.7035417781e-05 1.4727875382e+04 2.0875055765e+00 0.0000000000e+00
5.7372923879e-05 1.4723693061e+04 2.0905884897e+00 0.0000000000e+00
5.7710575095e-05 1.4719484058e+04 2.0936731537e+00 0.0000000000e+00
5.8048372562e-05 1.4715248327e+04 2.0967595814e+00 0.0000000000e+00
5.8386317422e-05 1.4710985821e+04 2.0998477854e+00 0.0000000000e+00
5.8724410820e-05 1.4706696490e+04 2.1029377785e+00 0.0000000000e+00
5.9062653910e-05 1.4702380287e+04 2.1060295735e+00 0.0000000000e+00
5.9401047851e-05 1.4698037163e+04 2.1091231833e+00 0.0000000000e+00
5.9739593809e-05 1.4693667069e+04 2.1122186208e+00 0.0000000000e+00
6.0078292955e-05 1.4689269954e+04 2.1153158990e+00 0.0000000000e+00
6.0417146468e-05 1.4684845770e+04 2.1184150310e+00 0.0000000000e+00
6.0756155534e-05 1.4680394465e+04 2.1215160298e+00 0.0000000000e+00
6.1095321343e-05 1.4675915990e+04 2.1246189085e+00 0.0000000000e+00
6.1434645095e-05 1.4671410292e+04 2.1277236804e+00 0.0000000000e+00
6.1774127994e-05 1.4666877320e+04 2.1308303587e+00 0.0000000000e+00
6.2113771253e-05 1.4662317022e+04 2.1339389568e+00 0.0000000000e+00
6.2453576090e-05 1.4657729345e+04 2.1370494879e+00 0.0000000000e+00
6.2793543733e-05 1.4653114237e+04 2.1401619655e+00 0.0000000000e+00
6.3133675413e-05 1.4648471644e+04 2.1432764031e+00 0.0000000000e+00
6.3473972371e-05 1.4643801513e+04 2.1463928142e+00 0.0000000000e+00
6.3814435855e-05 1.4639103789e+04 2.1495112124e+00 0.0000000000e+00
6.4155067120e-05 1.4634378417e+04 2.1526316114e+00 0.0000000000e+00
6.4495867428e-05 1.4629625343e+04 2.1557540248e+00 0.0000000000e+00
6.4836838048e-05 1.4624844511e+04 2.1588784665e+00 0.0000000000e+00
6.5177980259e-05 1.4620035866e+04 2.1620049503e+00 0.0000000000e+00
6.5519295345e-05 1.4615199350e+04 2.1651334901e+00 0.0000000000e+00
6.5860784599e-05 1.4610334907e+04 2.1682640997e+00 0.0000000000e+00
6.6202449322e-05 1.4605442480e+04 2.1713967934e+00 0.0000000000e+00
6.6544290822e-05 1.4600522010e+04 2.1745315850e+00 0.0000000000e+00
6.6886310416e-05 1.4595573440e+04 2.1776684889e+00 0.0000000000e+00
6.7228509428e-05 1.4590596711e+04 2.1808075191e+00 0.0000000000e+00
6.7570889192e-05 1.4585591764e+04 2.1839486900e+00 0.0000000000e+00
6.7913451049e-05 1.4580558539e+04 2.1870920159e+00 0.0000000000e+00
6.8256196348e-05 1.4575496976e+04 2.1902375112e+00 0.0000000000e+00
6.8599126448e-05 1.4570407015e+04 2.1933851904e+00 0.0000000000e+00
6.8942242714e-05 1.4565288595e+04 2.1965350680e+00 0.0000000000e+00
6.9285546523e-05 1.4560141653e+04 2.1996871587e+00 0.0000000000e+00
6.9629039258e-05 1.4554966128e+04 2.2028414770e+00 0.0000000000e+00
6.9972722312e-05 1.4549761958e+04 2.2059980378e+00 0.0000000000e+00
7.0316597087e-05 1.4544529080e+04 2.2091568559e+00 0.0000000000e+00
7.0660664994e-05 1.4539267429e+04 2.2123179462e+00 0.0000000000e+00
7.1004927453e-05 1.4533976943e+04 2.2154813236e+00 0.0000000000e+00
7.1349385894e-05 1.4528657556e+04 2.2186470031e+00 0.0000000000e+00
7.1694041755e-05 1.4523309204e+04 2.2218149999e+00 0.0000000000e+00
7.2038896484e-05 1.4517931822e+04 2.2249853291e+00 0.0000000000e+00
7.2383951540e-05 1.4512525342e+04 2.2281580060e+00 0.0000000000e+00
7.2729208389e-05 1.4507089699e+04 2.2313330459e+00 0.0000000000e+00
7.3074668510e-05 1.4501624825e+04 2.2345104642e+00 0.0000000000e+00
7.3420333389e-05 1.4496130654e+04 2.2376902765e+00 0.0000000000e+00
7.3766204524e-05 1.4490607116e+04 2.2408724981e+00 0.0000000000e+00
7.4112283423e-05 1.4485054143e+04 2.2440571449e+00 0.0000000000e+00
7.4458571602e-05 1.4479471667e+04 2.2472442324e+00 0.0000000000e+00
7.4805070591e-05 1.4473859617e+04 2.2504337765e+00 0.0000000000e+00
7.5151781928e-05 1.4468217923e+04 2.2536257930e+00 0.0000000000e+00
7.5498707162e-05 1.4462546514e+04 2.2568202980e+00 0.0000000000e+00
7.5845847852e-05 1.4456845319e+04 2.2600173074e+00 0.0000000000e+00
7.6193205572e-05 1.4451114266e+04 2.2632168373e+00 0.0000000000e+00
7.6540781901e-05 1.4445353283e+04 2.2664189040e+00 0.0000000000e+00
7.6888578433e-05 1.4439562296e+04 2.2696235237e+00 0.0000000000e+00
7.7236596773e-05 1.4433741232e+04 2.2728307128e+00 0.0000000000e+00
7.7584838536e-05 1.4427890016e+04 2.2760404878e+00 0.0000000000e+00
7.7933305350e-05 1.4422008574e+04 2.2792528651e+00 0.0000000000e+00
7.8281998853e-05 1.4416096831e+04 2.2824678615e+00 0.0000000000e+00
7.8630920697e-05 1.4410154710e+04 2.2856854936e+00 0.0000000000e+00
7.8980072543e-05 1.4404182135e+04 2.2889057782e+00 0.0000000000e+00
7.9329456067e-05 1.4398179029e+04 2.2921287322e+00 0.0000000000e+00
7.9679072956e-05 1.4392145314e+04 2.2953543726e+00 0.0000000000e+00
8.0028924909e-05 1.4386080912e+04 2.2985827166e+00 0.0000000000e+00
8.0379013638e-05 1.4379985743e+04 2.3018137811e+00 0.0000000000e+00
8.0729340868e-05 1.4373859729e+04 2.3050475836e+00 0.0000000000e+00
8.1079908336e-05 1.4367702788e+04 2.3082841413e+00 0.0000000000e+00
8.1430717792e-05 1.4361514841e+04 2.3115234718e+00 0.0000000000e+00
8.1781771000e-05 1.4355295805e+04 2.3147655925e+00 0.0000000000e+00
8.2133069737e-05 1.4349045598e+04 2.3180105211e+00 0.0000000000e+00
8.2484615793e-05 1.4342764138e+04 2.3212582754e+00 0.0000000000e+00
8.2836410972e-05 1.4336451342e+04 2.3245088731e+00 0.0000000000e+00
8.3188457091e-05 1.4330107125e+04 2.3277623323e+00 0.0000000000e+00
8.3540755983e-05 1.4323731402e+04 2.3310186709e+00 0.0000000000e+00
8.3893309492e-05 1.4317324089e+04 2.3342779071e+00 0.0000000000e+00
8.4246119479e-05 1.4310885098e+04 2.3375400592e+00 0.0000000000e+00
8.4599187818e-05 1.4304414344e+04 2.3408051455e+00 0.0000000000e+00
8.4952516399e-05 1.4297911739e+04 2.3440731844e+00 0.0000000000e+00
8.5306107125e-05 1.4291377195e+04 2.3473441946e+00 0.0000000000e+00
8.5659961914e-05 1.4284810623e+04 2.3506181946e+00 0.0000000000e+00
8.6014082703e-05 1.4278211933e+04 2.3538952034e+00 0.0000000000e+00
8.6368471438e-05 1.4271581036e+04 2.3571752396e+00 0.0000000000e+00
8.6723130086e-05 1.4264917840e+04 2.3604583224e+00 0.0000000000e+00
8.7078060628e-05 1.4258222254e+04 2.3637444709e+00 0.0000000000e+00
8.7433265060e-05 1.4251494186e+04 2.3670337042e+00 0.0000000000e+00
8.7788745394e-05 1.4244733542e+04 2.3703260417e+00 0.0000000000e+00
8.8144503661e-05 1.4237940229e+04 2.3736215028e+00 0.0000000000e+00
8.8500541906e-05 1.4231114151e+04 2.3769201072e+00 0.0000000000e+00
8.8856862191e-05 1.4224255215e+04 2.3802218745e+00 0.0000000000e+00
8.9213466597e-05 1.4217363323e+04 2.3835268244e+00 0.0000000000e+00
8.9570357219e-05 1.4210438379e+04 2.3868349770e+00 0.0000000000e+00
8.9927536171e-05 1.4203480285e+04 2.3901463522e+00 0.0000000000e+00
9.0285005586e-05 1.4196488943e+04 2.3934609702e+00 0.0000000000e+00
9.0642767614e-05 1.4189464254e+04 2.3967788513e+00 0.0000000000e+00
9.1000824421e-05 1.4182406118e+04 2.4001000159e+00 0.0000000000e+00
9.1359178193e-05 1.4175314434e+04 2.4034244846e+00 0.0000000000e+00
9.1717831136e-05 1.4168189100e+04 2.4067522779e+00 0.0000000000e+00
9.2076785473e-05 1.4161030015e+04 2.4100834167e+00 0.0000000000e+00
9.2436043445e-05 1.4153837075e+04 2.4134179220e+00 0.0000000000e+00
9.2795607315e-05 1.4146610176e+04 2.4167558146e+00 0.0000000000e+00
9.3155479364e-05 1.4139349213e+04 2.4200971159e+00 0.0000000000e+00
9.3515661892e-05 1.4132054080e+04 2.4234418472e+00 0.0000000000e+00
9.3876157221e-05 1.4124724672e+04 2.4267900298e+00 0.0000000000e+00
9.4236967692e-05 1.4117360881e+04 2.4301416855e+00 0.0000000000e+00
9.4598095666e-05 1.4109962597e+04 2.4334968358e+00 0.0000000000e+00
9.4959543527e-05 1.4102529714e+04 2.4368555027e+00 0.0000000000e+00
9.5321313678e-05 1.4095062120e+04 2.4402177082e+00 0.0000000000e+00
9.5683408544e-05 1.4087559704e+04 2.4435834744e+00 0.0000000000e+00
9.6045830572e-05 1.4080022355e+04 2.4469528236e+00 0.0000000000e+00
9.6408582231e-05 1.4072449960e+04 2.4503257783e+00 0.0000000000e+00
9.6771666012e-05 1.4064842406e+04 2.4537023610e+00 0.0000000000e+00
9.7135084429e-05 1.4057199578e+04 2.4570825944e+00 0.0000000000e+00
9.7498840017e-05 1.4049521360e+04 2.4604665015e+00 0.0000000000e+00
9.7862935338e-05 1.4041807637e+04 2.4638541052e+00 0.0000000000e+00
9.8227372974e-05 1.4034058290e+04 2.4672454288e+00 0.0000000000e+00
9.8592155531e-05 1.4026273203e+04 2.4706404956e+00 0.0000000000e+00
9.8957285641e-05 1.4018452254e+04 2.4740393290e+00 0.0000000000e+00
9.9322765960e-05 1.4010595325e+04 2.4774419528e+00 0.0000000000e+00
9.9688599168e-05 1.4002702294e+04 2.4808483908e+00 0.0000000000e+00
1.0005478797e-04 1.3994773039e+04 2.4842586668e+00 0.0000000000e+00
1.0042133510e-04 1.3986807437e+04 2.4876728051e+00 0.0000000000e+00
1.0078824330e-04 1.3978805363e+04 2.4910908299e+00 0.0000000000e+00
1.0115551538e-04 1.3970766692e+04 2.4945127657e+00 0.0000000000e+00
1.0152315413e-04 1.3962691298e+04 2.4979386372e+00 0.0000000000e+00
1.0189116238e-04 1.3954579054e+04 2.5013684692e+00 0.0000000000e+00
1.0225954302e-04 1.3946429831e+04 2.5048022865e+00 0.0000000000e+00
1.0262829891e-04 1.3938243500e+04 2.5082401145e+00 0.0000000000e+00
1.0299743300e-04 1.3930019930e+04 2.5116819783e+00 0.0000000000e+00
1.0336694821e-04 1.3921758990e+04 2.5151279036e+00 0.0000000000e+00
1.0373684754e-04 1.3913460547e+04 2.5185779159e+00 0.0000000000e+00
1.0410713398e-04 1.3905124468e+04 2.5220320411e+00 0.0000000000e+00
1.0447781057e-04 1.3896750617e+04 2.5254903054e+00 0.0000000000e+00
1.0484888038e-04 1.3888338858e+04 2.5289527349e+00 0.0000000000e+00
1.0522034651e-04 1.3879889055e+04 2.5324193560e+00 0.0000000000e+00
1.0559221207e-04 1.3871401068e+04 2.5358901954e+00 0.0000000000e+00
1.0596448024e-04 1.3862874759e+04 2.5393652799e+00 0.0000000000e+00
1.0633715419e-04 1.3854309987e+04 2.5428446364e+00 0.0000000000e+00
1.0671023716e-04 1.3845706610e+04 2.5463282921e+00 0.0000000000e+00
1.0708373240e-04 1.3837064484e+04 2.5498162745e+00 0.0000000000e+00
1.0745764320e-04 1.3828383466e+04 2.5533086110e+00 0.0000000000e+00
1.0783197288e-04 1.3819663410e+04 2.5568053296e+00 0.0000000000e+00
1.0820672480e-04 1.3810904170e+04 2.5603064582e+00 0.0000000000e+00
1.0858190236e-04 1.3802105597e+04 2.5638120249e+00 0.0000000000e+00
1.0895750897e-04 1.3793267542e+04 2.5673220583e+00 0.0000000000e+00
1.0933354811e-04 1.3784389855e+04 2.5708365869e+00 0.0000000000e+00
1.0971002326e-04 1.3775472384e+04 2.5743556396e+00 0.0000000000e+00
1.1008693798e-04 1.3766514975e+04 2.5778792455e+00 0.0000000000e+00
1.1046429583e-04 1.3757517475e+04 2.5814074337e+00 0.0000000000e+00
1.1084210043e-04 1.3748479727e+04 2.5849402338e+00 0.0000000000e+00
1.1122035543e-04 1.3739401575e+04 2.5884776756e+00 0.0000000000e+00
1.1159906451e-04 1.3730282860e+04 2.5920197889e+00 0.0000000000e+00
1.1197823141e-04 1.3721123422e+04 2.5955666039e+00 0.0000000000e+00
1.1235785990e-04 1.3711923100e+04 2.5991181511e+00 0.0000000000e+00
1.1273795379e-04 1.3702681731e+04 2.6026744611e+00 0.0000000000e+00
1.1311851694e-04 1.3693399152e+04 2.6062355647e+00 0.0000000000e+00
1.1349955323e-04 1.3684075196e+04 2.6098014931e+00 0.0000000000e+00
1.1388106661e-04 1.3674709697e+04 2.6133722777e+00 0.0000000000e+00
1.1426306107e-04 1.3665302486e+04 2.6169479500e+00 0.0000000000e+00
1.1464554062e-04 1.3655853395e+04 2.6205285419e+00 0.0000000000e+00
1.1502850934e-04 1.3646362250e+04 2.6241140855e+00 0.0000000000e+00
1.1541197134e-04 1.3636828879e+04 2.6277046132e+00 0.0000000000e+00
1.1579593080e-04 1.3627253109e+04 2.6313001576e+00 0.0000000000e+00
1.1618039193e-04 1.3617634762e+04 2.6349007516e+00 0.0000000000e+00
1.1656535897e-04 1.3607973661e+04 2.6385064283e+00 0.0000000000e+00
1.1695083625e-04 1.3598269628e+04 2.6421172212e+00 0.0000000000e+00
1.1733682812e-04 1.3588522481e+04 2.6457331638e+00 0.0000000000e+00
1.1772333898e-04 1.3578732038e+04 2.6493542902e+00 0.0000000000e+00
1.1811037331e-04 1.3568898115e+04 2.6529806346e+00 0.0000000000e+00
1.1849793560e-04 1.3559020527e+04 2.6566122315e+00 0.0000000000e+00
1.1888603043e-04 1.3549099085e+04 2.6602491158e+00 0.0000000000e+00
1.1927466242e-04 1.3539133602e+04 2.6638913223e+00 0.0000000000e+00
1.1966383623e-04 1.3529123886e+04 2.6675388867e+00 0.0000000000e+00
1.2005355659e-04 1.3519069745e+04 2.6711918445e+00 0.0000000000e+00
1.2044382830e-04 1.3508970985e+04 2.6748502316e+00 0.0000000000e+00
1.2083465618e-04 1.3498827409e+04 2.6785140844e+00 0.0000000000e+00
1.2122604516e-04 1.3488638821e+04 2.6821834394e+00 0.0000000000e+00
1.2161800018e-04 1.3478405019e+04 2.6858583334e+00 0.0000000000e+00
1.2201052627e-04 1.3468125803e+04 2.6895388038e+00 0.0000000000e+00
1.2240362850e-04 1.3457800970e+04 2.6932248879e+00 0.0000000000e+00
1.2279731203e-04 1.3447430314e+04 2.6969166236e+00 0.0000000000e+00
1.2319158207e-04 1.3437013628e+04 2.7006140490e+00 0.0000000000e+00
1.2358644388e-04 1.3426550704e+04 2.7043172027e+00 0.0000000000e+00
1.2398190281e-04 1.3416041330e+04 2.7080261234e+00 0.0000000000e+00
1.2437796426e-04 1.3405485293e+04 2.7117408502e+00 0.0000000000e+00
1.2477463370e-04 1.3394882378e+04 2.7154614228e+00 0.0000000000e+00
1.2517191669e-04 1.3384232369e+04 2.7191878808e+00 0.0000000000e+00
1.2556981883e-04 1.3373535046e+04 2.7229202644e+00 0.0000000000e+00
1.2596834581e-04 1.3362790188e+04 2.7266586143e+00 0.0000000000e+00
1.2636750340e-04 1.3351997573e+04 2.7304029713e+00 0.0000000000e+00
1.2676729741e-04 1.3341156975e+04 2.7341533766e+00 0.0000000000e+00
1.2716773377e-04 1.3330268166e+04 2.7379098719e+00 0.0000000000e+00
1.2756881846e-04 1.3319330917e+04 2.7416724992e+00 0.0000000000e+00
1.2797055754e-04 1.3308344996e+04 2.7454413008e+00 0.0000000000e+00
1.2837295717e-04 1.3297310169e+04 2.7492163195e+00 0.0000000000e+00
1.2877602355e-04 1.3286226200e+04 2.7529975984e+00 0.0000000000e+00
1.2917976302e-04 1.3275092850e+04 2.7567851811e+00 0.0000000000e+00
1.2958418195e-04 1.3263909878e+04 2.7605791115e+00 0.0000000000e+00
1.2998928683e-04 1.3252677042e+04 2.7643794339e+00 0.0000000000e+00
1.3039508422e-04 1.3241394095e+04 2.7681861931e+00 0.0000000000e+00
1.3080158078e-04 1.3230060790e+04 2.7719994342e+00 0.0000000000e+00
1.3120878327e-04 1.3218676875e+04 2.7758192029e+00 0.0000000000e+00
1.3161669851e-04 1.3207242100e+04 2.7796455450e+00 0.0000000000e+00
1.3202533344e-04 1.3195756207e+04 2.7834785071e+00 0.0000000000e+00
1.3243469510e-04 1.3184218939e+04 2.7873181359e+00 0.0000000000e+00
1.3284479061e-04 1.3172630036e+04 2.7911644789e+00 0.0000000000e+00
1.3325562720e-04 1.3160989234e+04 2.7950175837e+00 0.0000000000e+00
1.3366721220e-04 1.3149296269e+04 2.7988774986e+00 0.0000000000e+00
1.3407955305e-04 1.3137550871e+04 2.8027442722e+00 0.0000000000e+00
1.3449265728e-04 1.3125752769e+04 2.8066179537e+00 0.0000000000e+00
1.3490653254e-04 1.3113901691e+04 2.8104985927e+00 0.0000000000e+00
1.3532118660e-04 1.3101997359e+04 2.8143862392e+00 0.0000000000e+00
1.3573662731e-04 1.3090039494e+04 2.8182809438e+00 0.0000000000e+00
1.3615286268e-04 1.3078027814e+04 2.8221827577e+00 0.0000000000e+00
1.3656990079e-04 1.3065962035e+04 2.8260917323e+00 0.0000000000e+00
1.3698774987e-04 1.3053841867e+04 2.8300079197e+00 0.0000000000e+00
1.3740641826e-04 1.3041667020e+04 2.8339313726e+00 0.0000000000e+00
1.3782591443e-04 1.3029437201e+04 2.8378621440e+00 0.0000000000e+00
1.3824624697e-04 1.3017152112e+04 2.8418002876e+00 0.0000000000e+00
1.3866742461e-04 1.3004811454e+04 2.8457458574e+00 0.0000000000e+00
1.3908945619e-04 1.2992414923e+04 2.8496989084e+00 0.0000000000e+00
1.3951235072e-04 1.2979962214e+04 2.8536594956e+00 0.0000000000e+00
1.3993611730e-04 1.2967453016e+04 2.8576276750e+00 0.0000000000e+00
1.4036076521e-04 1.2954887017e+04 2.8616035028e+00 0.0000000000e+00
1.4078630387e-04 1.2942263901e+04 2.8655870362e+00 0.0000000000e+00
1.4121274282e-04 1.2929583349e+04 2.8695783326e+00 0.0000000000e+00
1.4164009177e-04 1.2916845038e+04 2.8735774502e+00 0.0000000000e+00
1.4206836058e-04 1.2904048642e+04 2.8775844476e+00 0.0000000000e+00
1.4249755927e-04 1.2891193832e+04 2.8815993844e+00 0.0000000000e+00
1.4292769800e-04 1.2878280273e+04 2.8856223204e+00 0.0000000000e+00
1.4335878712e-04 1.2865307630e+04 2.8896533162e+00 0.0000000000e+00
1.4379083713e-04 1.2852275562e+04 2.8936924330e+00 0.0000000000e+00
1.4422385870e-04 1.2839183726e+04 2.8977397329e+00 0.0000000000e+00
1.4465786267e-04 1.2826031772e+04 2.9017952782e+00 0.0000000000e+00
1.4509286008e-04 1.2812819351e+04 2.9058591321e+00 0.0000000000e+00
1.4552886213e-04 1.2799546106e+04 2.9099313587e+00 0.0000000000e+00
1.4596588021e-04 1.2786211678e+04 2.9140120223e+00 0.0000000000e+00
1.4640392589e-04 1.2772815704e+04 2.9181011884e+00 0.0000000000e+00
1.4684301097e-04 1.2759357817e+04 2.9221989228e+00 0.0000000000e+00
1.4728314742e-04 1.2745837646e+04 2.9263052922e+00 0.0000000000e+00
1.4772434740e-04 1.2732254814e+04 2.9304203641e+00 0.0000000000e+00
1.4816662332e-04 1.2718608943e+04 2.9345442065e+00 0.0000000000e+00
1.4860998777e-04 1.2704899648e+04 2.9386768885e+00 0.0000000000e+00
1.4905445357e-04 1.2691126542e+04 2.9428184797e+00 0.0000000000e+00
1.4950003375e-04 1.2677289231e+04 2.9469690504e+00 0.0000000000e+00
1.4994674160e-04 1.2663387320e+04 2.9511286721e+00 0.0000000000e+00
1.5039459061e-04 1.2649420405e+04 2.9552974166e+00 0.0000000000e+00
1.5084359452e-04 1.2635388081e+04 2.9594753568e+00 0.0000000000e+00
1.5129376734e-04 1.2621289938e+04 2.9636625664e+00 0.0000000000e+00
1.5174512328e-04 1.2607125560e+04 2.9678591199e+00 0.0000000000e+00
1.5219767686e-04 1.2592894526e+04 2.9720650927e+00 0.0000000000e+00
1.5265144284e-04 1.2578596411e+04 2.9762805609e+00 0.0000000000e+00
1.5310643624e-04 1.2564230786e+04 2.9805056017e+00 0.0000000000e+00
1.5356267238e-04 1.2549797215e+04 2.9847402931e+00 0.0000000000e+00
1.5402016686e-04 1.2535295258e+04 2.9889847140e+00 0.0000000000e+00
1.5447893554e-04 1.2520724470e+04 2.9932389442e+00 0.0000000000e+00
1.5493899463e-04 1.2506084399e+04 2.9975030645e+00 0.0000000000e+00
1.5540036061e-04 1.2491374591e+04 3.0017771565e+00 0.0000000000e+00
1.5586305028e-04 1.2476594583e+04 3.0060613030e+00 0.0000000000e+00
1.5632708078e-04 1.2461743908e+04 3.0103555877e+00 0.0000000000e+00
1.5679246956e-04 1.2446822095e+04 3.0146600952e+00 0.0000000000e+00
1.5725923442e-04 1.2431828664e+04 3.0189749113e+00 0.0000000000e+00
1.5772739351e-04 1.2416763132e+04 3.0233001225e+00 0.0000000000e+00
1.5819696533e-04 1.2401625009e+04 3.0276358168e+00 0.0000000000e+00
1.5866796876e-04 1.2386413799e+04 3.0319820830e+00 0.0000000000e+00
1.5914042305e-04 1.2371129000e+04 3.0363390110e+00 0.0000000000e+00
1.5961434784e-04 1.2355770104e+04 3.0407066919e+00 0.0000000000e+00
1.6008976316e-04 1.2340336597e+04 3.0450852178e+00 0.0000000000e+00
1.6056668946e-04 1.2324827958e+04 3.0494746821e+00 0.0000000000e+00
1.6104514761e-04 1.2309243659e+04 3.0538751793e+00 0.0000000000e+00
1.6152515891e-04 1.2293583167e+04 3.0582868050e+00 0.0000000000e+00
1.6200674511e-04 1.2277845941e+04 3.0627096561e+00 0.0000000000e+00
1.6248992841e-04 1.2262031434e+04 3.0671438308e+00 0.0000000000e+00
1.6297473148e-04 1.2246139092e+04 3.0715894283e+00 0.0000000000e+00
1.6346117749e-04 1.2230168354e+04 3.0760465494e+00 0.0000000000e+00
1.6394929009e-04 1.2214118650e+04 3.0805152960e+00 0.0000000000e+00
1.6443909345e-04 1.2197989406e+04 3.0849957712e+00 0.0000000000e+00
1.6493061228e-04 1.2181780037e+04 3.0894880798e+00 0.0000000000e+00
1.6542387180e-04 1.2165489954e+04 3.0939923276e+00 0.0000000000e+00
1.6591889784e-04 1.2149118558e+04 3.0985086220e+00 0.0000000000e+00
1.6641571676e-04 1.2132665242e+04 3.1030370718e+00 0.0000000000e+00
1.6691435554e-04 1.2116129393e+04 3.1075777872e+00 0.0000000000e+00
1.6741484177e-04 1.2099510389e+04 3.1121308799e+00 0.0000000000e+00
1.6791720366e-04 1.2082807599e+04 3.1166964630e+00 0.0000000000e+00
1.6842147009e-04 1.2066020383e+04 3.1212746512e+00 0.0000000000e+00
1.6892767060e-04 1.2049148096e+04 3.1258655608e+00 0.0000000000e+00
1.6943583542e-04 1.2032190081e+04 3.1304693096e+00 0.0000000000e+00
1.6994599551e-04 1.2015145673e+04 3.1350860171e+00 0.0000000000e+00
1.7045818254e-04 1.1998014198e+04 3.1397158044e+00 0.0000000000e+00
1.7097242898e-04 1.1980794974e+04 3.1443587941e+00 0.0000000000e+00
1.7148876805e-04 1.1963487307e+04 3.1490151109e+00 0.0000000000e+00
1.7200723381e-04 1.1946090498e+04 3.1536848808e+00 0.0000000000e+00
1.7252786114e-04 1.1928603833e+04 3.1583682320e+00 0.0000000000e+00
1.7305068581e-04 1.1911026592e+04 3.1630652940e+00 0.0000000000e+00
1.7357574446e-04 1.1893358043e+04 3.1677761987e+00 0.0000000000e+00
1.7410307468e-04 1.1875597446e+04 3.1725010795e+00 0.0000000000e+00
1.7463271501e-04 1.1857744048e+04 3.1772400718e+00 0.0000000000e+00
1.7516470498e-04 1.1839797087e+04 3.1819933130e+00 0.0000000000e+00
1.7569908516e-04 1.1821755789e+04 3.1867609425e+00 0.0000000000e+00
1.7623589716e-04 1.1803619371e+04 3.1915431016e+00 0.0000000000e+00
1.7677518371e-04 1.1785387036e+04 3.1963399339e+00 0.0000000000e+00
1.7731698869e-04 1.1767057979e+04 3.2011515850e+00 0.0000000000e+00
1.7786135714e-04 1.1748631380e+04 3.2059782025e+00 0.0000000000e+00
1.7840833533e-04 1.1730106409e+04 3.2108199366e+00 0.0000000000e+00
1.7895797081e-04 1.1711482224e+04 3.2156769393e+00 0.0000000000e+00
1.7951031245e-04 1.1692757970e+04 3.2205493651e+00 0.0000000000e+00
1.8006541047e-04 1.1673932780e+04 3.2254373710e+00 0.0000000000e+00
1.8062331652e-04 1.1655005773e+04 3.2303411161e+00 0.0000000000e+00
1.8118408374e-04 1.1635976057e+04 3.2352607622e+00 0.0000000000e+00
1.8174776678e-04 1.1616842724e+04 3.2401964734e+00 0.0000000000e+00
1.8231442187e-04 1.1597604855e+04 3.2451484164e+00 0.0000000000e+00
1.8288410693e-04 1.1578261516e+04 3.2501167606e+00 0.0000000000e+00
1.8345688158e-04 1.1558811758e+04 3.2551016779e+00 0.0000000000e+00
1.8403280721e-04 1.1539254619e+04 3.2601033430e+00 0.0000000000e+00
1.8461194710e-04 1.1519589122e+04 3.2651219335e+00 0.0000000000e+00
1.8519436645e-04 1.1499814274e+04 3.2701576296e+00 0.0000000000e+00
1.8578013250e-04 1.1479929067e+04 3.2752106145e+00 0.0000000000e+00
1.8636931457e-04 1.1459932480e+04 3.2802810744e+00 0.0000000000e+00
1.8696198418e-04 1.1439823472e+04 3.2853691986e+00 0.0000000000e+00
1.8755821514e-04 1.1419600988e+04 3.2904751792e+00 0.0000000000e+00
1.8815808364e-04 1.1399263955e+04 3.2955992118e+00 0.0000000000e+00
1.8876166835e-04 1.1378811286e+04 3.3007414950e+00 0.0000000000e+00
1.8936905058e-04 1.1358241873e+04 3.3059022309e+00 0.0000000000e+00
1.8998031430e-04 1.1337554593e+04 3.3110816249e+00 0.0000000000e+00
1.9059554635e-04 1.1316748303e+04 3.3162798858e+00 0.0000000000e+00
1.9121483655e-04 1.1295821843e+04 3.3214972260e+00 0.0000000000e+00
1.9183827781e-04 1.1274774033e+04 3.3267338617e+00 0.0000000000e+00
1.9246596629e-04 1.1253603676e+04 3.3319900124e+00 0.0000000000e+00
1.9309800157e-04 1.1232309553e+04 3.3372659018e+00 0.0000000000e+00
1.9373448678e-04 1.1210890426e+04 3.3425617574e+00 0.0000000000e+00
1.9437552883e-04 1.1189345036e+04 3.3478778105e+00 0.0000000000e+00
1.9502123851e-04 1.1167672104e+04 3.3532142967e+00 0.0000000000e+00
1.9567173079e-04 1.1145870329e+04 3.3585714556e+00 0.0000000000e+00
1.9632712492e-04 1.1123938389e+04 3.3639495313e+00 0.0000000000e+00
1.9698754473e-04 1.1101874938e+04 3.3693487720e+00 0.0000000000e+00
1.9765311885e-04 1.1079678608e+04 3.3747694307e+00 0.0000000000e+00
1.9832398092e-04 1.1057348010e+04 3.3802117648e+00 0.0000000000e+00
1.9900026990e-04 1.1034881728e+04 3.3856760364e+00 0.0000000000e+00
1.9968213037e-04 1.1012278323e+04 3.3911625126e+00 0.0000000000e+00
2.0036971276e-04 1.0989536333e+04 3.3966714654e+00 0.0000000000e+00
2.0106317377e-04 1.0966654267e+04 3.4022031718e+00 0.0000000000e+00
2.0176267665e-04 1.0943630612e+04 3.4077579140e+00 0.0000000000e+00
2.0246839160e-04 1.0920463826e+04 3.4133359798e+00 0.0000000000e+00
2.0318049618e-04 1.0897152342e+04 3.4189376622e+00 0.0000000000e+00
2.0389917573e-04 1.0873694563e+04 3.4245632600e+00 0.0000000000e+00
2.0462462382e-04 1.0850088866e+04 3.4302130777e+00 0.0000000000e+00
2.0535704278e-04 1.0826333599e+04 3.4358874258e+00 0.0000000000e+00
2.0609664419e-04 1.0802427080e+04 3.4415866208e+00 0.0000000000e+00
2.0684364951e-04 1.0778367598e+04 3.4473109855e+00 0.0000000000e+00
2.0759829065e-04 1.0754153411e+04 3.4530608492e+00 0.0000000000e+00
2.0836081069e-04 1.0729782746e+04 3.4588365476e+00 0.0000000000e+00
2.0913146456e-04 1.0705253797e+04 3.4646384234e+00 0.0000000000e+00
2.0991051988e-04 1.0680564729e+04 3.4704668260e+00 0.0000000000e+00
2.1069825777e-04 1.0655713670e+04 3.4763221123e+00 0.0000000000e+00
2.1149497378e-04 1.0630698718e+04 3.4822046462e+00 0.0000000000e+00
2.1230097894e-04 1.0605517933e+04 3.4881147993e+00 0.0000000000e+00
2.1311660081e-04 1.0580169345e+04 3.4940529510e+00 0.0000000000e+00
2.1394218469e-04 1.0554650944e+04 3.5000194887e+00 0.0000000000e+00
2.1477809494e-04 1.0528960686e+04 3.5060148078e+00 0.0000000000e+00
2.1562471640e-04 1.0503096491e+04 3.5120393124e+00 0.0000000000e+00
2.1648245594e-04 1.0477056242e+04 3.5180934152e+00 0.0000000000e+00
2.1735174420e-04 1.0450837782e+04 3.5241775378e+00 0.0000000000e+00
2.1823303747e-04 1.0424438919e+04 3.5302921110e+00 0.0000000000e+00
2.1912681975e-04 1.0397857421e+04 3.5364375750e+00 0.0000000000e+00
2.2003360506e-04 1.0371091017e+04 3.5426143800e+00 0.0000000000e+00
2.2095393997e-04 1.0344137398e+04 3.5488229859e+00 0.0000000000e+00
2.2188840643e-04 1.0316994215e+04 3.5550638631e+00 0.0000000000e+00
2.2283762483e-04 1.0289659079e+04 3.5613374926e+00 0.0000000000e+00
2.2380225751e-04 1.0262129563e+04 3.5676443664e+00 0.0000000000e+00
2.2478301260e-04 1.0234403200e+04 3.5739849878e+00 0.0000000000e+00
2.2578064838e-04 1.0206477485e+04 3.5803598715e+00 0.0000000000e+00
2.2679597804e-04 1.0178349875e+04 3.5867695443e+00 0.0000000000e+00
2.2782987521e-04 1.0150017788e+04 3.5932145455e+00 0.0000000000e+00
2.2888328000e-04 1.0121478608e+04 3.5996954268e+00 0.0000000000e+00
2.2995720596e-04 1.0092729684e+04 3.6062127531e+00 0.0000000000e+00
2.3105274791e-04 1.0063768331e+04 3.6127671030e+00 0.0000000000e+00
2.3217109087e-04 1.0034591836e+04 3.6193590686e+00 0.0000000000e+00
2.3331352017e-04 1.0005197455e+04 3.6259892565e+00 0.0000000000e+00
2.3448143314e-04 9.9755824262e+03 3.6326582881e+00 0.0000000000e+00
2.3567635243e-04 9.9457439646e+03 3.6393668000e+00 0.0000000000e+00
2.3689994144e-04 9.9156792745e+03 3.6461154441e+00 0.0000000000e+00
2.3815402217e-04 9.8853855540e+03 3.6529048888e+00 0.0000000000e+00
2.3944059595e-04 9.8548600040e+03 3.6597358188e+00 0.0000000000e+00
2.4076186775e-04 9.8240998389e+03 3.6666089360e+00 0.0000000000e+00
2.4212027464e-04 9.7931022992e+03 3.6735249595e+00 0.0000000000e+00
2.4351851940e-04 9.7618646674e+03 3.6804846266e+00 0.0000000000e+00
2.4495961053e-04 9.7303842875e+03 3.6874886931e+00 0.0000000000e+00
2.4644690987e-04 9.6986585882e+03 3.6945379334e+00 0.0000000000e+00
2.4798419002e-04 9.6666851125e+03 3.7016331415e+00 0.0000000000e+00
2.4957570371e-04 9.6344615541e+03 3.7087751311e+00 0.0000000000e+00
2.5122626848e-04 9.6019858018e+03 3.7159647358e+00 0.0000000000e+00
2.5294137080e-04 9.5692559969e+03 3.7232028097e+00 0.0000000000e+00
2.5472729520e-04 9.5362706036e+03 3.7304902278e+00 0.0000000000e+00
2.5659128596e-04 9.5030284999e+03 3.7378278857e+00 0.0000000000e+00
2.5854175172e-04 9.4695290933e+03 3.7452166996e+00 0.0000000000e+00
2.6058852741e-04 9.4357724709e+03 3.7526576065e+00 0.0000000000e+00
2.6274321369e-04 9.4017595954e+03 3.7601515636e+00 0.0000000000e+00
2.6501962313e-04 9.3674925652e+03 3.7676995473e+00 0.0000000000e+00
2.6743437581e-04 9.3329749635e+03 3.7753025519e+00 0.0000000000e+00
2.7000770831e-04 9.2982123346e+03 3.7829615880e+00 0.0000000000e+00
2.7276459442e-04 9.2632128472e+03 3.7906776795e+00 0.0000000000e+00
2.7573633238e-04 9.2279882342e+03 3.7984518594e+00 0.0000000000e+00
2.7896285138e-04 9.1925551607e+03 3.8062851641e+00 0.0000000000e+00
2.8249616369e-04 9.1569372682e+03 3.8141786245e+00 0.0000000000e+00
2.8640571408e-04 9.1211683339e+03 3.8221332536e+00 0.0000000000e+00
2.9078701885e-04 9.0852973452e+03 3.8301500276e+00 0.0000000000e+00
2.9577633254e-04 9.0493970450e+03 3.8382298571e+00 0.0000000000e+00
3.0157713717e-04 9.0135791807e+03 3.8463735410e+00 0.0000000000e+00
3.0851190064e-04 8.9780237837e+03 3.8545816909e+00 0.0000000000e+00
