0.0000000000e+00 1.6231744661e+04 1.5707963268e+00 0.0000000000e+00
2.1965946050e-07 1.6231744661e+04 1.5707963268e+00 2.7322404372e-03
4.3931892100e-07 1.6231766511e+04 1.5707963268e+00 5.4644808743e-03
6.5897802523e-07 1.6231810213e+04 1.5707963268e+00 8.1967139553e-03
8.7863641694e-07 1.6231875765e+04 1.5707963268e+00 1.0928932324e-02
1.0982937399e-06 1.6231963168e+04 1.5707963268e+00 1.3661128625e-02
1.3179496378e-06 1.6232072422e+04 1.5707963268e+00 1.6393295502e-02
1.5376037545e-06 1.6232203528e+04 1.5707963268e+00 1.9125425599e-02
1.7572557338e-06 1.6232356485e+04 1.5707963268e+00 2.1857511562e-02
1.9769052195e-06 1.6232531294e+04 1.5707963268e+00 2.4589546035e-02
2.1965518555e-06 1.6232727955e+04 1.5707963268e+00 2.7321521665e-02
2.4161952857e-06 1.6232946468e+04 1.5707963268e+00 3.0053431098e-02
2.6358351542e-06 1.6233186835e+04 1.5707963268e+00 3.2785266981e-02
2.8554711049e-06 1.6233449055e+04 1.5707963268e+00 3.5517021962e-02
3.0751027819e-06 1.6233733129e+04 1.5707963268e+00 3.8248688689e-02
3.2947298294e-06 1.6234039057e+04 1.5707963268e+00 4.0980259811e-02
3.5143518915e-06 1.6234366840e+04 1.5707963268e+00 4.3711727980e-02
3.7339686127e-06 1.6234716480e+04 1.5707963268e+00 4.6443085845e-02
3.9535796372e-06 1.6235087975e+04 1.5707963268e+00 4.9174326060e-02
4.1731846096e-06 1.6235481328e+04 1.5707963268e+00 5.1905441278e-02
4.3927831744e-06 1.6235896539e+04 1.5707963268e+00 5.4636424155e-02
4.6123749763e-06 1.6236333609e+04 1.5707963268e+00 5.7367267345e-02
4.8319596600e-06 1.6236792538e+04 1.5707963268e+00 6.0097963507e-02
5.0515368705e-06 1.6237273328e+04 1.5707963268e+00 6.2828505300e-02
5.2711062526e-06 1.6237775979e+04 1.5707963268e+00 6.5558885383e-02
5.4906674516e-06 1.6238300494e+04 1.5707963268e+00 6.8289096420e-02
5.7102201127e-06 1.6238846871e+04 1.5707963268e+00 7.1019131074e-02
5.9297638812e-06 1.6239415114e+04 1.5707963268e+00 7.3748982010e-02
6.1492984026e-06 1.6240005223e+04 1.5707963268e+00 7.6478641896e-02
6.3688233227e-06 1.6240617198e+04 1.5707963268e+00 7.9208103401e-02
6.5883382872e-06 1.6241251042e+04 1.5707963268e+00 8.1937359196e-02
6.8078429421e-06 1.6241906756e+04 1.5707963268e+00 8.4666401955e-02
7.0273369335e-06 1.6242584340e+04 1.5707963268e+00 8.7395224353e-02
7.2468199076e-06 1.6243283797e+04 1.5707963268e+00 9.0123819067e-02
7.4662915110e-06 1.6244005128e+04 1.5707963268e+00 9.2852178777e-02
7.6857513902e-06 1.6244748333e+04 1.5707963268e+00 9.5580296166e-02
7.9051991922e-06 1.6245513416e+04 1.5707963268e+00 9.8308163917e-02
8.1246345638e-06 1.6246300376e+04 1.5707963268e+00 1.0103577472e-01
8.3440571524e-06 1.6247109217e+04 1.5707963268e+00 1.0376312126e-01
8.5634666052e-06 1.6247939939e+04 1.5707963268e+00 1.0649019623e-01
8.7828625699e-06 1.6248792544e+04 1.5707963268e+00 1.0921699233e-01
9.0022446942e-06 1.6249667034e+04 1.5707963268e+00 1.1194350226e-01
9.2216126263e-06 1.6250563410e+04 1.5707963268e+00 1.1466971871e-01
9.4409660144e-06 1.6251481675e+04 1.5707963268e+00 1.1739563439e-01
9.6603045069e-06 1.6252421830e+04 1.5707963268e+00 1.2012124200e-01
9.8796277525e-06 1.6253383877e+04 1.5707963268e+00 1.2284653426e-01
1.0098935400e-05 1.6254367819e+04 1.5707963268e+00 1.2557150388e-01
1.0318227099e-05 1.6255373656e+04 1.5707963268e+00 1.2829614357e-01
1.0537502499e-05 1.6256401391e+04 1.5707963268e+00 1.3102044605e-01
1.0756761249e-05 1.6257451027e+04 1.5707963268e+00 1.3374440405e-01
1.0976002999e-05 1.6258522565e+04 1.5707963268e+00 1.3646801029e-01
1.1195227400e-05 1.6259616007e+04 1.5707963268e+00 1.3919125750e-01
1.1414434102e-05 1.6260731356e+04 1.5707963268e+00 1.4191413842e-01
1.1633622755e-05 1.6261868614e+04 1.5707963268e+00 1.4463664577e-01
1.1852793012e-05 1.6263027783e+04 1.5707963268e+00 1.4735877231e-01
1.2071944522e-05 1.6264208865e+04 1.5707963268e+00 1.5008051078e-01
1.2291076939e-05 1.6265411863e+04 1.5707963268e+00 1.5280185391e-01
1.2510189912e-05 1.6266636779e+04 1.5707963268e+00 1.5552279448e-01
1.2729283096e-05 1.6267883615e+04 1.5707963268e+00 1.5824332523e-01
1.2948356142e-05 1.6269152375e+04 1.5707963268e+00 1.6096343892e-01
1.3167408703e-05 1.6270443061e+04 1.5707963268e+00 1.6368312831e-01
1.3386440433e-05 1.6271755674e+04 1.5707963268e+00 1.6640238619e-01
1.3605450984e-05 1.6273090219e+04 1.5707963268e+00 1.6912120531e-01
1.3824440011e-05 1.6274446696e+04 1.5707963268e+00 1.7183957846e-01
1.4043407167e-05 1.6275825110e+04 1.5707963268e+00 1.7455749842e-01
1.4262352108e-05 1.6277225463e+04 1.5707963268e+00 1.7727495797e-01
1.4481274487e-05 1.6278647757e+04 1.5707963268e+00 1.7999194991e-01
1.4700173961e-05 1.6280091996e+04 1.5707963268e+00 1.8270846704e-01
1.4919050185e-05 1.6281558182e+04 1.5707963268e+00 1.8542450214e-01
1.5137902814e-05 1.6283046318e+04 1.5707963268e+00 1.8814004803e-01
1.5356731504e-05 1.6284556407e+04 1.5707963268e+00 1.9085509752e-01
1.5575535914e-05 1.6286088452e+04 1.5707963268e+00 1.9356964342e-01
1.5794315698e-05 1.6287642456e+04 1.5707963268e+00 1.9628367856e-01
1.6013070516e-05 1.6289218422e+04 1.5707963268e+00 1.9899719575e-01
1.6231800023e-05 1.6290816353e+04 1.5707963268e+00 2.0171018783e-01
1.6450503880e-05 1.6292436253e+04 1.5707963268e+00 2.0442264764e-01
1.6669181744e-05 1.6294078124e+04 1.5707963268e+00 2.0713456801e-01
1.6887833274e-05 1.6295741969e+04 1.5707963268e+00 2.0984594179e-01
1.7106458129e-05 1.6297427792e+04 1.5707963268e+00 2.1255676184e-01
1.7325055970e-05 1.6299135597e+04 1.5707963268e+00 2.1526702101e-01
1.7543626456e-05 1.6300865386e+04 1.5707963268e+00 2.1797671217e-01
1.7762169249e-05 1.6302617162e+04 1.5707963268e+00 2.2068582818e-01
1.7980684008e-05 1.6304390930e+04 1.5707963268e+00 2.2339436191e-01
1.8199170396e-05 1.6306186692e+04 1.5707963268e+00 2.2610230626e-01
1.8417628075e-05 1.6308004452e+04 1.5707963268e+00 2.2880965410e-01
1.8636056706e-05 1.6309844214e+04 1.5707963268e+00 2.3151639833e-01
1.8854455953e-05 1.6311705980e+04 1.5707963268e+00 2.3422253184e-01
1.9072825479e-05 1.6313589756e+04 1.5707963268e+00 2.3692804755e-01
1.9291164947e-05 1.6315495543e+04 1.5707963268e+00 2.3963293836e-01
1.9509474022e-05 1.6317423346e+04 1.5707963268e+00 2.4233719718e-01
1.9727752368e-05 1.6319373169e+04 1.5707963268e+00 2.4504081695e-01
1.9945999651e-05 1.6321345014e+04 1.5707963268e+00 2.4774379058e-01
2.0164215536e-05 1.6323338887e+04 1.5707963268e+00 2.5044611103e-01
2.0382399689e-05 1.6325354791e+04 1.5707963268e+00 2.5314777122e-01
2.0600551777e-05 1.6327392728e+04 1.5707963268e+00 2.5584876412e-01
2.0818671466e-05 1.6329452705e+04 1.5707963268e+00 2.5854908267e-01
2.1036758425e-05 1.6331534723e+04 1.5707963268e+00 2.6124871983e-01
2.1254812321e-05 1.6333638787e+04 1.5707963268e+00 2.6394766859e-01
2.1472832823e-05 1.6335764902e+04 1.5707963268e+00 2.6664592191e-01
2.1690819599e-05 1.6337913070e+04 1.5707963268e+00 2.6934347278e-01
2.1908772320e-05 1.6340083297e+04 1.5707963268e+00 2.7204031419e-01
2.2126690656e-05 1.6342275586e+04 1.5707963268e+00 2.7473643914e-01
2.2344574277e-05 1.6344489940e+04 1.5707963268e+00 2.7743184062e-01
2.2562422854e-05 1.6346726365e+04 1.5707963268e+00 2.8012651166e-01
2.2780236060e-05 1.6348984865e+04 1.5707963268e+00 2.8282044528e-01
2.2998013565e-05 1.6351265443e+04 1.5707963268e+00 2.8551363449e-01
2.3215755044e-05 1.6353568103e+04 1.5707963268e+00 2.8820607234e-01
2.3433460169e-05 1.6355892851e+04 1.5707963268e+00 2.9089775187e-01
2.3651128614e-05 1.6358239690e+04 1.5707963268e+00 2.9358866612e-01
2.3868760054e-05 1.6360608624e+04 1.5707963268e+00 2.9627880816e-01
2.4086354164e-05 1.6362999659e+04 1.5707963268e+00 2.9896817105e-01
2.4303910619e-05 1.6365412797e+04 1.5707963268e+00 3.0165674785e-01
2.4521429096e-05 1.6367848044e+04 1.5707963268e+00 3.0434453167e-01
2.4738909270e-05 1.6370305404e+04 1.5707963268e+00 3.0703151557e-01
2.4956350821e-05 1.6372784882e+04 1.5707963268e+00 3.0971769266e-01
2.5173753424e-05 1.6375286481e+04 1.5707963268e+00 3.1240305604e-01
2.5391116760e-05 1.6377810207e+04 1.5707963268e+00 3.1508759883e-01
2.5608440506e-05 1.6380356064e+04 1.5707963268e+00 3.1777131415e-01
2.5825724343e-05 1.6382924056e+04 1.5707963268e+00 3.2045419512e-01
2.6042967951e-05 1.6385514188e+04 1.5707963268e+00 3.2313623489e-01
2.6260171011e-05 1.6388126465e+04 1.5707963268e+00 3.2581742660e-01
2.6477333204e-05 1.6390760891e+04 1.5707963268e+00 3.2849776341e-01
2.6694454212e-05 1.6393417471e+04 1.5707963268e+00 3.3117723848e-01
2.6911533719e-05 1.6396096210e+04 1.5707963268e+00 3.3385584498e-01
2.7128571407e-05 1.6398797112e+04 1.5707963268e+00 3.3653357609e-01
2.7345566961e-05 1.6401520182e+04 1.5707963268e+00 3.3921042501e-01
2.7562520065e-05 1.6404265426e+04 1.5707963268e+00 3.4188638493e-01
2.7779430405e-05 1.6407032846e+04 1.5707963268e+00 3.4456144906e-01
2.7996297666e-05 1.6409822450e+04 1.5707963268e+00 3.4723561061e-01
2.8213121536e-05 1.6412634240e+04 1.5707963268e+00 3.4990886282e-01
2.8429901700e-05 1.6415468223e+04 1.5707963268e+00 3.5258119892e-01
2.8646637848e-05 1.6418324403e+04 1.5707963268e+00 3.5525261214e-01
2.8863329668e-05 1.6421202785e+04 1.5707963268e+00 3.5792309575e-01
2.9079976848e-05 1.6424103373e+04 1.5707963268e+00 3.6059264301e-01
2.9296579080e-05 1.6427026174e+04 1.5707963268e+00 3.6326124719e-01
2.9513136053e-05 1.6429971192e+04 1.5707963268e+00 3.6592890157e-01
2.9729647458e-05 1.6432938431e+04 1.5707963268e+00 3.6859559944e-01
2.9946112989e-05 1.6435927897e+04 1.5707963268e+00 3.7126133410e-01
3.0162532336e-05 1.6438939595e+04 1.5707963268e+00 3.7392609887e-01
3.0378905195e-05 1.6441973531e+04 1.5707963268e+00 3.7658988706e-01
3.0595231257e-05 1.6445029708e+04 1.5707963268e+00 3.7925269201e-01
3.0811510220e-05 1.6448108133e+04 1.5707963268e+00 3.8191450704e-01
3.1027741776e-05 1.6451208810e+04 1.5707963268e+00 3.8457532553e-01
3.1243925624e-05 1.6454331744e+04 1.5707963268e+00 3.8723514082e-01
3.1460061459e-05 1.6457476941e+04 1.5707963268e+00 3.8989394628e-01
3.1676148980e-05 1.6460644406e+04 1.5707963268e+00 3.9255173529e-01
3.1892187884e-05 1.6463834144e+04 1.5707963268e+00 3.9520850125e-01
3.2108177870e-05 1.6467046160e+04 1.5707963268e+00 3.9786423756e-01
3.2324118639e-05 1.6470280460e+04 1.5707963268e+00 4.0051893762e-01
3.2540009890e-05 1.6473537049e+04 1.5707963268e+00 4.0317259486e-01
3.2755851325e-05 1.6476815932e+04 1.5707963268e+00 4.0582520271e-01
3.2971642646e-05 1.6480117114e+04 1.5707963268e+00 4.0847675462e-01
3.3187383556e-05 1.6483440601e+04 1.5707963268e+00 4.1112724403e-01
3.3403073757e-05 1.6486786398e+04 1.5707963268e+00 4.1377666441e-01
3.3618712954e-05 1.6490154511e+04 1.5707963268e+00 4.1642500924e-01
3.3834300852e-05 1.6493544944e+04 1.5707963268e+00 4.1907227199e-01
3.4049837157e-05 1.6496957704e+04 1.5707963268e+00 4.2171844618e-01
3.4265321574e-05 1.6500392795e+04 1.5707963268e+00 4.2436352530e-01
3.4480753812e-05 1.6503850223e+04 1.5707963268e+00 4.2700750287e-01
3.4696133578e-05 1.6507329994e+04 1.5707963268e+00 4.2965037242e-01
3.4911460582e-05 1.6510832112e+04 1.5707963268e+00 4.3229212750e-01
3.5126734531e-05 1.6514356584e+04 1.5707963268e+00 4.3493276165e-01
3.5341955138e-05 1.6517903414e+04 1.5707963268e+00 4.3757226844e-01
3.5557122112e-05 1.6521472609e+04 1.5707963268e+00 4.4021064144e-01
3.5772235166e-05 1.6525064173e+04 1.5707963268e+00 4.4284787425e-01
3.5987294013e-05 1.6528678113e+04 1.5707963268e+00 4.4548396044e-01
3.6202298365e-05 1.6532314434e+04 1.5707963268e+00 4.4811889365e-01
3.6417247938e-05 1.6535973141e+04 1.5707963268e+00 4.5075266748e-01
3.6632142446e-05 1.6539654240e+04 1.5707963268e+00 4.5338527556e-01
3.6846981605e-05 1.6543357736e+04 1.5707963268e+00 4.5601671155e-01
3.7061765132e-05 1.6547083635e+04 1.5707963268e+00 4.5864696910e-01
3.7276492744e-05 1.6550831943e+04 1.5707963268e+00 4.6127604187e-01
3.7491164160e-05 1.6554602665e+04 1.5707963268e+00 4.6390392355e-01
3.7705779099e-05 1.6558395807e+04 1.5707963268e+00 4.6653060782e-01
3.7920337280e-05 1.6562211375e+04 1.5707963268e+00 4.6915608839e-01
3.8134838424e-05 1.6566049373e+04 1.5707963268e+00 4.7178035898e-01
3.8349282254e-05 1.6569909808e+04 1.5707963268e+00 4.7440341332e-01
3.8563668491e-05 1.6573792685e+04 1.5707963268e+00 4.7702524514e-01
3.8777996859e-05 1.6577698010e+04 1.5707963268e+00 4.7964584819e-01
3.8992267081e-05 1.6581625788e+04 1.5707963268e+00 4.8226521624e-01
3.9206478884e-05 1.6585576026e+04 1.5707963268e+00 4.8488334308e-01
3.9420631992e-05 1.6589548729e+04 1.5707963268e+00 4.8750022248e-01
3.9634726132e-05 1.6593543902e+04 1.5707963268e+00 4.9011584825e-01
3.9848761032e-05 1.6597561551e+04 1.5707963268e+00 4.9273021421e-01
4.0062736420e-05 1.6601601682e+04 1.5707963268e+00 4.9534331418e-01
4.0276652026e-05 1.6605664301e+04 1.5707963268e+00 4.9795514201e-01
4.0490507578e-05 1.6609749413e+04 1.5707963268e+00 5.0056569154e-01
4.0704302809e-05 1.6613857024e+04 1.5707963268e+00 5.0317495664e-01
4.0918037450e-05 1.6617987139e+04 1.5707963268e+00 5.0578293119e-01
4.1131711234e-05 1.6622139765e+04 1.5707963268e+00 5.0838960909e-01
4.1345323894e-05 1.6626314907e+04 1.5707963268e+00 5.1099498424e-01
4.1558875165e-05 1.6630512570e+04 1.5707963268e+00 5.1359905055e-01
4.1772364781e-05 1.6634732761e+04 1.5707963268e+00 5.1620180196e-01
4.1985792480e-05 1.6638975485e+04 1.5707963268e+00 5.1880323241e-01
4.2199157998e-05 1.6643240748e+04 1.5707963268e+00 5.2140333586e-01
4.2412461073e-05 1.6647528556e+04 1.5707963268e+00 5.2400210627e-01
4.2625701444e-05 1.6651838913e+04 1.5707963268e+00 5.2659953765e-01
4.2838878851e-05 1.6656171827e+04 1.5707963268e+00 5.2919562398e-01
4.3051993034e-05 1.6660527302e+04 1.5707963268e+00 5.3179035927e-01
4.3265043734e-05 1.6664905345e+04 1.5707963268e+00 5.3438373755e-01
4.3478030695e-05 1.6669305961e+04 1.5707963268e+00 5.3697575285e-01
4.3690953660e-05 1.6673729156e+04 1.5707963268e+00 5.3956639924e-01
4.3903812372e-05 1.6678174935e+04 1.5707963268e+00 5.4215567077e-01
4.4116606577e-05 1.6682643304e+04 1.5707963268e+00 5.4474356153e-01
4.4329336021e-05 1.6687134270e+04 1.5707963268e+00 5.4733006561e-01
4.4542000451e-05 1.6691647837e+04 1.5707963268e+00 5.4991517711e-01
4.4754599614e-05 1.6696184011e+04 1.5707963268e+00 5.5249889016e-01
4.4967133260e-05 1.6700742799e+04 1.5707963268e+00 5.5508119890e-01
4.5179601139e-05 1.6705324205e+04 1.5707963268e+00 5.5766209747e-01
4.5392003000e-05 1.6709928235e+04 1.5707963268e+00 5.6024158004e-01
4.5604338595e-05 1.6714554896e+04 1.5707963268e+00 5.6281964078e-01
4.5816607678e-05 1.6719204192e+04 1.5707963268e+00 5.6539627389e-01
4.6028810001e-05 1.6723876130e+04 1.5707963268e+00 5.6797147358e-01
4.6240945318e-05 1.6728570715e+04 1.5707963268e+00 5.7054523406e-01
4.6453013386e-05 1.6733287953e+04 1.5707963268e+00 5.7311754958e-01
4.6665013959e-05 1.6738027849e+04 1.5707963268e+00 5.7568841437e-01
4.6876946796e-05 1.6742790409e+04 1.5707963268e+00 5.7825782272e-01
4.7088811655e-05 1.6747575639e+04 1.5707963268e+00 5.8082576888e-01
4.7300608294e-05 1.6752383544e+04 1.5707963268e+00 5.8339224717e-01
4.7512336473e-05 1.6757214130e+04 1.5707963268e+00 5.8595725188e-01
4.7723995954e-05 1.6762067402e+04 1.5707963268e+00 5.8852077735e-01
4.7935586498e-05 1.6766943367e+04 1.5707963268e+00 5.9108281790e-01
4.8147107868e-05 1.6771842030e+04 1.5707963268e+00 5.9364336790e-01
4.8358559829e-05 1.6776763395e+04 1.5707963268e+00 5.9620242170e-01
4.8569942144e-05 1.6781707470e+04 1.5707963268e+00 5.9875997370e-01
4.8781254579e-05 1.6786674259e+04 1.5707963268e+00 6.0131601828e-01
4.8992496902e-05 1.6791663768e+04 1.5707963268e+00 6.0387054987e-01
4.9203668879e-05 1.6796676003e+04 1.5707963268e+00 6.0642356290e-01
4.9414770280e-05 1.6801710969e+04 1.5707963268e+00 6.0897505179e-01
4.9625800873e-05 1.6806768671e+04 1.5707963268e+00 6.1152501102e-01
4.9836760430e-05 1.6811849115e+04 1.5707963268e+00 6.1407343506e-01
5.0047648722e-05 1.6816952307e+04 1.5707963268e+00 6.1662031839e-01
5.0258465522e-05 1.6822078252e+04 1.5707963268e+00 6.1916565552e-01
5.0469210602e-05 1.6827226955e+04 1.5707963268e+00 6.2170944098e-01
5.0679883738e-05 1.6832398423e+04 1.5707963268e+00 6.2425166929e-01
5.0890484704e-05 1.6837592659e+04 1.5707963268e+00 6.2679233501e-01
5.1101013278e-05 1.6842809671e+04 1.5707963268e+00 6.2933143270e-01
5.1311469236e-05 1.6848049462e+04 1.5707963268e+00 6.3186895695e-01
5.1521852357e-05 1.6853312040e+04 1.5707963268e+00 6.3440490235e-01
5.1732162420e-05 1.6858597408e+04 1.5707963268e+00 6.3693926352e-01
5.1942399206e-05 1.6863905572e+04 1.5707963268e+00 6.3947203509e-01
5.2152562496e-05 1.6869236538e+04 1.5707963268e+00 6.4200321170e-01
5.2362652071e-05 1.6874590311e+04 1.5707963268e+00 6.4453278802e-01
5.2572667716e-05 1.6879966897e+04 1.5707963268e+00 6.4706075871e-01
5.2782609215e-05 1.6885366299e+04 1.5707963268e+00 6.4958711849e-01
5.2992476353e-05 1.6890788525e+04 1.5707963268e+00 6.5211186204e-01
5.3202268916e-05 1.6896233578e+04 1.5707963268e+00 6.5463498411e-01
5.3411986692e-05 1.6901701465e+04 1.5707963268e+00 6.5715647943e-01
5.3621629468e-05 1.6907192190e+04 1.5707963268e+00 6.5967634275e-01
5.3831197035e-05 1.6912705759e+04 1.5707963268e+00 6.6219456886e-01
5.4040689182e-05 1.6918242177e+04 1.5707963268e+00 6.6471115255e-01
5.4250105700e-05 1.6923801448e+04 1.5707963268e+00 6.6722608861e-01
5.4459446382e-05 1.6929383579e+04 1.5707963268e+00 6.6973937187e-01
5.4668711022e-05 1.6934988573e+04 1.5707963268e+00 6.7225099718e-01
5.4877899413e-05 1.6940616437e+04 1.5707963268e+00 6.7476095939e-01
5.5087011350e-05 1.6946267175e+04 1.5707963268e+00 6.7726925336e-01
5.5296046631e-05 1.6951940792e+04 1.5707963268e+00 6.7977587400e-01
5.5505005052e-05 1.6957637294e+04 1.5707963268e+00 6.8228081620e-01
5.5713886411e-05 1.6963356685e+04 1.5707963268e+00 6.8478407488e-01
5.5922690509e-05 1.6969098970e+04 1.5707963268e+00 6.8728564500e-01
5.6131417144e-05 1.6974864154e+04 1.5707963268e+00 6.8978552149e-01
5.6340066120e-05 1.6980652242e+04 1.5707963268e+00 6.9228369934e-01
5.6548637237e-05 1.6986463239e+04 1.5707963268e+00 6.9478017353e-01
5.6757130300e-05 1.6992297150e+04 1.5707963268e+00 6.9727493907e-01
5.6965545113e-05 1.6998153980e+04 1.5707963268e+00 6.9976799098e-01
5.7173881481e-05 1.7004033733e+04 1.5707963268e+00 7.0225932430e-01
5.7382139211e-05 1.7009936414e+04 1.5707963268e+00 7.0474893409e-01
5.7590318109e-05 1.7015862028e+04 1.5707963268e+00 7.0723681543e-01
5.7798417986e-05 1.7021810579e+04 1.5707963268e+00 7.0972296340e-01
5.8006438649e-05 1.7027782073e+04 1.5707963268e+00 7.1220737311e-01
5.8214379911e-05 1.7033776514e+04 1.5707963268e+00 7.1469003968e-01
5.8422241581e-05 1.7039793907e+04 1.5707963268e+00 7.1717095827e-01
5.8630023473e-05 1.7045834255e+04 1.5707963268e+00 7.1965012403e-01
5.8837725401e-05 1.7051897565e+04 1.5707963268e+00 7.2212753213e-01
5.9045347178e-05 1.7057983840e+04 1.5707963268e+00 7.2460317778e-01
5.9252888621e-05 1.7064093085e+04 1.5707963268e+00 7.2707705617e-01
5.9460349546e-05 1.7070225304e+04 1.5707963268e+00 7.2954916255e-01
5.9667729772e-05 1.7076380501e+04 1.5707963268e+00 7.3201949216e-01
5.9875029116e-05 1.7082558682e+04 1.5707963268e+00 7.3448804026e-01
6.0082247398e-05 1.7088759851e+04 1.5707963268e+00 7.3695480213e-01
6.0289384440e-05 1.7094984012e+04 1.5707963268e+00 7.3941977308e-01
6.0496440062e-05 1.7101231168e+04 1.5707963268e+00 7.4188294842e-01
6.0703414089e-05 1.7107501326e+04 1.5707963268e+00 7.4434432348e-01
6.0910306343e-05 1.7113794488e+04 1.5707963268e+00 7.4680389362e-01
6.1117116650e-05 1.7120110659e+04 1.5707963268e+00 7.4926165420e-01
6.1323844836e-05 1.7126449843e+04 1.5707963268e+00 7.5171760062e-01
6.1530490727e-05 1.7132812044e+04 1.5707963268e+00 7.5417172828e-01
6.1737054151e-05 1.7139197267e+04 1.5707963268e+00 7.5662403259e-01
6.1943534939e-05 1.7145605516e+04 1.5707963268e+00 7.5907450901e-01
6.2149932918e-05 1.7152036794e+04 1.5707963268e+00 7.6152315300e-01
6.2356247922e-05 1.7158491106e+04 1.5707963268e+00 7.6396996002e-01
6.2562479781e-05 1.7164968455e+04 1.5707963268e+00 7.6641492557e-01
6.2768628329e-05 1.7171468846e+04 1.5707963268e+00 7.6885804517e-01
6.2974693401e-05 1.7177992282e+04 1.5707963268e+00 7.7129931435e-01
6.3180674831e-05 1.7184538767e+04 1.5707963268e+00 7.7373872865e-01
6.3386572455e-05 1.7191108306e+04 1.5707963268e+00 7.7617628364e-01
6.3592386112e-05 1.7197700901e+04 1.5707963268e+00 7.7861197491e-01
6.3798115638e-05 1.7204316557e+04 1.5707963268e+00 7.8104579806e-01
6.4003760875e-05 1.7210955277e+04 1.5707963268e+00 7.8347774871e-01
6.4209321661e-05 1.7217617065e+04 1.5707963268e+00 7.8590782250e-01
6.4414797839e-05 1.7224301925e+04 1.5707963268e+00 7.8833601509e-01
6.4620189250e-05 1.7231009860e+04 1.5707963268e+00 7.9076232215e-01
6.4825495739e-05 1.7237740873e+04 1.5707963268e+00 7.9318673939e-01
6.5030717150e-05 1.7244494969e+04 1.5707963268e+00 7.9560926250e-01
6.5235853329e-05 1.7251272151e+04 1.5707963268e+00 7.9802988723e-01
6.5440904121e-05 1.7258072421e+04 1.5707963268e+00 8.0044860932e-01
6.5645869376e-05 1.7264895784e+04 1.5707963268e+00 8.0286542454e-01
6.5850748940e-05 1.7271742243e+04 1.5707963268e+00 8.0528032868e-01
6.6055542665e-05 1.7278611801e+04 1.5707963268e+00 8.0769331754e-01
6.6260250400e-05 1.7285504461e+04 1.5707963268e+00 8.1010438694e-01
6.6464871998e-05 1.7292420227e+04 1.5707963268e+00 8.1251353273e-01
6.6669407311e-05 1.7299359102e+04 1.5707963268e+00 8.1492075077e-01
6.6873856194e-05 1.7306321088e+04 1.5707963268e+00 8.1732603693e-01
6.7078218500e-05 1.7313306190e+04 1.5707963268e+00 8.1972938712e-01
6.7282494087e-05 1.7320314409e+04 1.5707963268e+00 8.2213079725e-01
6.7486682810e-05 1.7327345749e+04 1.5707963268e+00 8.2453026326e-01
6.7690784528e-05 1.7334400214e+04 1.5707963268e+00 8.2692778109e-01
6.7894799099e-05 1.7341477805e+04 1.5707963268e+00 8.2932334673e-01
6.8098726385e-05 1.7348578525e+04 1.5707963268e+00 8.3171695616e-01
6.8302566245e-05 1.7355702378e+04 1.5707963268e+00 8.3410860539e-01
6.8506318542e-05 1.7362849367e+04 1.5707963268e+00 8.3649829046e-01
6.8709983139e-05 1.7370019493e+04 1.5707963268e+00 8.3888600741e-01
6.8913559900e-05 1.7377212759e+04 1.5707963268e+00 8.4127175230e-01
6.9117048691e-05 1.7384429169e+04 1.5707963268e+00 8.4365552123e-01
6.9320449377e-05 1.7391668725e+04 1.5707963268e+00 8.4603731029e-01
6.9523761825e-05 1.7398931429e+04 1.5707963268e+00 8.4841711561e-01
6.9726985904e-05 1.7406217283e+04 1.5707963268e+00 8.5079493333e-01
6.9930121484e-05 1.7413526291e+04 1.5707963268e+00 8.5317075962e-01
7.0133168434e-05 1.7420858455e+04 1.5707963268e+00 8.5554459065e-01
7.0336126625e-05 1.7428213776e+04 1.5707963268e+00 8.5791642263e-01
7.0538995931e-05 1.7435592257e+04 1.5707963268e+00 8.6028625176e-01
7.0741776224e-05 1.7442993901e+04 1.5707963268e+00 8.6265407430e-01
7.0944467378e-05 1.7450418709e+04 1.5707963268e+00 8.6501988648e-01
7.1147069270e-05 1.7457866684e+04 1.5707963268e+00 8.6738368460e-01
7.1349581776e-05 1.7465337827e+04 1.5707963268e+00 8.6974546495e-01
7.1552004772e-05 1.7472832142e+04 1.5707963268e+00 8.7210522383e-01
7.1754338138e-05 1.7480349629e+04 1.5707963268e+00 8.7446295758e-01
7.1956581753e-05 1.7487890290e+04 1.5707963268e+00 8.7681866256e-01
7.2158735497e-05 1.7495454128e+04 1.5707963268e+00 8.7917233514e-01
7.2360799252e-05 1.7503041145e+04 1.5707963268e+00 8.8152397170e-01
7.2562772900e-05 1.7510651341e+04 1.5707963268e+00 8.8387356865e-01
7.2764656326e-05 1.7518284719e+04 1.5707963268e+00 8.8622112243e-01
7.2966449412e-05 1.7525941281e+04 1.5707963268e+00 8.8856662948e-01
7.3168152046e-05 1.7533621028e+04 1.5707963268e+00 8.9091008627e-01
7.3369764114e-05 1.7541323961e+04 1.5707963268e+00 8.9325148929e-01
7.3571285502e-05 1.7549050082e+04 1.5707963268e+00 8.9559083504e-01
7.3772716101e-05 1.7556799393e+04 1.5707963268e+00 8.9792812005e-01
7.3974055798e-05 1.7564571894e+04 1.5707963268e+00 9.0026334086e-01
7.4175304486e-05 1.7572367588e+04 1.5707963268e+00 9.0259649404e-01
7.4376462055e-05 1.7580186475e+04 1.5707963268e+00 9.0492757617e-01
7.4577528398e-05 1.7588028557e+04 1.5707963268e+00 9.0725658386e-01
7.4778503409e-05 1.7595893835e+04 1.5707963268e+00 9.0958351371e-01
7.4979386982e-05 1.7603782309e+04 1.5707963268e+00 9.1190836239e-01
7.5180179014e-05 1.7611693982e+04 1.5707963268e+00 9.1423112655e-01
7.5380879399e-05 1.7619628854e+04 1.5707963268e+00 9.1655180286e-01
7.5581488037e-05 1.7627586925e+04 1.5707963268e+00 9.1887038803e-01
7.5782004826e-05 1.7635568198e+04 1.5707963268e+00 9.2118687879e-01
7.5982429665e-05 1.7643572672e+04 1.5707963268e+00 9.2350127185e-01
7.6182762455e-05 1.7651600348e+04 1.5707963268e+00 9.2581356400e-01
7.6383003098e-05 1.7659651227e+04 1.5707963268e+00 9.2812375199e-01
7.6583151495e-05 1.7667725310e+04 1.5707963268e+00 9.3043183264e-01
7.6783207552e-05 1.7675822598e+04 1.5707963268e+00 9.3273780276e-01
7.6983171171e-05 1.7683943090e+04 1.5707963268e+00 9.3504165918e-01
7.7183042260e-05 1.7692086788e+04 1.5707963268e+00 9.3734339875e-01
7.7382820723e-05 1.7700253691e+04 1.5707963268e+00 9.3964301837e-01
7.7582506470e-05 1.7708443800e+04 1.5707963268e+00 9.4194051491e-01
7.7782099408e-05 1.7716657116e+04 1.5707963268e+00 9.4423588530e-01
7.7981599446e-05 1.7724893638e+04 1.5707963268e+00 9.4652912646e-01
7.8181006496e-05 1.7733153367e+04 1.5707963268e+00 9.4882023536e-01
7.8380320468e-05 1.7741436303e+04 1.5707963268e+00 9.5110920896e-01
7.8579541276e-05 1.7749742446e+04 1.5707963268e+00 9.5339604426e-01
7.8778668832e-05 1.7758071795e+04 1.5707963268e+00 9.5568073827e-01
7.8977703051e-05 1.7766424352e+04 1.5707963268e+00 9.5796328803e-01
7.9176643848e-05 1.7774800115e+04 1.5707963268e+00 9.6024369057e-01
7.9375491139e-05 1.7783199085e+04 1.5707963268e+00 9.6252194298e-01
7.9574244842e-05 1.7791621261e+04 1.5707963268e+00 9.6479804235e-01
7.9772904876e-05 1.7800066643e+04 1.5707963268e+00 9.6707198577e-01
7.9971471158e-05 1.7808535230e+04 1.5707963268e+00 9.6934377040e-01
8.0169943609e-05 1.7817027023e+04 1.5707963268e+00 9.7161339337e-01
8.0368322152e-05 1.7825542020e+04 1.5707963268e+00 9.7388085185e-01
8.0566606706e-05 1.7834080221e+04 1.5707963268e+00 9.7614614303e-01
8.0764797196e-05 1.7842641626e+04 1.5707963268e+00 9.7840926413e-01
8.0962893546e-05 1.7851226233e+04 1.5707963268e+00 9.8067021236e-01
8.1160895681e-05 1.7859834042e+04 1.5707963268e+00 9.8292898498e-01
8.1358803525e-05 1.7868465053e+04 1.5707963268e+00 9.8518557925e-01
8.1556617008e-05 1.7877119263e+04 1.5707963268e+00 9.8743999246e-01
8.1754336055e-05 1.7885796673e+04 1.5707963268e+00 9.8969222192e-01
8.1951960596e-05 1.7894497282e+04 1.5707963268e+00 9.9194226495e-01
8.2149490561e-05 1.7903221087e+04 1.5707963268e+00 9.9419011890e-01
8.2346925880e-05 1.7911968089e+04 1.5707963268e+00 9.9643578113e-01
8.2544266484e-05 1.7920738285e+04 1.5707963268e+00 9.9867924902e-01
8.2741512307e-05 1.7929531675e+04 1.5707963268e+00 1.0009205200e+00
8.2938663282e-05 1.7938348257e+04 1.5707963268e+00 1.0031595915e+00
8.3135719344e-05 1.7947188030e+04 1.5707963268e+00 1.0053964609e+00
8.3332680426e-05 1.7956050992e+04 1.5707963268e+00 1.0076311257e+00
8.3529546467e-05 1.7964937142e+04 1.5707963268e+00 1.0098635834e+00
8.3726317402e-05 1.7973846479e+04 1.5707963268e+00 1.0120938314e+00
8.3922993171e-05 1.7982779000e+04 1.5707963268e+00 1.0143218674e+00
8.4119573712e-05 1.7991734704e+04 1.5707963268e+00 1.0165476889e+00
8.4316058965e-05 1.8000713589e+04 1.5707963268e+00 1.0187712933e+00
8.4512448871e-05 1.8009715653e+04 1.5707963268e+00 1.0209926784e+00
8.4708743372e-05 1.8018740894e+04 1.5707963268e+00 1.0232118416e+00
8.4904942410e-05 1.8027789311e+04 1.5707963268e+00 1.0254287807e+00
8.5101045930e-05 1.8036860900e+04 1.5707963268e+00 1.0276434932e+00
8.5297053876e-05 1.8045955661e+04 1.5707963268e+00 1.0298559768e+00
8.5492966193e-05 1.8055073591e+04 1.5707963268e+00 1.0320662292e+00
8.5688782827e-05 1.8064214687e+04 1.5707963268e+00 1.0342742481e+00
8.5884503727e-05 1.8073378948e+04 1.5707963268e+00 1.0364800312e+00
8.6080128840e-05 1.8082566370e+04 1.5707963268e+00 1.0386835762e+00
8.6275658115e-05 1.8091776952e+04 1.5707963268e+00 1.0408848810e+00
8.6471091502e-05 1.8101010691e+04 1.5707963268e+00 1.0430839432e+00
8.6666428952e-05 1.8110267583e+04 1.5707963268e+00 1.0452807607e+00
8.6861670418e-05 1.8119547628e+04 1.5707963268e+00 1.0474753313e+00
8.7056815851e-05 1.8128850821e+04 1.5707963268e+00 1.0496676528e+00
8.7251865205e-05 1.8138177160e+04 1.5707963268e+00 1.0518577230e+00
8.7446818435e-05 1.8147526643e+04 1.5707963268e+00 1.0540455400e+00
8.7641675495e-05 1.8156899265e+04 1.5707963268e+00 1.0562311014e+00
8.7836436344e-05 1.8166295025e+04 1.5707963268e+00 1.0584144054e+00
8.8031100936e-05 1.8175713919e+04 1.5707963268e+00 1.0605954497e+00
8.8225669231e-05 1.8185155943e+04 1.5707963268e+00 1.0627742323e+00
8.8420141187e-05 1.8194621096e+04 1.5707963268e+00 1.0649507512e+00
8.8614516764e-05 1.8204109372e+04 1.5707963268e+00 1.0671250045e+00
8.8808795922e-05 1.8213620770e+04 1.5707963268e+00 1.0692969900e+00
8.9002978624e-05 1.8223155286e+04 1.5707963268e+00 1.0714667059e+00
8.9197064831e-05 1.8232712915e+04 1.5707963268e+00 1.0736341502e+00
8.9391054507e-05 1.8242293655e+04 1.5707963268e+00 1.0757993209e+00
8.9584947616e-05 1.8251897502e+04 1.5707963268e+00 1.0779622161e+00
8.9778744122e-05 1.8261524452e+04 1.5707963268e+00 1.0801228340e+00
8.9972443992e-05 1.8271174501e+04 1.5707963268e+00 1.0822811727e+00
9.0166047192e-05 1.8280847646e+04 1.5707963268e+00 1.0844372303e+00
9.0359553690e-05 1.8290543883e+04 1.5707963268e+00 1.0865910049e+00
9.0552963454e-05 1.8300263207e+04 1.5707963268e+00 1.0887424948e+00
9.0746276453e-05 1.8310005615e+04 1.5707963268e+00 1.0908916982e+00
9.0939492657e-05 1.8319771102e+04 1.5707963268e+00 1.0930386132e+00
9.1132612038e-05 1.8329559664e+04 1.5707963268e+00 1.0951832382e+00
9.1325634567e-05 1.8339371297e+04 1.5707963268e+00 1.0973255714e+00
9.1518560216e-05 1.8349205997e+04 1.5707963268e+00 1.0994656110e+00
9.1711388959e-05 1.8359063759e+04 1.5707963268e+00 1.1016033553e+00
9.1904120771e-05 1.8368944579e+04 1.5707963268e+00 1.1037388028e+00
9.2096755625e-05 1.8378848451e+04 1.5707963268e+00 1.1058719516e+00
9.2289293500e-05 1.8388775373e+04 1.5707963268e+00 1.1080028003e+00
9.2481734370e-05 1.8398725337e+04 1.5707963268e+00 1.1101313470e+00
9.2674078213e-05 1.8408698341e+04 1.5707963268e+00 1.1122575903e+00
9.2866325009e-05 1.8418694379e+04 1.5707963268e+00 1.1143815286e+00
9.3058474735e-05 1.8428713447e+04 1.5707963268e+00 1.1165031602e+00
9.3250527373e-05 1.8438755538e+04 1.5707963268e+00 1.1186224836e+00
9.3442482903e-05 1.8448820649e+04 1.5707963268e+00 1.1207394974e+00
9.3634341306e-05 1.8458908773e+04 1.5707963268e+00 1.1228541999e+00
9.3826102565e-05 1.8469019907e+04 1.5707963268e+00 1.1249665897e+00
9.4017766663e-05 1.8479154044e+04 1.5707963268e+00 1.1270766653e+00
9.4209333585e-05 1.8489311179e+04 1.5707963268e+00 1.1291844253e+00
9.4400803315e-05 1.8499491308e+04 1.5707963268e+00 1.1312898682e+00
9.4592175839e-05 1.8509694423e+04 1.5707963268e+00 1.1333929927e+00
9.4783451143e-05 1.8519920520e+04 1.5707963268e+00 1.1354937972e+00
9.4974629214e-05 1.8530169593e+04 1.5707963268e+00 1.1375922804e+00
9.5165710041e-05 1.8540441637e+04 1.5707963268e+00 1.1396884411e+00
9.5356693612e-05 1.8550736645e+04 1.5707963268e+00 1.1417822777e+00
9.5547579917e-05 1.8561054612e+04 1.5707963268e+00 1.1438737890e+00
9.5738368947e-05 1.8571395532e+04 1.5707963268e+00 1.1459629738e+00
9.5929060691e-05 1.8581759399e+04 1.5707963268e+00 1.1480498306e+00
9.6119655143e-05 1.8592146206e+04 1.5707963268e+00 1.1501343583e+00
9.6310152295e-05 1.8602555948e+04 1.5707963268e+00 1.1522165555e+00
9.6500552140e-05 1.8612988619e+04 1.5707963268e+00 1.1542964212e+00
9.6690854673e-05 1.8623444212e+04 1.5707963268e+00 1.1563739539e+00
9.6881059888e-05 1.8633922720e+04 1.5707963268e+00 1.1584491526e+00
9.7071167782e-05 1.8644424138e+04 1.5707963268e+00 1.1605220161e+00
9.7261178351e-05 1.8654948459e+04 1.5707963268e+00 1.1625925432e+00
9.7451091592e-05 1.8665495676e+04 1.5707963268e+00 1.1646607328e+00
9.7640907503e-05 1.8676065782e+04 1.5707963268e+00 1.1667265837e+00
9.7830626083e-05 1.8686658772e+04 1.5707963268e+00 1.1687900949e+00
9.8020247331e-05 1.8697274638e+04 1.5707963268e+00 1.1708512652e+00
9.8209771248e-05 1.8707913373e+04 1.5707963268e+00 1.1729100937e+00
9.8399197835e-05 1.8718574970e+04 1.5707963268e+00 1.1749665792e+00
9.8588527093e-05 1.8729259422e+04 1.5707963268e+00 1.1770207207e+00
9.8777759025e-05 1.8739966723e+04 1.5707963268e+00 1.1790725173e+00
9.8966893634e-05 1.8750696865e+04 1.5707963268e+00 1.1811219678e+00
9.9155930925e-05 1.8761449841e+04 1.5707963268e+00 1.1831690715e+00
9.9344870900e-05 1.8772225644e+04 1.5707963268e+00 1.1852138272e+00
9.9533713567e-05 1.8783024266e+04 1.5707963268e+00 1.1872562341e+00
9.9722458931e-05 1.8793845699e+04 1.5707963268e+00 1.1892962912e+00
9.9911107000e-05 1.8804689937e+04 1.5707963268e+00 1.1913339976e+00
1.0009965778e-04 1.8815556972e+04 1.5707963268e+00 1.1933693525e+00
1.0028811128e-04 1.8826446795e+04 1.5707963268e+00 1.1954023549e+00
1.0047646751e-04 1.8837359400e+04 1.5707963268e+00 1.1974330041e+00
1.0066472647e-04 1.8848294778e+04 1.5707963268e+00 1.1994612992e+00
1.0085288819e-04 1.8859252922e+04 1.5707963268e+00 1.2014872394e+00
1.0104095266e-04 1.8870233824e+04 1.5707963268e+00 1.2035108239e+00
1.0122891991e-04 1.8881237476e+04 1.5707963268e+00 1.2055320518e+00
1.0141678994e-04 1.8892263869e+04 1.5707963268e+00 1.2075509226e+00
1.0160456277e-04 1.8903312995e+04 1.5707963268e+00 1.2095674353e+00
1.0179223841e-04 1.8914384847e+04 1.5707963268e+00 1.2115815894e+00
1.0197981687e-04 1.8925479415e+04 1.5707963268e+00 1.2135933840e+00
1.0216729818e-04 1.8936596693e+04 1.5707963268e+00 1.2156028185e+00
1.0235468234e-04 1.8947736670e+04 1.5707963268e+00 1.2176098922e+00
1.0254196938e-04 1.8958899339e+04 1.5707963268e+00 1.2196146045e+00
1.0272915931e-04 1.8970084690e+04 1.5707963268e+00 1.2216169547e+00
1.0291625214e-04 1.8981292717e+04 1.5707963268e+00 1.2236169423e+00
1.0310324790e-04 1.8992523408e+04 1.5707963268e+00 1.2256145665e+00
1.0329014661e-04 1.9003776757e+04 1.5707963268e+00 1.2276098269e+00
1.0347694829e-04 1.9015052753e+04 1.5707963268e+00 1.2296027228e+00
1.0366365295e-04 1.9026351389e+04 1.5707963268e+00 1.2315932538e+00
1.0385026062e-04 1.9037672654e+04 1.5707963268e+00 1.2335814192e+00
1.0403677132e-04 1.9049016540e+04 1.5707963268e+00 1.2355672185e+00
1.0422318507e-04 1.9060383038e+04 1.5707963268e+00 1.2375506514e+00
1.0440950190e-04 1.9071772139e+04 1.5707963268e+00 1.2395317172e+00
1.0459572183e-04 1.9083183833e+04 1.5707963268e+00 1.2415104155e+00
1.0478184488e-04 1.9094618110e+04 1.5707963268e+00 1.2434867459e+00
1.0496787109e-04 1.9106074962e+04 1.5707963268e+00 1.2454607080e+00
1.0515380046e-04 1.9117554379e+04 1.5707963268e+00 1.2474323013e+00
1.0533963304e-04 1.9129056351e+04 1.5707963268e+00 1.2494015254e+00
1.0552536885e-04 1.9140580868e+04 1.5707963268e+00 1.2513683799e+00
1.0571100791e-04 1.9152127922e+04 1.5707963268e+00 1.2533328646e+00
1.0589655026e-04 1.9163697501e+04 1.5707963268e+00 1.2552949790e+00
1.0608199592e-04 1.9175289597e+04 1.5707963268e+00 1.2572547228e+00
1.0626734492e-04 1.9186904199e+04 1.5707963268e+00 1.2592120958e+00
1.0645259730e-04 1.9198541298e+04 1.5707963268e+00 1.2611670975e+00
1.0663775308e-04 1.9210200882e+04 1.5707963268e+00 1.2631197278e+00
1.0682281230e-04 1.9221882943e+04 1.5707963268e+00 1.2650699863e+00
1.0700777498e-04 1.9233587470e+04 1.5707963268e+00 1.2670178729e+00
1.0719264116e-04 1.9245314452e+04 1.5707963268e+00 1.2689633873e+00
1.0737741088e-04 1.9257063879e+04 1.5707963268e+00 1.2709065292e+00
1.0756208416e-04 1.9268835742e+04 1.5707963268e+00 1.2728472986e+00
1.0774666104e-04 1.9280630028e+04 1.5707963268e+00 1.2747856951e+00
1.0793114156e-04 1.9292446728e+04 1.5707963268e+00 1.2767217188e+00
1.0811552575e-04 1.9304285832e+04 1.5707963268e+00 1.2786553693e+00
1.0829981365e-04 1.9316147328e+04 1.5707963268e+00 1.2805866466e+00
1.0848400530e-04 1.9328031205e+04 1.5707963268e+00 1.2825155505e+00
1.0866810072e-04 1.9339937454e+04 1.5707963268e+00 1.2844420810e+00
1.0885209996e-04 1.9351866062e+04 1.5707963268e+00 1.2863662380e+00
1.0903600307e-04 1.9363817019e+04 1.5707963268e+00 1.2882880214e+00
1.0921981007e-04 1.9375790314e+04 1.5707963268e+00 1.2902074311e+00
1.0940352100e-04 1.9387785936e+04 1.5707963268e+00 1.2921244672e+00
1.0958713592e-04 1.9399803873e+04 1.5707963268e+00 1.2940391296e+00
1.0977065485e-04 1.9411844115e+04 1.5707963268e+00 1.2959514183e+00
1.0995407784e-04 1.9423906649e+04 1.5707963268e+00 1.2978613334e+00
1.1013740493e-04 1.9435991466e+04 1.5707963268e+00 1.2997688748e+00
1.1032063616e-04 1.9448098552e+04 1.5707963268e+00 1.3016740425e+00
1.1050377158e-04 1.9460227898e+04 1.5707963268e+00 1.3035768368e+00
1.1068681123e-04 1.9472379490e+04 1.5707963268e+00 1.3054772576e+00
1.1086975515e-04 1.9484553318e+04 1.5707963268e+00 1.3073753050e+00
1.1105260339e-04 1.9496749369e+04 1.5707963268e+00 1.3092709792e+00
1.1123535600e-04 1.9508967632e+04 1.5707963268e+00 1.3111642802e+00
1.1141801301e-04 1.9521208096e+04 1.5707963268e+00 1.3130552082e+00
1.1160057448e-04 1.9533470747e+04 1.5707963268e+00 1.3149437634e+00
1.1178304045e-04 1.9545755575e+04 1.5707963268e+00 1.3168299459e+00
1.1196541097e-04 1.9558062567e+04 1.5707963268e+00 1.3187137560e+00
1.1214768609e-04 1.9570391711e+04 1.5707963268e+00 1.3205951937e+00
1.1232986586e-04 1.9582742994e+04 1.5707963268e+00 1.3224742594e+00
1.1251195031e-04 1.9595116405e+04 1.5707963268e+00 1.3243509533e+00
1.1269393951e-04 1.9607511932e+04 1.5707963268e+00 1.3262252755e+00
1.1287583351e-04 1.9619929561e+04 1.5707963268e+00 1.3280972265e+00
1.1305763235e-04 1.9632369280e+04 1.5707963268e+00 1.3299668064e+00
1.1323933608e-04 1.9644831078e+04 1.5707963268e+00 1.3318340155e+00
1.1342094476e-04 1.9657314940e+04 1.5707963268e+00 1.3336988542e+00
1.1360245843e-04 1.9669820856e+04 1.5707963268e+00 1.3355613227e+00
1.1378387716e-04 1.9682348811e+04 1.5707963268e+00 1.3374214215e+00
1.1396520099e-04 1.9694898793e+04 1.5707963268e+00 1.3392791508e+00
1.1414642998e-04 1.9707470790e+04 1.5707963268e+00 1.3411345110e+00
1.1432756418e-04 1.9720064788e+04 1.5707963268e+00 1.3429875026e+00
1.1450860364e-04 1.9732680774e+04 1.5707963268e+00 1.3448381258e+00
1.1468954842e-04 1.9745318736e+04 1.5707963268e+00 1.3466863812e+00
1.1487039857e-04 1.9757978660e+04 1.5707963268e+00 1.3485322691e+00
1.1505115416e-04 1.9770660533e+04 1.5707963268e+00 1.3503757900e+00
1.1523181524e-04 1.9783364342e+04 1.5707963268e+00 1.3522169443e+00
1.1541238185e-04 1.9796090074e+04 1.5707963268e+00 1.3540557325e+00
1.1559285407e-04 1.9808837715e+04 1.5707963268e+00 1.3558921551e+00
1.1577323195e-04 1.9821607251e+04 1.5707963268e+00 1.3577262126e+00
1.1595351554e-04 1.9834398671e+04 1.5707963268e+00 1.3595579055e+00
1.1613370491e-04 1.9847211958e+04 1.5707963268e+00 1.3613872343e+00
1.1631380012e-04 1.9860047102e+04 1.5707963268e+00 1.3632141995e+00
1.1649380121e-04 1.9872904086e+04 1.5707963268e+00 1.3650388018e+00
1.1667370827e-04 1.9885782899e+04 1.5707963268e+00 1.3668610416e+00
1.1685352133e-04 1.9898683525e+04 1.5707963268e+00 1.3686809196e+00
1.1703324047e-04 1.9911605952e+04 1.5707963268e+00 1.3704984364e+00
1.1721286575e-04 1.9924550165e+04 1.5707963268e+00 1.3723135925e+00
1.1739239723e-04 1.9937516150e+04 1.5707963268e+00 1.3741263887e+00
1.1757183496e-04 1.9950503894e+04 1.5707963268e+00 1.3759368254e+00
1.1775117902e-04 1.9963513381e+04 1.5707963268e+00 1.3777449034e+00
1.1793042947e-04 1.9976544599e+04 1.5707963268e+00 1.3795506234e+00
1.1810958636e-04 1.9989597532e+04 1.5707963268e+00 1.3813539860e+00
1.1828864977e-04 2.0002672167e+04 1.5707963268e+00 1.3831549920e+00
1.1846761976e-04 2.0015768489e+04 1.5707963268e+00 1.3849536419e+00
1.1864649638e-04 2.0028886484e+04 1.5707963268e+00 1.3867499366e+00
1.1882527972e-04 2.0042026137e+04 1.5707963268e+00 1.3885438768e+00
1.1900396983e-04 2.0055187433e+04 1.5707963268e+00 1.3903354632e+00
1.1918256678e-04 2.0068370359e+04 1.5707963268e+00 1.3921246966e+00
1.1936107064e-04 2.0081574900e+04 1.5707963268e+00 1.3939115777e+00
1.1953948146e-04 2.0094801040e+04 1.5707963268e+00 1.3956961074e+00
1.1971779933e-04 2.0108048765e+04 1.5707963268e+00 1.3974782865e+00
1.1989602431e-04 2.0121318061e+04 1.5707963268e+00 1.3992581157e+00
1.2007415646e-04 2.0134608912e+04 1.5707963268e+00 1.4010355958e+00
1.2025219585e-04 2.0147921303e+04 1.5707963268e+00 1.4028107278e+00
1.2043014256e-04 2.0161255220e+04 1.5707963268e+00 1.4045835125e+00
1.2060799665e-04 2.0174610648e+04 1.5707963268e+00 1.4063539507e+00
1.2078575819e-04 2.0187987570e+04 1.5707963268e+00 1.4081220433e+00
1.2096342726e-04 2.0201385973e+04 1.5707963268e+00 1.4098877912e+00
1.2114100391e-04 2.0214805841e+04 1.5707963268e+00 1.4116511954e+00
1.2131848823e-04 2.0228247158e+04 1.5707963268e+00 1.4134122566e+00
1.2149588028e-04 2.0241709910e+04 1.5707963268e+00 1.4151709759e+00
1.2167318014e-04 2.0255194080e+04 1.5707963268e+00 1.4169273543e+00
1.2185038787e-04 2.0268699654e+04 1.5707963268e+00 1.4186813925e+00
1.2202750356e-04 2.0282226616e+04 1.5707963268e+00 1.4204330917e+00
1.2220452727e-04 2.0295774951e+04 1.5707963268e+00 1.4221824528e+00
1.2238145907e-04 2.0309344642e+04 1.5707963268e+00 1.4239294767e+00
1.2255829904e-04 2.0322935674e+04 1.5707963268e+00 1.4256741646e+00
1.2273504725e-04 2.0336548032e+04 1.5707963268e+00 1.4274165174e+00
1.2291170378e-04 2.0350181699e+04 1.5707963268e+00 1.4291565361e+00
1.2308826870e-04 2.0363836660e+04 1.5707963268e+00 1.4308942217e+00
1.2326474209e-04 2.0377512899e+04 1.5707963268e+00 1.4326295754e+00
1.2344112401e-04 2.0391210399e+04 1.5707963268e+00 1.4343625982e+00
1.2361741456e-04 2.0404929146e+04 1.5707963268e+00 1.4360932912e+00
1.2379361379e-04 2.0418669122e+04 1.5707963268e+00 1.4378216554e+00
1.2396972179e-04 2.0432430313e+04 1.5707963268e+00 1.4395476920e+00
1.2414573864e-04 2.0446212700e+04 1.5707963268e+00 1.4412714020e+00
1.2432166441e-04 2.0460016269e+04 1.5707963268e+00 1.4429927867e+00
1.2449749917e-04 2.0473841004e+04 1.5707963268e+00 1.4447118470e+00
1.2467324302e-04 2.0487686887e+04 1.5707963268e+00 1.4464285843e+00
1.2484889601e-04 2.0501553902e+04 1.5707963268e+00 1.4481429996e+00
1.2502445824e-04 2.0515442034e+04 1.5707963268e+00 1.4498550941e+00
1.2519992978e-04 2.0529351264e+04 1.5707963268e+00 1.4515648689e+00
1.2537531071e-04 2.0543281578e+04 1.5707963268e+00 1.4532723254e+00
1.2555060111e-04 2.0557232958e+04 1.5707963268e+00 1.4549774647e+00
1.2572580105e-04 2.0571205388e+04 1.5707963268e+00 1.4566802879e+00
1.2590091062e-04 2.0585198851e+04 1.5707963268e+00 1.4583807965e+00
1.2607592990e-04 2.0599213330e+04 1.5707963268e+00 1.4600789914e+00
1.2625085897e-04 2.0613248809e+04 1.5707963268e+00 1.4617748741e+00
1.2642569791e-04 2.0627305271e+04 1.5707963268e+00 1.4634684458e+00
1.2660044679e-04 2.0641382698e+04 1.5707963268e+00 1.4651597078e+00
1.2677510571e-04 2.0655481074e+04 1.5707963268e+00 1.4668486613e+00
1.2694967474e-04 2.0669600382e+04 1.5707963268e+00 1.4685353076e+00
1.2712415396e-04 2.0683740605e+04 1.5707963268e+00 1.4702196481e+00
1.2729854346e-04 2.0697901725e+04 1.5707963268e+00 1.4719016840e+00
1.2747284332e-04 2.0712083726e+04 1.5707963268e+00 1.4735814168e+00
1.2764705361e-04 2.0726286591e+04 1.5707963268e+00 1.4752588476e+00
1.2782117444e-04 2.0740510301e+04 1.5707963268e+00 1.4769339779e+00
1.2799520587e-04 2.0754754841e+04 1.5707963268e+00 1.4786068091e+00
1.2816914799e-04 2.0769020192e+04 1.5707963268e+00 1.4802773425e+00
1.2834300089e-04 2.0783306337e+04 1.5707963268e+00 1.4819455794e+00
1.2851676464e-04 2.0797613259e+04 1.5707963268e+00 1.4836115214e+00
1.2869043934e-04 2.0811940941e+04 1.5707963268e+00 1.4852751697e+00
1.2886402507e-04 2.0826289364e+04 1.5707963268e+00 1.4869365258e+00
1.2903752191e-04 2.0840658511e+04 1.5707963268e+00 1.4885955911e+00
1.2921092995e-04 2.0855048365e+04 1.5707963268e+00 1.4902523671e+00
1.2938424927e-04 2.0869458907e+04 1.5707963268e+00 1.4919068552e+00
1.2955747997e-04 2.0883890121e+04 1.5707963268e+00 1.4935590568e+00
1.2973062211e-04 2.0898341988e+04 1.5707963268e+00 1.4952089734e+00
1.2990367580e-04 2.0912814491e+04 1.5707963268e+00 1.4968566065e+00
1.3007664112e-04 2.0927307612e+04 1.5707963268e+00 1.4985019575e+00
1.3024951815e-04 2.0941821333e+04 1.5707963268e+00 1.5001450281e+00
1.3042230699e-04 2.0956355635e+04 1.5707963268e+00 1.5017858196e+00
1.3059500771e-04 2.0970910502e+04 1.5707963268e+00 1.5034243335e+00
1.3076762041e-04 2.0985485914e+04 1.5707963268e+00 1.5050605715e+00
1.3094014517e-04 2.1000081855e+04 1.5707963268e+00 1.5066945350e+00
1.3111258209e-04 2.1014698305e+04 1.5707963268e+00 1.5083262255e+00
1.3128493125e-04 2.1029335246e+04 1.5707963268e+00 1.5099556447e+00
1.3145719273e-04 2.1043992661e+04 1.5707963268e+00 1.5115827941e+00
1.3162936664e-04 2.1058670532e+04 1.5707963268e+00 1.5132076752e+00
1.3180145305e-04 2.1073368839e+04 1.5707963268e+00 1.5148302897e+00
1.3197345205e-04 2.1088087564e+04 1.5707963268e+00 1.5164506391e+00
1.3214536374e-04 2.1102826690e+04 1.5707963268e+00 1.5180687250e+00
1.3231718820e-04 2.1117586198e+04 1.5707963268e+00 1.5196845491e+00
1.3248892553e-04 2.1132366069e+04 1.5707963268e+00 1.5212981129e+00
1.3266057582e-04 2.1147166284e+04 1.5707963268e+00 1.5229094181e+00
1.3283213914e-04 2.1161986826e+04 1.5707963268e+00 1.5245184663e+00
1.3300361561e-04 2.1176827676e+04 1.5707963268e+00 1.5261252592e+00
1.3317500529e-04 2.1191688814e+04 1.5707963268e+00 1.5277297985e+00
1.3334630830e-04 2.1206570223e+04 1.5707963268e+00 1.5293320856e+00
1.3351752471e-04 2.1221471884e+04 1.5707963268e+00 1.5309321225e+00
1.3368865462e-04 2.1236393777e+04 1.5707963268e+00 1.5325299107e+00
1.3385969812e-04 2.1251335885e+04 1.5707963268e+00 1.5341254519e+00
1.3403065530e-04 2.1266298188e+04 1.5707963268e+00 1.5357187479e+00
1.3420152626e-04 2.1281280667e+04 1.5707963268e+00 1.5373098002e+00
1.3437231108e-04 2.1296283304e+04 1.5707963268e+00 1.5388986108e+00
1.3454300986e-04 2.1311306079e+04 1.5707963268e+00 1.5404851812e+00
1.3471362269e-04 2.1326348974e+04 1.5707963268e+00 1.5420695132e+00
1.3488414966e-04 2.1341411970e+04 1.5707963268e+00 1.5436516086e+00
1.3505459087e-04 2.1356495047e+04 1.5707963268e+00 1.5452314691e+00
1.3522494641e-04 2.1371598187e+04 1.5707963268e+00 1.5468090964e+00
1.3539521637e-04 2.1386721370e+04 1.5707963268e+00 1.5483844924e+00
1.3556540085e-04 2.1401864577e+04 1.5707963268e+00 1.5499576587e+00
1.3573549994e-04 2.1417027789e+04 1.5707963268e+00 1.5515285973e+00
1.3590551373e-04 2.1432210986e+04 1.5707963268e+00 1.5530973098e+00
1.3607544231e-04 2.1447414150e+04 1.5707963268e+00 1.5546637982e+00
1.3624528579e-04 2.1462637261e+04 1.5707963268e+00 1.5562280641e+00
1.3641504425e-04 2.1477880300e+04 1.5707963268e+00 1.5577901094e+00
1.3658471780e-04 2.1493143247e+04 1.5707963268e+00 1.5593499360e+00
1.3675430651e-04 2.1508426083e+04 1.5707963268e+00 1.5609075456e+00
1.3692381050e-04 2.1523728789e+04 1.5707963268e+00 1.5624629401e+00
1.3709322985e-04 2.1539051344e+04 1.5707963268e+00 1.5640161214e+00
1.3726256466e-04 2.1554393730e+04 1.5707963268e+00 1.5655670912e+00
1.3743181503e-04 2.1569755926e+04 1.5707963268e+00 1.5671158516e+00
1.3760098104e-04 2.1585137914e+04 1.5707963268e+00 1.5686624043e+00
1.3777006280e-04 2.1600539673e+04 1.5707963268e+00 1.5702067512e+00
1.3793906040e-04 2.1615961184e+04 1.5707963268e+00 1.5717488942e+00
1.3810797394e-04 2.1631402427e+04 1.5707963268e+00 1.5732888352e+00
1.3827680352e-04 2.1646863383e+04 1.5707963268e+00 1.5748265762e+00
1.3844554922e-04 2.1662344032e+04 1.5707963268e+00 1.5763621189e+00
1.3861421115e-04 2.1677844353e+04 1.5707963268e+00 1.5778954654e+00
1.3878278940e-04 2.1693364328e+04 1.5707963268e+00 1.5794266175e+00
1.3895128407e-04 2.1708903935e+04 1.5707963268e+00 1.5809555772e+00
1.3911969525e-04 2.1724463156e+04 1.5707963268e+00 1.5824823464e+00
1.3928802305e-04 2.1740041970e+04 1.5707963268e+00 1.5840069271e+00
1.3945626756e-04 2.1755640358e+04 1.5707963268e+00 1.5855293212e+00
1.3962442887e-04 2.1771258299e+04 1.5707963268e+00 1.5870495307e+00
1.3979250709e-04 2.1786895773e+04 1.5707963268e+00 1.5885675575e+00
1.3996050231e-04 2.1802552761e+04 1.5707963268e+00 1.5900834037e+00
1.4012841463e-04 2.1818229241e+04 1.5707963268e+00 1.5915970711e+00
1.4029624414e-04 2.1833925195e+04 1.5707963268e+00 1.5931085618e+00
1.4046399095e-04 2.1849640602e+04 1.5707963268e+00 1.5946178778e+00
1.4063165515e-04 2.1865375442e+04 1.5707963268e+00 1.5961250211e+00
1.4079923685e-04 2.1881129694e+04 1.5707963268e+00 1.5976299937e+00
1.4096673613e-04 2.1896903338e+04 1.5707963268e+00 1.5991327976e+00
1.4113415310e-04 2.1912696354e+04 1.5707963268e+00 1.6006334347e+00
1.4130148785e-04 2.1928508722e+04 1.5707963268e+00 1.6021319073e+00
1.4146874049e-04 2.1944340422e+04 1.5707963268e+00 1.6036282172e+00
1.4163591111e-04 2.1960191432e+04 1.5707963268e+00 1.6051223665e+00
1.4180299982e-04 2.1976061734e+04 1.5707963268e+00 1.6066143574e+00
1.4197000670e-04 2.1991951305e+04 1.5707963268e+00 1.6081041917e+00
1.4213693186e-04 2.2007860126e+04 1.5707963268e+00 1.6095918716e+00
1.4230377540e-04 2.2023788177e+04 1.5707963268e+00 1.6110773992e+00
1.4247053742e-04 2.2039735436e+04 1.5707963268e+00 1.6125607764e+00
1.4263721802e-04 2.2055701884e+04 1.5707963268e+00 1.6140420055e+00
1.4280381729e-04 2.2071687499e+04 1.5707963268e+00 1.6155210884e+00
1.4297033533e-04 2.2087692262e+04 1.5707963268e+00 1.6169980274e+00
1.4313677226e-04 2.2103716151e+04 1.5707963268e+00 1.6184728244e+00
1.4330312815e-04 2.2119759147e+04 1.5707963268e+00 1.6199454815e+00
1.4346940313e-04 2.2135821227e+04 1.5707963268e+00 1.6214160009e+00
1.4363559727e-04 2.2151902373e+04 1.5707963268e+00 1.6228843847e+00
1.4380171069e-04 2.2168002562e+04 1.5707963268e+00 1.6243506351e+00
1.4396774349e-04 2.2184121774e+04 1.5707963268e+00 1.6258147540e+00
1.4413369576e-04 2.2200259989e+04 1.5707963268e+00 1.6272767437e+00
1.4429956760e-04 2.2216417186e+04 1.5707963268e+00 1.6287366064e+00
1.4446535912e-04 2.2232593344e+04 1.5707963268e+00 1.6301943440e+00
1.4463107042e-04 2.2248788441e+04 1.5707963268e+00 1.6316499589e+00
1.4479670159e-04 2.2265002458e+04 1.5707963268e+00 1.6331034531e+00
1.4496225274e-04 2.2281235373e+04 1.5707963268e+00 1.6345548288e+00
1.4512772397e-04 2.2297487166e+04 1.5707963268e+00 1.6360040882e+00
1.4529311537e-04 2.2313757815e+04 1.5707963268e+00 1.6374512334e+00
1.4545842705e-04 2.2330047300e+04 1.5707963268e+00 1.6388962666e+00
1.4562365911e-04 2.2346355599e+04 1.5707963268e+00 1.6403391901e+00
1.4578881165e-04 2.2362682692e+04 1.5707963268e+00 1.6417800059e+00
1.4595388478e-04 2.2379028558e+04 1.5707963268e+00 1.6432187163e+00
1.4611887858e-04 2.2395393175e+04 1.5707963268e+00 1.6446553234e+00
1.4628379317e-04 2.2411776523e+04 1.5707963268e+00 1.6460898295e+00
1.4644862865e-04 2.2428178580e+04 1.5707963268e+00 1.6475222368e+00
1.4661338510e-04 2.2444599326e+04 1.5707963268e+00 1.6489525475e+00
1.4677806265e-04 2.2461038739e+04 1.5707963268e+00 1.6503807637e+00
1.4694266139e-04 2.2477496799e+04 1.5707963268e+00 1.6518068878e+00
1.4710718141e-04 2.2493973483e+04 1.5707963268e+00 1.6532309220e+00
1.4727162283e-04 2.2510468771e+04 1.5707963268e+00 1.6546528684e+00
1.4743598574e-04 2.2526982641e+04 1.5707963268e+00 1.6560727293e+00
1.4760027024e-04 2.2543515074e+04 1.5707963268e+00 1.6574905070e+00
1.4776447644e-04 2.2560066046e+04 1.5707963268e+00 1.6589062037e+00
1.4792860444e-04 2.2576635537e+04 1.5707963268e+00 1.6603198217e+00
1.4809265433e-04 2.2593223526e+04 1.5707963268e+00 1.6617313631e+00
1.4825662623e-04 2.2609829991e+04 1.5707963268e+00 1.6631408304e+00
1.4842052023e-04 2.2626454912e+04 1.5707963268e+00 1.6645482256e+00
1.4858433644e-04 2.2643098266e+04 1.5707963268e+00 1.6659535512e+00
1.4874807495e-04 2.2659760032e+04 1.5707963268e+00 1.6673568093e+00
1.4891173587e-04 2.2676440189e+04 1.5707963268e+00 1.6687580022e+00
1.4907531930e-04 2.2693138717e+04 1.5707963268e+00 1.6701571323e+00
1.4923882535e-04 2.2709855592e+04 1.5707963268e+00 1.6715542018e+00
1.4940225411e-04 2.2726590794e+04 1.5707963268e+00 1.6729492130e+00
1.4956560569e-04 2.2743344302e+04 1.5707963268e+00 1.6743421682e+00
1.4972888018e-04 2.2760116093e+04 1.5707963268e+00 1.6757330696e+00
1.4989207770e-04 2.2776906147e+04 1.5707963268e+00 1.6771219197e+00
1.5005519834e-04 2.2793714443e+04 1.5707963268e+00 1.6785087207e+00
1.5021824221e-04 2.2810540957e+04 1.5707963268e+00 1.6798934749e+00
1.5038120941e-04 2.2827385670e+04 1.5707963268e+00 1.6812761846e+00
1.5054410003e-04 2.2844248559e+04 1.5707963268e+00 1.6826568521e+00
1.5070691419e-04 2.2861129603e+04 1.5707963268e+00 1.6840354798e+00
1.5086965198e-04 2.2878028781e+04 1.5707963268e+00 1.6854120701e+00
1.5103231351e-04 2.2894946070e+04 1.5707963268e+00 1.6867866251e+00
1.5119489888e-04 2.2911881449e+04 1.5707963268e+00 1.6881591473e+00
1.5135740820e-04 2.2928834898e+04 1.5707963268e+00 1.6895296390e+00
1.5151984155e-04 2.2945806393e+04 1.5707963268e+00 1.6908981025e+00
1.5168219906e-04 2.2962795913e+04 1.5707963268e+00 1.6922645402e+00
1.5184448081e-04 2.2979803438e+04 1.5707963268e+00 1.6936289544e+00
1.5200668692e-04 2.2996828944e+04 1.5707963268e+00 1.6949913475e+00
1.5216881748e-04 2.3013872411e+04 1.5707963268e+00 1.6963517218e+00
1.5233087260e-04 2.3030933817e+04 1.5707963268e+00 1.6977100797e+00
1.5249285237e-04 2.3048013140e+04 1.5707963268e+00 1.6990664236e+00
1.5265475691e-04 2.3065110358e+04 1.5707963268e+00 1.7004207558e+00
1.5281658632e-04 2.3082225449e+04 1.5707963268e+00 1.7017730787e+00
1.5297834069e-04 2.3099358393e+04 1.5707963268e+00 1.7031233946e+00
1.5314002013e-04 2.3116509167e+04 1.5707963268e+00 1.7044717060e+00
1.5330162474e-04 2.3133677749e+04 1.5707963268e+00 1.7058180152e+00
1.5346315463e-04 2.3150864118e+04 1.5707963268e+00 1.7071623246e+00
1.5362460990e-04 2.3168068252e+04 1.5707963268e+00 1.7085046365e+00
1.5378599065e-04 2.3185290128e+04 1.5707963268e+00 1.7098449535e+00
1.5394729698e-04 2.3202529726e+04 1.5707963268e+00 1.7111832778e+00
1.5410852899e-04 2.3219787024e+04 1.5707963268e+00 1.7125196119e+00
1.5426968680e-04 2.3237061999e+04 1.5707963268e+00 1.7138539581e+00
1.5443077049e-04 2.3254354630e+04 1.5707963268e+00 1.7151863189e+00
1.5459178018e-04 2.3271664895e+04 1.5707963268e+00 1.7165166966e+00
1.5475271596e-04 2.3288992773e+04 1.5707963268e+00 1.7178450937e+00
1.5491357794e-04 2.3306338240e+04 1.5707963268e+00 1.7191715126e+00
1.5507436622e-04 2.3323701276e+04 1.5707963268e+00 1.7204959557e+00
1.5523508091e-04 2.3341081859e+04 1.5707963268e+00 1.7218184253e+00
1.5539572210e-04 2.3358479966e+04 1.5707963268e+00 1.7231389240e+00
1.5555628990e-04 2.3375895576e+04 1.5707963268e+00 1.7244574541e+00
1.5571678441e-04 2.3393328667e+04 1.5707963268e+00 1.7257740181e+00
1.5587720573e-04 2.3410779217e+04 1.5707963268e+00 1.7270886184e+00
1.5603755398e-04 2.3428247204e+04 1.5707963268e+00 1.7284012574e+00
1.5619782924e-04 2.3445732606e+04 1.5707963268e+00 1.7297119375e+00
1.5635803162e-04 2.3463235401e+04 1.5707963268e+00 1.7310206612e+00
1.5651816122e-04 2.3480755568e+04 1.5707963268e+00 1.7323274309e+00
1.5667821815e-04 2.3498293084e+04 1.5707963268e+00 1.7336322491e+00
1.5683820251e-04 2.3515847927e+04 1.5707963268e+00 1.7349351182e+00
1.5699811440e-04 2.3533420076e+04 1.5707963268e+00 1.7362360406e+00
1.5715795392e-04 2.3551009508e+04 1.5707963268e+00 1.7375350188e+00
1.5731772118e-04 2.3568616201e+04 1.5707963268e+00 1.7388320552e+00
1.5747741628e-04 2.3586240134e+04 1.5707963268e+00 1.7401271522e+00
1.5763703932e-04 2.3603881285e+04 1.5707963268e+00 1.7414203124e+00
1.5779659040e-04 2.3621539631e+04 1.5707963268e+00 1.7427115382e+00
1.5795606962e-04 2.3639215151e+04 1.5707963268e+00 1.7440008321e+00
1.5811547709e-04 2.3656907822e+04 1.5707963268e+00 1.7452881964e+00
1.5827481291e-04 2.3674617622e+04 1.5707963268e+00 1.7465736337e+00
1.5843407719e-04 2.3692344531e+04 1.5707963268e+00 1.7478571463e+00
1.5859327001e-04 2.3710088524e+04 1.5707963268e+00 1.7491387369e+00
1.5875239150e-04 2.3727849581e+04 1.5707963268e+00 1.7504184078e+00
1.5891144174e-04 2.3745627680e+04 1.5707963268e+00 1.7516961616e+00
1.5907042084e-04 2.3763422798e+04 1.5707963268e+00 1.7529720006e+00
1.5922932890e-04 2.3781234913e+04 1.5707963268e+00 1.7542459274e+00
1.5938816602e-04 2.3799064004e+04 1.5707963268e+00 1.7555179444e+00
1.5954693232e-04 2.3816910048e+04 1.5707963268e+00 1.7567880541e+00
1.5970562788e-04 2.3834773024e+04 1.5707963268e+00 1.7580562590e+00
1.5986425281e-04 2.3852652908e+04 1.5707963268e+00 1.7593225616e+00
1.6002280721e-04 2.3870549680e+04 1.5707963268e+00 1.7605869643e+00
1.6018129119e-04 2.3888463317e+04 1.5707963268e+00 1.7618494696e+00
1.6033970484e-04 2.3906393797e+04 1.5707963268e+00 1.7631100800e+00
1.6049804826e-04 2.3924341098e+04 1.5707963268e+00 1.7643687981e+00
1.6065632157e-04 2.3942305198e+04 1.5707963268e+00 1.7656256262e+00
1.6081452486e-04 2.3960286075e+04 1.5707963268e+00 1.7668805668e+00
1.6097265823e-04 2.3978283707e+04 1.5707963268e+00 1.7681336226e+00
1.6113072178e-04 2.3996298072e+04 1.5707963268e+00 1.7693847958e+00
1.6128871562e-04 2.4014329147e+04 1.5707963268e+00 1.7706340892e+00
1.6144663984e-04 2.4032376911e+04 1.5707963268e+00 1.7718815050e+00
1.6160449455e-04 2.4050441342e+04 1.5707963268e+00 1.7731270459e+00
1.6176227985e-04 2.4068522417e+04 1.5707963268e+00 1.7743707143e+00
1.6191999584e-04 2.4086620115e+04 1.5707963268e+00 1.7756125128e+00
1.6207764263e-04 2.4104734412e+04 1.5707963268e+00 1.7768524437e+00
1.6223522030e-04 2.4122865289e+04 1.5707963268e+00 1.7780905097e+00
1.6239272898e-04 2.4141012721e+04 1.5707963268e+00 1.7793267132e+00
1.6255016874e-04 2.4159176688e+04 1.5707963268e+00 1.7805610568e+00
1.6270753970e-04 2.4177357167e+04 1.5707963268e+00 1.7817935428e+00
1.6286484197e-04 2.4195554136e+04 1.5707963268e+00 1.7830241739e+00
1.6302207562e-04 2.4213767573e+04 1.5707963268e+00 1.7842529526e+00
1.6317924078e-04 2.4231997456e+04 1.5707963268e+00 1.7854798813e+00
1.6333633754e-04 2.4250243762e+04 1.5707963268e+00 1.7867049626e+00
1.6349336600e-04 2.4268506471e+04 1.5707963268e+00 1.7879281989e+00
1.6365032626e-04 2.4286785559e+04 1.5707963268e+00 1.7891495928e+00
1.6380721843e-04 2.4305081005e+04 1.5707963268e+00 1.7903691468e+00
1.6396404259e-04 2.4323392786e+04 1.5707963268e+00 1.7915868634e+00
1.6412079887e-04 2.4341720881e+04 1.5707963268e+00 1.7928027451e+00
1.6427748734e-04 2.4360065268e+04 1.5707963268e+00 1.7940167944e+00
1.6443410812e-04 2.4378425924e+04 1.5707963268e+00 1.7952290139e+00
1.6459066131e-04 2.4396802827e+04 1.5707963268e+00 1.7964394060e+00
1.6474714700e-04 2.4415195956e+04 1.5707963268e+00 1.7976479733e+00
1.6490356529e-04 2.4433605288e+04 1.5707963268e+00 1.7988547183e+00
1.6505991629e-04 2.4452030801e+04 1.5707963268e+00 1.8000596434e+00
1.6521620010e-04 2.4470472474e+04 1.5707963268e+00 1.8012627513e+00
1.6537241681e-04 2.4488930283e+04 1.5707963268e+00 1.8024640445e+00
1.6552856653e-04 2.4507404208e+04 1.5707963268e+00 1.8036635253e+00
1.6568464936e-04 2.4525894226e+04 1.5707963268e+00 1.8048611965e+00
1.6584066539e-04 2.4544400315e+04 1.5707963268e+00 1.8060570605e+00
1.6599661472e-04 2.4562922453e+04 1.5707963268e+00 1.8072511197e+00
1.6615249747e-04 2.4581460618e+04 1.5707963268e+00 1.8084433768e+00
1.6630831371e-04 2.4600014788e+04 1.5707963268e+00 1.8096338343e+00
1.6646406356e-04 2.4618584941e+04 1.5707963268e+00 1.8108224946e+00
1.6661974712e-04 2.4637171055e+04 1.5707963268e+00 1.8120093604e+00
1.6677536448e-04 2.4655773108e+04 1.5707963268e+00 1.8131944340e+00
1.6693091574e-04 2.4674391078e+04 1.5707963268e+00 1.8143777181e+00
1.6708640100e-04 2.4693024944e+04 1.5707963268e+00 1.8155592152e+00
1.6724182037e-04 2.4711674682e+04 1.5707963268e+00 1.8167389277e+00
1.6739717393e-04 2.4730340271e+04 1.5707963268e+00 1.8179168583e+00
1.6755246180e-04 2.4749021689e+04 1.5707963268e+00 1.8190930094e+00
1.6770768406e-04 2.4767718915e+04 1.5707963268e+00 1.8202673836e+00
1.6786284082e-04 2.4786431925e+04 1.5707963268e+00 1.8214399833e+00
1.6801793218e-04 2.4805160699e+04 1.5707963268e+00 1.8226108112e+00
1.6817295823e-04 2.4823905214e+04 1.5707963268e+00 1.8237798697e+00
1.6832791907e-04 2.4842665449e+04 1.5707963268e+00 1.8249471613e+00
1.6848281481e-04 2.4861441381e+04 1.5707963268e+00 1.8261126886e+00
1.6863764554e-04 2.4880232988e+04 1.5707963268e+00 1.8272764542e+00
1.6879241136e-04 2.4899040248e+04 1.5707963268e+00 1.8284384604e+00
1.6894711236e-04 2.4917863141e+04 1.5707963268e+00 1.8295987099e+00
1.6910174866e-04 2.4936701643e+04 1.5707963268e+00 1.8307572052e+00
1.6925632033e-04 2.4955555732e+04 1.5707963268e+00 1.8319139488e+00
1.6941082749e-04 2.4974425388e+04 1.5707963268e+00 1.8330689432e+00
1.6956527023e-04 2.4993310587e+04 1.5707963268e+00 1.8342221909e+00
1.6971964865e-04 2.5012211309e+04 1.5707963268e+00 1.8353736945e+00
1.6987396284e-04 2.5031127531e+04 1.5707963268e+00 1.8365234565e+00
1.7002821291e-04 2.5050059231e+04 1.5707963268e+00 1.8376714795e+00
1.7018239895e-04 2.5069006388e+04 1.5707963268e+00 1.8388177658e+00
1.7033652106e-04 2.5087968979e+04 1.5707963268e+00 1.8399623182e+00
1.7049057933e-04 2.5106946983e+04 1.5707963268e+00 1.8411051390e+00
1.7064457387e-04 2.5125940379e+04 1.5707963268e+00 1.8422462308e+00
1.7079850477e-04 2.5144949143e+04 1.5707963268e+00 1.8433855962e+00
1.7095237213e-04 2.5163973255e+04 1.5707963268e+00 1.8445232376e+00
1.7110617605e-04 2.5183012692e+04 1.5707963268e+00 1.8456591576e+00
1.7125991662e-04 2.5202067433e+04 1.5707963268e+00 1.8467933586e+00
1.7141359394e-04 2.5221137455e+04 1.5707963268e+00 1.8479258433e+00
1.7156720811e-04 2.5240222738e+04 1.5707963268e+00 1.8490566141e+00
1.7172075922e-04 2.5259323260e+04 1.5707963268e+00 1.8501856736e+00
1.7187424737e-04 2.5278438998e+04 1.5707963268e+00 1.8513130242e+00
1.7202767266e-04 2.5297569931e+04 1.5707963268e+00 1.8524386685e+00
1.7218103518e-04 2.5316716037e+04 1.5707963268e+00 1.8535626091e+00
1.7233433504e-04 2.5335877294e+04 1.5707963268e+00 1.8546848483e+00
1.7248757232e-04 2.5355053681e+04 1.5707963268e+00 1.8558053888e+00
1.7264074712e-04 2.5374245176e+04 1.5707963268e+00 1.8569242331e+00
1.7279385955e-04 2.5393451757e+04 1.5707963268e+00 1.8580413836e+00
1.7294690969e-04 2.5412673403e+04 1.5707963268e+00 1.8591568429e+00
1.7309989764e-04 2.5431910092e+04 1.5707963268e+00 1.8602706135e+00
1.7325282349e-04 2.5451161802e+04 1.5707963268e+00 1.8613826979e+00
1.7340568735e-04 2.5470428511e+04 1.5707963268e+00 1.8624930986e+00
1.7355848931e-04 2.5489710199e+04 1.5707963268e+00 1.8636018182e+00
1.7371122947e-04 2.5509006843e+04 1.5707963268e+00 1.8647088592e+00
1.7386390791e-04 2.5528318421e+04 1.5707963268e+00 1.8658142239e+00
1.7401652474e-04 2.5547644912e+04 1.5707963268e+00 1.8669179151e+00
1.7416908005e-04 2.5566986295e+04 1.5707963268e+00 1.8680199351e+00
1.7432157394e-04 2.5586342548e+04 1.5707963268e+00 1.8691202866e+00
1.7447400649e-04 2.5605713649e+04 1.5707963268e+00 1.8702189719e+00
1.7462637782e-04 2.5625099577e+04 1.5707963268e+00 1.8713159936e+00
1.7477868800e-04 2.5644500310e+04 1.5707963268e+00 1.8724113542e+00
1.7493093714e-04 2.5663915826e+04 1.5707963268e+00 1.8735050562e+00
1.7508312533e-04 2.5683346105e+04 1.5707963268e+00 1.8745971021e+00
1.7523525267e-04 2.5702791124e+04 1.5707963268e+00 1.8756874945e+00
1.7538731924e-04 2.5722250862e+04 1.5707963268e+00 1.8767762357e+00
1.7553932515e-04 2.5741725297e+04 1.5707963268e+00 1.8778633284e+00
1.7569127049e-04 2.5761214409e+04 1.5707963268e+00 1.8789487750e+00
1.7584315535e-04 2.5780718175e+04 1.5707963268e+00 1.8800325780e+00
1.7599497983e-04 2.5800236575e+04 1.5707963268e+00 1.8811147399e+00
1.7614674402e-04 2.5819769586e+04 1.5707963268e+00 1.8821952632e+00
1.7629844802e-04 2.5839317188e+04 1.5707963268e+00 1.8832741504e+00
1.7645009191e-04 2.5858879358e+04 1.5707963268e+00 1.8843514040e+00
1.7660167579e-04 2.5878456076e+04 1.5707963268e+00 1.8854270265e+00
1.7675319977e-04 2.5898047320e+04 1.5707963268e+00 1.8865010204e+00
1.7690466392e-04 2.5917653068e+04 1.5707963268e+00 1.8875733882e+00
1.7705606834e-04 2.5937273300e+04 1.5707963268e+00 1.8886441323e+00
1.7720741313e-04 2.5956907994e+04 1.5707963268e+00 1.8897132552e+00
1.7735869838e-04 2.5976557129e+04 1.5707963268e+00 1.8907807595e+00
1.7750992419e-04 2.5996220682e+04 1.5707963268e+00 1.8918466476e+00
1.7766109064e-04 2.6015898634e+04 1.5707963268e+00 1.8929109220e+00
1.7781219782e-04 2.6035590963e+04 1.5707963268e+00 1.8939735852e+00
1.7796324584e-04 2.6055297647e+04 1.5707963268e+00 1.8950346397e+00
1.7811423478e-04 2.6075018665e+04 1.5707963268e+00 1.8960940879e+00
1.7826516474e-04 2.6094753997e+04 1.5707963268e+00 1.8971519323e+00
1.7841603581e-04 2.6114503620e+04 1.5707963268e+00 1.8982081754e+00
1.7856684808e-04 2.6134267513e+04 1.5707963268e+00 1.8992628198e+00
1.7871760164e-04 2.6154045656e+04 1.5707963268e+00 1.9003158677e+00
1.7886829659e-04 2.6173838027e+04 1.5707963268e+00 1.9013673218e+00
1.7901893301e-04 2.6193644605e+04 1.5707963268e+00 1.9024171845e+00
1.7916951101e-04 2.6213465368e+04 1.5707963268e+00 1.9034654583e+00
1.7932003067e-04 2.6233300296e+04 1.5707963268e+00 1.9045121456e+00
1.7947049208e-04 2.6253149368e+04 1.5707963268e+00 1.9055572489e+00
1.7962089533e-04 2.6273012562e+04 1.5707963268e+00 1.9066007707e+00
1.7977124052e-04 2.6292889858e+04 1.5707963268e+00 1.9076427135e+00
1.7992152774e-04 2.6312781233e+04 1.5707963268e+00 1.9086830796e+00
1.8007175708e-04 2.6332686668e+04 1.5707963268e+00 1.9097218716e+00
1.8022192862e-04 2.6352606141e+04 1.5707963268e+00 1.9107590919e+00
1.8037204247e-04 2.6372539631e+04 1.5707963268e+00 1.9117947430e+00
1.8052209871e-04 2.6392487117e+04 1.5707963268e+00 1.9128288273e+00
1.8067209744e-04 2.6412448578e+04 1.5707963268e+00 1.9138613474e+00
1.8082203873e-04 2.6432423993e+04 1.5707963268e+00 1.9148923055e+00
1.8097192269e-04 2.6452413342e+04 1.5707963268e+00 1.9159217043e+00
1.8112174941e-04 2.6472416602e+04 1.5707963268e+00 1.9169495461e+00
1.8127151897e-04 2.6492433754e+04 1.5707963268e+00 1.9179758334e+00
1.8142123146e-04 2.6512464776e+04 1.5707963268e+00 1.9190005687e+00
1.8157088698e-04 2.6532509647e+04 1.5707963268e+00 1.9200237543e+00
1.8172048561e-04 2.6552568347e+04 1.5707963268e+00 1.9210453928e+00
1.8187002745e-04 2.6572640854e+04 1.5707963268e+00 1.9220654865e+00
1.8201951259e-04 2.6592727148e+04 1.5707963268e+00 1.9230840380e+00
1.8216894111e-04 2.6612827208e+04 1.5707963268e+00 1.9241010496e+00
1.8231831310e-04 2.6632941014e+04 1.5707963268e+00 1.9251165238e+00
1.8246762866e-04 2.6653068543e+04 1.5707963268e+00 1.9261304631e+00
1.8261688787e-04 2.6673209777e+04 1.5707963268e+00 1.9271428697e+00
1.8276609082e-04 2.6693364693e+04 1.5707963268e+00 1.9281537463e+00
1.8291523761e-04 2.6713533271e+04 1.5707963268e+00 1.9291630952e+00
1.8306432831e-04 2.6733715490e+04 1.5707963268e+00 1.9301709188e+00
1.8321336302e-04 2.6753911330e+04 1.5707963268e+00 1.9311772196e+00
1.8336234184e-04 2.6774120770e+04 1.5707963268e+00 1.9321820000e+00
1.8351126483e-04 2.6794343789e+04 1.5707963268e+00 1.9331852624e+00
1.8366013211e-04 2.6814580367e+04 1.5707963268e+00 1.9341870092e+00
1.8380894374e-04 2.6834830482e+04 1.5707963268e+00 1.9351872429e+00
1.8395769983e-04 2.6855094115e+04 1.5707963268e+00 1.9361859658e+00
1.8410640046e-04 2.6875371245e+04 1.5707963268e+00 1.9371831804e+00
1.8425504572e-04 2.6895661851e+04 1.5707963268e+00 1.9381788891e+00
1.8440363569e-04 2.6915965912e+04 1.5707963268e+00 1.9391730943e+00
1.8455217047e-04 2.6936283408e+04 1.5707963268e+00 1.9401657985e+00
1.8470065013e-04 2.6956614319e+04 1.5707963268e+00 1.9411570039e+00
1.8484907478e-04 2.6976958624e+04 1.5707963268e+00 1.9421467131e+00
1.8499744450e-04 2.6997316302e+04 1.5707963268e+00 1.9431349284e+00
1.8514575936e-04 2.7017687333e+04 1.5707963268e+00 1.9441216522e+00
1.8529401947e-04 2.7038071697e+04 1.5707963268e+00 1.9451068869e+00
1.8544222491e-04 2.7058469372e+04 1.5707963268e+00 1.9460906349e+00
1.8559037577e-04 2.7078880340e+04 1.5707963268e+00 1.9470728987e+00
1.8573847212e-04 2.7099304579e+04 1.5707963268e+00 1.9480536805e+00
1.8588651407e-04 2.7119742068e+04 1.5707963268e+00 1.9490329829e+00
1.8603450169e-04 2.7140192789e+04 1.5707963268e+00 1.9500108081e+00
1.8618243507e-04 2.7160656719e+04 1.5707963268e+00 1.9509871586e+00
1.8633031430e-04 2.7181133839e+04 1.5707963268e+00 1.9519620367e+00
1.8647813947e-04 2.7201624129e+04 1.5707963268e+00 1.9529354449e+00
1.8662591066e-04 2.7222127568e+04 1.5707963268e+00 1.9539073855e+00
1.8677362795e-04 2.7242644136e+04 1.5707963268e+00 1.9548778608e+00
1.8692129144e-04 2.7263173813e+04 1.5707963268e+00 1.9558468733e+00
1.8706890121e-04 2.7283716578e+04 1.5707963268e+00 1.9568144254e+00
1.8721645734e-04 2.7304272412e+04 1.5707963268e+00 1.9577805193e+00
1.8736395992e-04 2.7324841294e+04 1.5707963268e+00 1.9587451575e+00
1.8751140904e-04 2.7345423204e+04 1.5707963268e+00 1.9597083424e+00
1.8765880478e-04 2.7366018122e+04 1.5707963268e+00 1.9606700762e+00
1.8780614723e-04 2.7386626027e+04 1.5707963268e+00 1.9616303614e+00
1.8795343646e-04 2.7407246900e+04 1.5707963268e+00 1.9625892004e+00
1.8810067258e-04 2.7427880721e+04 1.5707963268e+00 1.9635465954e+00
1.8824785565e-04 2.7448527469e+04 1.5707963268e+00 1.9645025488e+00
1.8839498577e-04 2.7469187125e+04 1.5707963268e+00 1.9654570630e+00
1.8854206302e-04 2.7489859668e+04 1.5707963268e+00 1.9664101404e+00
1.8868908749e-04 2.7510545078e+04 1.5707963268e+00 1.9673617832e+00
1.8883605926e-04 2.7531243336e+04 1.5707963268e+00 1.9683119939e+00
1.8898297841e-04 2.7551954421e+04 1.5707963268e+00 1.9692607747e+00
1.8912984502e-04 2.7572678313e+04 1.5707963268e+00 1.9702081281e+00
1.8927665919e-04 2.7593414993e+04 1.5707963268e+00 1.9711540563e+00
1.8942342100e-04 2.7614164441e+04 1.5707963268e+00 1.9720985616e+00
1.8957013053e-04 2.7634926637e+04 1.5707963268e+00 1.9730416465e+00
1.8971678785e-04 2.7655701560e+04 1.5707963268e+00 1.9739833133e+00
1.8986339307e-04 2.7676489192e+04 1.5707963268e+00 1.9749235642e+00
1.9000994626e-04 2.7697289512e+04 1.5707963268e+00 1.9758624016e+00
1.9015644750e-04 2.7718102500e+04 1.5707963268e+00 1.9767998279e+00
1.9030289687e-04 2.7738928137e+04 1.5707963268e+00 1.9777358453e+00
1.9044929447e-04 2.7759766403e+04 1.5707963268e+00 1.9786704562e+00
1.9059564037e-04 2.7780617278e+04 1.5707963268e+00 1.9796036629e+00
1.9074193465e-04 2.7801480743e+04 1.5707963268e+00 1.9805354676e+00
1.9088817740e-04 2.7822356777e+04 1.5707963268e+00 1.9814658728e+00
1.9103436870e-04 2.7843245362e+04 1.5707963268e+00 1.9823948807e+00
1.9118050864e-04 2.7864146477e+04 1.5707963268e+00 1.9833224937e+00
1.9132659729e-04 2.7885060103e+04 1.5707963268e+00 1.9842487140e+00
1.9147263474e-04 2.7905986220e+04 1.5707963268e+00 1.9851735439e+00
1.9161862107e-04 2.7926924808e+04 1.5707963268e+00 1.9860969857e+00
1.9176455636e-04 2.7947875849e+04 1.5707963268e+00 1.9870190418e+00
1.9191044069e-04 2.7968839322e+04 1.5707963268e+00 1.9879397144e+00
1.9205627415e-04 2.7989815208e+04 1.5707963268e+00 1.9888590059e+00
1.9220205682e-04 2.8010803488e+04 1.5707963268e+00 1.9897769184e+00
1.9234778877e-04 2.8031804142e+04 1.5707963268e+00 1.9906934544e+00
1.9249347009e-04 2.8052817150e+04 1.5707963268e+00 1.9916086160e+00
1.9263910087e-04 2.8073842494e+04 1.5707963268e+00 1.9925224056e+00
1.9278468118e-04 2.8094880153e+04 1.5707963268e+00 1.9934348255e+00
1.9293021109e-04 2.8115930109e+04 1.5707963268e+00 1.9943458778e+00
1.9307569071e-04 2.8136992341e+04 1.5707963268e+00 1.9952555650e+00
1.9322112009e-04 2.8158066831e+04 1.5707963268e+00 1.9961638892e+00
1.9336649934e-04 2.8179153560e+04 1.5707963268e+00 1.9970708528e+00
1.9351182851e-04 2.8200252507e+04 1.5707963268e+00 1.9979764580e+00
1.9365710771e-04 2.8221363654e+04 1.5707963268e+00 1.9988807070e+00
1.9380233700e-04 2.8242486982e+04 1.5707963268e+00 1.9997836022e+00
1.9394751646e-04 2.8263622470e+04 1.5707963268e+00 2.0006851458e+00
1.9409264619e-04 2.8284770101e+04 1.5707963268e+00 2.0015853400e+00
1.9423772624e-04 2.8305929855e+04 1.5707963268e+00 2.0024841871e+00
1.9438275672e-04 2.8327101712e+04 1.5707963268e+00 2.0033816893e+00
1.9452773769e-04 2.8348285653e+04 1.5707963268e+00 2.0042778490e+00
1.9467266923e-04 2.8369481660e+04 1.5707963268e+00 2.0051726683e+00
1.9481755143e-04 2.8390689714e+04 1.5707963268e+00 2.0060661495e+00
1.9496238436e-04 2.8411909794e+04 1.5707963268e+00 2.0069582948e+00
1.9510716811e-04 2.8433141883e+04 1.5707963268e+00 2.0078491065e+00
1.9525190274e-04 2.8454385960e+04 1.5707963268e+00 2.0087385868e+00
1.9539658835e-04 2.8475642008e+04 1.5707963268e+00 2.0096267379e+00
1.9554122501e-04 2.8496910006e+04 1.5707963268e+00 2.0105135621e+00
1.9568581279e-04 2.8518189937e+04 1.5707963268e+00 2.0113990615e+00
1.9583035178e-04 2.8539481781e+04 1.5707963268e+00 2.0122832385e+00
1.9597484206e-04 2.8560785519e+04 1.5707963268e+00 2.0131660953e+00
1.9611928370e-04 2.8582101133e+04 1.5707963268e+00 2.0140476339e+00
1.9626367678e-04 2.8603428603e+04 1.5707963268e+00 2.0149278568e+00
1.9640802138e-04 2.8624767910e+04 1.5707963268e+00 2.0158067660e+00
1.9655231758e-04 2.8646119037e+04 1.5707963268e+00 2.0166843639e+00
1.9669656545e-04 2.8667481963e+04 1.5707963268e+00 2.0175606525e+00
1.9684076507e-04 2.8688856671e+04 1.5707963268e+00 2.0184356342e+00
1.9698491653e-04 2.8710243141e+04 1.5707963268e+00 2.0193093110e+00
1.9712901989e-04 2.8731641354e+04 1.5707963268e+00 2.0201816853e+00
1.9727307524e-04 2.8753051293e+04 1.5707963268e+00 2.0210527592e+00
1.9741708265e-04 2.8774472937e+04 1.5707963268e+00 2.0219225349e+00
1.9756104220e-04 2.8795906270e+04 1.5707963268e+00 2.0227910146e+00
1.9770495396e-04 2.8817351271e+04 1.5707963268e+00 2.0236582004e+00
1.9784881802e-04 2.8838807923e+04 1.5707963268e+00 2.0245240947e+00
1.9799263445e-04 2.8860276206e+04 1.5707963268e+00 2.0253886995e+00
1.9813640332e-04 2.8881756103e+04 1.5707963268e+00 2.0262520170e+00
1.9828012471e-04 2.8903247594e+04 1.5707963268e+00 2.0271140495e+00
1.9842379871e-04 2.8924750661e+04 1.5707963268e+00 2.0279747990e+00
1.9856742538e-04 2.8946265285e+04 1.5707963268e+00 2.0288342678e+00
1.9871100480e-04 2.8967791449e+04 1.5707963268e+00 2.0296924580e+00
1.9885453705e-04 2.8989329133e+04 1.5707963268e+00 2.0305493719e+00
1.9899802220e-04 2.9010878320e+04 1.5707963268e+00 2.0314050115e+00
1.9914146033e-04 2.9032438990e+04 1.5707963268e+00 2.0322593790e+00
1.9928485151e-04 2.9054011126e+04 1.5707963268e+00 2.0331124766e+00
1.9942819582e-04 2.9075594708e+04 1.5707963268e+00 2.0339643064e+00
1.9957149334e-04 2.9097189720e+04 1.5707963268e+00 2.0348148706e+00
1.9971474414e-04 2.9118796141e+04 1.5707963268e+00 2.0356641714e+00
1.9985794829e-04 2.9140413955e+04 1.5707963268e+00 2.0365122108e+00
2.0000110588e-04 2.9162043142e+04 1.5707963268e+00 2.0373589911e+00
2.0014421696e-04 2.9183683685e+04 1.5707963268e+00 2.0382045143e+00
2.0028728163e-04 2.9205335565e+04 1.5707963268e+00 2.0390487827e+00
2.0043029995e-04 2.9226998764e+04 1.5707963268e+00 2.0398917983e+00
2.0057327200e-04 2.9248673264e+04 1.5707963268e+00 2.0407335633e+00
2.0071619786e-04 2.9270359047e+04 1.5707963268e+00 2.0415740798e+00
2.0085907759e-04 2.9292056094e+04 1.5707963268e+00 2.0424133499e+00
2.0100191127e-04 2.9313764388e+04 1.5707963268e+00 2.0432513758e+00
2.0114469898e-04 2.9335483910e+04 1.5707963268e+00 2.0440881595e+00
2.0128744079e-04 2.9357214643e+04 1.5707963268e+00 2.0449237033e+00
2.0143013677e-04 2.9378956568e+04 1.5707963268e+00 2.0457580092e+00
2.0157278700e-04 2.9400709667e+04 1.5707963268e+00 2.0465910793e+00
2.0171539155e-04 2.9422473922e+04 1.5707963268e+00 2.0474229157e+00
2.0185795049e-04 2.9444249316e+04 1.5707963268e+00 2.0482535206e+00
2.0200046390e-04 2.9466035830e+04 1.5707963268e+00 2.0490828960e+00
2.0214293185e-04 2.9487833447e+04 1.5707963268e+00 2.0499110441e+00
2.0228535441e-04 2.9509642148e+04 1.5707963268e+00 2.0507379669e+00
2.0242773166e-04 2.9531461916e+04 1.5707963268e+00 2.0515636666e+00
2.0257006366e-04 2.9553292733e+04 1.5707963268e+00 2.0523881452e+00
2.0271235050e-04 2.9575134581e+04 1.5707963268e+00 2.0532114049e+00
2.0285459224e-04 2.9596987442e+04 1.5707963268e+00 2.0540334476e+00
2.0299678896e-04 2.9618851299e+04 1.5707963268e+00 2.0548542756e+00
2.0313894073e-04 2.9640726133e+04 1.5707963268e+00 2.0556738908e+00
2.0328104762e-04 2.9662611927e+04 1.5707963268e+00 2.0564922954e+00
2.0342310970e-04 2.9684508664e+04 1.5707963268e+00 2.0573094914e+00
2.0356512704e-04 2.9706416325e+04 1.5707963268e+00 2.0581254809e+00
2.0370709972e-04 2.9728334893e+04 1.5707963268e+00 2.0589402660e+00
2.0384902781e-04 2.9750264351e+04 1.5707963268e+00 2.0597538487e+00
2.0399091138e-04 2.9772204680e+04 1.5707963268e+00 2.0605662311e+00
2.0413275051e-04 2.9794155863e+04 1.5707963268e+00 2.0613774153e+00
2.0427454525e-04 2.9816117883e+04 1.5707963268e+00 2.0621874033e+00
2.0441629569e-04 2.9838090722e+04 1.5707963268e+00 2.0629961972e+00
2.0455800189e-04 2.9860074362e+04 1.5707963268e+00 2.0638037990e+00
2.0469966393e-04 2.9882068787e+04 1.5707963268e+00 2.0646102108e+00
2.0484128188e-04 2.9904073978e+04 1.5707963268e+00 2.0654154346e+00
2.0498285580e-04 2.9926089918e+04 1.5707963268e+00 2.0662194725e+00
2.0512438577e-04 2.9948116590e+04 1.5707963268e+00 2.0670223265e+00
2.0526587186e-04 2.9970153976e+04 1.5707963268e+00 2.0678239986e+00
2.0540731414e-04 2.9992202059e+04 1.5707963268e+00 2.0686244909e+00
2.0554871268e-04 3.0014260822e+04 1.5707963268e+00 2.0694238054e+00
2.0569006755e-04 3.0036330247e+04 1.5707963268e+00 2.0702219442e+00
2.0583137882e-04 3.0058410317e+04 1.5707963268e+00 2.0710189092e+00
2.0597264655e-04 3.0080501015e+04 1.5707963268e+00 2.0718147024e+00
2.0611387083e-04 3.0102602323e+04 1.5707963268e+00 2.0726093260e+00
2.0625505172e-04 3.0124714225e+04 1.5707963268e+00 2.0734027819e+00
2.0639618928e-04 3.0146836702e+04 1.5707963268e+00 2.0741950722e+00
2.0653728359e-04 3.0168969739e+04 1.5707963268e+00 2.0749861987e+00
2.0667833472e-04 3.0191113317e+04 1.5707963268e+00 2.0757761637e+00
2.0681934273e-04 3.0213267420e+04 1.5707963268e+00 2.0765649690e+00
2.0696030770e-04 3.0235432031e+04 1.5707963268e+00 2.0773526166e+00
2.0710122970e-04 3.0257607132e+04 1.5707963268e+00 2.0781391086e+00
2.0724210878e-04 3.0279792706e+04 1.5707963268e+00 2.0789244469e+00
2.0738294503e-04 3.0301988737e+04 1.5707963268e+00 2.0797086336e+00
2.0752373851e-04 3.0324195207e+04 1.5707963268e+00 2.0804916706e+00
2.0766448929e-04 3.0346412100e+04 1.5707963268e+00 2.0812735600e+00
2.0780519744e-04 3.0368639398e+04 1.5707963268e+00 2.0820543036e+00
2.0794586302e-04 3.0390877084e+04 1.5707963268e+00 2.0828339036e+00
2.0808648610e-04 3.0413125142e+04 1.5707963268e+00 2.0836123618e+00
2.0822706676e-04 3.0435383555e+04 1.5707963268e+00 2.0843896802e+00
2.0836760506e-04 3.0457652306e+04 1.5707963268e+00 2.0851658608e+00
2.0850810106e-04 3.0479931378e+04 1.5707963268e+00 2.0859409057e+00
2.0864855484e-04 3.0502220754e+04 1.5707963268e+00 2.0867148166e+00
2.0878896646e-04 3.0524520417e+04 1.5707963268e+00 2.0874875957e+00
2.0892933599e-04 3.0546830351e+04 1.5707963268e+00 2.0882592448e+00
2.0906966350e-04 3.0569150539e+04 1.5707963268e+00 2.0890297660e+00
2.0920994906e-04 3.0591480965e+04 1.5707963268e+00 2.0897991612e+00
2.0935019272e-04 3.0613821611e+04 1.5707963268e+00 2.0905674322e+00
2.0949039456e-04 3.0636172460e+04 1.5707963268e+00 2.0913345812e+00
2.0963055465e-04 3.0658533497e+04 1.5707963268e+00 2.0921006100e+00
2.0977067305e-04 3.0680904705e+04 1.5707963268e+00 2.0928655205e+00
2.0991074983e-04 3.0703286067e+04 1.5707963268e+00 2.0936293148e+00
2.1005078506e-04 3.0725677566e+04 1.5707963268e+00 2.0943919947e+00
2.1019077879e-04 3.0748079186e+04 1.5707963268e+00 2.0951535622e+00
2.1033073111e-04 3.0770490910e+04 1.5707963268e+00 2.0959140191e+00
2.1047064207e-04 3.0792912723e+04 1.5707963268e+00 2.0966733675e+00
2.1061051173e-04 3.0815344607e+04 1.5707963268e+00 2.0974316093e+00
2.1075034018e-04 3.0837786546e+04 1.5707963268e+00 2.0981887464e+00
2.1089012747e-04 3.0860238523e+04 1.5707963268e+00 2.0989447806e+00
2.1102987366e-04 3.0882700523e+04 1.5707963268e+00 2.0996997140e+00
2.1116957883e-04 3.0905172529e+04 1.5707963268e+00 2.1004535483e+00
2.1130924303e-04 3.0927654524e+04 1.5707963268e+00 2.1012062857e+00
2.1144886634e-04 3.0950146492e+04 1.5707963268e+00 2.1019579278e+00
2.1158844882e-04 3.0972648417e+04 1.5707963268e+00 2.1027084767e+00
2.1172799053e-04 3.0995160283e+04 1.5707963268e+00 2.1034579343e+00
2.1186749154e-04 3.1017682073e+04 1.5707963268e+00 2.1042063024e+00
2.1200695192e-04 3.1040213771e+04 1.5707963268e+00 2.1049535829e+00
2.1214637172e-04 3.1062755361e+04 1.5707963268e+00 2.1056997777e+00
2.1228575102e-04 3.1085306827e+04 1.5707963268e+00 2.1064448888e+00
2.1242508987e-04 3.1107868152e+04 1.5707963268e+00 2.1071889180e+00
2.1256438835e-04 3.1130439321e+04 1.5707963268e+00 2.1079318672e+00
2.1270364652e-04 3.1153020318e+04 1.5707963268e+00 2.1086737382e+00
2.1284286443e-04 3.1175611125e+04 1.5707963268e+00 2.1094145330e+00
2.1298204216e-04 3.1198211728e+04 1.5707963268e+00 2.1101542534e+00
2.1312117977e-04 3.1220822110e+04 1.5707963268e+00 2.1108929012e+00
2.1326027733e-04 3.1243442255e+04 1.5707963268e+00 2.1116304785e+00
2.1339933489e-04 3.1266072147e+04 1.5707963268e+00 2.1123669869e+00
2.1353835252e-04 3.1288711771e+04 1.5707963268e+00 2.1131024284e+00
2.1367733028e-04 3.1311361110e+04 1.5707963268e+00 2.1138368049e+00
2.1381626824e-04 3.1334020148e+04 1.5707963268e+00 2.1145701182e+00
2.1395516646e-04 3.1356688870e+04 1.5707963268e+00 2.1153023701e+00
2.1409402501e-04 3.1379367259e+04 1.5707963268e+00 2.1160335625e+00
2.1423284394e-04 3.1402055300e+04 1.5707963268e+00 2.1167636973e+00
2.1437162332e-04 3.1424752978e+04 1.5707963268e+00 2.1174927762e+00
2.1451036322e-04 3.1447460275e+04 1.5707963268e+00 2.1182208012e+00
2.1464906369e-04 3.1470177177e+04 1.5707963268e+00 2.1189477740e+00
2.1478772480e-04 3.1492903668e+04 1.5707963268e+00 2.1196736966e+00
2.1492634660e-04 3.1515639731e+04 1.5707963268e+00 2.1203985707e+00
2.1506492918e-04 3.1538385352e+04 1.5707963268e+00 2.1211223981e+00
2.1520347257e-04 3.1561140515e+04 1.5707963268e+00 2.1218451808e+00
2.1534197686e-04 3.1583905203e+04 1.5707963268e+00 2.1225669204e+00
2.1548044209e-04 3.1606679402e+04 1.5707963268e+00 2.1232876189e+00
2.1561886834e-04 3.1629463096e+04 1.5707963268e+00 2.1240072781e+00
2.1575725566e-04 3.1652256269e+04 1.5707963268e+00 2.1247258997e+00
2.1589560411e-04 3.1675058905e+04 1.5707963268e+00 2.1254434856e+00
2.1603391376e-04 3.1697870990e+04 1.5707963268e+00 2.1261600376e+00
2.1617218467e-04 3.1720692507e+04 1.5707963268e+00 2.1268755574e+00
2.1631041690e-04 3.1743523442e+04 1.5707963268e+00 2.1275900470e+00
2.1644861051e-04 3.1766363778e+04 1.5707963268e+00 2.1283035081e+00
2.1658676556e-04 3.1789213500e+04 1.5707963268e+00 2.1290159424e+00
2.1672488211e-04 3.1812072594e+04 1.5707963268e+00 2.1297273518e+00
2.1686296023e-04 3.1834941042e+04 1.5707963268e+00 2.1304377382e+00
2.1700099998e-04 3.1857818831e+04 1.5707963268e+00 2.1311471031e+00
2.1713900141e-04 3.1880705945e+04 1.5707963268e+00 2.1318554485e+00
2.1727696458e-04 3.1903602368e+04 1.5707963268e+00 2.1325627762e+00
2.1741488957e-04 3.1926508086e+04 1.5707963268e+00 2.1332690878e+00
2.1755277642e-04 3.1949423082e+04 1.5707963268e+00 2.1339743853e+00
2.1769062520e-04 3.1972347343e+04 1.5707963268e+00 2.1346786703e+00
2.1782843596e-04 3.1995280851e+04 1.5707963268e+00 2.1353819446e+00
2.1796620878e-04 3.2018223593e+04 1.5707963268e+00 2.1360842100e+00
2.1810394370e-04 3.2041175553e+04 1.5707963268e+00 2.1367854683e+00
2.1824164079e-04 3.2064136717e+04 1.5707963268e+00 2.1374857212e+00
2.1837930011e-04 3.2087107068e+04 1.5707963268e+00 2.1381849705e+00
2.1851692172e-04 3.2110086592e+04 1.5707963268e+00 2.1388832179e+00
2.1865450567e-04 3.2133075273e+04 1.5707963268e+00 2.1395804651e+00
2.1879205203e-04 3.2156073098e+04 1.5707963268e+00 2.1402767141e+00
2.1892956086e-04 3.2179080050e+04 1.5707963268e+00 2.1409719664e+00
2.1906703221e-04 3.2202096115e+04 1.5707963268e+00 2.1416662238e+00
2.1920446614e-04 3.2225121277e+04 1.5707963268e+00 2.1423594881e+00
2.1934186272e-04 3.2248155522e+04 1.5707963268e+00 2.1430517610e+00
2.1947922200e-04 3.2271198835e+04 1.5707963268e+00 2.1437430442e+00
2.1961654404e-04 3.2294251201e+04 1.5707963268e+00 2.1444333395e+00
2.1975382890e-04 3.2317312605e+04 1.5707963268e+00 2.1451226486e+00
2.1989107664e-04 3.2340383033e+04 1.5707963268e+00 2.1458109733e+00
2.2002828732e-04 3.2363462468e+04 1.5707963268e+00 2.1464983152e+00
2.2016546099e-04 3.2386550898e+04 1.5707963268e+00 2.1471846760e+00
2.2030259771e-04 3.2409648306e+04 1.5707963268e+00 2.1478700575e+00
2.2043969755e-04 3.2432754678e+04 1.5707963268e+00 2.1485544615e+00
2.2057676056e-04 3.2455869999e+04 1.5707963268e+00 2.1492378895e+00
2.2071378679e-04 3.2478994255e+04 1.5707963268e+00 2.1499203434e+00
2.2085077631e-04 3.2502127431e+04 1.5707963268e+00 2.1506018248e+00
2.2098772917e-04 3.2525269512e+04 1.5707963268e+00 2.1512823354e+00
2.2112464544e-04 3.2548420484e+04 1.5707963268e+00 2.1519618770e+00
2.2126152516e-04 3.2571580331e+04 1.5707963268e+00 2.1526404512e+00
2.2139836840e-04 3.2594749040e+04 1.5707963268e+00 2.1533180597e+00
2.2153517521e-04 3.2617926596e+04 1.5707963268e+00 2.1539947042e+00
2.2167194565e-04 3.2641112984e+04 1.5707963268e+00 2.1546703864e+00
2.2180867978e-04 3.2664308190e+04 1.5707963268e+00 2.1553451080e+00
2.2194537765e-04 3.2687512199e+04 1.5707963268e+00 2.1560188706e+00
2.2208203933e-04 3.2710724997e+04 1.5707963268e+00 2.1566916761e+00
2.2221866486e-04 3.2733946570e+04 1.5707963268e+00 2.1573635259e+00
2.2235525431e-04 3.2757176902e+04 1.5707963268e+00 2.1580344218e+00
2.2249180773e-04 3.2780415979e+04 1.5707963268e+00 2.1587043655e+00
2.2262832518e-04 3.2803663788e+04 1.5707963268e+00 2.1593733587e+00
2.2276480672e-04 3.2826920313e+04 1.5707963268e+00 2.1600414029e+00
2.2290125239e-04 3.2850185541e+04 1.5707963268e+00 2.1607084999e+00
2.2303766227e-04 3.2873459457e+04 1.5707963268e+00 2.1613746514e+00
2.2317403639e-04 3.2896742047e+04 1.5707963268e+00 2.1620398589e+00
2.2331037483e-04 3.2920033296e+04 1.5707963268e+00 2.1627041241e+00
2.2344667763e-04 3.2943333190e+04 1.5707963268e+00 2.1633674488e+00
2.2358294485e-04 3.2966641716e+04 1.5707963268e+00 2.1640298344e+00
2.2371917655e-04 3.2989958858e+04 1.5707963268e+00 2.1646912828e+00
2.2385537278e-04 3.3013284604e+04 1.5707963268e+00 2.1653517955e+00
2.2399153360e-04 3.3036618937e+04 1.5707963268e+00 2.1660113741e+00
2.2412765906e-04 3.3059961846e+04 1.5707963268e+00 2.1666700203e+00
2.2426374922e-04 3.3083313314e+04 1.5707963268e+00 2.1673277358e+00
2.2439980413e-04 3.3106673329e+04 1.5707963268e+00 2.1679845221e+00
2.2453582386e-04 3.3130041876e+04 1.5707963268e+00 2.1686403809e+00
2.2467180844e-04 3.3153418941e+04 1.5707963268e+00 2.1692953138e+00
2.2480775795e-04 3.3176804510e+04 1.5707963268e+00 2.1699493225e+00
2.2494367243e-04 3.3200198569e+04 1.5707963268e+00 2.1706024085e+00
2.2507955193e-04 3.3223601105e+04 1.5707963268e+00 2.1712545736e+00
2.2521539652e-04 3.3247012103e+04 1.5707963268e+00 2.1719058191e+00
2.2535120625e-04 3.3270431549e+04 1.5707963268e+00 2.1725561469e+00
2.2548698117e-04 3.3293859430e+04 1.5707963268e+00 2.1732055585e+00
2.2562272133e-04 3.3317295731e+04 1.5707963268e+00 2.1738540556e+00
2.2575842679e-04 3.3340740439e+04 1.5707963268e+00 2.1745016396e+00
2.2589409761e-04 3.3364193540e+04 1.5707963268e+00 2.1751483122e+00
2.2602973384e-04 3.3387655020e+04 1.5707963268e+00 2.1757940751e+00
2.2616533552e-04 3.3411124865e+04 1.5707963268e+00 2.1764389298e+00
2.2630090273e-04 3.3434603062e+04 1.5707963268e+00 2.1770828778e+00
2.2643643550e-04 3.3458089596e+04 1.5707963268e+00 2.1777259209e+00
2.2657193390e-04 3.3481584455e+04 1.5707963268e+00 2.1783680605e+00
2.2670739797e-04 3.3505087624e+04 1.5707963268e+00 2.1790092983e+00
2.2684282777e-04 3.3528599090e+04 1.5707963268e+00 2.1796496358e+00
2.2697822336e-04 3.3552118839e+04 1.5707963268e+00 2.1802890747e+00
2.2711358478e-04 3.3575646858e+04 1.5707963268e+00 2.1809276164e+00
2.2724891209e-04 3.3599183132e+04 1.5707963268e+00 2.1815652626e+00
2.2738420534e-04 3.3622727649e+04 1.5707963268e+00 2.1822020148e+00
2.2751946459e-04 3.3646280394e+04 1.5707963268e+00 2.1828378746e+00
2.2765468989e-04 3.3669841355e+04 1.5707963268e+00 2.1834728436e+00
2.2778988129e-04 3.3693410517e+04 1.5707963268e+00 2.1841069233e+00
2.2792503884e-04 3.3716987868e+04 1.5707963268e+00 2.1847401152e+00
2.2806016259e-04 3.3740573394e+04 1.5707963268e+00 2.1853724210e+00
2.2819525261e-04 3.3764167080e+04 1.5707963268e+00 2.1860038422e+00
2.2833030894e-04 3.3787768915e+04 1.5707963268e+00 2.1866343804e+00
2.2846533163e-04 3.3811378884e+04 1.5707963268e+00 2.1872640370e+00
2.2860032073e-04 3.3834996975e+04 1.5707963268e+00 2.1878928136e+00
2.2873527630e-04 3.3858623173e+04 1.5707963268e+00 2.1885207118e+00
2.2887019839e-04 3.3882257465e+04 1.5707963268e+00 2.1891477331e+00
2.2900508706e-04 3.3905899839e+04 1.5707963268e+00 2.1897738790e+00
2.2913994234e-04 3.3929550281e+04 1.5707963268e+00 2.1903991512e+00
2.2927476430e-04 3.3953208777e+04 1.5707963268e+00 2.1910235510e+00
2.2940955298e-04 3.3976875315e+04 1.5707963268e+00 2.1916470801e+00
2.2954430844e-04 3.4000549881e+04 1.5707963268e+00 2.1922697399e+00
2.2967903074e-04 3.4024232462e+04 1.5707963268e+00 2.1928915320e+00
2.2981371991e-04 3.4047923045e+04 1.5707963268e+00 2.1935124579e+00
2.2994837601e-04 3.4071621616e+04 1.5707963268e+00 2.1941325191e+00
2.3008299909e-04 3.4095328163e+04 1.5707963268e+00 2.1947517172e+00
2.3021758921e-04 3.4119042672e+04 1.5707963268e+00 2.1953700535e+00
2.3035214641e-04 3.4142765131e+04 1.5707963268e+00 2.1959875298e+00
2.3048667074e-04 3.4166495526e+04 1.5707963268e+00 2.1966041474e+00
2.3062116227e-04 3.4190233844e+04 1.5707963268e+00 2.1972199078e+00
2.3075562102e-04 3.4213980073e+04 1.5707963268e+00 2.1978348127e+00
2.3089004707e-04 3.4237734199e+04 1.5707963268e+00 2.1984488633e+00
2.3102444045e-04 3.4261496209e+04 1.5707963268e+00 2.1990620614e+00
2.3115880122e-04 3.4285266090e+04 1.5707963268e+00 2.1996744082e+00
2.3129312942e-04 3.4309043830e+04 1.5707963268e+00 2.2002859054e+00
2.3142742512e-04 3.4332829415e+04 1.5707963268e+00 2.2008965544e+00
2.3156168835e-04 3.4356622833e+04 1.5707963268e+00 2.2015063568e+00
2.3169591917e-04 3.4380424071e+04 1.5707963268e+00 2.2021153139e+00
2.3183011763e-04 3.4404233115e+04 1.5707963268e+00 2.2027234273e+00
2.3196428377e-04 3.4428049954e+04 1.5707963268e+00 2.2033306984e+00
2.3209841765e-04 3.4451874574e+04 1.5707963268e+00 2.2039371287e+00
2.3223251932e-04 3.4475706962e+04 1.5707963268e+00 2.2045427198e+00
2.3236658883e-04 3.4499547106e+04 1.5707963268e+00 2.2051474729e+00
2.3250062622e-04 3.4523394994e+04 1.5707963268e+00 2.2057513897e+00
2.3263463154e-04 3.4547250611e+04 1.5707963268e+00 2.2063544716e+00
2.3276860485e-04 3.4571113947e+04 1.5707963268e+00 2.2069567200e+00
2.3290254619e-04 3.4594984987e+04 1.5707963268e+00 2.2075581365e+00
2.3303645562e-04 3.4618863719e+04 1.5707963268e+00 2.2081587223e+00
2.3317033317e-04 3.4642750132e+04 1.5707963268e+00 2.2087584791e+00
2.3330417891e-04 3.4666644211e+04 1.5707963268e+00 2.2093574083e+00
2.3343799288e-04 3.4690545945e+04 1.5707963268e+00 2.2099555112e+00
2.3357177512e-04 3.4714455321e+04 1.5707963268e+00 2.2105527894e+00
2.3370552569e-04 3.4738372326e+04 1.5707963268e+00 2.2111492443e+00
2.3383924463e-04 3.4762296949e+04 1.5707963268e+00 2.2117448773e+00
2.3397293200e-04 3.4786229176e+04 1.5707963268e+00 2.2123396899e+00
2.3410658784e-04 3.4810168994e+04 1.5707963268e+00 2.2129336835e+00
2.3424021219e-04 3.4834116393e+04 1.5707963268e+00 2.2135268595e+00
2.3437380512e-04 3.4858071358e+04 1.5707963268e+00 2.2141192193e+00
2.3450736666e-04 3.4882033878e+04 1.5707963268e+00 2.2147107645e+00
2.3464089686e-04 3.4906003941e+04 1.5707963268e+00 2.2153014963e+00
2.3477439578e-04 3.4929981533e+04 1.5707963268e+00 2.2158914163e+00
2.3490786346e-04 3.4953966643e+04 1.5707963268e+00 2.2164805258e+00
2.3504129994e-04 3.4977959258e+04 1.5707963268e+00 2.2170688263e+00
2.3517470528e-04 3.5001959366e+04 1.5707963268e+00 2.2176563192e+00
2.3530807952e-04 3.5025966955e+04 1.5707963268e+00 2.2182430058e+00
2.3544142271e-04 3.5049982013e+04 1.5707963268e+00 2.2188288876e+00
2.3557473489e-04 3.5074004526e+04 1.5707963268e+00 2.2194139661e+00
2.3570801612e-04 3.5098034484e+04 1.5707963268e+00 2.2199982425e+00
2.3584126644e-04 3.5122071873e+04 1.5707963268e+00 2.2205817183e+00
2.3597448590e-04 3.5146116682e+04 1.5707963268e+00 2.2211643950e+00
2.3610767455e-04 3.5170168899e+04 1.5707963268e+00 2.2217462738e+00
2.3624083243e-04 3.5194228510e+04 1.5707963268e+00 2.2223273562e+00
2.3637395959e-04 3.5218295505e+04 1.5707963268e+00 2.2229076436e+00
2.3650705607e-04 3.5242369872e+04 1.5707963268e+00 2.2234871373e+00
2.3664012192e-04 3.5266451597e+04 1.5707963268e+00 2.2240658388e+00
2.3677315720e-04 3.5290540669e+04 1.5707963268e+00 2.2246437494e+00
2.3690616194e-04 3.5314637077e+04 1.5707963268e+00 2.2252208705e+00
2.3703913619e-04 3.5338740807e+04 1.5707963268e+00 2.2257972035e+00
2.3717208000e-04 3.5362851848e+04 1.5707963268e+00 2.2263727497e+00
2.3730499341e-04 3.5386970189e+04 1.5707963268e+00 2.2269475106e+00
2.3743787648e-04 3.5411095816e+04 1.5707963268e+00 2.2275214875e+00
2.3757072924e-04 3.5435228719e+04 1.5707963268e+00 2.2280946817e+00
2.3770355175e-04 3.5459368885e+04 1.5707963268e+00 2.2286670947e+00
