0.0000000000e+00 9.0472019419e+03 1.5707963268e+00 0.0000000000e+00
1.0564489164e-06 9.0472019419e+03 1.5707963268e+00 -4.9019607843e-03
2.1128978327e-06 9.0470996374e+03 1.5707963268e+00 -9.8039215686e-03
3.1699440583e-06 9.0468950572e+03 1.5707963268e+00 -1.4705993214e-02
4.2281861120e-06 9.0465882232e+03 1.5707963268e+00 -1.9608286559e-02
5.2882258393e-06 9.0461791506e+03 1.5707963268e+00 -2.4510912436e-02
6.3506705543e-06 9.0456678476e+03 1.5707963268e+00 -2.9413981691e-02
7.4161352258e-06 9.0450543160e+03 1.5707963268e+00 -3.4317605203e-02
8.4852447280e-06 9.0443385514e+03 1.5707963268e+00 -3.9221893901e-02
9.5586361753e-06 9.0435205428e+03 1.5707963268e+00 -4.4126958784e-02
1.0636961364e-05 9.0426002736e+03 1.5707963268e+00 -4.9032910937e-02
1.1720889347e-05 9.0415777210e+03 1.5707963268e+00 -5.3939861550e-02
1.2811109160e-05 9.0404528567e+03 1.5707963268e+00 -5.8847921935e-02
1.3908332746e-05 9.0392256471e+03 1.5707963268e+00 -6.3757203546e-02
1.5013298081e-05 9.0378960530e+03 1.5707963268e+00 -6.8667817992e-02
1.6126772569e-05 9.0364640307e+03 1.5707963268e+00 -7.3579877059e-02
1.7249556729e-05 9.0349295314e+03 1.5707963268e+00 -7.8493492722e-02
1.8382488221e-05 9.0332925022e+03 1.5707963268e+00 -8.3408777166e-02
1.9526446271e-05 9.0315528860e+03 1.5707963268e+00 -8.8325842800e-02
2.0682356559e-05 9.0297106220e+03 1.5707963268e+00 -9.3244802274e-02
2.1851196632e-05 9.0277656460e+03 1.5707963268e+00 -9.8165768496e-02
2.3034001936e-05 9.0257178912e+03 1.5707963268e+00 -1.0308885464e-01
2.4231872561e-05 9.0235672883e+03 1.5707963268e+00 -1.0801417418e-01
2.5445980822e-05 9.0213137665e+03 1.5707963268e+00 -1.1294184089e-01
2.6677579796e-05 9.0189572537e+03 1.5707963268e+00 -1.1787196883e-01
2.7928013008e-05 9.0164976777e+03 1.5707963268e+00 -1.2280467244e-01
2.9198725434e-05 9.0139349669e+03 1.5707963268e+00 -1.2774006646e-01
3.0491276074e-05 9.0112690514e+03 1.5707963268e+00 -1.3267826600e-01
3.1807352376e-05 9.0084998641e+03 1.5707963268e+00 -1.3761938653e-01
3.3148786852e-05 9.0056273421e+03 1.5707963268e+00 -1.4256354390e-01
3.4517576326e-05 9.0026514283e+03 1.5707963268e+00 -1.4751085434e-01
3.5915904308e-05 8.9995720737e+03 1.5707963268e+00 -1.5246143446e-01
3.7346167167e-05 8.9963892388e+03 1.5707963268e+00 -1.5741540127e-01
3.8811004890e-05 8.9931028970e+03 1.5707963268e+00 -1.6237287217e-01
4.0313337436e-05 8.9897130375e+03 1.5707963268e+00 -1.6733396496e-01
4.1856407970e-05 8.9862196690e+03 1.5707963268e+00 -1.7229879781e-01
4.3443834584e-05 8.9826228243e+03 1.5707963268e+00 -1.7726748929e-01
4.5079672614e-05 8.9789225661e+03 1.5707963268e+00 -1.8224015834e-01
4.6768490252e-05 8.9751189933e+03 1.5707963268e+00 -1.8721692421e-01
4.8515461005e-05 8.9712122495e+03 1.5707963268e+00 -1.9219790652e-01
5.0326477726e-05 8.9672025334e+03 1.5707963268e+00 -1.9718322513e-01
5.2208294501e-05 8.9630901116e+03 1.5707963268e+00 -2.0217300015e-01
5.4168704997e-05 8.9588753346e+03 1.5707963268e+00 -2.0716735187e-01
5.6216769036e-05 8.9545586581e+03 1.5707963268e+00 -2.1216640064e-01
5.8363103899e-05 8.9501406689e+03 1.5707963268e+00 -2.1717026682e-01
6.0620263787e-05 8.9456221207e+03 1.5707963268e+00 -2.2217907060e-01
6.3003241315e-05 8.9410039799e+03 1.5707963268e+00 -2.2719293185e-01
6.5530141154e-05 8.9362874881e+03 1.5707963268e+00 -2.3221196988e-01
6.8223101440e-05 8.9314742472e+03 1.5707963268e+00 -2.3723630311e-01
7.1109580299e-05 8.9265663392e+03 1.5707963268e+00 -2.4226604873e-01
7.4224194685e-05 8.9215664962e+03 1.5707963268e+00 -2.4730132211e-01
7.7611420468e-05 8.9164783507e+03 1.5707963268e+00 -2.5234223608e-01
8.1329683425e-05 8.9113068132e+03 1.5707963268e+00 -2.5738889993e-01
8.5457790999e-05 8.9060586637e+03 1.5707963268e+00 -2.6244141788e-01
9.0105501382e-05 8.9007435173e+03 1.5707963268e+00 -2.6749988700e-01
9.5431853920e-05 8.8953754836e+03 1.5707963268e+00 -2.7256439392e-01
1.0167917556e-04 8.8899762027e+03 1.5707963268e+00 -2.7763500965e-01
1.0924188766e-04 8.8845808698e+03 1.5707963268e+00 -2.8271178087e-01
1.1882294432e-04 8.8792515381e+03 1.5707963268e+00 -2.8779471427e-01
1.3185412362e-04 8.8741112792e+03 1.5707963268e+00 -2.9288374558e-01
