0.0000000000e+00 1.2861218447e+04 1.5707963268e+00 0.0000000000e+00
2.6554685251e-07 1.2861218447e+04 1.5707963268e+00 -3.4482758621e-03
5.3109370502e-07 1.2861213174e+04 1.5707963268e+00 -6.8965517241e-03
7.9664079949e-07 1.2861202627e+04 1.5707963268e+00 -1.0344830414e-02
1.0621883779e-06 1.2861186807e+04 1.5707963268e+00 -1.3793114759e-02
1.3277366821e-06 1.2861165713e+04 1.5707963268e+00 -1.7241407588e-02
1.5932859542e-06 1.2861139345e+04 1.5707963268e+00 -2.0689711727e-02
1.8588364362e-06 1.2861107704e+04 1.5707963268e+00 -2.4138030006e-02
2.1243883700e-06 1.2861070788e+04 1.5707963268e+00 -2.7586365253e-02
2.3899419976e-06 1.2861028597e+04 1.5707963268e+00 -3.1034720295e-02
2.6554975613e-06 1.2860981131e+04 1.5707963268e+00 -3.4483097962e-02
2.9210553030e-06 1.2860928388e+04 1.5707963268e+00 -3.7931501083e-02
3.1866154649e-06 1.2860870370e+04 1.5707963268e+00 -4.1379932487e-02
3.4521782893e-06 1.2860807074e+04 1.5707963268e+00 -4.4828395005e-02
3.7177440184e-06 1.2860738500e+04 1.5707963268e+00 -4.8276891466e-02
3.9833128944e-06 1.2860664647e+04 1.5707963268e+00 -5.1725424702e-02
4.2488851598e-06 1.2860585514e+04 1.5707963268e+00 -5.5173997545e-02
4.5144610570e-06 1.2860501101e+04 1.5707963268e+00 -5.8622612827e-02
4.7800408286e-06 1.2860411405e+04 1.5707963268e+00 -6.2071273380e-02
5.0456247171e-06 1.2860316427e+04 1.5707963268e+00 -6.5519982038e-02
5.3112129652e-06 1.2860216164e+04 1.5707963268e+00 -6.8968741637e-02
5.5768058156e-06 1.2860110616e+04 1.5707963268e+00 -7.2417555010e-02
5.8424035113e-06 1.2859999780e+04 1.5707963268e+00 -7.5866424995e-02
6.1080062953e-06 1.2859883657e+04 1.5707963268e+00 -7.9315354427e-02
6.3736144105e-06 1.2859762244e+04 1.5707963268e+00 -8.2764346147e-02
6.6392281001e-06 1.2859635539e+04 1.5707963268e+00 -8.6213402992e-02
6.9048476076e-06 1.2859503541e+04 1.5707963268e+00 -8.9662527802e-02
7.1704731762e-06 1.2859366249e+04 1.5707963268e+00 -9.3111723420e-02
7.4361050496e-06 1.2859223660e+04 1.5707963268e+00 -9.6560992687e-02
7.7017434713e-06 1.2859075773e+04 1.5707963268e+00 -1.0001033845e-01
7.9673886853e-06 1.2858922585e+04 1.5707963268e+00 -1.0345976355e-01
8.2330409354e-06 1.2858764095e+04 1.5707963268e+00 -1.0690927083e-01
8.4987004659e-06 1.2858600301e+04 1.5707963268e+00 -1.1035886315e-01
8.7643675208e-06 1.2858431200e+04 1.5707963268e+00 -1.1380854334e-01
9.0300423447e-06 1.2858256790e+04 1.5707963268e+00 -1.1725831427e-01
9.2957251822e-06 1.2858077070e+04 1.5707963268e+00 -1.2070817879e-01
9.5614162779e-06 1.2857892035e+04 1.5707963268e+00 -1.2415813974e-01
9.8271158768e-06 1.2857701686e+04 1.5707963268e+00 -1.2760819998e-01
1.0092824224e-05 1.2857506017e+04 1.5707963268e+00 -1.3105836238e-01
1.0358541565e-05 1.2857305028e+04 1.5707963268e+00 -1.3450862978e-01
1.0624268145e-05 1.2857098716e+04 1.5707963268e+00 -1.3795900506e-01
1.0890004209e-05 1.2856887077e+04 1.5707963268e+00 -1.4140949106e-01
1.1155750004e-05 1.2856670109e+04 1.5707963268e+00 -1.4486009066e-01
1.1421505776e-05 1.2856447809e+04 1.5707963268e+00 -1.4831080673e-01
1.1687271771e-05 1.2856220174e+04 1.5707963268e+00 -1.5176164212e-01
1.1953048235e-05 1.2855987201e+04 1.5707963268e+00 -1.5521259971e-01
1.2218835415e-05 1.2855748887e+04 1.5707963268e+00 -1.5866368238e-01
1.2484633559e-05 1.2855505229e+04 1.5707963268e+00 -1.6211489299e-01
1.2750442913e-05 1.2855256224e+04 1.5707963268e+00 -1.6556623443e-01
1.3016263724e-05 1.2855001868e+04 1.5707963268e+00 -1.6901770956e-01
1.3282096241e-05 1.2854742158e+04 1.5707963268e+00 -1.7246932129e-01
1.3547940712e-05 1.2854477090e+04 1.5707963268e+00 -1.7592107247e-01
1.3813797383e-05 1.2854206662e+04 1.5707963268e+00 -1.7937296601e-01
1.4079666505e-05 1.2853930869e+04 1.5707963268e+00 -1.8282500479e-01
1.4345548326e-05 1.2853649707e+04 1.5707963268e+00 -1.8627719170e-01
1.4611443094e-05 1.2853363173e+04 1.5707963268e+00 -1.8972952963e-01
1.4877351059e-05 1.2853071264e+04 1.5707963268e+00 -1.9318202148e-01
1.5143272470e-05 1.2852773975e+04 1.5707963268e+00 -1.9663467015e-01
1.5409207578e-05 1.2852471302e+04 1.5707963268e+00 -2.0008747853e-01
1.5675156631e-05 1.2852163241e+04 1.5707963268e+00 -2.0354044954e-01
1.5941119882e-05 1.2851849788e+04 1.5707963268e+00 -2.0699358608e-01
1.6207097580e-05 1.2851530939e+04 1.5707963268e+00 -2.1044689106e-01
1.6473089977e-05 1.2851206690e+04 1.5707963268e+00 -2.1390036738e-01
1.6739097323e-05 1.2850877037e+04 1.5707963268e+00 -2.1735401797e-01
1.7005119871e-05 1.2850541974e+04 1.5707963268e+00 -2.2080784574e-01
1.7271157872e-05 1.2850201497e+04 1.5707963268e+00 -2.2426185362e-01
1.7537211579e-05 1.2849855603e+04 1.5707963268e+00 -2.2771604453e-01
1.7803281245e-05 1.2849504286e+04 1.5707963268e+00 -2.3117042139e-01
1.8069367122e-05 1.2849147541e+04 1.5707963268e+00 -2.3462498714e-01
1.8335469463e-05 1.2848785364e+04 1.5707963268e+00 -2.3807974471e-01
1.8601588524e-05 1.2848417750e+04 1.5707963268e+00 -2.4153469703e-01
1.8867724557e-05 1.2848044694e+04 1.5707963268e+00 -2.4498984706e-01
1.9133877817e-05 1.2847666190e+04 1.5707963268e+00 -2.4844519772e-01
1.9400048559e-05 1.2847282235e+04 1.5707963268e+00 -2.5190075198e-01
1.9666237037e-05 1.2846892822e+04 1.5707963268e+00 -2.5535651277e-01
1.9932443509e-05 1.2846497947e+04 1.5707963268e+00 -2.5881248306e-01
2.0198668229e-05 1.2846097604e+04 1.5707963268e+00 -2.6226866580e-01
2.0464911454e-05 1.2845691788e+04 1.5707963268e+00 -2.6572506396e-01
2.0731173441e-05 1.2845280493e+04 1.5707963268e+00 -2.6918168050e-01
2.0997454447e-05 1.2844863714e+04 1.5707963268e+00 -2.7263851838e-01
2.1263754729e-05 1.2844441445e+04 1.5707963268e+00 -2.7609558059e-01
2.1530074546e-05 1.2844013680e+04 1.5707963268e+00 -2.7955287009e-01
2.1796414155e-05 1.2843580415e+04 1.5707963268e+00 -2.8301038988e-01
2.2062773816e-05 1.2843141642e+04 1.5707963268e+00 -2.8646814292e-01
2.2329153789e-05 1.2842697356e+04 1.5707963268e+00 -2.8992613223e-01
2.2595554332e-05 1.2842247550e+04 1.5707963268e+00 -2.9338436077e-01
2.2861975706e-05 1.2841792220e+04 1.5707963268e+00 -2.9684283157e-01
2.3128418172e-05 1.2841331359e+04 1.5707963268e+00 -3.0030154760e-01
2.3394881991e-05 1.2840864960e+04 1.5707963268e+00 -3.0376051189e-01
2.3661367424e-05 1.2840393017e+04 1.5707963268e+00 -3.0721972743e-01
2.3927874734e-05 1.2839915524e+04 1.5707963268e+00 -3.1067919726e-01
2.4194404182e-05 1.2839432474e+04 1.5707963268e+00 -3.1413892437e-01
2.4460956033e-05 1.2838943861e+04 1.5707963268e+00 -3.1759891180e-01
2.4727530549e-05 1.2838449678e+04 1.5707963268e+00 -3.2105916258e-01
2.4994127994e-05 1.2837949919e+04 1.5707963268e+00 -3.2451967973e-01
2.5260748634e-05 1.2837444576e+04 1.5707963268e+00 -3.2798046629e-01
2.5527392733e-05 1.2836933644e+04 1.5707963268e+00 -3.3144152531e-01
2.5794060556e-05 1.2836417114e+04 1.5707963268e+00 -3.3490285983e-01
2.6060752370e-05 1.2835894980e+04 1.5707963268e+00 -3.3836447291e-01
2.6327468441e-05 1.2835367235e+04 1.5707963268e+00 -3.4182636759e-01
2.6594209037e-05 1.2834833872e+04 1.5707963268e+00 -3.4528854694e-01
2.6860974424e-05 1.2834294883e+04 1.5707963268e+00 -3.4875101403e-01
2.7127764872e-05 1.2833750261e+04 1.5707963268e+00 -3.5221377193e-01
2.7394580650e-05 1.2833199998e+04 1.5707963268e+00 -3.5567682371e-01
2.7661422025e-05 1.2832644088e+04 1.5707963268e+00 -3.5914017246e-01
2.7928289269e-05 1.2832082523e+04 1.5707963268e+00 -3.6260382125e-01
2.8195182652e-05 1.2831515295e+04 1.5707963268e+00 -3.6606777319e-01
2.8462102445e-05 1.2830942396e+04 1.5707963268e+00 -3.6953203137e-01
2.8729048920e-05 1.2830363818e+04 1.5707963268e+00 -3.7299659890e-01
2.8996022348e-05 1.2829779554e+04 1.5707963268e+00 -3.7646147887e-01
2.9263023004e-05 1.2829189595e+04 1.5707963268e+00 -3.7992667441e-01
2.9530051159e-05 1.2828593934e+04 1.5707963268e+00 -3.8339218864e-01
2.9797107089e-05 1.2827992563e+04 1.5707963268e+00 -3.8685802467e-01
3.0064191068e-05 1.2827385472e+04 1.5707963268e+00 -3.9032418564e-01
3.0331303371e-05 1.2826772655e+04 1.5707963268e+00 -3.9379067469e-01
3.0598444274e-05 1.2826154102e+04 1.5707963268e+00 -3.9725749495e-01
3.0865614055e-05 1.2825529805e+04 1.5707963268e+00 -4.0072464958e-01
3.1132812990e-05 1.2824899756e+04 1.5707963268e+00 -4.0419214172e-01
3.1400041357e-05 1.2824263945e+04 1.5707963268e+00 -4.0765997455e-01
3.1667299434e-05 1.2823622365e+04 1.5707963268e+00 -4.1112815122e-01
3.1934587502e-05 1.2822975006e+04 1.5707963268e+00 -4.1459667491e-01
3.2201905840e-05 1.2822321860e+04 1.5707963268e+00 -4.1806554879e-01
3.2469254728e-05 1.2821662918e+04 1.5707963268e+00 -4.2153477604e-01
3.2736634448e-05 1.2820998170e+04 1.5707963268e+00 -4.2500435987e-01
3.3004045282e-05 1.2820327607e+04 1.5707963268e+00 -4.2847430347e-01
3.3271487512e-05 1.2819651221e+04 1.5707963268e+00 -4.3194461003e-01
3.3538961423e-05 1.2818969001e+04 1.5707963268e+00 -4.3541528277e-01
3.3806467297e-05 1.2818280939e+04 1.5707963268e+00 -4.3888632491e-01
3.4074005421e-05 1.2817587025e+04 1.5707963268e+00 -4.4235773967e-01
3.4341576079e-05 1.2816887250e+04 1.5707963268e+00 -4.4582953027e-01
3.4609179559e-05 1.2816181604e+04 1.5707963268e+00 -4.4930169996e-01
3.4876816146e-05 1.2815470077e+04 1.5707963268e+00 -4.5277425197e-01
3.5144486129e-05 1.2814752659e+04 1.5707963268e+00 -4.5624718957e-01
3.5412189797e-05 1.2814029341e+04 1.5707963268e+00 -4.5972051599e-01
3.5679927439e-05 1.2813300112e+04 1.5707963268e+00 -4.6319423452e-01
3.5947699346e-05 1.2812564963e+04 1.5707963268e+00 -4.6666834842e-01
3.6215505807e-05 1.2811823883e+04 1.5707963268e+00 -4.7014286096e-01
3.6483347115e-05 1.2811076862e+04 1.5707963268e+00 -4.7361777543e-01
3.6751223562e-05 1.2810323890e+04 1.5707963268e+00 -4.7709309513e-01
3.7019135443e-05 1.2809564957e+04 1.5707963268e+00 -4.8056882335e-01
3.7287083050e-05 1.2808800051e+04 1.5707963268e+00 -4.8404496341e-01
3.7555066679e-05 1.2808029163e+04 1.5707963268e+00 -4.8752151861e-01
3.7823086627e-05 1.2807252281e+04 1.5707963268e+00 -4.9099849227e-01
3.8091143188e-05 1.2806469396e+04 1.5707963268e+00 -4.9447588774e-01
3.8359236662e-05 1.2805680495e+04 1.5707963268e+00 -4.9795370834e-01
3.8627367346e-05 1.2804885568e+04 1.5707963268e+00 -5.0143195742e-01
3.8895535540e-05 1.2804084605e+04 1.5707963268e+00 -5.0491063833e-01
3.9163741544e-05 1.2803277593e+04 1.5707963268e+00 -5.0838975444e-01
3.9431985659e-05 1.2802464522e+04 1.5707963268e+00 -5.1186930910e-01
3.9700268186e-05 1.2801645381e+04 1.5707963268e+00 -5.1534930570e-01
3.9968589429e-05 1.2800820158e+04 1.5707963268e+00 -5.1882974763e-01
4.0236949691e-05 1.2799988841e+04 1.5707963268e+00 -5.2231063827e-01
4.0505349277e-05 1.2799151419e+04 1.5707963268e+00 -5.2579198102e-01
4.0773788493e-05 1.2798307881e+04 1.5707963268e+00 -5.2927377930e-01
4.1042267644e-05 1.2797458215e+04 1.5707963268e+00 -5.3275603652e-01
4.1310787039e-05 1.2796602408e+04 1.5707963268e+00 -5.3623875611e-01
4.1579346985e-05 1.2795740449e+04 1.5707963268e+00 -5.3972194150e-01
4.1847947793e-05 1.2794872326e+04 1.5707963268e+00 -5.4320559613e-01
4.2116589771e-05 1.2793998026e+04 1.5707963268e+00 -5.4668972346e-01
4.2385273233e-05 1.2793117538e+04 1.5707963268e+00 -5.5017432694e-01
4.2653998489e-05 1.2792230850e+04 1.5707963268e+00 -5.5365941004e-01
4.2922765853e-05 1.2791337948e+04 1.5707963268e+00 -5.5714497625e-01
4.3191575639e-05 1.2790438820e+04 1.5707963268e+00 -5.6063102904e-01
4.3460428162e-05 1.2789533455e+04 1.5707963268e+00 -5.6411757192e-01
4.3729323740e-05 1.2788621838e+04 1.5707963268e+00 -5.6760460838e-01
4.3998262688e-05 1.2787703957e+04 1.5707963268e+00 -5.7109214195e-01
4.4267245326e-05 1.2786779800e+04 1.5707963268e+00 -5.7458017613e-01
4.4536271972e-05 1.2785849354e+04 1.5707963268e+00 -5.7806871448e-01
4.4805342948e-05 1.2784912604e+04 1.5707963268e+00 -5.8155776051e-01
4.5074458574e-05 1.2783969539e+04 1.5707963268e+00 -5.8504731780e-01
4.5343619173e-05 1.2783020145e+04 1.5707963268e+00 -5.8853738989e-01
4.5612825069e-05 1.2782064409e+04 1.5707963268e+00 -5.9202798036e-01
4.5882076586e-05 1.2781102317e+04 1.5707963268e+00 -5.9551909278e-01
4.6151374051e-05 1.2780133855e+04 1.5707963268e+00 -5.9901073075e-01
4.6420717790e-05 1.2779159011e+04 1.5707963268e+00 -6.0250289786e-01
4.6690108132e-05 1.2778177769e+04 1.5707963268e+00 -6.0599559772e-01
4.6959545405e-05 1.2777190117e+04 1.5707963268e+00 -6.0948883395e-01
4.7229029940e-05 1.2776196041e+04 1.5707963268e+00 -6.1298261018e-01
4.7498562068e-05 1.2775195526e+04 1.5707963268e+00 -6.1647693005e-01
4.7768142122e-05 1.2774188558e+04 1.5707963268e+00 -6.1997179721e-01
4.8037770436e-05 1.2773175124e+04 1.5707963268e+00 -6.2346721531e-01
4.8307447345e-05 1.2772155208e+04 1.5707963268e+00 -6.2696318803e-01
4.8577173185e-05 1.2771128796e+04 1.5707963268e+00 -6.3045971904e-01
4.8846948293e-05 1.2770095874e+04 1.5707963268e+00 -6.3395681203e-01
4.9116773008e-05 1.2769056428e+04 1.5707963268e+00 -6.3745447071e-01
4.9386647670e-05 1.2768010441e+04 1.5707963268e+00 -6.4095269879e-01
4.9656572619e-05 1.2766957901e+04 1.5707963268e+00 -6.4445149999e-01
4.9926548199e-05 1.2765898790e+04 1.5707963268e+00 -6.4795087804e-01
5.0196574752e-05 1.2764833096e+04 1.5707963268e+00 -6.5145083669e-01
5.0466652623e-05 1.2763760801e+04 1.5707963268e+00 -6.5495137969e-01
5.0736782159e-05 1.2762681892e+04 1.5707963268e+00 -6.5845251081e-01
5.1006963707e-05 1.2761596353e+04 1.5707963268e+00 -6.6195423382e-01
5.1277197615e-05 1.2760504168e+04 1.5707963268e+00 -6.6545655252e-01
5.1547484233e-05 1.2759405321e+04 1.5707963268e+00 -6.6895947070e-01
5.1817823913e-05 1.2758299798e+04 1.5707963268e+00 -6.7246299217e-01
5.2088217007e-05 1.2757187582e+04 1.5707963268e+00 -6.7596712076e-01
5.2358663869e-05 1.2756068657e+04 1.5707963268e+00 -6.7947186030e-01
5.2629164855e-05 1.2754943008e+04 1.5707963268e+00 -6.8297721464e-01
5.2899720320e-05 1.2753810618e+04 1.5707963268e+00 -6.8648318763e-01
5.3170330624e-05 1.2752671471e+04 1.5707963268e+00 -6.8998978315e-01
5.3440996125e-05 1.2751525551e+04 1.5707963268e+00 -6.9349700507e-01
5.3711717184e-05 1.2750372841e+04 1.5707963268e+00 -6.9700485729e-01
5.3982494163e-05 1.2749213325e+04 1.5707963268e+00 -7.0051334372e-01
5.4253327427e-05 1.2748046986e+04 1.5707963268e+00 -7.0402246826e-01
5.4524217339e-05 1.2746873807e+04 1.5707963268e+00 -7.0753223486e-01
5.4795164267e-05 1.2745693772e+04 1.5707963268e+00 -7.1104264746e-01
5.5066168578e-05 1.2744506864e+04 1.5707963268e+00 -7.1455371000e-01
5.5337230642e-05 1.2743313065e+04 1.5707963268e+00 -7.1806542646e-01
5.5608350830e-05 1.2742112358e+04 1.5707963268e+00 -7.2157780081e-01
5.5879529513e-05 1.2740904726e+04 1.5707963268e+00 -7.2509083706e-01
5.6150767067e-05 1.2739690152e+04 1.5707963268e+00 -7.2860453920e-01
5.6422063865e-05 1.2738468618e+04 1.5707963268e+00 -7.3211891125e-01
5.6693420286e-05 1.2737240106e+04 1.5707963268e+00 -7.3563395725e-01
5.6964836708e-05 1.2736004598e+04 1.5707963268e+00 -7.3914968124e-01
5.7236313510e-05 1.2734762078e+04 1.5707963268e+00 -7.4266608727e-01
5.7507851074e-05 1.2733512526e+04 1.5707963268e+00 -7.4618317943e-01
5.7779449783e-05 1.2732255925e+04 1.5707963268e+00 -7.4970096179e-01
5.8051110023e-05 1.2730992256e+04 1.5707963268e+00 -7.5321943845e-01
5.8322832178e-05 1.2729721501e+04 1.5707963268e+00 -7.5673861352e-01
5.8594616639e-05 1.2728443642e+04 1.5707963268e+00 -7.6025849113e-01
5.8866463792e-05 1.2727158660e+04 1.5707963268e+00 -7.6377907542e-01
5.9138374031e-05 1.2725866536e+04 1.5707963268e+00 -7.6730037054e-01
5.9410347748e-05 1.2724567252e+04 1.5707963268e+00 -7.7082238066e-01
5.9682385338e-05 1.2723260788e+04 1.5707963268e+00 -7.7434510996e-01
5.9954487196e-05 1.2721947126e+04 1.5707963268e+00 -7.7786856264e-01
6.0226653721e-05 1.2720626246e+04 1.5707963268e+00 -7.8139274290e-01
6.0498885312e-05 1.2719298130e+04 1.5707963268e+00 -7.8491765497e-01
6.0771182371e-05 1.2717962757e+04 1.5707963268e+00 -7.8844330308e-01
6.1043545301e-05 1.2716620108e+04 1.5707963268e+00 -7.9196969150e-01
6.1315974506e-05 1.2715270164e+04 1.5707963268e+00 -7.9549682449e-01
6.1588470394e-05 1.2713912904e+04 1.5707963268e+00 -7.9902470633e-01
6.1861033372e-05 1.2712548309e+04 1.5707963268e+00 -8.0255334131e-01
6.2133663852e-05 1.2711176359e+04 1.5707963268e+00 -8.0608273377e-01
6.2406362244e-05 1.2709797034e+04 1.5707963268e+00 -8.0961288801e-01
6.2679128964e-05 1.2708410313e+04 1.5707963268e+00 -8.1314380838e-01
6.2951964425e-05 1.2707016176e+04 1.5707963268e+00 -8.1667549925e-01
6.3224869047e-05 1.2705614603e+04 1.5707963268e+00 -8.2020796499e-01
6.3497843249e-05 1.2704205572e+04 1.5707963268e+00 -8.2374120998e-01
6.3770887451e-05 1.2702789063e+04 1.5707963268e+00 -8.2727523863e-01
6.4044002078e-05 1.2701365055e+04 1.5707963268e+00 -8.3081005536e-01
6.4317187554e-05 1.2699933528e+04 1.5707963268e+00 -8.3434566462e-01
6.4590444306e-05 1.2698494459e+04 1.5707963268e+00 -8.3788207085e-01
6.4863772764e-05 1.2697047828e+04 1.5707963268e+00 -8.4141927852e-01
6.5137173358e-05 1.2695593614e+04 1.5707963268e+00 -8.4495729211e-01
6.5410646521e-05 1.2694131793e+04 1.5707963268e+00 -8.4849611614e-01
6.5684192689e-05 1.2692662346e+04 1.5707963268e+00 -8.5203575512e-01
6.5957812298e-05 1.2691185250e+04 1.5707963268e+00 -8.5557621357e-01
6.6231505787e-05 1.2689700483e+04 1.5707963268e+00 -8.5911749607e-01
6.6505273598e-05 1.2688208023e+04 1.5707963268e+00 -8.6265960716e-01
6.6779116174e-05 1.2686707849e+04 1.5707963268e+00 -8.6620255145e-01
6.7053033960e-05 1.2685199936e+04 1.5707963268e+00 -8.6974633353e-01
6.7327027403e-05 1.2683684264e+04 1.5707963268e+00 -8.7329095801e-01
6.7601096952e-05 1.2682160809e+04 1.5707963268e+00 -8.7683642955e-01
6.7875243060e-05 1.2680629549e+04 1.5707963268e+00 -8.8038275279e-01
6.8149466180e-05 1.2679090460e+04 1.5707963268e+00 -8.8392993240e-01
6.8423766768e-05 1.2677543520e+04 1.5707963268e+00 -8.8747797308e-01
6.8698145282e-05 1.2675988706e+04 1.5707963268e+00 -8.9102687954e-01
6.8972602182e-05 1.2674425994e+04 1.5707963268e+00 -8.9457665649e-01
6.9247137931e-05 1.2672855360e+04 1.5707963268e+00 -8.9812730868e-01
6.9521752994e-05 1.2671276782e+04 1.5707963268e+00 -9.0167884088e-01
6.9796447838e-05 1.2669690235e+04 1.5707963268e+00 -9.0523125786e-01
7.0071222932e-05 1.2668095696e+04 1.5707963268e+00 -9.0878456442e-01
7.0346078747e-05 1.2666493140e+04 1.5707963268e+00 -9.1233876539e-01
7.0621015758e-05 1.2664882544e+04 1.5707963268e+00 -9.1589386559e-01
7.0896034441e-05 1.2663263882e+04 1.5707963268e+00 -9.1944986988e-01
7.1171135275e-05 1.2661637131e+04 1.5707963268e+00 -9.2300678313e-01
7.1446318740e-05 1.2660002266e+04 1.5707963268e+00 -9.2656461025e-01
7.1721585320e-05 1.2658359263e+04 1.5707963268e+00 -9.3012335613e-01
7.1996935501e-05 1.2656708095e+04 1.5707963268e+00 -9.3368302572e-01
7.2272369771e-05 1.2655048739e+04 1.5707963268e+00 -9.3724362396e-01
7.2547888621e-05 1.2653381169e+04 1.5707963268e+00 -9.4080515582e-01
7.2823492544e-05 1.2651705360e+04 1.5707963268e+00 -9.4436762630e-01
7.3099182036e-05 1.2650021286e+04 1.5707963268e+00 -9.4793104040e-01
7.3374957595e-05 1.2648328922e+04 1.5707963268e+00 -9.5149540316e-01
7.3650819721e-05 1.2646628241e+04 1.5707963268e+00 -9.5506071962e-01
7.3926768919e-05 1.2644919218e+04 1.5707963268e+00 -9.5862699486e-01
7.4202805693e-05 1.2643201827e+04 1.5707963268e+00 -9.6219423397e-01
7.4478930553e-05 1.2641476041e+04 1.5707963268e+00 -9.6576244206e-01
7.4755144009e-05 1.2639741835e+04 1.5707963268e+00 -9.6933162426e-01
7.5031446576e-05 1.2637999181e+04 1.5707963268e+00 -9.7290178573e-01
7.5307838770e-05 1.2636248053e+04 1.5707963268e+00 -9.7647293165e-01
7.5584321110e-05 1.2634488423e+04 1.5707963268e+00 -9.8004506720e-01
7.5860894117e-05 1.2632720266e+04 1.5707963268e+00 -9.8361819762e-01
7.6137558317e-05 1.2630943553e+04 1.5707963268e+00 -9.8719232813e-01
7.6414314237e-05 1.2629158257e+04 1.5707963268e+00 -9.9076746400e-01
7.6691162406e-05 1.2627364351e+04 1.5707963268e+00 -9.9434361051e-01
7.6968103359e-05 1.2625561807e+04 1.5707963268e+00 -9.9792077296e-01
7.7245137630e-05 1.2623750597e+04 1.5707963268e+00 -1.0014989567e+00
7.7522265759e-05 1.2621930694e+04 1.5707963268e+00 -1.0050781670e+00
7.7799488286e-05 1.2620102068e+04 1.5707963268e+00 -1.0086584094e+00
7.8076805757e-05 1.2618264692e+04 1.5707963268e+00 -1.0122396891e+00
7.8354218719e-05 1.2616418538e+04 1.5707963268e+00 -1.0158220117e+00
7.8631727721e-05 1.2614563575e+04 1.5707963268e+00 -1.0194053824e+00
7.8909333318e-05 1.2612699777e+04 1.5707963268e+00 -1.0229898069e+00
7.9187036065e-05 1.2610827113e+04 1.5707963268e+00 -1.0265752906e+00
7.9464836522e-05 1.2608945554e+04 1.5707963268e+00 -1.0301618390e+00
7.9742735252e-05 1.2607055072e+04 1.5707963268e+00 -1.0337494577e+00
8.0020732819e-05 1.2605155636e+04 1.5707963268e+00 -1.0373381521e+00
8.0298829793e-05 1.2603247216e+04 1.5707963268e+00 -1.0409279279e+00
8.0577026744e-05 1.2601329784e+04 1.5707963268e+00 -1.0445187907e+00
8.0855324249e-05 1.2599403309e+04 1.5707963268e+00 -1.0481107461e+00
8.1133722884e-05 1.2597467760e+04 1.5707963268e+00 -1.0517037998e+00
8.1412223232e-05 1.2595523108e+04 1.5707963268e+00 -1.0552979574e+00
8.1690825877e-05 1.2593569321e+04 1.5707963268e+00 -1.0588932247e+00
8.1969531406e-05 1.2591606370e+04 1.5707963268e+00 -1.0624896073e+00
8.2248340411e-05 1.2589634222e+04 1.5707963268e+00 -1.0660871111e+00
8.2527253486e-05 1.2587652847e+04 1.5707963268e+00 -1.0696857418e+00
8.2806271229e-05 1.2585662214e+04 1.5707963268e+00 -1.0732855052e+00
8.3085394241e-05 1.2583662290e+04 1.5707963268e+00 -1.0768864071e+00
8.3364623127e-05 1.2581653046e+04 1.5707963268e+00 -1.0804884535e+00
8.3643958494e-05 1.2579634447e+04 1.5707963268e+00 -1.0840916501e+00
8.3923400955e-05 1.2577606463e+04 1.5707963268e+00 -1.0876960029e+00
8.4202951124e-05 1.2575569062e+04 1.5707963268e+00 -1.0913015179e+00
8.4482609620e-05 1.2573522210e+04 1.5707963268e+00 -1.0949082009e+00
8.4762377065e-05 1.2571465876e+04 1.5707963268e+00 -1.0985160581e+00
8.5042254085e-05 1.2569400025e+04 1.5707963268e+00 -1.1021250953e+00
8.5322241309e-05 1.2567324627e+04 1.5707963268e+00 -1.1057353186e+00
8.5602339369e-05 1.2565239646e+04 1.5707963268e+00 -1.1093467342e+00
8.5882548904e-05 1.2563145051e+04 1.5707963268e+00 -1.1129593480e+00
8.6162870553e-05 1.2561040807e+04 1.5707963268e+00 -1.1165731663e+00
8.6443304961e-05 1.2558926880e+04 1.5707963268e+00 -1.1201881952e+00
8.6723852775e-05 1.2556803237e+04 1.5707963268e+00 -1.1238044408e+00
8.7004514647e-05 1.2554669843e+04 1.5707963268e+00 -1.1274219094e+00
8.7285291233e-05 1.2552526665e+04 1.5707963268e+00 -1.1310406073e+00
8.7566183193e-05 1.2550373666e+04 1.5707963268e+00 -1.1346605405e+00
8.7847191191e-05 1.2548210814e+04 1.5707963268e+00 -1.1382817156e+00
8.8128315893e-05 1.2546038072e+04 1.5707963268e+00 -1.1419041388e+00
8.8409557971e-05 1.2543855406e+04 1.5707963268e+00 -1.1455278164e+00
8.8690918100e-05 1.2541662779e+04 1.5707963268e+00 -1.1491527549e+00
8.8972396961e-05 1.2539460158e+04 1.5707963268e+00 -1.1527789606e+00
8.9253995238e-05 1.2537247505e+04 1.5707963268e+00 -1.1564064400e+00
8.9535713616e-05 1.2535024785e+04 1.5707963268e+00 -1.1600351996e+00
8.9817552790e-05 1.2532791961e+04 1.5707963268e+00 -1.1636652459e+00
9.0099513455e-05 1.2530548998e+04 1.5707963268e+00 -1.1672965854e+00
9.0381596312e-05 1.2528295857e+04 1.5707963268e+00 -1.1709292247e+00
9.0663802065e-05 1.2526032504e+04 1.5707963268e+00 -1.1745631704e+00
9.0946131424e-05 1.2523758900e+04 1.5707963268e+00 -1.1781984290e+00
9.1228585103e-05 1.2521475008e+04 1.5707963268e+00 -1.1818350074e+00
9.1511163818e-05 1.2519180791e+04 1.5707963268e+00 -1.1854729121e+00
9.1793868293e-05 1.2516876210e+04 1.5707963268e+00 -1.1891121499e+00
9.2076699255e-05 1.2514561229e+04 1.5707963268e+00 -1.1927527276e+00
9.2359657434e-05 1.2512235809e+04 1.5707963268e+00 -1.1963946519e+00
9.2642743568e-05 1.2509899911e+04 1.5707963268e+00 -1.2000379296e+00
9.2925958396e-05 1.2507553496e+04 1.5707963268e+00 -1.2036825677e+00
9.3209302664e-05 1.2505196527e+04 1.5707963268e+00 -1.2073285730e+00
9.3492777122e-05 1.2502828963e+04 1.5707963268e+00 -1.2109759525e+00
9.3776382525e-05 1.2500450766e+04 1.5707963268e+00 -1.2146247130e+00
9.4060119632e-05 1.2498061896e+04 1.5707963268e+00 -1.2182748616e+00
9.4343989208e-05 1.2495662313e+04 1.5707963268e+00 -1.2219264053e+00
9.4627992022e-05 1.2493251977e+04 1.5707963268e+00 -1.2255793512e+00
9.4912128848e-05 1.2490830848e+04 1.5707963268e+00 -1.2292337063e+00
9.5196400465e-05 1.2488398885e+04 1.5707963268e+00 -1.2328894778e+00
9.5480807658e-05 1.2485956049e+04 1.5707963268e+00 -1.2365466729e+00
9.5765351217e-05 1.2483502296e+04 1.5707963268e+00 -1.2402052988e+00
9.6050031934e-05 1.2481037587e+04 1.5707963268e+00 -1.2438653626e+00
9.6334850610e-05 1.2478561881e+04 1.5707963268e+00 -1.2475268717e+00
9.6619808050e-05 1.2476075134e+04 1.5707963268e+00 -1.2511898334e+00
9.6904905064e-05 1.2473577306e+04 1.5707963268e+00 -1.2548542550e+00
9.7190142466e-05 1.2471068354e+04 1.5707963268e+00 -1.2585201439e+00
9.7475521079e-05 1.2468548236e+04 1.5707963268e+00 -1.2621875075e+00
9.7761041727e-05 1.2466016909e+04 1.5707963268e+00 -1.2658563533e+00
9.8046705243e-05 1.2463474329e+04 1.5707963268e+00 -1.2695266888e+00
9.8332512463e-05 1.2460920455e+04 1.5707963268e+00 -1.2731985215e+00
9.8618464231e-05 1.2458355242e+04 1.5707963268e+00 -1.2768718589e+00
9.8904561394e-05 1.2455778647e+04 1.5707963268e+00 -1.2805467088e+00
9.9190804806e-05 1.2453190625e+04 1.5707963268e+00 -1.2842230787e+00
9.9477195327e-05 1.2450591133e+04 1.5707963268e+00 -1.2879009763e+00
9.9763733824e-05 1.2447980125e+04 1.5707963268e+00 -1.2915804094e+00
1.0005042117e-04 1.2445357558e+04 1.5707963268e+00 -1.2952613857e+00
1.0033725823e-04 1.2442723386e+04 1.5707963268e+00 -1.2989439131e+00
1.0062424590e-04 1.2440077563e+04 1.5707963268e+00 -1.3026279993e+00
1.0091138507e-04 1.2437420045e+04 1.5707963268e+00 -1.3063136523e+00
1.0119867663e-04 1.2434750785e+04 1.5707963268e+00 -1.3100008800e+00
1.0148612148e-04 1.2432069737e+04 1.5707963268e+00 -1.3136896903e+00
1.0177372053e-04 1.2429376855e+04 1.5707963268e+00 -1.3173800914e+00
1.0206147469e-04 1.2426672092e+04 1.5707963268e+00 -1.3210720912e+00
1.0234938489e-04 1.2423955401e+04 1.5707963268e+00 -1.3247656978e+00
1.0263745204e-04 1.2421226735e+04 1.5707963268e+00 -1.3284609194e+00
1.0292567709e-04 1.2418486046e+04 1.5707963268e+00 -1.3321577642e+00
1.0321406097e-04 1.2415733286e+04 1.5707963268e+00 -1.3358562403e+00
1.0350260463e-04 1.2412968408e+04 1.5707963268e+00 -1.3395563561e+00
1.0379130902e-04 1.2410191363e+04 1.5707963268e+00 -1.3432581199e+00
1.0408017510e-04 1.2407402103e+04 1.5707963268e+00 -1.3469615399e+00
1.0436920384e-04 1.2404600577e+04 1.5707963268e+00 -1.3506666248e+00
1.0465839621e-04 1.2401786738e+04 1.5707963268e+00 -1.3543733828e+00
1.0494775318e-04 1.2398960535e+04 1.5707963268e+00 -1.3580818224e+00
1.0523727575e-04 1.2396121919e+04 1.5707963268e+00 -1.3617919523e+00
1.0552696491e-04 1.2393270839e+04 1.5707963268e+00 -1.3655037810e+00
1.0581682166e-04 1.2390407244e+04 1.5707963268e+00 -1.3692173171e+00
1.0610684701e-04 1.2387531085e+04 1.5707963268e+00 -1.3729325693e+00
1.0639704197e-04 1.2384642310e+04 1.5707963268e+00 -1.3766495463e+00
1.0668740757e-04 1.2381740868e+04 1.5707963268e+00 -1.3803682569e+00
1.0697794484e-04 1.2378826706e+04 1.5707963268e+00 -1.3840887100e+00
1.0726865481e-04 1.2375899773e+04 1.5707963268e+00 -1.3878109143e+00
1.0755953852e-04 1.2372960017e+04 1.5707963268e+00 -1.3915348788e+00
1.0785059704e-04 1.2370007384e+04 1.5707963268e+00 -1.3952606125e+00
1.0814183142e-04 1.2367041822e+04 1.5707963268e+00 -1.3989881244e+00
1.0843324273e-04 1.2364063277e+04 1.5707963268e+00 -1.4027174236e+00
1.0872483204e-04 1.2361071697e+04 1.5707963268e+00 -1.4064485191e+00
1.0901660045e-04 1.2358067026e+04 1.5707963268e+00 -1.4101814202e+00
1.0930854904e-04 1.2355049210e+04 1.5707963268e+00 -1.4139161360e+00
1.0960067890e-04 1.2352018195e+04 1.5707963268e+00 -1.4176526758e+00
1.0989299116e-04 1.2348973926e+04 1.5707963268e+00 -1.4213910490e+00
1.1018548692e-04 1.2345916348e+04 1.5707963268e+00 -1.4251312648e+00
1.1047816732e-04 1.2342845404e+04 1.5707963268e+00 -1.4288733329e+00
1.1077103348e-04 1.2339761040e+04 1.5707963268e+00 -1.4326172625e+00
1.1106408654e-04 1.2336663197e+04 1.5707963268e+00 -1.4363630633e+00
1.1135732767e-04 1.2333551821e+04 1.5707963268e+00 -1.4401107448e+00
1.1165075800e-04 1.2330426853e+04 1.5707963268e+00 -1.4438603167e+00
1.1194437873e-04 1.2327288237e+04 1.5707963268e+00 -1.4476117886e+00
1.1223819101e-04 1.2324135914e+04 1.5707963268e+00 -1.4513651704e+00
1.1253219604e-04 1.2320969826e+04 1.5707963268e+00 -1.4551204718e+00
1.1282639501e-04 1.2317789915e+04 1.5707963268e+00 -1.4588777027e+00
1.1312078913e-04 1.2314596123e+04 1.5707963268e+00 -1.4626368730e+00
1.1341537961e-04 1.2311388389e+04 1.5707963268e+00 -1.4663979926e+00
1.1371016767e-04 1.2308166655e+04 1.5707963268e+00 -1.4701610717e+00
1.1400515454e-04 1.2304930859e+04 1.5707963268e+00 -1.4739261203e+00
1.1430034148e-04 1.2301680943e+04 1.5707963268e+00 -1.4776931485e+00
1.1459572971e-04 1.2298416845e+04 1.5707963268e+00 -1.4814621666e+00
1.1489132052e-04 1.2295138504e+04 1.5707963268e+00 -1.4852331848e+00
1.1518711517e-04 1.2291845859e+04 1.5707963268e+00 -1.4890062134e+00
1.1548311495e-04 1.2288538848e+04 1.5707963268e+00 -1.4927812629e+00
1.1577932113e-04 1.2285217408e+04 1.5707963268e+00 -1.4965583437e+00
1.1607573504e-04 1.2281881476e+04 1.5707963268e+00 -1.5003374663e+00
1.1637235797e-04 1.2278530991e+04 1.5707963268e+00 -1.5041186412e+00
1.1666919125e-04 1.2275165888e+04 1.5707963268e+00 -1.5079018792e+00
1.1696623621e-04 1.2271786104e+04 1.5707963268e+00 -1.5116871908e+00
1.1726349420e-04 1.2268391574e+04 1.5707963268e+00 -1.5154745869e+00
1.1756096657e-04 1.2264982233e+04 1.5707963268e+00 -1.5192640783e+00
1.1785865469e-04 1.2261558017e+04 1.5707963268e+00 -1.5230556758e+00
1.1815655994e-04 1.2258118860e+04 1.5707963268e+00 -1.5268493905e+00
1.1845468369e-04 1.2254664696e+04 1.5707963268e+00 -1.5306452333e+00
1.1875302736e-04 1.2251195459e+04 1.5707963268e+00 -1.5344432154e+00
1.1905159235e-04 1.2247711082e+04 1.5707963268e+00 -1.5382433478e+00
1.1935038008e-04 1.2244211498e+04 1.5707963268e+00 -1.5420456419e+00
1.1964939198e-04 1.2240696638e+04 1.5707963268e+00 -1.5458501088e+00
1.1994862951e-04 1.2237166437e+04 1.5707963268e+00 -1.5496567599e+00
1.2024809412e-04 1.2233620823e+04 1.5707963268e+00 -1.5534656068e+00
1.2054778728e-04 1.2230059730e+04 1.5707963268e+00 -1.5572766608e+00
1.2084771047e-04 1.2226483087e+04 1.5707963268e+00 -1.5610899335e+00
1.2114786519e-04 1.2222890824e+04 1.5707963268e+00 -1.5649054366e+00
1.2144825294e-04 1.2219282872e+04 1.5707963268e+00 -1.5687231817e+00
1.2174887524e-04 1.2215659159e+04 1.5707963268e+00 -1.5725431807e+00
1.2204973362e-04 1.2212019615e+04 1.5707963268e+00 -1.5763654454e+00
1.2235082964e-04 1.2208364167e+04 1.5707963268e+00 -1.5801899877e+00
1.2265216484e-04 1.2204692744e+04 1.5707963268e+00 -1.5840168196e+00
1.2295374080e-04 1.2201005273e+04 1.5707963268e+00 -1.5878459532e+00
1.2325555910e-04 1.2197301681e+04 1.5707963268e+00 -1.5916774006e+00
1.2355762134e-04 1.2193581894e+04 1.5707963268e+00 -1.5955111741e+00
1.2385992914e-04 1.2189845839e+04 1.5707963268e+00 -1.5993472860e+00
1.2416248412e-04 1.2186093440e+04 1.5707963268e+00 -1.6031857485e+00
1.2446528792e-04 1.2182324624e+04 1.5707963268e+00 -1.6070265743e+00
1.2476834220e-04 1.2178539313e+04 1.5707963268e+00 -1.6108697758e+00
1.2507164861e-04 1.2174737433e+04 1.5707963268e+00 -1.6147153656e+00
1.2537520886e-04 1.2170918907e+04 1.5707963268e+00 -1.6185633565e+00
1.2567902463e-04 1.2167083658e+04 1.5707963268e+00 -1.6224137611e+00
1.2598309763e-04 1.2163231608e+04 1.5707963268e+00 -1.6262665924e+00
1.2628742961e-04 1.2159362679e+04 1.5707963268e+00 -1.6301218632e+00
1.2659202229e-04 1.2155476793e+04 1.5707963268e+00 -1.6339795867e+00
1.2689687743e-04 1.2151573871e+04 1.5707963268e+00 -1.6378397759e+00
1.2720199682e-04 1.2147653833e+04 1.5707963268e+00 -1.6417024439e+00
1.2750738224e-04 1.2143716599e+04 1.5707963268e+00 -1.6455676041e+00
1.2781303550e-04 1.2139762088e+04 1.5707963268e+00 -1.6494352698e+00
1.2811895842e-04 1.2135790219e+04 1.5707963268e+00 -1.6533054545e+00
1.2842515284e-04 1.2131800911e+04 1.5707963268e+00 -1.6571781717e+00
1.2873162062e-04 1.2127794080e+04 1.5707963268e+00 -1.6610534349e+00
1.2903836362e-04 1.2123769645e+04 1.5707963268e+00 -1.6649312580e+00
1.2934538374e-04 1.2119727521e+04 1.5707963268e+00 -1.6688116546e+00
1.2965268288e-04 1.2115667625e+04 1.5707963268e+00 -1.6726946388e+00
1.2996026297e-04 1.2111589873e+04 1.5707963268e+00 -1.6765802244e+00
1.3026812595e-04 1.2107494178e+04 1.5707963268e+00 -1.6804684255e+00
1.3057627377e-04 1.2103380456e+04 1.5707963268e+00 -1.6843592563e+00
1.3088470842e-04 1.2099248620e+04 1.5707963268e+00 -1.6882527311e+00
1.3119343190e-04 1.2095098583e+04 1.5707963268e+00 -1.6921488642e+00
1.3150244621e-04 1.2090930258e+04 1.5707963268e+00 -1.6960476700e+00
1.3181175339e-04 1.2086743557e+04 1.5707963268e+00 -1.6999491631e+00
1.3212135550e-04 1.2082538390e+04 1.5707963268e+00 -1.7038533582e+00
1.3243125460e-04 1.2078314669e+04 1.5707963268e+00 -1.7077602698e+00
1.3274145278e-04 1.2074072304e+04 1.5707963268e+00 -1.7116699130e+00
1.3305195217e-04 1.2069811205e+04 1.5707963268e+00 -1.7155823027e+00
1.3336275488e-04 1.2065531279e+04 1.5707963268e+00 -1.7194974537e+00
1.3367386308e-04 1.2061232436e+04 1.5707963268e+00 -1.7234153814e+00
1.3398527892e-04 1.2056914582e+04 1.5707963268e+00 -1.7273361010e+00
1.3429700462e-04 1.2052577626e+04 1.5707963268e+00 -1.7312596277e+00
1.3460904237e-04 1.2048221472e+04 1.5707963268e+00 -1.7351859771e+00
1.3492139442e-04 1.2043846028e+04 1.5707963268e+00 -1.7391151646e+00
1.3523406303e-04 1.2039451197e+04 1.5707963268e+00 -1.7430472061e+00
1.3554705046e-04 1.2035036884e+04 1.5707963268e+00 -1.7469821171e+00
1.3586035903e-04 1.2030602993e+04 1.5707963268e+00 -1.7509199137e+00
1.3617399106e-04 1.2026149426e+04 1.5707963268e+00 -1.7548606117e+00
1.3648794890e-04 1.2021676086e+04 1.5707963268e+00 -1.7588042273e+00
1.3680223491e-04 1.2017182875e+04 1.5707963268e+00 -1.7627507767e+00
1.3711685149e-04 1.2012669694e+04 1.5707963268e+00 -1.7667002763e+00
1.3743180106e-04 1.2008136442e+04 1.5707963268e+00 -1.7706527424e+00
1.3774708605e-04 1.2003583019e+04 1.5707963268e+00 -1.7746081916e+00
1.3806270894e-04 1.1999009323e+04 1.5707963268e+00 -1.7785666405e+00
1.3837867222e-04 1.1994415254e+04 1.5707963268e+00 -1.7825281060e+00
1.3869497839e-04 1.1989800708e+04 1.5707963268e+00 -1.7864926050e+00
1.3901163001e-04 1.1985165581e+04 1.5707963268e+00 -1.7904601545e+00
1.3932862964e-04 1.1980509770e+04 1.5707963268e+00 -1.7944307716e+00
1.3964597987e-04 1.1975833170e+04 1.5707963268e+00 -1.7984044735e+00
1.3996368333e-04 1.1971135675e+04 1.5707963268e+00 -1.8023812778e+00
1.4028174265e-04 1.1966417178e+04 1.5707963268e+00 -1.8063612018e+00
1.4060016052e-04 1.1961677573e+04 1.5707963268e+00 -1.8103442633e+00
1.4091893964e-04 1.1956916751e+04 1.5707963268e+00 -1.8143304799e+00
1.4123808273e-04 1.1952134604e+04 1.5707963268e+00 -1.8183198696e+00
1.4155759255e-04 1.1947331021e+04 1.5707963268e+00 -1.8223124504e+00
1.4187747190e-04 1.1942505894e+04 1.5707963268e+00 -1.8263082405e+00
1.4219772358e-04 1.1937659109e+04 1.5707963268e+00 -1.8303072581e+00
1.4251835045e-04 1.1932790557e+04 1.5707963268e+00 -1.8343095217e+00
1.4283935538e-04 1.1927900123e+04 1.5707963268e+00 -1.8383150497e+00
1.4316074127e-04 1.1922987694e+04 1.5707963268e+00 -1.8423238609e+00
1.4348251107e-04 1.1918053155e+04 1.5707963268e+00 -1.8463359742e+00
1.4380466773e-04 1.1913096392e+04 1.5707963268e+00 -1.8503514084e+00
1.4412721428e-04 1.1908117288e+04 1.5707963268e+00 -1.8543701826e+00
1.4445015373e-04 1.1903115726e+04 1.5707963268e+00 -1.8583923162e+00
1.4477348915e-04 1.1898091588e+04 1.5707963268e+00 -1.8624178285e+00
1.4509722364e-04 1.1893044755e+04 1.5707963268e+00 -1.8664467390e+00
1.4542136034e-04 1.1887975108e+04 1.5707963268e+00 -1.8704790674e+00
1.4574590241e-04 1.1882882526e+04 1.5707963268e+00 -1.8745148335e+00
1.4607085306e-04 1.1877766888e+04 1.5707963268e+00 -1.8785540573e+00
1.4639621552e-04 1.1872628071e+04 1.5707963268e+00 -1.8825967589e+00
1.4672199307e-04 1.1867465952e+04 1.5707963268e+00 -1.8866429586e+00
1.4704818901e-04 1.1862280406e+04 1.5707963268e+00 -1.8906926769e+00
1.4737480669e-04 1.1857071309e+04 1.5707963268e+00 -1.8947459342e+00
1.4770184950e-04 1.1851838534e+04 1.5707963268e+00 -1.8988027513e+00
1.4802932086e-04 1.1846581954e+04 1.5707963268e+00 -1.9028631491e+00
1.4835722422e-04 1.1841301442e+04 1.5707963268e+00 -1.9069271487e+00
1.4868556310e-04 1.1835996867e+04 1.5707963268e+00 -1.9109947713e+00
1.4901434102e-04 1.1830668100e+04 1.5707963268e+00 -1.9150660383e+00
1.4934356157e-04 1.1825315011e+04 1.5707963268e+00 -1.9191409711e+00
1.4967322837e-04 1.1819937466e+04 1.5707963268e+00 -1.9232195916e+00
1.5000334508e-04 1.1814535333e+04 1.5707963268e+00 -1.9273019216e+00
1.5033391542e-04 1.1809108477e+04 1.5707963268e+00 -1.9313879831e+00
1.5066494311e-04 1.1803656765e+04 1.5707963268e+00 -1.9354777984e+00
1.5099643197e-04 1.1798180058e+04 1.5707963268e+00 -1.9395713898e+00
1.5132838582e-04 1.1792678221e+04 1.5707963268e+00 -1.9436687800e+00
1.5166080855e-04 1.1787151114e+04 1.5707963268e+00 -1.9477699916e+00
1.5199370408e-04 1.1781598599e+04 1.5707963268e+00 -1.9518750476e+00
1.5232707638e-04 1.1776020535e+04 1.5707963268e+00 -1.9559839711e+00
1.5266092949e-04 1.1770416779e+04 1.5707963268e+00 -1.9600967854e+00
1.5299526746e-04 1.1764787191e+04 1.5707963268e+00 -1.9642135140e+00
1.5333009442e-04 1.1759131625e+04 1.5707963268e+00 -1.9683341804e+00
1.5366541453e-04 1.1753449936e+04 1.5707963268e+00 -1.9724588087e+00
1.5400123200e-04 1.1747741979e+04 1.5707963268e+00 -1.9765874227e+00
1.5433755112e-04 1.1742007606e+04 1.5707963268e+00 -1.9807200468e+00
1.5467437620e-04 1.1736246669e+04 1.5707963268e+00 -1.9848567054e+00
1.5501171161e-04 1.1730459018e+04 1.5707963268e+00 -1.9889974231e+00
1.5534956178e-04 1.1724644501e+04 1.5707963268e+00 -1.9931422248e+00
1.5568793119e-04 1.1718802968e+04 1.5707963268e+00 -1.9972911353e+00
1.5602682439e-04 1.1712934264e+04 1.5707963268e+00 -2.0014441801e+00
1.5636624597e-04 1.1707038235e+04 1.5707963268e+00 -2.0056013846e+00
1.5670620057e-04 1.1701114726e+04 1.5707963268e+00 -2.0097627743e+00
1.5704669292e-04 1.1695163578e+04 1.5707963268e+00 -2.0139283751e+00
1.5738772777e-04 1.1689184635e+04 1.5707963268e+00 -2.0180982132e+00
1.5772930997e-04 1.1683177735e+04 1.5707963268e+00 -2.0222723148e+00
1.5807144439e-04 1.1677142718e+04 1.5707963268e+00 -2.0264507064e+00
1.5841413601e-04 1.1671079422e+04 1.5707963268e+00 -2.0306334148e+00
1.5875738983e-04 1.1664987683e+04 1.5707963268e+00 -2.0348204668e+00
1.5910121094e-04 1.1658867336e+04 1.5707963268e+00 -2.0390118898e+00
1.5944560448e-04 1.1652718215e+04 1.5707963268e+00 -2.0432077110e+00
1.5979057569e-04 1.1646540151e+04 1.5707963268e+00 -2.0474079581e+00
1.6013612983e-04 1.1640332977e+04 1.5707963268e+00 -2.0516126591e+00
1.6048227226e-04 1.1634096521e+04 1.5707963268e+00 -2.0558218419e+00
1.6082900840e-04 1.1627830611e+04 1.5707963268e+00 -2.0600355350e+00
1.6117634376e-04 1.1621535073e+04 1.5707963268e+00 -2.0642537669e+00
1.6152428391e-04 1.1615209734e+04 1.5707963268e+00 -2.0684765665e+00
1.6187283448e-04 1.1608854416e+04 1.5707963268e+00 -2.0727039628e+00
1.6222200119e-04 1.1602468942e+04 1.5707963268e+00 -2.0769359852e+00
1.6257178985e-04 1.1596053132e+04 1.5707963268e+00 -2.0811726633e+00
1.6292220633e-04 1.1589606806e+04 1.5707963268e+00 -2.0854140269e+00
1.6327325658e-04 1.1583129780e+04 1.5707963268e+00 -2.0896601061e+00
1.6362494665e-04 1.1576621872e+04 1.5707963268e+00 -2.0939109312e+00
1.6397728265e-04 1.1570082894e+04 1.5707963268e+00 -2.0981665330e+00
1.6433027079e-04 1.1563512661e+04 1.5707963268e+00 -2.1024269423e+00
1.6468391736e-04 1.1556910983e+04 1.5707963268e+00 -2.1066921902e+00
1.6503822874e-04 1.1550277670e+04 1.5707963268e+00 -2.1109623082e+00
1.6539321140e-04 1.1543612530e+04 1.5707963268e+00 -2.1152373281e+00
1.6574887190e-04 1.1536915369e+04 1.5707963268e+00 -2.1195172818e+00
1.6610521690e-04 1.1530185991e+04 1.5707963268e+00 -2.1238022016e+00
1.6646225313e-04 1.1523424200e+04 1.5707963268e+00 -2.1280921202e+00
1.6681998745e-04 1.1516629796e+04 1.5707963268e+00 -2.1323870703e+00
1.6717842679e-04 1.1509802578e+04 1.5707963268e+00 -2.1366870852e+00
1.6753757821e-04 1.1502942346e+04 1.5707963268e+00 -2.1409921982e+00
1.6789744884e-04 1.1496048893e+04 1.5707963268e+00 -2.1453024433e+00
1.6825804594e-04 1.1489122014e+04 1.5707963268e+00 -2.1496178545e+00
1.6861937686e-04 1.1482161502e+04 1.5707963268e+00 -2.1539384661e+00
1.6898144906e-04 1.1475167146e+04 1.5707963268e+00 -2.1582643128e+00
1.6934427013e-04 1.1468138735e+04 1.5707963268e+00 -2.1625954297e+00
1.6970784774e-04 1.1461076055e+04 1.5707963268e+00 -2.1669318522e+00
1.7007218971e-04 1.1453978891e+04 1.5707963268e+00 -2.1712736158e+00
1.7043730395e-04 1.1446847025e+04 1.5707963268e+00 -2.1756207567e+00
1.7080319850e-04 1.1439680238e+04 1.5707963268e+00 -2.1799733110e+00
1.7116988152e-04 1.1432478309e+04 1.5707963268e+00 -2.1843313156e+00
1.7153736130e-04 1.1425241015e+04 1.5707963268e+00 -2.1886948074e+00
1.7190564626e-04 1.1417968129e+04 1.5707963268e+00 -2.1930638238e+00
1.7227474494e-04 1.1410659425e+04 1.5707963268e+00 -2.1974384025e+00
1.7264466601e-04 1.1403314672e+04 1.5707963268e+00 -2.2018185815e+00
1.7301541830e-04 1.1395933639e+04 1.5707963268e+00 -2.2062043994e+00
1.7338701074e-04 1.1388516092e+04 1.5707963268e+00 -2.2105958949e+00
1.7375945243e-04 1.1381061796e+04 1.5707963268e+00 -2.2149931073e+00
1.7413275261e-04 1.1373570511e+04 1.5707963268e+00 -2.2193960759e+00
1.7450692066e-04 1.1366041997e+04 1.5707963268e+00 -2.2238048409e+00
1.7488196611e-04 1.1358476012e+04 1.5707963268e+00 -2.2282194424e+00
1.7525789866e-04 1.1350872311e+04 1.5707963268e+00 -2.2326399212e+00
1.7563472814e-04 1.1343230645e+04 1.5707963268e+00 -2.2370663184e+00
1.7601246457e-04 1.1335550766e+04 1.5707963268e+00 -2.2414986756e+00
1.7639111810e-04 1.1327832422e+04 1.5707963268e+00 -2.2459370345e+00
1.7677069908e-04 1.1320075357e+04 1.5707963268e+00 -2.2503814376e+00
1.7715121802e-04 1.1312279315e+04 1.5707963268e+00 -2.2548319275e+00
1.7753268560e-04 1.1304444037e+04 1.5707963268e+00 -2.2592885475e+00
1.7791511268e-04 1.1296569260e+04 1.5707963268e+00 -2.2637513411e+00
1.7829851031e-04 1.1288654721e+04 1.5707963268e+00 -2.2682203524e+00
1.7868288973e-04 1.1280700152e+04 1.5707963268e+00 -2.2726956257e+00
1.7906826235e-04 1.1272705284e+04 1.5707963268e+00 -2.2771772061e+00
1.7945463980e-04 1.1264669845e+04 1.5707963268e+00 -2.2816651388e+00
1.7984203390e-04 1.1256593559e+04 1.5707963268e+00 -2.2861594698e+00
1.8023045667e-04 1.1248476149e+04 1.5707963268e+00 -2.2906602452e+00
1.8061992037e-04 1.1240317335e+04 1.5707963268e+00 -2.2951675119e+00
1.8101043743e-04 1.1232116833e+04 1.5707963268e+00 -2.2996813170e+00
1.8140202053e-04 1.1223874359e+04 1.5707963268e+00 -2.3042017084e+00
1.8179468257e-04 1.1215589622e+04 1.5707963268e+00 -2.3087287341e+00
1.8218843668e-04 1.1207262332e+04 1.5707963268e+00 -2.3132624430e+00
1.8258329622e-04 1.1198892194e+04 1.5707963268e+00 -2.3178028842e+00
1.8297927481e-04 1.1190478910e+04 1.5707963268e+00 -2.3223501074e+00
1.8337638629e-04 1.1182022180e+04 1.5707963268e+00 -2.3269041630e+00
1.8377464478e-04 1.1173521700e+04 1.5707963268e+00 -2.3314651016e+00
1.8417406465e-04 1.1164977164e+04 1.5707963268e+00 -2.3360329746e+00
1.8457466054e-04 1.1156388262e+04 1.5707963268e+00 -2.3406078338e+00
1.8497644735e-04 1.1147754681e+04 1.5707963268e+00 -2.3451897316e+00
1.8537944029e-04 1.1139076104e+04 1.5707963268e+00 -2.3497787210e+00
1.8578365482e-04 1.1130352213e+04 1.5707963268e+00 -2.3543748555e+00
1.8618910672e-04 1.1121582685e+04 1.5707963268e+00 -2.3589781892e+00
1.8659581208e-04 1.1112767193e+04 1.5707963268e+00 -2.3635887768e+00
1.8700378727e-04 1.1103905408e+04 1.5707963268e+00 -2.3682066735e+00
1.8741304901e-04 1.1094996997e+04 1.5707963268e+00 -2.3728319352e+00
1.8782361433e-04 1.1086041624e+04 1.5707963268e+00 -2.3774646184e+00
1.8823550060e-04 1.1077038949e+04 1.5707963268e+00 -2.3821047801e+00
1.8864872553e-04 1.1067988628e+04 1.5707963268e+00 -2.3867524782e+00
1.8906330718e-04 1.1058890314e+04 1.5707963268e+00 -2.3914077709e+00
1.8947926399e-04 1.1049743657e+04 1.5707963268e+00 -2.3960707173e+00
1.8989661477e-04 1.1040548301e+04 1.5707963268e+00 -2.4007413771e+00
1.9031537869e-04 1.1031303888e+04 1.5707963268e+00 -2.4054198104e+00
1.9073557534e-04 1.1022010057e+04 1.5707963268e+00 -2.4101060784e+00
1.9115722470e-04 1.1012666439e+04 1.5707963268e+00 -2.4148002427e+00
1.9158034718e-04 1.1003272667e+04 1.5707963268e+00 -2.4195023658e+00
1.9200496360e-04 1.0993828365e+04 1.5707963268e+00 -2.4242125106e+00
1.9243109523e-04 1.0984333155e+04 1.5707963268e+00 -2.4289307410e+00
1.9285876379e-04 1.0974786654e+04 1.5707963268e+00 -2.4336571216e+00
1.9328799147e-04 1.0965188477e+04 1.5707963268e+00 -2.4383917175e+00
1.9371880093e-04 1.0955538232e+04 1.5707963268e+00 -2.4431345949e+00
1.9415121532e-04 1.0945835524e+04 1.5707963268e+00 -2.4478858206e+00
1.9458525832e-04 1.0936079953e+04 1.5707963268e+00 -2.4526454620e+00
1.9502095411e-04 1.0926271116e+04 1.5707963268e+00 -2.4574135875e+00
1.9545832740e-04 1.0916408603e+04 1.5707963268e+00 -2.4621902664e+00
1.9589740349e-04 1.0906492002e+04 1.5707963268e+00 -2.4669755685e+00
1.9633820821e-04 1.0896520895e+04 1.5707963268e+00 -2.4717695647e+00
1.9678076800e-04 1.0886494858e+04 1.5707963268e+00 -2.4765723265e+00
1.9722510990e-04 1.0876413465e+04 1.5707963268e+00 -2.4813839266e+00
1.9767126158e-04 1.0866276284e+04 1.5707963268e+00 -2.4862044381e+00
1.9811925134e-04 1.0856082877e+04 1.5707963268e+00 -2.4910339355e+00
1.9856910816e-04 1.0845832801e+04 1.5707963268e+00 -2.4958724937e+00
1.9902086170e-04 1.0835525611e+04 1.5707963268e+00 -2.5007201888e+00
1.9947454232e-04 1.0825160852e+04 1.5707963268e+00 -2.5055770978e+00
1.9993018112e-04 1.0814738067e+04 1.5707963268e+00 -2.5104432986e+00
2.0038780995e-04 1.0804256794e+04 1.5707963268e+00 -2.5153188700e+00
2.0084746142e-04 1.0793716563e+04 1.5707963268e+00 -2.5202038919e+00
2.0130916898e-04 1.0783116900e+04 1.5707963268e+00 -2.5250984451e+00
2.0177296688e-04 1.0772457325e+04 1.5707963268e+00 -2.5300026114e+00
2.0223889023e-04 1.0761737354e+04 1.5707963268e+00 -2.5349164737e+00
2.0270697506e-04 1.0750956495e+04 1.5707963268e+00 -2.5398401158e+00
2.0317725826e-04 1.0740114251e+04 1.5707963268e+00 -2.5447736227e+00
2.0364977773e-04 1.0729210118e+04 1.5707963268e+00 -2.5497170804e+00
2.0412457231e-04 1.0718243589e+04 1.5707963268e+00 -2.5546705760e+00
2.0460168188e-04 1.0707214147e+04 1.5707963268e+00 -2.5596341977e+00
2.0508114734e-04 1.0696121271e+04 1.5707963268e+00 -2.5646080349e+00
2.0556301072e-04 1.0684964433e+04 1.5707963268e+00 -2.5695921781e+00
2.0604731515e-04 1.0673743100e+04 1.5707963268e+00 -2.5745867189e+00
2.0653410494e-04 1.0662456729e+04 1.5707963268e+00 -2.5795917502e+00
2.0702342561e-04 1.0651104773e+04 1.5707963268e+00 -2.5846073662e+00
2.0751532394e-04 1.0639686679e+04 1.5707963268e+00 -2.5896336620e+00
2.0800984801e-04 1.0628201885e+04 1.5707963268e+00 -2.5946707344e+00
2.0850704725e-04 1.0616649823e+04 1.5707963268e+00 -2.5997186810e+00
2.0900697250e-04 1.0605029916e+04 1.5707963268e+00 -2.6047776012e+00
2.0950967606e-04 1.0593341584e+04 1.5707963268e+00 -2.6098475953e+00
2.1001521174e-04 1.0581584236e+04 1.5707963268e+00 -2.6149287652e+00
2.1052363491e-04 1.0569757274e+04 1.5707963268e+00 -2.6200212140e+00
2.1103500261e-04 1.0557860094e+04 1.5707963268e+00 -2.6251250465e+00
2.1154937354e-04 1.0545892082e+04 1.5707963268e+00 -2.6302403686e+00
2.1206680821e-04 1.0533852619e+04 1.5707963268e+00 -2.6353672878e+00
2.1258736893e-04 1.0521741076e+04 1.5707963268e+00 -2.6405059130e+00
2.1311111995e-04 1.0509556816e+04 1.5707963268e+00 -2.6456563547e+00
2.1363812753e-04 1.0497299194e+04 1.5707963268e+00 -2.6508187250e+00
2.1416845998e-04 1.0484967557e+04 1.5707963268e+00 -2.6559931373e+00
2.1470218778e-04 1.0472561243e+04 1.5707963268e+00 -2.6611797068e+00
2.1523938371e-04 1.0460079582e+04 1.5707963268e+00 -2.6663785503e+00
2.1578012286e-04 1.0447521894e+04 1.5707963268e+00 -2.6715897862e+00
2.1632448282e-04 1.0434887491e+04 1.5707963268e+00 -2.6768135347e+00
2.1687254372e-04 1.0422175676e+04 1.5707963268e+00 -2.6820499175e+00
2.1742438840e-04 1.0409385742e+04 1.5707963268e+00 -2.6872990584e+00
2.1798010250e-04 1.0396516973e+04 1.5707963268e+00 -2.6925610825e+00
2.1853977459e-04 1.0383568644e+04 1.5707963268e+00 -2.6978361171e+00
2.1910349633e-04 1.0370540018e+04 1.5707963268e+00 -2.7031242914e+00
2.1967136257e-04 1.0357430352e+04 1.5707963268e+00 -2.7084257361e+00
2.2024347156e-04 1.0344238889e+04 1.5707963268e+00 -2.7137405842e+00
2.2081992506e-04 1.0330964864e+04 1.5707963268e+00 -2.7190689706e+00
2.2140082852e-04 1.0317607501e+04 1.5707963268e+00 -2.7244110320e+00
2.2198629131e-04 1.0304166014e+04 1.5707963268e+00 -2.7297669074e+00
2.2257642686e-04 1.0290639605e+04 1.5707963268e+00 -2.7351367378e+00
2.2317135286e-04 1.0277027466e+04 1.5707963268e+00 -2.7405206663e+00
2.2377119154e-04 1.0263328778e+04 1.5707963268e+00 -2.7459188381e+00
2.2437606983e-04 1.0249542710e+04 1.5707963268e+00 -2.7513314009e+00
2.2498611966e-04 1.0235668421e+04 1.5707963268e+00 -2.7567585043e+00
2.2560147822e-04 1.0221705056e+04 1.5707963268e+00 -2.7622003005e+00
2.2622228818e-04 1.0207651750e+04 1.5707963268e+00 -2.7676569440e+00
2.2684869809e-04 1.0193507626e+04 1.5707963268e+00 -2.7731285917e+00
2.2748086262e-04 1.0179271794e+04 1.5707963268e+00 -2.7786154027e+00
2.2811894295e-04 1.0164943352e+04 1.5707963268e+00 -2.7841175391e+00
2.2876310712e-04 1.0150521386e+04 1.5707963268e+00 -2.7896351652e+00
2.2941353042e-04 1.0136004967e+04 1.5707963268e+00 -2.7951684481e+00
2.3007039583e-04 1.0121393157e+04 1.5707963268e+00 -2.8007175575e+00
2.3073389449e-04 1.0106685001e+04 1.5707963268e+00 -2.8062826657e+00
2.3140422614e-04 1.0091879533e+04 1.5707963268e+00 -2.8118639481e+00
2.3208159969e-04 1.0076975773e+04 1.5707963268e+00 -2.8174615827e+00
2.3276623378e-04 1.0061972727e+04 1.5707963268e+00 -2.8230757507e+00
2.3345835738e-04 1.0046869387e+04 1.5707963268e+00 -2.8287066358e+00
2.3415821046e-04 1.0031664733e+04 1.5707963268e+00 -2.8343544252e+00
2.3486604472e-04 1.0016357728e+04 1.5707963268e+00 -2.8400193090e+00
2.3558212434e-04 1.0000947324e+04 1.5707963268e+00 -2.8457014806e+00
2.3630672683e-04 9.9854324548e+03 1.5707963268e+00 -2.8514011365e+00
2.3704014395e-04 9.9698120431e+03 1.5707963268e+00 -2.8571184766e+00
2.3778268268e-04 9.9540849954e+03 1.5707963268e+00 -2.8628537042e+00
2.3853466633e-04 9.9382502039e+03 1.5707963268e+00 -2.8686070260e+00
2.3929643570e-04 9.9223065458e+03 1.5707963268e+00 -2.8743786525e+00
2.4006835034e-04 9.9062528840e+03 1.5707963268e+00 -2.8801687974e+00
2.4085078999e-04 9.8900880662e+03 1.5707963268e+00 -2.8859776785e+00
2.4164415609e-04 9.8738109255e+03 1.5707963268e+00 -2.8918055173e+00
2.4244887349e-04 9.8574202805e+03 1.5707963268e+00 -2.8976525390e+00
2.4326539226e-04 9.8409149348e+03 1.5707963268e+00 -2.9035189729e+00
2.4409418979e-04 9.8242936780e+03 1.5707963268e+00 -2.9094050525e+00
2.4493577297e-04 9.8075552851e+03 1.5707963268e+00 -2.9153110152e+00
2.4579068072e-04 9.7906985173e+03 1.5707963268e+00 -2.9212371027e+00
2.4665948672e-04 9.7737221223e+03 1.5707963268e+00 -2.9271835613e+00
2.4754280247e-04 9.7566248345e+03 1.5707963268e+00 -2.9331506413e+00
2.4844128065e-04 9.7394053757e+03 1.5707963268e+00 -2.9391385979e+00
2.4935561895e-04 9.7220624557e+03 1.5707963268e+00 -2.9451476907e+00
2.5028656427e-04 9.7045947733e+03 1.5707963268e+00 -2.9511781843e+00
2.5123491742e-04 9.6870010171e+03 1.5707963268e+00 -2.9572303479e+00
2.5220153847e-04 9.6692798665e+03 1.5707963268e+00 -2.9633044559e+00
2.5318735272e-04 9.6514299935e+03 1.5707963268e+00 -2.9694007875e+00
2.5419335740e-04 9.6334500637e+03 1.5707963268e+00 -2.9755196272e+00
2.5522062939e-04 9.6153387389e+03 1.5707963268e+00 -2.9816612648e+00
2.5627033384e-04 9.5970946790e+03 1.5707963268e+00 -2.9878259956e+00
2.5734373408e-04 9.5787165447e+03 1.5707963268e+00 -2.9940141202e+00
2.5844220295e-04 9.5602030007e+03 1.5707963268e+00 -3.0002259449e+00
2.5956723575e-04 9.5415527196e+03 1.5707963268e+00 -3.0064617817e+00
2.6072046528e-04 9.5227643863e+03 1.5707963268e+00 -3.0127219486e+00
2.6190367907e-04 9.5038367033e+03 1.5707963268e+00 -3.0190067694e+00
2.6311883957e-04 9.4847683968e+03 1.5707963268e+00 -3.0253165740e+00
2.6436810762e-04 9.4655582247e+03 1.5707963268e+00 -3.0316516982e+00
2.6565387002e-04 9.4462049849e+03 1.5707963268e+00 -3.0380124844e+00
2.6697877202e-04 9.4267075269e+03 1.5707963268e+00 -3.0443992811e+00
2.6834575591e-04 9.4070647641e+03 1.5707963268e+00 -3.0508124431e+00
2.6975810695e-04 9.3872756897e+03 1.5707963268e+00 -3.0572523318e+00
2.7121950860e-04 9.3673393960e+03 1.5707963268e+00 -3.0637193149e+00
2.7273410925e-04 9.3472550976e+03 1.5707963268e+00 -3.0702137667e+00
2.7430660347e-04 9.3270221599e+03 1.5707963268e+00 -3.0767360676e+00
2.7594233171e-04 9.3066401352e+03 1.5707963268e+00 -3.0832866047e+00
2.7764740378e-04 9.2861088065e+03 1.5707963268e+00 -3.0898657711e+00
2.7942885314e-04 9.2654282437e+03 1.5707963268e+00 -3.0964739660e+00
2.8129483168e-04 9.2445988744e+03 1.5707963268e+00 -3.1031115944e+00
2.8325485842e-04 9.2236215750e+03 1.5707963268e+00 -3.1097790666e+00
2.8532014097e-04 9.2024977886e+03 1.5707963268e+00 -3.1164767977e+00
2.8750399677e-04 9.1812296805e+03 1.5707963268e+00 -3.1232052068e+00
2.8982241347e-04 9.1598203452e+03 1.5707963268e+00 -3.1299647163e+00
2.9229480726e-04 9.1382740865e+03 1.5707963268e+00 -3.1367557502e+00
2.9494506867e-04 9.1165968054e+03 1.5707963268e+00 -3.1435787326e+00
2.9780303678e-04 9.0947965445e+03 1.5707963268e+00 -3.1504340853e+00
3.0090662910e-04 9.0728842748e+03 1.5707963268e+00 -3.1573222239e+00
3.0430500856e-04 9.0508750612e+03 1.5707963268e+00 -3.1642435540e+00
3.0806345335e-04 9.0287898462e+03 1.5707963268e+00 -3.1711984639e+00
3.1227114876e-04 9.0066582851e+03 1.5707963268e+00 -3.1781873155e+00
3.1705426745e-04 8.9845234601e+03 1.5707963268e+00 -3.1852104295e+00
3.2259926351e-04 8.9624501694e+03 1.5707963268e+00 -3.1922680636e+00
3.2919757199e-04 8.9405405518e+03 1.5707963268e+00 -3.1993603763e+00
3.3734019537e-04 8.9189663262e+03 1.5707963268e+00 -3.2064873647e+00
3.4794668553e-04 8.8980440072e+03 1.5707963268e+00 -3.2136487491e+00
3.6304233276e-04 8.8784448532e+03 1.5707963268e+00 -3.2208437322e+00
