0.0000000000e+00 1.1530747573e+04 1.5707963268e+00 0.0000000000e+00
3.0794592586e-07 1.1530747573e+04 1.5707963268e+00 -3.8461538462e-03
6.1589185171e-07 1.1530721331e+04 1.5707963268e+00 -7.6923076923e-03
9.2384011368e-07 1.1530668847e+04 1.5707963268e+00 -1.1538479045e-02
1.2317930479e-06 1.1530590121e+04 1.5707963268e+00 -1.5384685410e-02
1.5397529910e-06 1.1530485151e+04 1.5707963268e+00 -1.9230944296e-02
1.8477222797e-06 1.1530353935e+04 1.5707963268e+00 -2.3077273212e-02
2.1557032518e-06 1.1530196472e+04 1.5707963268e+00 -2.6923689669e-02
2.4636982457e-06 1.1530012758e+04 1.5707963268e+00 -3.0770211183e-02
2.7717096008e-06 1.1529802789e+04 1.5707963268e+00 -3.4616855272e-02
3.0797396581e-06 1.1529566562e+04 1.5707963268e+00 -3.8463639460e-02
3.3877907596e-06 1.1529304071e+04 1.5707963268e+00 -4.2310581278e-02
3.6958652493e-06 1.1529015311e+04 1.5707963268e+00 -4.6157698261e-02
4.0039654729e-06 1.1528700275e+04 1.5707963268e+00 -5.0005007951e-02
4.3120937779e-06 1.1528358957e+04 1.5707963268e+00 -5.3852527901e-02
4.6202525146e-06 1.1527991349e+04 1.5707963268e+00 -5.7700275669e-02
4.9284440350e-06 1.1527597444e+04 1.5707963268e+00 -6.1548268826e-02
5.2366706944e-06 1.1527177232e+04 1.5707963268e+00 -6.5396524951e-02
5.5449348504e-06 1.1526730704e+04 1.5707963268e+00 -6.9245061634e-02
5.8532388640e-06 1.1526257851e+04 1.5707963268e+00 -7.3093896478e-02
6.1615850992e-06 1.1525758661e+04 1.5707963268e+00 -7.6943047099e-02
6.4699759233e-06 1.1525233124e+04 1.5707963268e+00 -8.0792531125e-02
6.7784137076e-06 1.1524681227e+04 1.5707963268e+00 -8.4642366199e-02
7.0869008269e-06 1.1524102958e+04 1.5707963268e+00 -8.8492569978e-02
7.3954396602e-06 1.1523498305e+04 1.5707963268e+00 -9.2343160138e-02
7.7040325906e-06 1.1522867252e+04 1.5707963268e+00 -9.6194154368e-02
8.0126820056e-06 1.1522209787e+04 1.5707963268e+00 -1.0004557038e-01
8.3213902975e-06 1.1521525893e+04 1.5707963268e+00 -1.0389742589e-01
8.6301598633e-06 1.1520815555e+04 1.5707963268e+00 -1.0774973865e-01
8.9389931051e-06 1.1520078757e+04 1.5707963268e+00 -1.1160252642e-01
9.2478924303e-06 1.1519315482e+04 1.5707963268e+00 -1.1545580700e-01
9.5568602517e-06 1.1518525712e+04 1.5707963268e+00 -1.1930959818e-01
9.8658989876e-06 1.1517709429e+04 1.5707963268e+00 -1.2316391780e-01
1.0175011063e-05 1.1516866614e+04 1.5707963268e+00 -1.2701878370e-01
1.0484198907e-05 1.1515997247e+04 1.5707963268e+00 -1.3087421377e-01
1.0793464958e-05 1.1515101309e+04 1.5707963268e+00 -1.3473022590e-01
1.1102811658e-05 1.1514178778e+04 1.5707963268e+00 -1.3858683803e-01
1.1412241457e-05 1.1513229633e+04 1.5707963268e+00 -1.4244406810e-01
1.1721756814e-05 1.1512253852e+04 1.5707963268e+00 -1.4630193409e-01
1.2031360190e-05 1.1511251411e+04 1.5707963268e+00 -1.5016045402e-01
1.2341054060e-05 1.1510222289e+04 1.5707963268e+00 -1.5401964591e-01
1.2650840900e-05 1.1509166460e+04 1.5707963268e+00 -1.5787952784e-01
1.2960723199e-05 1.1508083899e+04 1.5707963268e+00 -1.6174011790e-01
1.3270703452e-05 1.1506974582e+04 1.5707963268e+00 -1.6560143422e-01
1.3580784162e-05 1.1505838482e+04 1.5707963268e+00 -1.6946349495e-01
1.3890967840e-05 1.1504675572e+04 1.5707963268e+00 -1.7332631831e-01
1.4201257009e-05 1.1503485826e+04 1.5707963268e+00 -1.7718992250e-01
1.4511654196e-05 1.1502269214e+04 1.5707963268e+00 -1.8105432580e-01
1.4822161942e-05 1.1501025708e+04 1.5707963268e+00 -1.8491954650e-01
1.5132782795e-05 1.1499755279e+04 1.5707963268e+00 -1.8878560293e-01
1.5443519313e-05 1.1498457896e+04 1.5707963268e+00 -1.9265251347e-01
1.5754374064e-05 1.1497133529e+04 1.5707963268e+00 -1.9652029652e-01
1.6065349625e-05 1.1495782147e+04 1.5707963268e+00 -2.0038897054e-01
1.6376448587e-05 1.1494403717e+04 1.5707963268e+00 -2.0425855402e-01
1.6687673548e-05 1.1492998205e+04 1.5707963268e+00 -2.0812906548e-01
1.6999027119e-05 1.1491565580e+04 1.5707963268e+00 -2.1200052349e-01
1.7310511921e-05 1.1490105806e+04 1.5707963268e+00 -2.1587294668e-01
1.7622130587e-05 1.1488618849e+04 1.5707963268e+00 -2.1974635369e-01
1.7933885762e-05 1.1487104674e+04 1.5707963268e+00 -2.2362076323e-01
1.8245780102e-05 1.1485563242e+04 1.5707963268e+00 -2.2749619405e-01
1.8557816277e-05 1.1483994519e+04 1.5707963268e+00 -2.3137266495e-01
1.8869996968e-05 1.1482398466e+04 1.5707963268e+00 -2.3525019475e-01
1.9182324869e-05 1.1480775045e+04 1.5707963268e+00 -2.3912880236e-01
1.9494802688e-05 1.1479124216e+04 1.5707963268e+00 -2.4300850672e-01
1.9807433144e-05 1.1477445940e+04 1.5707963268e+00 -2.4688932680e-01
2.0120218972e-05 1.1475740177e+04 1.5707963268e+00 -2.5077128165e-01
2.0433162921e-05 1.1474006884e+04 1.5707963268e+00 -2.5465439037e-01
2.0746267751e-05 1.1472246021e+04 1.5707963268e+00 -2.5853867209e-01
2.1059536241e-05 1.1470457544e+04 1.5707963268e+00 -2.6242414602e-01
2.1372971181e-05 1.1468641410e+04 1.5707963268e+00 -2.6631083141e-01
2.1686575378e-05 1.1466797575e+04 1.5707963268e+00 -2.7019874757e-01
2.2000351654e-05 1.1464925995e+04 1.5707963268e+00 -2.7408791386e-01
2.2314302846e-05 1.1463026622e+04 1.5707963268e+00 -2.7797834971e-01
2.2628431808e-05 1.1461099412e+04 1.5707963268e+00 -2.8187007461e-01
2.2942741409e-05 1.1459144317e+04 1.5707963268e+00 -2.8576310809e-01
2.3257234536e-05 1.1457161290e+04 1.5707963268e+00 -2.8965746975e-01
2.3571914091e-05 1.1455150281e+04 1.5707963268e+00 -2.9355317927e-01
2.3886782996e-05 1.1453111241e+04 1.5707963268e+00 -2.9745025638e-01
2.4201844188e-05 1.1451044121e+04 1.5707963268e+00 -3.0134872086e-01
2.4517100623e-05 1.1448948869e+04 1.5707963268e+00 -3.0524859257e-01
2.4832555275e-05 1.1446825434e+04 1.5707963268e+00 -3.0914989144e-01
2.5148211136e-05 1.1444673763e+04 1.5707963268e+00 -3.1305263745e-01
2.5464071219e-05 1.1442493804e+04 1.5707963268e+00 -3.1695685067e-01
2.5780138554e-05 1.1440285502e+04 1.5707963268e+00 -3.2086255122e-01
2.6096416192e-05 1.1438048804e+04 1.5707963268e+00 -3.2476975931e-01
2.6412907202e-05 1.1435783652e+04 1.5707963268e+00 -3.2867849520e-01
2.6729614676e-05 1.1433489991e+04 1.5707963268e+00 -3.3258877923e-01
2.7046541725e-05 1.1431167765e+04 1.5707963268e+00 -3.3650063183e-01
2.7363691481e-05 1.1428816914e+04 1.5707963268e+00 -3.4041407347e-01
2.7681067099e-05 1.1426437381e+04 1.5707963268e+00 -3.4432912474e-01
2.7998671753e-05 1.1424029106e+04 1.5707963268e+00 -3.4824580627e-01
2.8316508643e-05 1.1421592029e+04 1.5707963268e+00 -3.5216413879e-01
2.8634580989e-05 1.1419126089e+04 1.5707963268e+00 -3.5608414309e-01
2.8952892034e-05 1.1416631223e+04 1.5707963268e+00 -3.6000584007e-01
2.9271445047e-05 1.1414107369e+04 1.5707963268e+00 -3.6392925068e-01
2.9590243317e-05 1.1411554463e+04 1.5707963268e+00 -3.6785439598e-01
2.9909290160e-05 1.1408972442e+04 1.5707963268e+00 -3.7178129708e-01
3.0228588916e-05 1.1406361239e+04 1.5707963268e+00 -3.7570997522e-01
3.0548142951e-05 1.1403720790e+04 1.5707963268e+00 -3.7964045170e-01
3.0867955655e-05 1.1401051026e+04 1.5707963268e+00 -3.8357274790e-01
3.1188030446e-05 1.1398351880e+04 1.5707963268e+00 -3.8750688530e-01
3.1508370766e-05 1.1395623283e+04 1.5707963268e+00 -3.9144288549e-01
3.1828980085e-05 1.1392865166e+04 1.5707963268e+00 -3.9538077011e-01
3.2149861903e-05 1.1390077459e+04 1.5707963268e+00 -3.9932056093e-01
3.2471019744e-05 1.1387260090e+04 1.5707963268e+00 -4.0326227980e-01
3.2792457162e-05 1.1384412987e+04 1.5707963268e+00 -4.0720594865e-01
3.3114177742e-05 1.1381536077e+04 1.5707963268e+00 -4.1115158954e-01
3.3436185094e-05 1.1378629286e+04 1.5707963268e+00 -4.1509922461e-01
3.3758482862e-05 1.1375692540e+04 1.5707963268e+00 -4.1904887609e-01
3.4081074718e-05 1.1372725762e+04 1.5707963268e+00 -4.2300056633e-01
3.4403964366e-05 1.1369728875e+04 1.5707963268e+00 -4.2695431776e-01
3.4727155542e-05 1.1366701804e+04 1.5707963268e+00 -4.3091015295e-01
3.5050652013e-05 1.1363644468e+04 1.5707963268e+00 -4.3486809453e-01
3.5374457579e-05 1.1360556788e+04 1.5707963268e+00 -4.3882816527e-01
3.5698576072e-05 1.1357438685e+04 1.5707963268e+00 -4.4279038804e-01
3.6023011362e-05 1.1354290076e+04 1.5707963268e+00 -4.4675478581e-01
3.6347767347e-05 1.1351110879e+04 1.5707963268e+00 -4.5072138168e-01
3.6672847965e-05 1.1347901012e+04 1.5707963268e+00 -4.5469019883e-01
3.6998257188e-05 1.1344660390e+04 1.5707963268e+00 -4.5866126058e-01
3.7323999024e-05 1.1341388928e+04 1.5707963268e+00 -4.6263459037e-01
3.7650077517e-05 1.1338086539e+04 1.5707963268e+00 -4.6661021174e-01
3.7976496751e-05 1.1334753137e+04 1.5707963268e+00 -4.7058814836e-01
3.8303260844e-05 1.1331388634e+04 1.5707963268e+00 -4.7456842400e-01
3.8630373957e-05 1.1327992940e+04 1.5707963268e+00 -4.7855106258e-01
3.8957840288e-05 1.1324565965e+04 1.5707963268e+00 -4.8253608813e-01
3.9285664077e-05 1.1321107618e+04 1.5707963268e+00 -4.8652352480e-01
3.9613849601e-05 1.1317617807e+04 1.5707963268e+00 -4.9051339687e-01
3.9942401184e-05 1.1314096438e+04 1.5707963268e+00 -4.9450572875e-01
4.0271323188e-05 1.1310543418e+04 1.5707963268e+00 -4.9850054499e-01
4.0600620020e-05 1.1306958651e+04 1.5707963268e+00 -5.0249787025e-01
4.0930296131e-05 1.1303342041e+04 1.5707963268e+00 -5.0649772933e-01
4.1260356014e-05 1.1299693489e+04 1.5707963268e+00 -5.1050014719e-01
4.1590804212e-05 1.1296012899e+04 1.5707963268e+00 -5.1450514888e-01
4.1921645309e-05 1.1292300170e+04 1.5707963268e+00 -5.1851275963e-01
4.2252883940e-05 1.1288555201e+04 1.5707963268e+00 -5.2252300479e-01
4.2584524786e-05 1.1284777891e+04 1.5707963268e+00 -5.2653590986e-01
4.2916572577e-05 1.1280968136e+04 1.5707963268e+00 -5.3055150048e-01
4.3249032092e-05 1.1277125834e+04 1.5707963268e+00 -5.3456980244e-01
4.3581908161e-05 1.1273250877e+04 1.5707963268e+00 -5.3859084167e-01
4.3915205666e-05 1.1269343162e+04 1.5707963268e+00 -5.4261464425e-01
4.4248929540e-05 1.1265402579e+04 1.5707963268e+00 -5.4664123642e-01
4.4583084770e-05 1.1261429020e+04 1.5707963268e+00 -5.5067064458e-01
4.4917676397e-05 1.1257422376e+04 1.5707963268e+00 -5.5470289525e-01
4.5252709517e-05 1.1253382535e+04 1.5707963268e+00 -5.5873801516e-01
4.5588189282e-05 1.1249309386e+04 1.5707963268e+00 -5.6277603115e-01
4.5924120901e-05 1.1245202815e+04 1.5707963268e+00 -5.6681697025e-01
4.6260509642e-05 1.1241062707e+04 1.5707963268e+00 -5.7086085965e-01
4.6597360832e-05 1.1236888947e+04 1.5707963268e+00 -5.7490772670e-01
4.6934679858e-05 1.1232681418e+04 1.5707963268e+00 -5.7895759891e-01
4.7272472169e-05 1.1228440002e+04 1.5707963268e+00 -5.8301050399e-01
4.7610743276e-05 1.1224164578e+04 1.5707963268e+00 -5.8706646979e-01
4.7949498754e-05 1.1219855027e+04 1.5707963268e+00 -5.9112552435e-01
4.8288744243e-05 1.1215511226e+04 1.5707963268e+00 -5.9518769588e-01
4.8628485449e-05 1.1211133053e+04 1.5707963268e+00 -5.9925301278e-01
4.8968728145e-05 1.1206720381e+04 1.5707963268e+00 -6.0332150361e-01
4.9309478174e-05 1.1202273087e+04 1.5707963268e+00 -6.0739319714e-01
4.9650741448e-05 1.1197791041e+04 1.5707963268e+00 -6.1146812230e-01
4.9992523951e-05 1.1193274116e+04 1.5707963268e+00 -6.1554630823e-01
5.0334831737e-05 1.1188722182e+04 1.5707963268e+00 -6.1962778424e-01
5.0677670937e-05 1.1184135107e+04 1.5707963268e+00 -6.2371257986e-01
5.1021047756e-05 1.1179512759e+04 1.5707963268e+00 -6.2780072480e-01
5.1364968477e-05 1.1174855004e+04 1.5707963268e+00 -6.3189224895e-01
5.1709439460e-05 1.1170161706e+04 1.5707963268e+00 -6.3598718243e-01
5.2054467145e-05 1.1165432729e+04 1.5707963268e+00 -6.4008555555e-01
5.2400058053e-05 1.1160667933e+04 1.5707963268e+00 -6.4418739883e-01
5.2746218789e-05 1.1155867181e+04 1.5707963268e+00 -6.4829274300e-01
5.3092956042e-05 1.1151030329e+04 1.5707963268e+00 -6.5240161898e-01
5.3440276588e-05 1.1146157236e+04 1.5707963268e+00 -6.5651405794e-01
5.3788187288e-05 1.1141247758e+04 1.5707963268e+00 -6.6063009124e-01
5.4136695097e-05 1.1136301748e+04 1.5707963268e+00 -6.6474975046e-01
5.4485807057e-05 1.1131319061e+04 1.5707963268e+00 -6.6887306742e-01
5.4835530307e-05 1.1126299546e+04 1.5707963268e+00 -6.7300007416e-01
5.5185872077e-05 1.1121243054e+04 1.5707963268e+00 -6.7713080292e-01
5.5536839698e-05 1.1116149433e+04 1.5707963268e+00 -6.8126528621e-01
5.5888440597e-05 1.1111018530e+04 1.5707963268e+00 -6.8540355676e-01
5.6240682303e-05 1.1105850190e+04 1.5707963268e+00 -6.8954564753e-01
5.6593572448e-05 1.1100644256e+04 1.5707963268e+00 -6.9369159172e-01
5.6947118769e-05 1.1095400570e+04 1.5707963268e+00 -6.9784142278e-01
5.7301329109e-05 1.1090118973e+04 1.5707963268e+00 -7.0199517441e-01
5.7656211422e-05 1.1084799302e+04 1.5707963268e+00 -7.0615288055e-01
5.8011773772e-05 1.1079441395e+04 1.5707963268e+00 -7.1031457540e-01
5.8368024338e-05 1.1074045087e+04 1.5707963268e+00 -7.1448029342e-01
5.8724971415e-05 1.1068610212e+04 1.5707963268e+00 -7.1865006931e-01
5.9082623416e-05 1.1063136600e+04 1.5707963268e+00 -7.2282393805e-01
5.9440988877e-05 1.1057624083e+04 1.5707963268e+00 -7.2700193488e-01
5.9800076454e-05 1.1052072488e+04 1.5707963268e+00 -7.3118409532e-01
6.0159894934e-05 1.1046481641e+04 1.5707963268e+00 -7.3537045516e-01
6.0520453230e-05 1.1040851368e+04 1.5707963268e+00 -7.3956105046e-01
6.0881760387e-05 1.1035181491e+04 1.5707963268e+00 -7.4375591756e-01
6.1243825585e-05 1.1029471831e+04 1.5707963268e+00 -7.4795509309e-01
6.1606658142e-05 1.1023722208e+04 1.5707963268e+00 -7.5215861397e-01
6.1970267515e-05 1.1017932438e+04 1.5707963268e+00 -7.5636651741e-01
6.2334663306e-05 1.1012102337e+04 1.5707963268e+00 -7.6057884091e-01
6.2699855263e-05 1.1006231718e+04 1.5707963268e+00 -7.6479562229e-01
6.3065853284e-05 1.1000320393e+04 1.5707963268e+00 -7.6901689966e-01
6.3432667420e-05 1.0994368171e+04 1.5707963268e+00 -7.7324271143e-01
6.3800307878e-05 1.0988374859e+04 1.5707963268e+00 -7.7747309633e-01
6.4168785025e-05 1.0982340264e+04 1.5707963268e+00 -7.8170809341e-01
6.4538109394e-05 1.0976264188e+04 1.5707963268e+00 -7.8594774204e-01
6.4908291682e-05 1.0970146433e+04 1.5707963268e+00 -7.9019208192e-01
6.5279342760e-05 1.0963986798e+04 1.5707963268e+00 -7.9444115307e-01
6.5651273671e-05 1.0957785081e+04 1.5707963268e+00 -7.9869499585e-01
6.6024095640e-05 1.0951541076e+04 1.5707963268e+00 -8.0295365095e-01
6.6397820072e-05 1.0945254576e+04 1.5707963268e+00 -8.0721715942e-01
6.6772458563e-05 1.0938925373e+04 1.5707963268e+00 -8.1148556264e-01
6.7148022897e-05 1.0932553254e+04 1.5707963268e+00 -8.1575890235e-01
6.7524525057e-05 1.0926138006e+04 1.5707963268e+00 -8.2003722065e-01
6.7901977225e-05 1.0919679413e+04 1.5707963268e+00 -8.2432056001e-01
6.8280391790e-05 1.0913177257e+04 1.5707963268e+00 -8.2860896326e-01
6.8659781350e-05 1.0906631316e+04 1.5707963268e+00 -8.3290247359e-01
6.9040158718e-05 1.0900041369e+04 1.5707963268e+00 -8.3720113458e-01
6.9421536930e-05 1.0893407190e+04 1.5707963268e+00 -8.4150499021e-01
6.9803929247e-05 1.0886728551e+04 1.5707963268e+00 -8.4581408481e-01
7.0187349160e-05 1.0880005223e+04 1.5707963268e+00 -8.5012846314e-01
7.0571810398e-05 1.0873236971e+04 1.5707963268e+00 -8.5444817034e-01
7.0957326934e-05 1.0866423563e+04 1.5707963268e+00 -8.5877325196e-01
7.1343912988e-05 1.0859564759e+04 1.5707963268e+00 -8.6310375396e-01
7.1731583037e-05 1.0852660321e+04 1.5707963268e+00 -8.6743972272e-01
7.2120351818e-05 1.0845710004e+04 1.5707963268e+00 -8.7178120504e-01
7.2510234337e-05 1.0838713565e+04 1.5707963268e+00 -8.7612824815e-01
7.2901245874e-05 1.0831670754e+04 1.5707963268e+00 -8.8048089971e-01
7.3293401993e-05 1.0824581322e+04 1.5707963268e+00 -8.8483920783e-01
7.3686718545e-05 1.0817445015e+04 1.5707963268e+00 -8.8920322106e-01
7.4081211677e-05 1.0810261577e+04 1.5707963268e+00 -8.9357298840e-01
7.4476897844e-05 1.0803030749e+04 1.5707963268e+00 -8.9794855933e-01
7.4873793808e-05 1.0795752270e+04 1.5707963268e+00 -9.0232998376e-01
7.5271916657e-05 1.0788425875e+04 1.5707963268e+00 -9.0671731212e-01
7.5671283804e-05 1.0781051296e+04 1.5707963268e+00 -9.1111059527e-01
7.6071913001e-05 1.0773628264e+04 1.5707963268e+00 -9.1550988461e-01
7.6473822346e-05 1.0766156505e+04 1.5707963268e+00 -9.1991523200e-01
7.6877030296e-05 1.0758635743e+04 1.5707963268e+00 -9.2432668980e-01
7.7281555670e-05 1.0751065699e+04 1.5707963268e+00 -9.2874431091e-01
7.7687417664e-05 1.0743446090e+04 1.5707963268e+00 -9.3316814871e-01
7.8094635863e-05 1.0735776630e+04 1.5707963268e+00 -9.3759825713e-01
7.8503230244e-05 1.0728057032e+04 1.5707963268e+00 -9.4203469063e-01
7.8913221196e-05 1.0720287003e+04 1.5707963268e+00 -9.4647750419e-01
7.9324629526e-05 1.0712466248e+04 1.5707963268e+00 -9.5092675335e-01
7.9737476471e-05 1.0704594469e+04 1.5707963268e+00 -9.5538249423e-01
8.0151783713e-05 1.0696671364e+04 1.5707963268e+00 -9.5984478348e-01
8.0567573391e-05 1.0688696629e+04 1.5707963268e+00 -9.6431367834e-01
8.0984868112e-05 1.0680669953e+04 1.5707963268e+00 -9.6878923663e-01
8.1403690966e-05 1.0672591027e+04 1.5707963268e+00 -9.7327151675e-01
8.1824065542e-05 1.0664459534e+04 1.5707963268e+00 -9.7776057773e-01
8.2246015939e-05 1.0656275155e+04 1.5707963268e+00 -9.8225647918e-01
8.2669566785e-05 1.0648037567e+04 1.5707963268e+00 -9.8675928133e-01
8.3094743250e-05 1.0639746445e+04 1.5707963268e+00 -9.9126904506e-01
8.3521571063e-05 1.0631401458e+04 1.5707963268e+00 -9.9578583187e-01
8.3950076531e-05 1.0623002273e+04 1.5707963268e+00 -1.0003097039e+00
8.4380286553e-05 1.0614548551e+04 1.5707963268e+00 -1.0048407240e+00
8.4812228642e-05 1.0606039952e+04 1.5707963268e+00 -1.0093789556e+00
8.5245930942e-05 1.0597476131e+04 1.5707963268e+00 -1.0139244629e+00
8.5681422249e-05 1.0588856737e+04 1.5707963268e+00 -1.0184773106e+00
8.6118732029e-05 1.0580181418e+04 1.5707963268e+00 -1.0230375645e+00
8.6557890444e-05 1.0571449816e+04 1.5707963268e+00 -1.0276052907e+00
8.6998928368e-05 1.0562661570e+04 1.5707963268e+00 -1.0321805561e+00
8.7441877417e-05 1.0553816314e+04 1.5707963268e+00 -1.0367634286e+00
8.7886769968e-05 1.0544913678e+04 1.5707963268e+00 -1.0413539765e+00
8.8333639186e-05 1.0535953287e+04 1.5707963268e+00 -1.0459522692e+00
8.8782519051e-05 1.0526934763e+04 1.5707963268e+00 -1.0505583765e+00
8.9233444382e-05 1.0517857722e+04 1.5707963268e+00 -1.0551723692e+00
8.9686450871e-05 1.0508721778e+04 1.5707963268e+00 -1.0597943189e+00
9.0141575104e-05 1.0499526537e+04 1.5707963268e+00 -1.0644242980e+00
9.0598854603e-05 1.0490271603e+04 1.5707963268e+00 -1.0690623797e+00
9.1058327847e-05 1.0480956575e+04 1.5707963268e+00 -1.0737086379e+00
9.1520034313e-05 1.0471581045e+04 1.5707963268e+00 -1.0783631476e+00
9.1984014509e-05 1.0462144603e+04 1.5707963268e+00 -1.0830259845e+00
9.2450310008e-05 1.0452646833e+04 1.5707963268e+00 -1.0876972252e+00
9.2918963491e-05 1.0443087313e+04 1.5707963268e+00 -1.0923769472e+00
9.3390018783e-05 1.0433465618e+04 1.5707963268e+00 -1.0970652290e+00
9.3863520897e-05 1.0423781315e+04 1.5707963268e+00 -1.1017621498e+00
9.4339516075e-05 1.0414033970e+04 1.5707963268e+00 -1.1064677899e+00
9.4818051837e-05 1.0404223138e+04 1.5707963268e+00 -1.1111822306e+00
9.5299177028e-05 1.0394348375e+04 1.5707963268e+00 -1.1159055540e+00
9.5782941865e-05 1.0384409226e+04 1.5707963268e+00 -1.1206378433e+00
9.6269397993e-05 1.0374405234e+04 1.5707963268e+00 -1.1253791828e+00
9.6758598541e-05 1.0364335935e+04 1.5707963268e+00 -1.1301296575e+00
9.7250598174e-05 1.0354200859e+04 1.5707963268e+00 -1.1348893538e+00
9.7745453160e-05 1.0343999532e+04 1.5707963268e+00 -1.1396583589e+00
9.8243221429e-05 1.0333731473e+04 1.5707963268e+00 -1.1444367611e+00
9.8743962641e-05 1.0323396193e+04 1.5707963268e+00 -1.1492246500e+00
9.9247738257e-05 1.0312993201e+04 1.5707963268e+00 -1.1540221162e+00
9.9754611614e-05 1.0302521997e+04 1.5707963268e+00 -1.1588292512e+00
1.0026464800e-04 1.0291982076e+04 1.5707963268e+00 -1.1636461480e+00
1.0077791472e-04 1.0281372925e+04 1.5707963268e+00 -1.1684729006e+00
1.0129448123e-04 1.0270694027e+04 1.5707963268e+00 -1.1733096042e+00
1.0181441917e-04 1.0259944858e+04 1.5707963268e+00 -1.1781563552e+00
1.0233780250e-04 1.0249124885e+04 1.5707963268e+00 -1.1830132513e+00
1.0286470755e-04 1.0238233571e+04 1.5707963268e+00 -1.1878803914e+00
1.0339521321e-04 1.0227270372e+04 1.5707963268e+00 -1.1927578757e+00
1.0392940097e-04 1.0216234735e+04 1.5707963268e+00 -1.1976458057e+00
1.0446735504e-04 1.0205126102e+04 1.5707963268e+00 -1.2025442843e+00
1.0500916253e-04 1.0193943908e+04 1.5707963268e+00 -1.2074534156e+00
1.0555491352e-04 1.0182687579e+04 1.5707963268e+00 -1.2123733052e+00
1.0610470124e-04 1.0171356535e+04 1.5707963268e+00 -1.2173040601e+00
1.0665862220e-04 1.0159950188e+04 1.5707963268e+00 -1.2222457886e+00
1.0721677637e-04 1.0148467944e+04 1.5707963268e+00 -1.2271986006e+00
1.0777926729e-04 1.0136909199e+04 1.5707963268e+00 -1.2321626074e+00
1.0834620231e-04 1.0125273343e+04 1.5707963268e+00 -1.2371379218e+00
1.0891769275e-04 1.0113559758e+04 1.5707963268e+00 -1.2421246583e+00
1.0949385410e-04 1.0101767817e+04 1.5707963268e+00 -1.2471229328e+00
1.1007480620e-04 1.0089896885e+04 1.5707963268e+00 -1.2521328628e+00
1.1066067355e-04 1.0077946321e+04 1.5707963268e+00 -1.2571545674e+00
1.1125158545e-04 1.0065915473e+04 1.5707963268e+00 -1.2621881676e+00
1.1184767632e-04 1.0053803682e+04 1.5707963268e+00 -1.2672337858e+00
1.1244908596e-04 1.0041610280e+04 1.5707963268e+00 -1.2722915462e+00
1.1305595982e-04 1.0029334590e+04 1.5707963268e+00 -1.2773615749e+00
1.1366844932e-04 1.0016975928e+04 1.5707963268e+00 -1.2824439996e+00
1.1428671221e-04 1.0004533600e+04 1.5707963268e+00 -1.2875389500e+00
1.1491091289e-04 9.9920069027e+03 1.5707963268e+00 -1.2926465575e+00
1.1554122279e-04 9.9793951239e+03 1.5707963268e+00 -1.2977669555e+00
1.1617782082e-04 9.9666975429e+03 1.5707963268e+00 -1.3029002793e+00
1.1682089377e-04 9.9539134292e+03 1.5707963268e+00 -1.3080466662e+00
1.1747063677e-04 9.9410420434e+03 1.5707963268e+00 -1.3132062554e+00
1.1812725386e-04 9.9280826364e+03 1.5707963268e+00 -1.3183791883e+00
1.1879095847e-04 9.9150344498e+03 1.5707963268e+00 -1.3235656084e+00
1.1946197404e-04 9.9018967155e+03 1.5707963268e+00 -1.3287656612e+00
1.2014053465e-04 9.8886686559e+03 1.5707963268e+00 -1.3339794945e+00
1.2082688571e-04 9.8753494836e+03 1.5707963268e+00 -1.3392072582e+00
1.2152128470e-04 9.8619384016e+03 1.5707963268e+00 -1.3444491046e+00
1.2222400197e-04 9.8484346032e+03 1.5707963268e+00 -1.3497051883e+00
1.2293532162e-04 9.8348372716e+03 1.5707963268e+00 -1.3549756660e+00
1.2365554245e-04 9.8211455805e+03 1.5707963268e+00 -1.3602606973e+00
1.2438497898e-04 9.8073586939e+03 1.5707963268e+00 -1.3655604438e+00
1.2512396257e-04 9.7934757658e+03 1.5707963268e+00 -1.3708750698e+00
1.2587284268e-04 9.7794959407e+03 1.5707963268e+00 -1.3762047422e+00
1.2663198816e-04 9.7654183534e+03 1.5707963268e+00 -1.3815496304e+00
1.2740178873e-04 9.7512421292e+03 1.5707963268e+00 -1.3869099065e+00
1.2818265660e-04 9.7369663841e+03 1.5707963268e+00 -1.3922857455e+00
1.2897502824e-04 9.7225902251e+03 1.5707963268e+00 -1.3976773247e+00
1.2977936624e-04 9.7081127499e+03 1.5707963268e+00 -1.4030848248e+00
1.3059616156e-04 9.6935330478e+03 1.5707963268e+00 -1.4085084291e+00
1.3142593579e-04 9.6788501998e+03 1.5707963268e+00 -1.4139483237e+00
1.3226924379e-04 9.6640632789e+03 1.5707963268e+00 -1.4194046980e+00
1.3312667658e-04 9.6491713507e+03 1.5707963268e+00 -1.4248777444e+00
1.3399886453e-04 9.6341734740e+03 1.5707963268e+00 -1.4303676582e+00
1.3488648095e-04 9.6190687012e+03 1.5707963268e+00 -1.4358746381e+00
1.3579024604e-04 9.6038560797e+03 1.5707963268e+00 -1.4413988861e+00
1.3671093138e-04 9.5885346521e+03 1.5707963268e+00 -1.4469406074e+00
1.3764936486e-04 9.5731034577e+03 1.5707963268e+00 -1.4525000106e+00
1.3860643637e-04 9.5575615338e+03 1.5707963268e+00 -1.4580773076e+00
1.3958310405e-04 9.5419079170e+03 1.5707963268e+00 -1.4636727142e+00
1.4058040151e-04 9.5261416450e+03 1.5707963268e+00 -1.4692864493e+00
1.4159944586e-04 9.5102617584e+03 1.5707963268e+00 -1.4749187358e+00
1.4264144702e-04 9.4942673036e+03 1.5707963268e+00 -1.4805698001e+00
1.4370771819e-04 9.4781573350e+03 1.5707963268e+00 -1.4862398724e+00
1.4479968796e-04 9.4619309184e+03 1.5707963268e+00 -1.4919291869e+00
1.4591891415e-04 9.4455871349e+03 1.5707963268e+00 -1.4976379813e+00
1.4706709986e-04 9.4291250853e+03 1.5707963268e+00 -1.5033664975e+00
1.4824611202e-04 9.4125438953e+03 1.5707963268e+00 -1.5091149814e+00
1.4945800306e-04 9.3958427217e+03 1.5707963268e+00 -1.5148836828e+00
1.5070503617e-04 9.3790207600e+03 1.5707963268e+00 -1.5206728556e+00
1.5198971511e-04 9.3620772528e+03 1.5707963268e+00 -1.5264827579e+00
1.5331481936e-04 9.3450115007e+03 1.5707963268e+00 -1.5323136517e+00
1.5468344600e-04 9.3278228748e+03 1.5707963268e+00 -1.5381658033e+00
1.5609905975e-04 9.3105108320e+03 1.5707963268e+00 -1.5440394830e+00
1.5756555329e-04 9.2930749334e+03 1.5707963268e+00 -1.5499349654e+00
1.5908732035e-04 9.2755148673e+03 1.5707963268e+00 -1.5558525288e+00
1.6066934510e-04 9.2578304768e+03 1.5707963268e+00 -1.5617924558e+00
1.6231731224e-04 9.2400217948e+03 1.5707963268e+00 -1.5677550324e+00
1.6403774399e-04 9.2220890868e+03 1.5707963268e+00 -1.5737405488e+00
1.6583817192e-04 9.2040329059e+03 1.5707963268e+00 -1.5797492980e+00
1.6772735518e-04 9.1858541621e+03 1.5707963268e+00 -1.5857815767e+00
1.6971556057e-04 9.1675542117e+03 1.5707963268e+00 -1.5918376838e+00
1.7181492691e-04 9.1491349745e+03 1.5707963268e+00 -1.5979179208e+00
1.7403994573e-04 9.1305990874e+03 1.5707963268e+00 -1.6040225904e+00
1.7640810582e-04 9.1119501121e+03 1.5707963268e+00 -1.6101519957e+00
1.7894077296e-04 9.0931928168e+03 1.5707963268e+00 -1.6163064392e+00
1.8166441526e-04 9.0743335703e+03 1.5707963268e+00 -1.6224862211e+00
1.8461234980e-04 9.0553809003e+03 1.5707963268e+00 -1.6286916366e+00
1.8782729916e-04 9.0363463105e+03 1.5707963268e+00 -1.6349229735e+00
1.9136525067e-04 9.0172455065e+03 1.5707963268e+00 -1.6411805071e+00
1.9530149726e-04 8.9981003045e+03 1.5707963268e+00 -1.6474644948e+00
1.9974051238e-04 8.9789417238e+03 1.5707963268e+00 -1.6537751664e+00
2.0483296683e-04 8.9598152570e+03 1.5707963268e+00 -1.6601127113e+00
2.1080704494e-04 8.9407904192e+03 1.5707963268e+00 -1.6664772559e+00
2.1803114863e-04 8.9219794646e+03 1.5707963268e+00 -1.6728688288e+00
2.2715444445e-04 8.9035780800e+03 1.5707963268e+00 -1.6792872968e+00
2.3947666501e-04 8.8859676773e+03 1.5707963268e+00 -1.6857322407e+00
2.5819988447e-04 8.8700368891e+03 1.5707963268e+00 -1.6922026796e+00
