0.0000000000e+00 1.5876952428e+04 1.5707963268e+00 0.0000000000e+00
2.2267752406e-07 1.5876952428e+04 1.5707963268e+00 -2.7932960894e-03
4.4535504813e-07 1.5876972497e+04 1.5707963268e+00 -5.5865921788e-03
6.6803221588e-07 1.5877012637e+04 1.5707963268e+00 -8.3798812062e-03
8.9070867102e-07 1.5877072847e+04 1.5707963268e+00 -1.1173156110e-02
1.1133840572e-06 1.5877153127e+04 1.5707963268e+00 -1.3966409828e-02
1.3360580183e-06 1.5877253478e+04 1.5707963268e+00 -1.6759635298e-02
1.5587301978e-06 1.5877373899e+04 1.5707963268e+00 -1.9552825460e-02
1.7814002397e-06 1.5877514391e+04 1.5707963268e+00 -2.2345973252e-02
2.0040677877e-06 1.5877674954e+04 1.5707963268e+00 -2.5139071613e-02
2.2267324855e-06 1.5877855588e+04 1.5707963268e+00 -2.7932113483e-02
2.4493939772e-06 1.5878056295e+04 1.5707963268e+00 -3.0725091802e-02
2.6720519065e-06 1.5878277074e+04 1.5707963268e+00 -3.3517999511e-02
2.8947059175e-06 1.5878517927e+04 1.5707963268e+00 -3.6310829551e-02
3.1173556541e-06 1.5878778853e+04 1.5707963268e+00 -3.9103574864e-02
3.3400007605e-06 1.5879059854e+04 1.5707963268e+00 -4.1896228393e-02
3.5626408807e-06 1.5879360929e+04 1.5707963268e+00 -4.4688783080e-02
3.7852756590e-06 1.5879682081e+04 1.5707963268e+00 -4.7481231871e-02
4.0079047398e-06 1.5880023310e+04 1.5707963268e+00 -5.0273567710e-02
4.2305277672e-06 1.5880384616e+04 1.5707963268e+00 -5.3065783544e-02
4.4531443858e-06 1.5880766001e+04 1.5707963268e+00 -5.5857872319e-02
4.6757542402e-06 1.5881167466e+04 1.5707963268e+00 -5.8649826984e-02
4.8983569750e-06 1.5881589011e+04 1.5707963268e+00 -6.1441640488e-02
5.1209522349e-06 1.5882030638e+04 1.5707963268e+00 -6.4233305782e-02
5.3435396647e-06 1.5882492348e+04 1.5707963268e+00 -6.7024815817e-02
5.5661189095e-06 1.5882974143e+04 1.5707963268e+00 -6.9816163547e-02
5.7886896143e-06 1.5883476023e+04 1.5707963268e+00 -7.2607341927e-02
6.0112514243e-06 1.5883997989e+04 1.5707963268e+00 -7.5398343912e-02
6.2338039848e-06 1.5884540044e+04 1.5707963268e+00 -7.8189162459e-02
6.4563469414e-06 1.5885102189e+04 1.5707963268e+00 -8.0979790529e-02
6.6788799395e-06 1.5885684425e+04 1.5707963268e+00 -8.3770221081e-02
6.9014026249e-06 1.5886286753e+04 1.5707963268e+00 -8.6560447078e-02
7.1239146436e-06 1.5886909176e+04 1.5707963268e+00 -8.9350461484e-02
7.3464156415e-06 1.5887551695e+04 1.5707963268e+00 -9.2140257266e-02
7.5689052648e-06 1.5888214311e+04 1.5707963268e+00 -9.4929827390e-02
7.7913831599e-06 1.5888897027e+04 1.5707963268e+00 -9.7719164827e-02
8.0138489734e-06 1.5889599844e+04 1.5707963268e+00 -1.0050826255e-01
8.2363023518e-06 1.5890322764e+04 1.5707963268e+00 -1.0329711353e-01
8.4587429422e-06 1.5891065789e+04 1.5707963268e+00 -1.0608571074e-01
8.6811703915e-06 1.5891828922e+04 1.5707963268e+00 -1.0887404717e-01
8.9035843471e-06 1.5892612163e+04 1.5707963268e+00 -1.1166211579e-01
9.1259844562e-06 1.5893415516e+04 1.5707963268e+00 -1.1444990959e-01
9.3483703667e-06 1.5894238982e+04 1.5707963268e+00 -1.1723742154e-01
9.5707417262e-06 1.5895082563e+04 1.5707963268e+00 -1.2002464465e-01
9.7930981829e-06 1.5895946262e+04 1.5707963268e+00 -1.2281157189e-01
1.0015439385e-05 1.5896830081e+04 1.5707963268e+00 -1.2559819627e-01
1.0237764981e-05 1.5897734023e+04 1.5707963268e+00 -1.2838451077e-01
1.0460074620e-05 1.5898658089e+04 1.5707963268e+00 -1.3117050839e-01
1.0682367950e-05 1.5899602282e+04 1.5707963268e+00 -1.3395618214e-01
1.0904644621e-05 1.5900566605e+04 1.5707963268e+00 -1.3674152501e-01
1.1126904282e-05 1.5901551061e+04 1.5707963268e+00 -1.3952653002e-01
1.1349146583e-05 1.5902555651e+04 1.5707963268e+00 -1.4231119017e-01
1.1571371173e-05 1.5903580379e+04 1.5707963268e+00 -1.4509549847e-01
1.1793577703e-05 1.5904625248e+04 1.5707963268e+00 -1.4787944795e-01
1.2015765824e-05 1.5905690259e+04 1.5707963268e+00 -1.5066303161e-01
1.2237935185e-05 1.5906775416e+04 1.5707963268e+00 -1.5344624249e-01
1.2460085438e-05 1.5907880722e+04 1.5707963268e+00 -1.5622907359e-01
1.2682216234e-05 1.5909006180e+04 1.5707963268e+00 -1.5901151796e-01
1.2904327225e-05 1.5910151792e+04 1.5707963268e+00 -1.6179356862e-01
1.3126418061e-05 1.5911317562e+04 1.5707963268e+00 -1.6457521861e-01
1.3348488397e-05 1.5912503493e+04 1.5707963268e+00 -1.6735646096e-01
1.3570537883e-05 1.5913709588e+04 1.5707963268e+00 -1.7013728872e-01
1.3792566172e-05 1.5914935849e+04 1.5707963268e+00 -1.7291769494e-01
1.4014572917e-05 1.5916182281e+04 1.5707963268e+00 -1.7569767265e-01
1.4236557772e-05 1.5917448887e+04 1.5707963268e+00 -1.7847721492e-01
1.4458520390e-05 1.5918735669e+04 1.5707963268e+00 -1.8125631479e-01
1.4680460425e-05 1.5920042631e+04 1.5707963268e+00 -1.8403496534e-01
1.4902377532e-05 1.5921369778e+04 1.5707963268e+00 -1.8681315962e-01
1.5124271364e-05 1.5922717111e+04 1.5707963268e+00 -1.8959089070e-01
1.5346141576e-05 1.5924084635e+04 1.5707963268e+00 -1.9236815166e-01
1.5567987825e-05 1.5925472353e+04 1.5707963268e+00 -1.9514493556e-01
1.5789809765e-05 1.5926880270e+04 1.5707963268e+00 -1.9792123549e-01
1.6011607052e-05 1.5928308387e+04 1.5707963268e+00 -2.0069704454e-01
1.6233379343e-05 1.5929756710e+04 1.5707963268e+00 -2.0347235579e-01
1.6455126293e-05 1.5931225242e+04 1.5707963268e+00 -2.0624716233e-01
1.6676847561e-05 1.5932713987e+04 1.5707963268e+00 -2.0902145727e-01
1.6898542803e-05 1.5934222949e+04 1.5707963268e+00 -2.1179523370e-01
1.7120211678e-05 1.5935752131e+04 1.5707963268e+00 -2.1456848473e-01
1.7341853842e-05 1.5937301538e+04 1.5707963268e+00 -2.1734120348e-01
1.7563468956e-05 1.5938871173e+04 1.5707963268e+00 -2.2011338304e-01
1.7785056676e-05 1.5940461041e+04 1.5707963268e+00 -2.2288501656e-01
1.8006616664e-05 1.5942071146e+04 1.5707963268e+00 -2.2565609715e-01
1.8228148577e-05 1.5943701492e+04 1.5707963268e+00 -2.2842661793e-01
1.8449652078e-05 1.5945352083e+04 1.5707963268e+00 -2.3119657205e-01
1.8671126824e-05 1.5947022923e+04 1.5707963268e+00 -2.3396595265e-01
1.8892572479e-05 1.5948714017e+04 1.5707963268e+00 -2.3673475286e-01
1.9113988702e-05 1.5950425369e+04 1.5707963268e+00 -2.3950296585e-01
1.9335375156e-05 1.5952156983e+04 1.5707963268e+00 -2.4227058475e-01
1.9556731503e-05 1.5953908864e+04 1.5707963268e+00 -2.4503760274e-01
1.9778057405e-05 1.5955681016e+04 1.5707963268e+00 -2.4780401297e-01
1.9999352524e-05 1.5957473444e+04 1.5707963268e+00 -2.5056980862e-01
2.0220616526e-05 1.5959286153e+04 1.5707963268e+00 -2.5333498287e-01
2.0441849072e-05 1.5961119146e+04 1.5707963268e+00 -2.5609952888e-01
2.0663049829e-05 1.5962972429e+04 1.5707963268e+00 -2.5886343986e-01
2.0884218459e-05 1.5964846006e+04 1.5707963268e+00 -2.6162670899e-01
2.1105354629e-05 1.5966739883e+04 1.5707963268e+00 -2.6438932947e-01
2.1326458004e-05 1.5968654063e+04 1.5707963268e+00 -2.6715129450e-01
2.1547528251e-05 1.5970588552e+04 1.5707963268e+00 -2.6991259729e-01
2.1768565035e-05 1.5972543354e+04 1.5707963268e+00 -2.7267323105e-01
2.1989568024e-05 1.5974518475e+04 1.5707963268e+00 -2.7543318902e-01
2.2210536885e-05 1.5976513920e+04 1.5707963268e+00 -2.7819246440e-01
2.2431471287e-05 1.5978529692e+04 1.5707963268e+00 -2.8095105044e-01
2.2652370898e-05 1.5980565799e+04 1.5707963268e+00 -2.8370894037e-01
2.2873235386e-05 1.5982622244e+04 1.5707963268e+00 -2.8646612744e-01
2.3094064422e-05 1.5984699032e+04 1.5707963268e+00 -2.8922260490e-01
2.3314857675e-05 1.5986796169e+04 1.5707963268e+00 -2.9197836600e-01
2.3535614816e-05 1.5988913661e+04 1.5707963268e+00 -2.9473340401e-01
2.3756335516e-05 1.5991051511e+04 1.5707963268e+00 -2.9748771219e-01
2.3977019446e-05 1.5993209727e+04 1.5707963268e+00 -3.0024128383e-01
2.4197666278e-05 1.5995388312e+04 1.5707963268e+00 -3.0299411220e-01
2.4418275686e-05 1.5997587273e+04 1.5707963268e+00 -3.0574619060e-01
2.4638847341e-05 1.5999806614e+04 1.5707963268e+00 -3.0849751231e-01
2.4859380918e-05 1.6002046342e+04 1.5707963268e+00 -3.1124807064e-01
2.5079876090e-05 1.6004306461e+04 1.5707963268e+00 -3.1399785890e-01
2.5300332533e-05 1.6006586978e+04 1.5707963268e+00 -3.1674687040e-01
2.5520749922e-05 1.6008887897e+04 1.5707963268e+00 -3.1949509847e-01
2.5741127931e-05 1.6011209225e+04 1.5707963268e+00 -3.2224253643e-01
2.5961466239e-05 1.6013550966e+04 1.5707963268e+00 -3.2498917763e-01
2.6181764521e-05 1.6015913128e+04 1.5707963268e+00 -3.2773501539e-01
2.6402022456e-05 1.6018295715e+04 1.5707963268e+00 -3.3048004308e-01
2.6622239720e-05 1.6020698733e+04 1.5707963268e+00 -3.3322425404e-01
2.6842415993e-05 1.6023122189e+04 1.5707963268e+00 -3.3596764165e-01
2.7062550954e-05 1.6025566087e+04 1.5707963268e+00 -3.3871019927e-01
2.7282644283e-05 1.6028030434e+04 1.5707963268e+00 -3.4145192029e-01
2.7502695659e-05 1.6030515236e+04 1.5707963268e+00 -3.4419279808e-01
2.7722704765e-05 1.6033020498e+04 1.5707963268e+00 -3.4693282604e-01
2.7942671280e-05 1.6035546227e+04 1.5707963268e+00 -3.4967199758e-01
2.8162594888e-05 1.6038092428e+04 1.5707963268e+00 -3.5241030610e-01
2.8382475271e-05 1.6040659109e+04 1.5707963268e+00 -3.5514774501e-01
2.8602312113e-05 1.6043246274e+04 1.5707963268e+00 -3.5788430774e-01
2.8822105097e-05 1.6045853930e+04 1.5707963268e+00 -3.6061998773e-01
2.9041853907e-05 1.6048482083e+04 1.5707963268e+00 -3.6335477840e-01
2.9261558230e-05 1.6051130739e+04 1.5707963268e+00 -3.6608867321e-01
2.9481217750e-05 1.6053799905e+04 1.5707963268e+00 -3.6882166561e-01
2.9700832155e-05 1.6056489586e+04 1.5707963268e+00 -3.7155374907e-01
2.9920401130e-05 1.6059199790e+04 1.5707963268e+00 -3.7428491704e-01
3.0139924365e-05 1.6061930522e+04 1.5707963268e+00 -3.7701516302e-01
3.0359401546e-05 1.6064681789e+04 1.5707963268e+00 -3.7974448049e-01
3.0578832363e-05 1.6067453597e+04 1.5707963268e+00 -3.8247286295e-01
3.0798216506e-05 1.6070245952e+04 1.5707963268e+00 -3.8520030389e-01
3.1017553665e-05 1.6073058861e+04 1.5707963268e+00 -3.8792679683e-01
3.1236843530e-05 1.6075892331e+04 1.5707963268e+00 -3.9065233529e-01
3.1456085794e-05 1.6078746368e+04 1.5707963268e+00 -3.9337691279e-01
3.1675280147e-05 1.6081620979e+04 1.5707963268e+00 -3.9610052288e-01
3.1894426284e-05 1.6084516170e+04 1.5707963268e+00 -3.9882315910e-01
3.2113523898e-05 1.6087431947e+04 1.5707963268e+00 -4.0154481499e-01
3.2332572682e-05 1.6090368318e+04 1.5707963268e+00 -4.0426548414e-01
3.2551572332e-05 1.6093325289e+04 1.5707963268e+00 -4.0698516009e-01
3.2770522543e-05 1.6096302866e+04 1.5707963268e+00 -4.0970383645e-01
3.2989423012e-05 1.6099301058e+04 1.5707963268e+00 -4.1242150679e-01
3.3208273435e-05 1.6102319869e+04 1.5707963268e+00 -4.1513816471e-01
3.3427073510e-05 1.6105359307e+04 1.5707963268e+00 -4.1785380381e-01
3.3645822935e-05 1.6108419380e+04 1.5707963268e+00 -4.2056841773e-01
3.3864521410e-05 1.6111500093e+04 1.5707963268e+00 -4.2328200007e-01
3.4083168634e-05 1.6114601453e+04 1.5707963268e+00 -4.2599454447e-01
3.4301764306e-05 1.6117723468e+04 1.5707963268e+00 -4.2870604458e-01
3.4520308130e-05 1.6120866144e+04 1.5707963268e+00 -4.3141649404e-01
3.4738799805e-05 1.6124029489e+04 1.5707963268e+00 -4.3412588652e-01
3.4957239036e-05 1.6127213509e+04 1.5707963268e+00 -4.3683421570e-01
3.5175625524e-05 1.6130418211e+04 1.5707963268e+00 -4.3954147524e-01
3.5393958975e-05 1.6133643602e+04 1.5707963268e+00 -4.4224765884e-01
3.5612239092e-05 1.6136889690e+04 1.5707963268e+00 -4.4495276021e-01
3.5830465582e-05 1.6140156481e+04 1.5707963268e+00 -4.4765677304e-01
3.6048638150e-05 1.6143443982e+04 1.5707963268e+00 -4.5035969105e-01
3.6266756503e-05 1.6146752201e+04 1.5707963268e+00 -4.5306150798e-01
3.6484820349e-05 1.6150081145e+04 1.5707963268e+00 -4.5576221756e-01
3.6702829396e-05 1.6153430821e+04 1.5707963268e+00 -4.5846181355e-01
3.6920783354e-05 1.6156801236e+04 1.5707963268e+00 -4.6116028969e-01
3.7138681933e-05 1.6160192397e+04 1.5707963268e+00 -4.6385763975e-01
3.7356524842e-05 1.6163604311e+04 1.5707963268e+00 -4.6655385752e-01
3.7574311794e-05 1.6167036987e+04 1.5707963268e+00 -4.6924893678e-01
3.7792042501e-05 1.6170490430e+04 1.5707963268e+00 -4.7194287133e-01
3.8009716675e-05 1.6173964649e+04 1.5707963268e+00 -4.7463565497e-01
3.8227334030e-05 1.6177459650e+04 1.5707963268e+00 -4.7732728153e-01
3.8444894281e-05 1.6180975441e+04 1.5707963268e+00 -4.8001774483e-01
3.8662397144e-05 1.6184512030e+04 1.5707963268e+00 -4.8270703872e-01
3.8879842333e-05 1.6188069423e+04 1.5707963268e+00 -4.8539515703e-01
3.9097229566e-05 1.6191647628e+04 1.5707963268e+00 -4.8808209364e-01
3.9314558561e-05 1.6195246653e+04 1.5707963268e+00 -4.9076784241e-01
3.9531829035e-05 1.6198866504e+04 1.5707963268e+00 -4.9345239721e-01
3.9749040709e-05 1.6202507190e+04 1.5707963268e+00 -4.9613575196e-01
3.9966193301e-05 1.6206168718e+04 1.5707963268e+00 -4.9881790053e-01
4.0183286534e-05 1.6209851095e+04 1.5707963268e+00 -5.0149883686e-01
4.0400320127e-05 1.6213554328e+04 1.5707963268e+00 -5.0417855485e-01
4.0617293805e-05 1.6217278426e+04 1.5707963268e+00 -5.0685704846e-01
4.0834207290e-05 1.6221023396e+04 1.5707963268e+00 -5.0953431161e-01
4.1051060305e-05 1.6224789245e+04 1.5707963268e+00 -5.1221033827e-01
4.1267852576e-05 1.6228575980e+04 1.5707963268e+00 -5.1488512241e-01
4.1484583829e-05 1.6232383611e+04 1.5707963268e+00 -5.1755865800e-01
4.1701253790e-05 1.6236212143e+04 1.5707963268e+00 -5.2023093903e-01
4.1917862186e-05 1.6240061585e+04 1.5707963268e+00 -5.2290195951e-01
4.2134408744e-05 1.6243931944e+04 1.5707963268e+00 -5.2557171344e-01
4.2350893196e-05 1.6247823227e+04 1.5707963268e+00 -5.2824019486e-01
4.2567315269e-05 1.6251735444e+04 1.5707963268e+00 -5.3090739778e-01
4.2783674694e-05 1.6255668600e+04 1.5707963268e+00 -5.3357331627e-01
4.2999971204e-05 1.6259622704e+04 1.5707963268e+00 -5.3623794438e-01
4.3216204529e-05 1.6263597764e+04 1.5707963268e+00 -5.3890127617e-01
4.3432374404e-05 1.6267593786e+04 1.5707963268e+00 -5.4156330573e-01
4.3648480563e-05 1.6271610780e+04 1.5707963268e+00 -5.4422402715e-01
4.3864522739e-05 1.6275648752e+04 1.5707963268e+00 -5.4688343453e-01
4.4080500669e-05 1.6279707710e+04 1.5707963268e+00 -5.4954152200e-01
4.4296414090e-05 1.6283787662e+04 1.5707963268e+00 -5.5219828367e-01
4.4512262738e-05 1.6287888616e+04 1.5707963268e+00 -5.5485371369e-01
4.4728046352e-05 1.6292010579e+04 1.5707963268e+00 -5.5750780621e-01
4.4943764671e-05 1.6296153559e+04 1.5707963268e+00 -5.6016055539e-01
4.5159417434e-05 1.6300317564e+04 1.5707963268e+00 -5.6281195540e-01
4.5375004384e-05 1.6304502602e+04 1.5707963268e+00 -5.6546200045e-01
4.5590525261e-05 1.6308708680e+04 1.5707963268e+00 -5.6811068471e-01
4.5805979808e-05 1.6312935806e+04 1.5707963268e+00 -5.7075800241e-01
4.6021367768e-05 1.6317183989e+04 1.5707963268e+00 -5.7340394777e-01
4.6236688886e-05 1.6321453235e+04 1.5707963268e+00 -5.7604851503e-01
4.6451942908e-05 1.6325743552e+04 1.5707963268e+00 -5.7869169843e-01
4.6667129578e-05 1.6330054949e+04 1.5707963268e+00 -5.8133349224e-01
4.6882248644e-05 1.6334387433e+04 1.5707963268e+00 -5.8397389073e-01
4.7097299854e-05 1.6338741012e+04 1.5707963268e+00 -5.8661288819e-01
4.7312282957e-05 1.6343115694e+04 1.5707963268e+00 -5.8925047890e-01
4.7527197702e-05 1.6347511486e+04 1.5707963268e+00 -5.9188665720e-01
4.7742043840e-05 1.6351928397e+04 1.5707963268e+00 -5.9452141739e-01
4.7956821122e-05 1.6356366434e+04 1.5707963268e+00 -5.9715475382e-01
4.8171529301e-05 1.6360825604e+04 1.5707963268e+00 -5.9978666083e-01
4.8386168129e-05 1.6365305917e+04 1.5707963268e+00 -6.0241713280e-01
4.8600737361e-05 1.6369807379e+04 1.5707963268e+00 -6.0504616408e-01
4.8815236753e-05 1.6374329999e+04 1.5707963268e+00 -6.0767374908e-01
4.9029666059e-05 1.6378873784e+04 1.5707963268e+00 -6.1029988218e-01
4.9244025037e-05 1.6383438742e+04 1.5707963268e+00 -6.1292455781e-01
4.9458313445e-05 1.6388024881e+04 1.5707963268e+00 -6.1554777040e-01
4.9672531041e-05 1.6392632209e+04 1.5707963268e+00 -6.1816951437e-01
4.9886677585e-05 1.6397260733e+04 1.5707963268e+00 -6.2078978420e-01
5.0100752838e-05 1.6401910462e+04 1.5707963268e+00 -6.2340857433e-01
5.0314756560e-05 1.6406581402e+04 1.5707963268e+00 -6.2602587926e-01
5.0528688515e-05 1.6411273563e+04 1.5707963268e+00 -6.2864169348e-01
5.0742548465e-05 1.6415986952e+04 1.5707963268e+00 -6.3125601149e-01
5.0956336176e-05 1.6420721576e+04 1.5707963268e+00 -6.3386882781e-01
5.1170051411e-05 1.6425477444e+04 1.5707963268e+00 -6.3648013698e-01
5.1383693937e-05 1.6430254563e+04 1.5707963268e+00 -6.3908993354e-01
5.1597263522e-05 1.6435052941e+04 1.5707963268e+00 -6.4169821206e-01
5.1810759932e-05 1.6439872586e+04 1.5707963268e+00 -6.4430496710e-01
5.2024182938e-05 1.6444713506e+04 1.5707963268e+00 -6.4691019327e-01
5.2237532308e-05 1.6449575707e+04 1.5707963268e+00 -6.4951388515e-01
5.2450807814e-05 1.6454459199e+04 1.5707963268e+00 -6.5211603737e-01
5.2664009228e-05 1.6459363989e+04 1.5707963268e+00 -6.5471664455e-01
5.2877136321e-05 1.6464290085e+04 1.5707963268e+00 -6.5731570134e-01
5.3090188869e-05 1.6469237494e+04 1.5707963268e+00 -6.5991320240e-01
5.3303166644e-05 1.6474206224e+04 1.5707963268e+00 -6.6250914239e-01
5.3516069424e-05 1.6479196283e+04 1.5707963268e+00 -6.6510351600e-01
5.3728896983e-05 1.6484207679e+04 1.5707963268e+00 -6.6769631794e-01
5.3941649101e-05 1.6489240419e+04 1.5707963268e+00 -6.7028754291e-01
5.4154325554e-05 1.6494294511e+04 1.5707963268e+00 -6.7287718564e-01
5.4366926123e-05 1.6499369963e+04 1.5707963268e+00 -6.7546524088e-01
5.4579450588e-05 1.6504466782e+04 1.5707963268e+00 -6.7805170338e-01
5.4791898730e-05 1.6509584976e+04 1.5707963268e+00 -6.8063656792e-01
5.5004270331e-05 1.6514724554e+04 1.5707963268e+00 -6.8321982927e-01
5.5216565175e-05 1.6519885521e+04 1.5707963268e+00 -6.8580148223e-01
5.5428783045e-05 1.6525067887e+04 1.5707963268e+00 -6.8838152163e-01
5.5640923727e-05 1.6530271658e+04 1.5707963268e+00 -6.9095994229e-01
5.5852987007e-05 1.6535496843e+04 1.5707963268e+00 -6.9353673904e-01
5.6064972671e-05 1.6540743449e+04 1.5707963268e+00 -6.9611190676e-01
5.6276880509e-05 1.6546011483e+04 1.5707963268e+00 -6.9868544031e-01
5.6488710309e-05 1.6551300953e+04 1.5707963268e+00 -7.0125733458e-01
5.6700461860e-05 1.6556611867e+04 1.5707963268e+00 -7.0382758447e-01
5.6912134955e-05 1.6561944232e+04 1.5707963268e+00 -7.0639618490e-01
5.7123729384e-05 1.6567298056e+04 1.5707963268e+00 -7.0896313079e-01
5.7335244942e-05 1.6572673346e+04 1.5707963268e+00 -7.1152841710e-01
5.7546681421e-05 1.6578070110e+04 1.5707963268e+00 -7.1409203879e-01
5.7758038616e-05 1.6583488355e+04 1.5707963268e+00 -7.1665399083e-01
5.7969316324e-05 1.6588928089e+04 1.5707963268e+00 -7.1921426821e-01
5.8180514341e-05 1.6594389319e+04 1.5707963268e+00 -7.2177286595e-01
5.8391632465e-05 1.6599872052e+04 1.5707963268e+00 -7.2432977905e-01
5.8602670496e-05 1.6605376297e+04 1.5707963268e+00 -7.2688500257e-01
5.8813628232e-05 1.6610902060e+04 1.5707963268e+00 -7.2943853154e-01
5.9024505474e-05 1.6616449348e+04 1.5707963268e+00 -7.3199036104e-01
5.9235302025e-05 1.6622018170e+04 1.5707963268e+00 -7.3454048615e-01
5.9446017687e-05 1.6627608532e+04 1.5707963268e+00 -7.3708890196e-01
5.9656652263e-05 1.6633220442e+04 1.5707963268e+00 -7.3963560360e-01
5.9867205560e-05 1.6638853906e+04 1.5707963268e+00 -7.4218058618e-01
6.0077677381e-05 1.6644508934e+04 1.5707963268e+00 -7.4472384486e-01
6.0288067535e-05 1.6650185530e+04 1.5707963268e+00 -7.4726537479e-01
6.0498375828e-05 1.6655883704e+04 1.5707963268e+00 -7.4980517114e-01
6.0708602070e-05 1.6661603461e+04 1.5707963268e+00 -7.5234322911e-01
6.0918746070e-05 1.6667344810e+04 1.5707963268e+00 -7.5487954391e-01
6.1128807640e-05 1.6673107757e+04 1.5707963268e+00 -7.5741411075e-01
6.1338786590e-05 1.6678892310e+04 1.5707963268e+00 -7.5994692487e-01
6.1548682733e-05 1.6684698475e+04 1.5707963268e+00 -7.6247798152e-01
6.1758495884e-05 1.6690526259e+04 1.5707963268e+00 -7.6500727599e-01
6.1968225856e-05 1.6696375671e+04 1.5707963268e+00 -7.6753480354e-01
6.2177872466e-05 1.6702246716e+04 1.5707963268e+00 -7.7006055948e-01
6.2387435531e-05 1.6708139402e+04 1.5707963268e+00 -7.7258453913e-01
6.2596914867e-05 1.6714053736e+04 1.5707963268e+00 -7.7510673782e-01
6.2806310295e-05 1.6719989725e+04 1.5707963268e+00 -7.7762715089e-01
6.3015621633e-05 1.6725947375e+04 1.5707963268e+00 -7.8014577372e-01
6.3224848702e-05 1.6731926694e+04 1.5707963268e+00 -7.8266260169e-01
6.3433991325e-05 1.6737927688e+04 1.5707963268e+00 -7.8517763018e-01
6.3643049323e-05 1.6743950365e+04 1.5707963268e+00 -7.8769085462e-01
6.3852022522e-05 1.6749994731e+04 1.5707963268e+00 -7.9020227042e-01
6.4060910744e-05 1.6756060792e+04 1.5707963268e+00 -7.9271187305e-01
6.4269713817e-05 1.6762148557e+04 1.5707963268e+00 -7.9521965796e-01
6.4478431566e-05 1.6768258031e+04 1.5707963268e+00 -7.9772562062e-01
6.4687063821e-05 1.6774389220e+04 1.5707963268e+00 -8.0022975654e-01
6.4895610409e-05 1.6780542133e+04 1.5707963268e+00 -8.0273206122e-01
6.5104071161e-05 1.6786716775e+04 1.5707963268e+00 -8.0523253018e-01
6.5312445906e-05 1.6792913154e+04 1.5707963268e+00 -8.0773115898e-01
6.5520734478e-05 1.6799131275e+04 1.5707963268e+00 -8.1022794318e-01
6.5728936709e-05 1.6805371145e+04 1.5707963268e+00 -8.1272287834e-01
6.5937052433e-05 1.6811632771e+04 1.5707963268e+00 -8.1521596006e-01
6.6145081485e-05 1.6817916159e+04 1.5707963268e+00 -8.1770718396e-01
6.6353023700e-05 1.6824221316e+04 1.5707963268e+00 -8.2019654566e-01
6.6560878916e-05 1.6830548247e+04 1.5707963268e+00 -8.2268404079e-01
6.6768646970e-05 1.6836896961e+04 1.5707963268e+00 -8.2516966503e-01
6.6976327702e-05 1.6843267462e+04 1.5707963268e+00 -8.2765341404e-01
6.7183920950e-05 1.6849659757e+04 1.5707963268e+00 -8.3013528353e-01
6.7391426558e-05 1.6856073853e+04 1.5707963268e+00 -8.3261526919e-01
6.7598844365e-05 1.6862509755e+04 1.5707963268e+00 -8.3509336676e-01
6.7806174216e-05 1.6868967470e+04 1.5707963268e+00 -8.3756957198e-01
6.8013415954e-05 1.6875447004e+04 1.5707963268e+00 -8.4004388061e-01
6.8220569424e-05 1.6881948364e+04 1.5707963268e+00 -8.4251628843e-01
6.8427634472e-05 1.6888471554e+04 1.5707963268e+00 -8.4498679123e-01
6.8634610946e-05 1.6895016582e+04 1.5707963268e+00 -8.4745538483e-01
6.8841498693e-05 1.6901583453e+04 1.5707963268e+00 -8.4992206504e-01
6.9048297562e-05 1.6908172174e+04 1.5707963268e+00 -8.5238682773e-01
6.9255007404e-05 1.6914782750e+04 1.5707963268e+00 -8.5484966874e-01
6.9461628069e-05 1.6921415187e+04 1.5707963268e+00 -8.5731058397e-01
6.9668159410e-05 1.6928069492e+04 1.5707963268e+00 -8.5976956930e-01
6.9874601280e-05 1.6934745669e+04 1.5707963268e+00 -8.6222662065e-01
7.0080953533e-05 1.6941443725e+04 1.5707963268e+00 -8.6468173395e-01
7.0287216024e-05 1.6948163665e+04 1.5707963268e+00 -8.6713490516e-01
7.0493388609e-05 1.6954905496e+04 1.5707963268e+00 -8.6958613023e-01
7.0699471145e-05 1.6961669223e+04 1.5707963268e+00 -8.7203540514e-01
7.0905463491e-05 1.6968454850e+04 1.5707963268e+00 -8.7448272591e-01
7.1111365506e-05 1.6975262386e+04 1.5707963268e+00 -8.7692808854e-01
7.1317177049e-05 1.6982091833e+04 1.5707963268e+00 -8.7937148907e-01
7.1522897983e-05 1.6988943199e+04 1.5707963268e+00 -8.8181292356e-01
7.1728528169e-05 1.6995816488e+04 1.5707963268e+00 -8.8425238807e-01
7.1934067471e-05 1.7002711707e+04 1.5707963268e+00 -8.8668987869e-01
7.2139515752e-05 1.7009628859e+04 1.5707963268e+00 -8.8912539152e-01
7.2344872879e-05 1.7016567952e+04 1.5707963268e+00 -8.9155892270e-01
7.2550138717e-05 1.7023528989e+04 1.5707963268e+00 -8.9399046835e-01
7.2755313133e-05 1.7030511977e+04 1.5707963268e+00 -8.9642002464e-01
7.2960395997e-05 1.7037516920e+04 1.5707963268e+00 -8.9884758773e-01
7.3165387177e-05 1.7044543824e+04 1.5707963268e+00 -9.0127315384e-01
7.3370286543e-05 1.7051592694e+04 1.5707963268e+00 -9.0369671915e-01
7.3575093967e-05 1.7058663534e+04 1.5707963268e+00 -9.0611827990e-01
7.3779809321e-05 1.7065756350e+04 1.5707963268e+00 -9.0853783235e-01
7.3984432478e-05 1.7072871147e+04 1.5707963268e+00 -9.1095537274e-01
7.4188963313e-05 1.7080007929e+04 1.5707963268e+00 -9.1337089736e-01
7.4393401702e-05 1.7087166702e+04 1.5707963268e+00 -9.1578440251e-01
7.4597747519e-05 1.7094347471e+04 1.5707963268e+00 -9.1819588451e-01
7.4802000643e-05 1.7101550240e+04 1.5707963268e+00 -9.2060533969e-01
7.5006160953e-05 1.7108775013e+04 1.5707963268e+00 -9.2301276441e-01
7.5210228326e-05 1.7116021796e+04 1.5707963268e+00 -9.2541815503e-01
7.5414202645e-05 1.7123290594e+04 1.5707963268e+00 -9.2782150794e-01
7.5618083789e-05 1.7130581410e+04 1.5707963268e+00 -9.3022281955e-01
7.5821871642e-05 1.7137894249e+04 1.5707963268e+00 -9.3262208628e-01
7.6025566086e-05 1.7145229117e+04 1.5707963268e+00 -9.3501930457e-01
7.6229167007e-05 1.7152586016e+04 1.5707963268e+00 -9.3741447089e-01
7.6432674288e-05 1.7159964953e+04 1.5707963268e+00 -9.3980758171e-01
7.6636087818e-05 1.7167365930e+04 1.5707963268e+00 -9.4219863353e-01
7.6839407482e-05 1.7174788953e+04 1.5707963268e+00 -9.4458762285e-01
7.7042633170e-05 1.7182234025e+04 1.5707963268e+00 -9.4697454622e-01
7.7245764770e-05 1.7189701151e+04 1.5707963268e+00 -9.4935940019e-01
7.7448802173e-05 1.7197190335e+04 1.5707963268e+00 -9.5174218131e-01
7.7651745271e-05 1.7204701580e+04 1.5707963268e+00 -9.5412288618e-01
7.7854593955e-05 1.7212234892e+04 1.5707963268e+00 -9.5650151140e-01
7.8057348118e-05 1.7219790274e+04 1.5707963268e+00 -9.5887805360e-01
7.8260007656e-05 1.7227367729e+04 1.5707963268e+00 -9.6125250941e-01
7.8462572463e-05 1.7234967262e+04 1.5707963268e+00 -9.6362487549e-01
7.8665042435e-05 1.7242588877e+04 1.5707963268e+00 -9.6599514852e-01
7.8867417470e-05 1.7250232577e+04 1.5707963268e+00 -9.6836332519e-01
7.9069697466e-05 1.7257898366e+04 1.5707963268e+00 -9.7072940223e-01
7.9271882322e-05 1.7265586248e+04 1.5707963268e+00 -9.7309337635e-01
7.9473971938e-05 1.7273296225e+04 1.5707963268e+00 -9.7545524431e-01
7.9675966215e-05 1.7281028303e+04 1.5707963268e+00 -9.7781500288e-01
7.9877865057e-05 1.7288782484e+04 1.5707963268e+00 -9.8017264885e-01
8.0079668364e-05 1.7296558772e+04 1.5707963268e+00 -9.8252817901e-01
8.0281376043e-05 1.7304357170e+04 1.5707963268e+00 -9.8488159019e-01
8.0482987997e-05 1.7312177681e+04 1.5707963268e+00 -9.8723287924e-01
8.0684504133e-05 1.7320020309e+04 1.5707963268e+00 -9.8958204301e-01
8.0885924357e-05 1.7327885057e+04 1.5707963268e+00 -9.9192907837e-01
8.1087248579e-05 1.7335771927e+04 1.5707963268e+00 -9.9427398224e-01
8.1288476706e-05 1.7343680924e+04 1.5707963268e+00 -9.9661675152e-01
8.1489608649e-05 1.7351612050e+04 1.5707963268e+00 -9.9895738314e-01
8.1690644318e-05 1.7359565308e+04 1.5707963268e+00 -1.0012958741e+00
8.1891583626e-05 1.7367540702e+04 1.5707963268e+00 -1.0036322212e+00
8.2092426485e-05 1.7375538233e+04 1.5707963268e+00 -1.0059664217e+00
8.2293172809e-05 1.7383557905e+04 1.5707963268e+00 -1.0082984724e+00
8.2493822512e-05 1.7391599720e+04 1.5707963268e+00 -1.0106283704e+00
8.2694375511e-05 1.7399663681e+04 1.5707963268e+00 -1.0129561127e+00
8.2894831722e-05 1.7407749791e+04 1.5707963268e+00 -1.0152816964e+00
8.3095191063e-05 1.7415858053e+04 1.5707963268e+00 -1.0176051186e+00
8.3295453452e-05 1.7423988468e+04 1.5707963268e+00 -1.0199263763e+00
8.3495618809e-05 1.7432141040e+04 1.5707963268e+00 -1.0222454667e+00
8.3695687054e-05 1.7440315770e+04 1.5707963268e+00 -1.0245623870e+00
8.3895658109e-05 1.7448512661e+04 1.5707963268e+00 -1.0268771342e+00
8.4095531896e-05 1.7456731716e+04 1.5707963268e+00 -1.0291897056e+00
8.4295308339e-05 1.7464972936e+04 1.5707963268e+00 -1.0315000984e+00
8.4494987361e-05 1.7473236323e+04 1.5707963268e+00 -1.0338083097e+00
8.4694568888e-05 1.7481521880e+04 1.5707963268e+00 -1.0361143368e+00
8.4894052847e-05 1.7489829609e+04 1.5707963268e+00 -1.0384181769e+00
8.5093439163e-05 1.7498159511e+04 1.5707963268e+00 -1.0407198273e+00
8.5292727766e-05 1.7506511589e+04 1.5707963268e+00 -1.0430192853e+00
8.5491918585e-05 1.7514885844e+04 1.5707963268e+00 -1.0453165481e+00
8.5691011548e-05 1.7523282279e+04 1.5707963268e+00 -1.0476116132e+00
8.5890006588e-05 1.7531700894e+04 1.5707963268e+00 -1.0499044778e+00
8.6088903636e-05 1.7540141691e+04 1.5707963268e+00 -1.0521951393e+00
8.6287702624e-05 1.7548604673e+04 1.5707963268e+00 -1.0544835951e+00
8.6486403486e-05 1.7557089840e+04 1.5707963268e+00 -1.0567698426e+00
8.6685006158e-05 1.7565597194e+04 1.5707963268e+00 -1.0590538792e+00
8.6883510574e-05 1.7574126737e+04 1.5707963268e+00 -1.0613357023e+00
8.7081916671e-05 1.7582678469e+04 1.5707963268e+00 -1.0636153093e+00
8.7280224386e-05 1.7591252392e+04 1.5707963268e+00 -1.0658926978e+00
8.7478433657e-05 1.7599848507e+04 1.5707963268e+00 -1.0681678653e+00
8.7676544425e-05 1.7608466816e+04 1.5707963268e+00 -1.0704408092e+00
8.7874556628e-05 1.7617107319e+04 1.5707963268e+00 -1.0727115270e+00
8.8072470208e-05 1.7625770017e+04 1.5707963268e+00 -1.0749800164e+00
8.8270285107e-05 1.7634454911e+04 1.5707963268e+00 -1.0772462748e+00
8.8468001268e-05 1.7643162003e+04 1.5707963268e+00 -1.0795102999e+00
8.8665618634e-05 1.7651891292e+04 1.5707963268e+00 -1.0817720892e+00
8.8863137150e-05 1.7660642780e+04 1.5707963268e+00 -1.0840316404e+00
8.9060556762e-05 1.7669416468e+04 1.5707963268e+00 -1.0862889512e+00
8.9257877417e-05 1.7678212355e+04 1.5707963268e+00 -1.0885440190e+00
8.9455099061e-05 1.7687030443e+04 1.5707963268e+00 -1.0907968418e+00
8.9652221643e-05 1.7695870732e+04 1.5707963268e+00 -1.0930474170e+00
8.9849245112e-05 1.7704733222e+04 1.5707963268e+00 -1.0952957426e+00
9.0046169418e-05 1.7713617913e+04 1.5707963268e+00 -1.0975418160e+00
9.0242994512e-05 1.7722524807e+04 1.5707963268e+00 -1.0997856353e+00
9.0439720347e-05 1.7731453903e+04 1.5707963268e+00 -1.1020271980e+00
9.0636346874e-05 1.7740405201e+04 1.5707963268e+00 -1.1042665019e+00
9.0832874048e-05 1.7749378701e+04 1.5707963268e+00 -1.1065035450e+00
9.1029301822e-05 1.7758374403e+04 1.5707963268e+00 -1.1087383250e+00
9.1225630153e-05 1.7767392308e+04 1.5707963268e+00 -1.1109708397e+00
9.1421858997e-05 1.7776432415e+04 1.5707963268e+00 -1.1132010870e+00
9.1617988311e-05 1.7785494724e+04 1.5707963268e+00 -1.1154290648e+00
9.1814018052e-05 1.7794579234e+04 1.5707963268e+00 -1.1176547710e+00
9.2009948181e-05 1.7803685946e+04 1.5707963268e+00 -1.1198782035e+00
9.2205778656e-05 1.7812814858e+04 1.5707963268e+00 -1.1220993603e+00
9.2401509438e-05 1.7821965971e+04 1.5707963268e+00 -1.1243182392e+00
9.2597140489e-05 1.7831139284e+04 1.5707963268e+00 -1.1265348382e+00
9.2792671772e-05 1.7840334795e+04 1.5707963268e+00 -1.1287491554e+00
9.2988103248e-05 1.7849552505e+04 1.5707963268e+00 -1.1309611888e+00
9.3183434884e-05 1.7858792413e+04 1.5707963268e+00 -1.1331709364e+00
9.3378666643e-05 1.7868054518e+04 1.5707963268e+00 -1.1353783962e+00
9.3573798491e-05 1.7877338819e+04 1.5707963268e+00 -1.1375835662e+00
9.3768830396e-05 1.7886645315e+04 1.5707963268e+00 -1.1397864447e+00
9.3963762324e-05 1.7895974004e+04 1.5707963268e+00 -1.1419870296e+00
9.4158594244e-05 1.7905324887e+04 1.5707963268e+00 -1.1441853191e+00
9.4353326126e-05 1.7914697961e+04 1.5707963268e+00 -1.1463813113e+00
9.4547957939e-05 1.7924093225e+04 1.5707963268e+00 -1.1485750044e+00
9.4742489654e-05 1.7933510679e+04 1.5707963268e+00 -1.1507663966e+00
9.4936921244e-05 1.7942950320e+04 1.5707963268e+00 -1.1529554861e+00
9.5131252680e-05 1.7952412148e+04 1.5707963268e+00 -1.1551422710e+00
9.5325483936e-05 1.7961896160e+04 1.5707963268e+00 -1.1573267495e+00
9.5519614986e-05 1.7971402355e+04 1.5707963268e+00 -1.1595089201e+00
9.5713645806e-05 1.7980930732e+04 1.5707963268e+00 -1.1616887808e+00
9.5907576372e-05 1.7990481288e+04 1.5707963268e+00 -1.1638663300e+00
9.6101406659e-05 1.8000054022e+04 1.5707963268e+00 -1.1660415660e+00
9.6295136647e-05 1.8009648932e+04 1.5707963268e+00 -1.1682144872e+00
9.6488766312e-05 1.8019266016e+04 1.5707963268e+00 -1.1703850918e+00
9.6682295635e-05 1.8028905272e+04 1.5707963268e+00 -1.1725533782e+00
9.6875724596e-05 1.8038566697e+04 1.5707963268e+00 -1.1747193447e+00
9.7069053174e-05 1.8048250290e+04 1.5707963268e+00 -1.1768829899e+00
9.7262281353e-05 1.8057956049e+04 1.5707963268e+00 -1.1790443121e+00
9.7455409114e-05 1.8067683970e+04 1.5707963268e+00 -1.1812033096e+00
9.7648436440e-05 1.8077434052e+04 1.5707963268e+00 -1.1833599811e+00
9.7841363317e-05 1.8087206293e+04 1.5707963268e+00 -1.1855143249e+00
9.8034189728e-05 1.8097000689e+04 1.5707963268e+00 -1.1876663395e+00
9.8226915659e-05 1.8106817238e+04 1.5707963268e+00 -1.1898160234e+00
9.8419541097e-05 1.8116655937e+04 1.5707963268e+00 -1.1919633752e+00
9.8612066029e-05 1.8126516784e+04 1.5707963268e+00 -1.1941083934e+00
9.8804490443e-05 1.8136399775e+04 1.5707963268e+00 -1.1962510765e+00
9.8996814328e-05 1.8146304908e+04 1.5707963268e+00 -1.1983914232e+00
9.9189037674e-05 1.8156232180e+04 1.5707963268e+00 -1.2005294319e+00
9.9381160471e-05 1.8166181588e+04 1.5707963268e+00 -1.2026651014e+00
9.9573182710e-05 1.8176153129e+04 1.5707963268e+00 -1.2047984303e+00
9.9765104383e-05 1.8186146798e+04 1.5707963268e+00 -1.2069294171e+00
9.9956925482e-05 1.8196162595e+04 1.5707963268e+00 -1.2090580606e+00
1.0014864600e-04 1.8206200513e+04 1.5707963268e+00 -1.2111843595e+00
1.0034026594e-04 1.8216260552e+04 1.5707963268e+00 -1.2133083124e+00
1.0053178528e-04 1.8226342706e+04 1.5707963268e+00 -1.2154299181e+00
1.0072320403e-04 1.8236446973e+04 1.5707963268e+00 -1.2175491752e+00
1.0091452218e-04 1.8246573348e+04 1.5707963268e+00 -1.2196660827e+00
1.0110573974e-04 1.8256721828e+04 1.5707963268e+00 -1.2217806392e+00
1.0129685669e-04 1.8266892410e+04 1.5707963268e+00 -1.2238928435e+00
1.0148787303e-04 1.8277085089e+04 1.5707963268e+00 -1.2260026945e+00
1.0167878877e-04 1.8287299861e+04 1.5707963268e+00 -1.2281101909e+00
1.0186960391e-04 1.8297536723e+04 1.5707963268e+00 -1.2302153316e+00
1.0206031845e-04 1.8307795670e+04 1.5707963268e+00 -1.2323181156e+00
1.0225093238e-04 1.8318076698e+04 1.5707963268e+00 -1.2344185415e+00
1.0244144572e-04 1.8328379803e+04 1.5707963268e+00 -1.2365166084e+00
1.0263185846e-04 1.8338704981e+04 1.5707963268e+00 -1.2386123152e+00
1.0282217061e-04 1.8349052227e+04 1.5707963268e+00 -1.2407056607e+00
1.0301238218e-04 1.8359421537e+04 1.5707963268e+00 -1.2427966440e+00
1.0320249316e-04 1.8369812906e+04 1.5707963268e+00 -1.2448852640e+00
1.0339250358e-04 1.8380226330e+04 1.5707963268e+00 -1.2469715197e+00
1.0358241342e-04 1.8390661805e+04 1.5707963268e+00 -1.2490554101e+00
1.0377222270e-04 1.8401119324e+04 1.5707963268e+00 -1.2511369342e+00
1.0396193144e-04 1.8411598884e+04 1.5707963268e+00 -1.2532160911e+00
1.0415153963e-04 1.8422100480e+04 1.5707963268e+00 -1.2552928798e+00
1.0434104729e-04 1.8432624106e+04 1.5707963268e+00 -1.2573672994e+00
1.0453045442e-04 1.8443169758e+04 1.5707963268e+00 -1.2594393489e+00
1.0471976105e-04 1.8453737430e+04 1.5707963268e+00 -1.2615090276e+00
1.0490896718e-04 1.8464327117e+04 1.5707963268e+00 -1.2635763344e+00
1.0509807282e-04 1.8474938815e+04 1.5707963268e+00 -1.2656412686e+00
1.0528707799e-04 1.8485572518e+04 1.5707963268e+00 -1.2677038293e+00
1.0547598271e-04 1.8496228219e+04 1.5707963268e+00 -1.2697640157e+00
1.0566478697e-04 1.8506905915e+04 1.5707963268e+00 -1.2718218270e+00
1.0585349082e-04 1.8517605599e+04 1.5707963268e+00 -1.2738772623e+00
1.0604209424e-04 1.8528327265e+04 1.5707963268e+00 -1.2759303210e+00
1.0623059728e-04 1.8539070909e+04 1.5707963268e+00 -1.2779810022e+00
1.0641899993e-04 1.8549836523e+04 1.5707963268e+00 -1.2800293053e+00
1.0660730223e-04 1.8560624103e+04 1.5707963268e+00 -1.2820752295e+00
1.0679550418e-04 1.8571433643e+04 1.5707963268e+00 -1.2841187741e+00
1.0698360582e-04 1.8582265135e+04 1.5707963268e+00 -1.2861599384e+00
1.0717160715e-04 1.8593118576e+04 1.5707963268e+00 -1.2881987217e+00
1.0735950821e-04 1.8603993957e+04 1.5707963268e+00 -1.2902351234e+00
1.0754730900e-04 1.8614891273e+04 1.5707963268e+00 -1.2922691429e+00
1.0773500956e-04 1.8625810518e+04 1.5707963268e+00 -1.2943007795e+00
1.0792260990e-04 1.8636751686e+04 1.5707963268e+00 -1.2963300327e+00
1.0811011006e-04 1.8647714769e+04 1.5707963268e+00 -1.2983569018e+00
1.0829751005e-04 1.8658699762e+04 1.5707963268e+00 -1.3003813864e+00
1.0848480990e-04 1.8669706657e+04 1.5707963268e+00 -1.3024034857e+00
1.0867200963e-04 1.8680735449e+04 1.5707963268e+00 -1.3044231993e+00
1.0885910927e-04 1.8691786130e+04 1.5707963268e+00 -1.3064405268e+00
1.0904610885e-04 1.8702858693e+04 1.5707963268e+00 -1.3084554675e+00
1.0923300840e-04 1.8713953132e+04 1.5707963268e+00 -1.3104680210e+00
1.0941980794e-04 1.8725069441e+04 1.5707963268e+00 -1.3124781868e+00
1.0960650750e-04 1.8736207610e+04 1.5707963268e+00 -1.3144859645e+00
1.0979310711e-04 1.8747367635e+04 1.5707963268e+00 -1.3164913536e+00
1.0997960680e-04 1.8758549507e+04 1.5707963268e+00 -1.3184943538e+00
1.1016600660e-04 1.8769753219e+04 1.5707963268e+00 -1.3204949646e+00
1.1035230655e-04 1.8780978764e+04 1.5707963268e+00 -1.3224931856e+00
1.1053850666e-04 1.8792226135e+04 1.5707963268e+00 -1.3244890165e+00
1.1072460699e-04 1.8803495324e+04 1.5707963268e+00 -1.3264824569e+00
1.1091060756e-04 1.8814786323e+04 1.5707963268e+00 -1.3284735065e+00
1.1109650839e-04 1.8826099126e+04 1.5707963268e+00 -1.3304621649e+00
1.1128230954e-04 1.8837433723e+04 1.5707963268e+00 -1.3324484319e+00
1.1146801103e-04 1.8848790109e+04 1.5707963268e+00 -1.3344323071e+00
1.1165361289e-04 1.8860168273e+04 1.5707963268e+00 -1.3364137904e+00
1.1183911517e-04 1.8871568210e+04 1.5707963268e+00 -1.3383928813e+00
1.1202451790e-04 1.8882989911e+04 1.5707963268e+00 -1.3403695798e+00
1.1220982112e-04 1.8894433367e+04 1.5707963268e+00 -1.3423438855e+00
1.1239502487e-04 1.8905898571e+04 1.5707963268e+00 -1.3443157983e+00
1.1258012917e-04 1.8917385514e+04 1.5707963268e+00 -1.3462853180e+00
1.1276513409e-04 1.8928894189e+04 1.5707963268e+00 -1.3482524444e+00
1.1295003964e-04 1.8940424587e+04 1.5707963268e+00 -1.3502171773e+00
1.1313484588e-04 1.8951976699e+04 1.5707963268e+00 -1.3521795166e+00
1.1331955284e-04 1.8963550517e+04 1.5707963268e+00 -1.3541394622e+00
1.1350416056e-04 1.8975146033e+04 1.5707963268e+00 -1.3560970139e+00
1.1368866909e-04 1.8986763237e+04 1.5707963268e+00 -1.3580521717e+00
1.1387307847e-04 1.8998402122e+04 1.5707963268e+00 -1.3600049355e+00
1.1405738875e-04 1.9010062678e+04 1.5707963268e+00 -1.3619553052e+00
1.1424159995e-04 1.9021744897e+04 1.5707963268e+00 -1.3639032807e+00
1.1442571214e-04 1.9033448769e+04 1.5707963268e+00 -1.3658488621e+00
1.1460972536e-04 1.9045174287e+04 1.5707963268e+00 -1.3677920492e+00
1.1479363964e-04 1.9056921440e+04 1.5707963268e+00 -1.3697328422e+00
1.1497745504e-04 1.9068690219e+04 1.5707963268e+00 -1.3716712410e+00
1.1516117160e-04 1.9080480617e+04 1.5707963268e+00 -1.3736072457e+00
1.1534478937e-04 1.9092292622e+04 1.5707963268e+00 -1.3755408562e+00
1.1552830840e-04 1.9104126226e+04 1.5707963268e+00 -1.3774720727e+00
1.1571172873e-04 1.9115981419e+04 1.5707963268e+00 -1.3794008952e+00
1.1589505041e-04 1.9127858193e+04 1.5707963268e+00 -1.3813273239e+00
1.1607827350e-04 1.9139756537e+04 1.5707963268e+00 -1.3832513587e+00
1.1626139804e-04 1.9151676442e+04 1.5707963268e+00 -1.3851729999e+00
1.1644442408e-04 1.9163617898e+04 1.5707963268e+00 -1.3870922475e+00
1.1662735167e-04 1.9175580895e+04 1.5707963268e+00 -1.3890091018e+00
1.1681018086e-04 1.9187565424e+04 1.5707963268e+00 -1.3909235629e+00
1.1699291171e-04 1.9199571475e+04 1.5707963268e+00 -1.3928356309e+00
1.1717554427e-04 1.9211599038e+04 1.5707963268e+00 -1.3947453061e+00
1.1735807859e-04 1.9223648103e+04 1.5707963268e+00 -1.3966525886e+00
1.1754051472e-04 1.9235718659e+04 1.5707963268e+00 -1.3985574788e+00
1.1772285272e-04 1.9247810696e+04 1.5707963268e+00 -1.4004599768e+00
1.1790509264e-04 1.9259924205e+04 1.5707963268e+00 -1.4023600828e+00
1.1808723454e-04 1.9272059175e+04 1.5707963268e+00 -1.4042577973e+00
1.1826927846e-04 1.9284215596e+04 1.5707963268e+00 -1.4061531203e+00
1.1845122448e-04 1.9296393457e+04 1.5707963268e+00 -1.4080460523e+00
1.1863307263e-04 1.9308592748e+04 1.5707963268e+00 -1.4099365936e+00
1.1881482299e-04 1.9320813458e+04 1.5707963268e+00 -1.4118247444e+00
1.1899647560e-04 1.9333055576e+04 1.5707963268e+00 -1.4137105052e+00
1.1917803053e-04 1.9345319092e+04 1.5707963268e+00 -1.4155938762e+00
1.1935948784e-04 1.9357603995e+04 1.5707963268e+00 -1.4174748579e+00
1.1954084757e-04 1.9369910275e+04 1.5707963268e+00 -1.4193534506e+00
1.1972210979e-04 1.9382237919e+04 1.5707963268e+00 -1.4212296547e+00
1.1990327457e-04 1.9394586918e+04 1.5707963268e+00 -1.4231034707e+00
1.2008434195e-04 1.9406957261e+04 1.5707963268e+00 -1.4249748989e+00
1.2026531201e-04 1.9419348935e+04 1.5707963268e+00 -1.4268439399e+00
1.2044618480e-04 1.9431761931e+04 1.5707963268e+00 -1.4287105940e+00
1.2062696038e-04 1.9444196236e+04 1.5707963268e+00 -1.4305748618e+00
1.2080763881e-04 1.9456651840e+04 1.5707963268e+00 -1.4324367437e+00
1.2098822017e-04 1.9469128731e+04 1.5707963268e+00 -1.4342962403e+00
1.2116870450e-04 1.9481626898e+04 1.5707963268e+00 -1.4361533519e+00
1.2134909188e-04 1.9494146328e+04 1.5707963268e+00 -1.4380080793e+00
1.2152938237e-04 1.9506687012e+04 1.5707963268e+00 -1.4398604228e+00
1.2170957603e-04 1.9519248936e+04 1.5707963268e+00 -1.4417103831e+00
1.2188967292e-04 1.9531832090e+04 1.5707963268e+00 -1.4435579607e+00
1.2206967312e-04 1.9544436461e+04 1.5707963268e+00 -1.4454031562e+00
1.2224957668e-04 1.9557062037e+04 1.5707963268e+00 -1.4472459702e+00
1.2242938368e-04 1.9569708808e+04 1.5707963268e+00 -1.4490864033e+00
1.2260909417e-04 1.9582376760e+04 1.5707963268e+00 -1.4509244562e+00
1.2278870823e-04 1.9595065882e+04 1.5707963268e+00 -1.4527601294e+00
1.2296822593e-04 1.9607776162e+04 1.5707963268e+00 -1.4545934236e+00
1.2314764733e-04 1.9620507587e+04 1.5707963268e+00 -1.4564243395e+00
1.2332697249e-04 1.9633260146e+04 1.5707963268e+00 -1.4582528778e+00
1.2350620149e-04 1.9646033825e+04 1.5707963268e+00 -1.4600790391e+00
1.2368533440e-04 1.9658828614e+04 1.5707963268e+00 -1.4619028242e+00
1.2386437129e-04 1.9671644498e+04 1.5707963268e+00 -1.4637242337e+00
1.2404331222e-04 1.9684481467e+04 1.5707963268e+00 -1.4655432684e+00
1.2422215726e-04 1.9697339506e+04 1.5707963268e+00 -1.4673599291e+00
1.2440090649e-04 1.9710218605e+04 1.5707963268e+00 -1.4691742164e+00
1.2457955998e-04 1.9723118749e+04 1.5707963268e+00 -1.4709861312e+00
1.2475811780e-04 1.9736039927e+04 1.5707963268e+00 -1.4727956742e+00
1.2493658002e-04 1.9748982125e+04 1.5707963268e+00 -1.4746028463e+00
1.2511494671e-04 1.9761945331e+04 1.5707963268e+00 -1.4764076482e+00
1.2529321794e-04 1.9774929532e+04 1.5707963268e+00 -1.4782100808e+00
1.2547139379e-04 1.9787934714e+04 1.5707963268e+00 -1.4800101448e+00
1.2564947434e-04 1.9800960865e+04 1.5707963268e+00 -1.4818078413e+00
1.2582745964e-04 1.9814007972e+04 1.5707963268e+00 -1.4836031709e+00
1.2600534979e-04 1.9827076022e+04 1.5707963268e+00 -1.4853961345e+00
1.2618314485e-04 1.9840165001e+04 1.5707963268e+00 -1.4871867331e+00
1.2636084490e-04 1.9853274895e+04 1.5707963268e+00 -1.4889749676e+00
1.2653845001e-04 1.9866405693e+04 1.5707963268e+00 -1.4907608388e+00
1.2671596026e-04 1.9879557379e+04 1.5707963268e+00 -1.4925443477e+00
1.2689337572e-04 1.9892729942e+04 1.5707963268e+00 -1.4943254953e+00
1.2707069648e-04 1.9905923367e+04 1.5707963268e+00 -1.4961042823e+00
1.2724792260e-04 1.9919137641e+04 1.5707963268e+00 -1.4978807099e+00
1.2742505417e-04 1.9932372749e+04 1.5707963268e+00 -1.4996547790e+00
1.2760209126e-04 1.9945628679e+04 1.5707963268e+00 -1.5014264905e+00
1.2777903395e-04 1.9958905417e+04 1.5707963268e+00 -1.5031958455e+00
1.2795588231e-04 1.9972202949e+04 1.5707963268e+00 -1.5049628450e+00
1.2813263644e-04 1.9985521260e+04 1.5707963268e+00 -1.5067274900e+00
1.2830929639e-04 1.9998860338e+04 1.5707963268e+00 -1.5084897815e+00
1.2848586227e-04 2.0012220168e+04 1.5707963268e+00 -1.5102497205e+00
1.2866233413e-04 2.0025600736e+04 1.5707963268e+00 -1.5120073082e+00
1.2883871207e-04 2.0039002027e+04 1.5707963268e+00 -1.5137625455e+00
1.2901499616e-04 2.0052424028e+04 1.5707963268e+00 -1.5155154336e+00
1.2919118649e-04 2.0065866725e+04 1.5707963268e+00 -1.5172659736e+00
1.2936728313e-04 2.0079330103e+04 1.5707963268e+00 -1.5190141665e+00
1.2954328616e-04 2.0092814148e+04 1.5707963268e+00 -1.5207600135e+00
1.2971919567e-04 2.0106318846e+04 1.5707963268e+00 -1.5225035157e+00
1.2989501174e-04 2.0119844181e+04 1.5707963268e+00 -1.5242446742e+00
1.3007073446e-04 2.0133390141e+04 1.5707963268e+00 -1.5259834902e+00
1.3024636389e-04 2.0146956709e+04 1.5707963268e+00 -1.5277199648e+00
1.3042190013e-04 2.0160543871e+04 1.5707963268e+00 -1.5294540992e+00
1.3059734326e-04 2.0174151613e+04 1.5707963268e+00 -1.5311858947e+00
1.3077269337e-04 2.0187779921e+04 1.5707963268e+00 -1.5329153523e+00
1.3094795053e-04 2.0201428778e+04 1.5707963268e+00 -1.5346424733e+00
1.3112311483e-04 2.0215098171e+04 1.5707963268e+00 -1.5363672588e+00
1.3129818635e-04 2.0228788084e+04 1.5707963268e+00 -1.5380897103e+00
1.3147316518e-04 2.0242498503e+04 1.5707963268e+00 -1.5398098288e+00
1.3164805141e-04 2.0256229412e+04 1.5707963268e+00 -1.5415276156e+00
1.3182284511e-04 2.0269980797e+04 1.5707963268e+00 -1.5432430720e+00
1.3199754638e-04 2.0283752642e+04 1.5707963268e+00 -1.5449561992e+00
1.3217215530e-04 2.0297544933e+04 1.5707963268e+00 -1.5466669986e+00
1.3234667195e-04 2.0311357653e+04 1.5707963268e+00 -1.5483754714e+00
1.3252109643e-04 2.0325190788e+04 1.5707963268e+00 -1.5500816189e+00
1.3269542881e-04 2.0339044323e+04 1.5707963268e+00 -1.5517854425e+00
1.3286966919e-04 2.0352918241e+04 1.5707963268e+00 -1.5534869434e+00
1.3304381766e-04 2.0366812528e+04 1.5707963268e+00 -1.5551861231e+00
1.3321787429e-04 2.0380727168e+04 1.5707963268e+00 -1.5568829828e+00
1.3339183918e-04 2.0394662146e+04 1.5707963268e+00 -1.5585775239e+00
1.3356571242e-04 2.0408617446e+04 1.5707963268e+00 -1.5602697477e+00
1.3373949409e-04 2.0422593052e+04 1.5707963268e+00 -1.5619596557e+00
1.3391318428e-04 2.0436588949e+04 1.5707963268e+00 -1.5636472493e+00
1.3408678309e-04 2.0450605121e+04 1.5707963268e+00 -1.5653325298e+00
1.3426029060e-04 2.0464641552e+04 1.5707963268e+00 -1.5670154986e+00
1.3443370689e-04 2.0478698226e+04 1.5707963268e+00 -1.5686961572e+00
1.3460703207e-04 2.0492775127e+04 1.5707963268e+00 -1.5703745070e+00
1.3478026621e-04 2.0506872241e+04 1.5707963268e+00 -1.5720505494e+00
1.3495340941e-04 2.0520989549e+04 1.5707963268e+00 -1.5737242859e+00
1.3512646176e-04 2.0535127037e+04 1.5707963268e+00 -1.5753957180e+00
1.3529942335e-04 2.0549284689e+04 1.5707963268e+00 -1.5770648470e+00
1.3547229428e-04 2.0563462487e+04 1.5707963268e+00 -1.5787316745e+00
1.3564507462e-04 2.0577660417e+04 1.5707963268e+00 -1.5803962020e+00
1.3581776447e-04 2.0591878462e+04 1.5707963268e+00 -1.5820584310e+00
1.3599036394e-04 2.0606116605e+04 1.5707963268e+00 -1.5837183629e+00
1.3616287309e-04 2.0620374830e+04 1.5707963268e+00 -1.5853759994e+00
1.3633529204e-04 2.0634653121e+04 1.5707963268e+00 -1.5870313419e+00
1.3650762086e-04 2.0648951462e+04 1.5707963268e+00 -1.5886843919e+00
1.3667985966e-04 2.0663269835e+04 1.5707963268e+00 -1.5903351511e+00
1.3685200852e-04 2.0677608225e+04 1.5707963268e+00 -1.5919836209e+00
1.3702406754e-04 2.0691966614e+04 1.5707963268e+00 -1.5936298029e+00
1.3719603682e-04 2.0706344987e+04 1.5707963268e+00 -1.5952736988e+00
1.3736791643e-04 2.0720743326e+04 1.5707963268e+00 -1.5969153100e+00
1.3753970649e-04 2.0735161615e+04 1.5707963268e+00 -1.5985546382e+00
1.3771140708e-04 2.0749599838e+04 1.5707963268e+00 -1.6001916850e+00
1.3788301829e-04 2.0764057976e+04 1.5707963268e+00 -1.6018264520e+00
1.3805454022e-04 2.0778536014e+04 1.5707963268e+00 -1.6034589408e+00
1.3822597297e-04 2.0793033934e+04 1.5707963268e+00 -1.6050891531e+00
1.3839731663e-04 2.0807551720e+04 1.5707963268e+00 -1.6067170905e+00
1.3856857129e-04 2.0822089355e+04 1.5707963268e+00 -1.6083427545e+00
1.3873973705e-04 2.0836646821e+04 1.5707963268e+00 -1.6099661470e+00
1.3891081401e-04 2.0851224102e+04 1.5707963268e+00 -1.6115872696e+00
1.3908180225e-04 2.0865821180e+04 1.5707963268e+00 -1.6132061238e+00
1.3925270188e-04 2.0880438039e+04 1.5707963268e+00 -1.6148227115e+00
1.3942351299e-04 2.0895074660e+04 1.5707963268e+00 -1.6164370343e+00
1.3959423568e-04 2.0909731027e+04 1.5707963268e+00 -1.6180490939e+00
1.3976487004e-04 2.0924407123e+04 1.5707963268e+00 -1.6196588920e+00
1.3993541617e-04 2.0939102930e+04 1.5707963268e+00 -1.6212664303e+00
1.4010587416e-04 2.0953818431e+04 1.5707963268e+00 -1.6228717106e+00
1.4027624412e-04 2.0968553608e+04 1.5707963268e+00 -1.6244747346e+00
1.4044652614e-04 2.0983308444e+04 1.5707963268e+00 -1.6260755041e+00
1.4061672031e-04 2.0998082921e+04 1.5707963268e+00 -1.6276740207e+00
1.4078682674e-04 2.1012877023e+04 1.5707963268e+00 -1.6292702863e+00
1.4095684552e-04 2.1027690730e+04 1.5707963268e+00 -1.6308643026e+00
1.4112677675e-04 2.1042524027e+04 1.5707963268e+00 -1.6324560713e+00
1.4129662053e-04 2.1057376894e+04 1.5707963268e+00 -1.6340455944e+00
1.4146637695e-04 2.1072249315e+04 1.5707963268e+00 -1.6356328735e+00
1.4163604611e-04 2.1087141271e+04 1.5707963268e+00 -1.6372179105e+00
1.4180562812e-04 2.1102052745e+04 1.5707963268e+00 -1.6388007072e+00
1.4197512306e-04 2.1116983719e+04 1.5707963268e+00 -1.6403812654e+00
1.4214453104e-04 2.1131934175e+04 1.5707963268e+00 -1.6419595869e+00
1.4231385216e-04 2.1146904095e+04 1.5707963268e+00 -1.6435356735e+00
1.4248308652e-04 2.1161893462e+04 1.5707963268e+00 -1.6451095272e+00
1.4265223421e-04 2.1176902257e+04 1.5707963268e+00 -1.6466811497e+00
1.4282129534e-04 2.1191930461e+04 1.5707963268e+00 -1.6482505428e+00
1.4299027000e-04 2.1206978059e+04 1.5707963268e+00 -1.6498177086e+00
1.4315915829e-04 2.1222045030e+04 1.5707963268e+00 -1.6513826487e+00
1.4332796031e-04 2.1237131357e+04 1.5707963268e+00 -1.6529453652e+00
1.4349667617e-04 2.1252237022e+04 1.5707963268e+00 -1.6545058599e+00
1.4366530596e-04 2.1267362006e+04 1.5707963268e+00 -1.6560641346e+00
1.4383384979e-04 2.1282506292e+04 1.5707963268e+00 -1.6576201913e+00
1.4400230774e-04 2.1297669861e+04 1.5707963268e+00 -1.6591740320e+00
1.4417067993e-04 2.1312852695e+04 1.5707963268e+00 -1.6607256584e+00
1.4433896646e-04 2.1328054774e+04 1.5707963268e+00 -1.6622750726e+00
1.4450716741e-04 2.1343276082e+04 1.5707963268e+00 -1.6638222764e+00
1.4467528291e-04 2.1358516600e+04 1.5707963268e+00 -1.6653672718e+00
1.4484331304e-04 2.1373776308e+04 1.5707963268e+00 -1.6669100608e+00
1.4501125791e-04 2.1389055189e+04 1.5707963268e+00 -1.6684506452e+00
1.4517911761e-04 2.1404353224e+04 1.5707963268e+00 -1.6699890271e+00
1.4534689226e-04 2.1419670395e+04 1.5707963268e+00 -1.6715252084e+00
1.4551458195e-04 2.1435006682e+04 1.5707963268e+00 -1.6730591911e+00
1.4568218678e-04 2.1450362068e+04 1.5707963268e+00 -1.6745909772e+00
1.4584970685e-04 2.1465736533e+04 1.5707963268e+00 -1.6761205686e+00
1.4601714227e-04 2.1481130059e+04 1.5707963268e+00 -1.6776479674e+00
1.4618449314e-04 2.1496542627e+04 1.5707963268e+00 -1.6791731755e+00
1.4635175956e-04 2.1511974218e+04 1.5707963268e+00 -1.6806961950e+00
1.4651894163e-04 2.1527424814e+04 1.5707963268e+00 -1.6822170278e+00
1.4668603945e-04 2.1542894396e+04 1.5707963268e+00 -1.6837356760e+00
1.4685305314e-04 2.1558382944e+04 1.5707963268e+00 -1.6852521416e+00
1.4701998278e-04 2.1573890440e+04 1.5707963268e+00 -1.6867664266e+00
1.4718682848e-04 2.1589416866e+04 1.5707963268e+00 -1.6882785331e+00
1.4735359035e-04 2.1604962201e+04 1.5707963268e+00 -1.6897884631e+00
1.4752026848e-04 2.1620526427e+04 1.5707963268e+00 -1.6912962187e+00
1.4768686299e-04 2.1636109525e+04 1.5707963268e+00 -1.6928018019e+00
1.4785337396e-04 2.1651711477e+04 1.5707963268e+00 -1.6943052148e+00
1.4801980152e-04 2.1667332262e+04 1.5707963268e+00 -1.6958064594e+00
1.4818614575e-04 2.1682971861e+04 1.5707963268e+00 -1.6973055379e+00
1.4835240676e-04 2.1698630256e+04 1.5707963268e+00 -1.6988024523e+00
1.4851858466e-04 2.1714307428e+04 1.5707963268e+00 -1.7002972047e+00
1.4868467955e-04 2.1730003357e+04 1.5707963268e+00 -1.7017897972e+00
1.4885069153e-04 2.1745718023e+04 1.5707963268e+00 -1.7032802319e+00
1.4901662071e-04 2.1761451409e+04 1.5707963268e+00 -1.7047685108e+00
1.4918246719e-04 2.1777203493e+04 1.5707963268e+00 -1.7062546362e+00
1.4934823107e-04 2.1792974258e+04 1.5707963268e+00 -1.7077386102e+00
1.4951391245e-04 2.1808763683e+04 1.5707963268e+00 -1.7092204347e+00
1.4967951145e-04 2.1824571750e+04 1.5707963268e+00 -1.7107001121e+00
1.4984502817e-04 2.1840398438e+04 1.5707963268e+00 -1.7121776444e+00
1.5001046270e-04 2.1856243729e+04 1.5707963268e+00 -1.7136530337e+00
1.5017581515e-04 2.1872107603e+04 1.5707963268e+00 -1.7151262822e+00
1.5034108564e-04 2.1887990040e+04 1.5707963268e+00 -1.7165973921e+00
1.5050627425e-04 2.1903891021e+04 1.5707963268e+00 -1.7180663655e+00
1.5067138110e-04 2.1919810526e+04 1.5707963268e+00 -1.7195332045e+00
1.5083640630e-04 2.1935748536e+04 1.5707963268e+00 -1.7209979114e+00
1.5100134993e-04 2.1951705032e+04 1.5707963268e+00 -1.7224604883e+00
1.5116621212e-04 2.1967679993e+04 1.5707963268e+00 -1.7239209374e+00
1.5133099296e-04 2.1983673400e+04 1.5707963268e+00 -1.7253792608e+00
1.5149569256e-04 2.1999685233e+04 1.5707963268e+00 -1.7268354608e+00
1.5166031102e-04 2.2015715472e+04 1.5707963268e+00 -1.7282895396e+00
1.5182484845e-04 2.2031764099e+04 1.5707963268e+00 -1.7297414993e+00
1.5198930495e-04 2.2047831092e+04 1.5707963268e+00 -1.7311913421e+00
1.5215368064e-04 2.2063916432e+04 1.5707963268e+00 -1.7326390703e+00
1.5231797560e-04 2.2080020100e+04 1.5707963268e+00 -1.7340846861e+00
1.5248218995e-04 2.2096142076e+04 1.5707963268e+00 -1.7355281917e+00
1.5264632380e-04 2.2112282339e+04 1.5707963268e+00 -1.7369695893e+00
1.5281037724e-04 2.2128440871e+04 1.5707963268e+00 -1.7384088811e+00
1.5297435039e-04 2.2144617650e+04 1.5707963268e+00 -1.7398460694e+00
1.5313824334e-04 2.2160812657e+04 1.5707963268e+00 -1.7412811565e+00
1.5330205621e-04 2.2177025872e+04 1.5707963268e+00 -1.7427141445e+00
1.5346578910e-04 2.2193257276e+04 1.5707963268e+00 -1.7441450357e+00
1.5362944211e-04 2.2209506847e+04 1.5707963268e+00 -1.7455738323e+00
1.5379301535e-04 2.2225774567e+04 1.5707963268e+00 -1.7470005367e+00
1.5395650892e-04 2.2242060415e+04 1.5707963268e+00 -1.7484251510e+00
1.5411992294e-04 2.2258364371e+04 1.5707963268e+00 -1.7498476776e+00
1.5428325750e-04 2.2274686414e+04 1.5707963268e+00 -1.7512681187e+00
1.5444651271e-04 2.2291026526e+04 1.5707963268e+00 -1.7526864766e+00
1.5460968868e-04 2.2307384685e+04 1.5707963268e+00 -1.7541027535e+00
1.5477278552e-04 2.2323760872e+04 1.5707963268e+00 -1.7555169518e+00
1.5493580332e-04 2.2340155066e+04 1.5707963268e+00 -1.7569290737e+00
1.5509874219e-04 2.2356567248e+04 1.5707963268e+00 -1.7583391215e+00
1.5526160224e-04 2.2372997396e+04 1.5707963268e+00 -1.7597470976e+00
1.5542438358e-04 2.2389445492e+04 1.5707963268e+00 -1.7611530041e+00
1.5558708631e-04 2.2405911514e+04 1.5707963268e+00 -1.7625568435e+00
1.5574971054e-04 2.2422395442e+04 1.5707963268e+00 -1.7639586180e+00
1.5591225637e-04 2.2438897256e+04 1.5707963268e+00 -1.7653583300e+00
1.5607472390e-04 2.2455416936e+04 1.5707963268e+00 -1.7667559817e+00
1.5623711325e-04 2.2471954461e+04 1.5707963268e+00 -1.7681515755e+00
1.5639942452e-04 2.2488509812e+04 1.5707963268e+00 -1.7695451137e+00
1.5656165781e-04 2.2505082967e+04 1.5707963268e+00 -1.7709365986e+00
1.5672381324e-04 2.2521673906e+04 1.5707963268e+00 -1.7723260326e+00
1.5688589090e-04 2.2538282609e+04 1.5707963268e+00 -1.7737134180e+00
1.5704789091e-04 2.2554909056e+04 1.5707963268e+00 -1.7750987571e+00
1.5720981337e-04 2.2571553226e+04 1.5707963268e+00 -1.7764820523e+00
1.5737165838e-04 2.2588215099e+04 1.5707963268e+00 -1.7778633059e+00
1.5753342605e-04 2.2604894654e+04 1.5707963268e+00 -1.7792425203e+00
1.5769511648e-04 2.2621591870e+04 1.5707963268e+00 -1.7806196978e+00
1.5785672979e-04 2.2638306728e+04 1.5707963268e+00 -1.7819948408e+00
1.5801826608e-04 2.2655039206e+04 1.5707963268e+00 -1.7833679516e+00
1.5817972546e-04 2.2671789285e+04 1.5707963268e+00 -1.7847390326e+00
1.5834110802e-04 2.2688556943e+04 1.5707963268e+00 -1.7861080863e+00
1.5850241388e-04 2.2705342160e+04 1.5707963268e+00 -1.7874751148e+00
1.5866364314e-04 2.2722144916e+04 1.5707963268e+00 -1.7888401207e+00
1.5882479591e-04 2.2738965190e+04 1.5707963268e+00 -1.7902031063e+00
1.5898587230e-04 2.2755802961e+04 1.5707963268e+00 -1.7915640739e+00
1.5914687240e-04 2.2772658209e+04 1.5707963268e+00 -1.7929230260e+00
1.5930779634e-04 2.2789530912e+04 1.5707963268e+00 -1.7942799649e+00
1.5946864420e-04 2.2806421052e+04 1.5707963268e+00 -1.7956348931e+00
1.5962941610e-04 2.2823328606e+04 1.5707963268e+00 -1.7969878129e+00
1.5979011214e-04 2.2840253554e+04 1.5707963268e+00 -1.7983387268e+00
1.5995073244e-04 2.2857195875e+04 1.5707963268e+00 -1.7996876370e+00
1.6011127709e-04 2.2874155549e+04 1.5707963268e+00 -1.8010345461e+00
1.6027174620e-04 2.2891132556e+04 1.5707963268e+00 -1.8023794564e+00
1.6043213988e-04 2.2908126873e+04 1.5707963268e+00 -1.8037223704e+00
1.6059245823e-04 2.2925138481e+04 1.5707963268e+00 -1.8050632904e+00
1.6075270137e-04 2.2942167359e+04 1.5707963268e+00 -1.8064022188e+00
1.6091286938e-04 2.2959213486e+04 1.5707963268e+00 -1.8077391582e+00
1.6107296239e-04 2.2976276841e+04 1.5707963268e+00 -1.8090741108e+00
1.6123298050e-04 2.2993357403e+04 1.5707963268e+00 -1.8104070792e+00
1.6139292380e-04 2.3010455152e+04 1.5707963268e+00 -1.8117380657e+00
1.6155279242e-04 2.3027570067e+04 1.5707963268e+00 -1.8130670727e+00
1.6171258645e-04 2.3044702127e+04 1.5707963268e+00 -1.8143941028e+00
1.6187230600e-04 2.3061851311e+04 1.5707963268e+00 -1.8157191583e+00
1.6203195117e-04 2.3079017599e+04 1.5707963268e+00 -1.8170422417e+00
1.6219152208e-04 2.3096200968e+04 1.5707963268e+00 -1.8183633553e+00
1.6235101882e-04 2.3113401400e+04 1.5707963268e+00 -1.8196825017e+00
1.6251044151e-04 2.3130618872e+04 1.5707963268e+00 -1.8209996833e+00
1.6266979024e-04 2.3147853365e+04 1.5707963268e+00 -1.8223149026e+00
1.6282906512e-04 2.3165104856e+04 1.5707963268e+00 -1.8236281619e+00
1.6298826627e-04 2.3182373325e+04 1.5707963268e+00 -1.8249394637e+00
1.6314739378e-04 2.3199658751e+04 1.5707963268e+00 -1.8262488105e+00
1.6330644776e-04 2.3216961114e+04 1.5707963268e+00 -1.8275562047e+00
1.6346542831e-04 2.3234280392e+04 1.5707963268e+00 -1.8288616488e+00
1.6362433555e-04 2.3251616564e+04 1.5707963268e+00 -1.8301651453e+00
1.6378316957e-04 2.3268969610e+04 1.5707963268e+00 -1.8314666965e+00
1.6394193049e-04 2.3286339508e+04 1.5707963268e+00 -1.8327663050e+00
1.6410061840e-04 2.3303726238e+04 1.5707963268e+00 -1.8340639733e+00
1.6425923341e-04 2.3321129778e+04 1.5707963268e+00 -1.8353597037e+00
1.6441777563e-04 2.3338550108e+04 1.5707963268e+00 -1.8366534988e+00
1.6457624517e-04 2.3355987206e+04 1.5707963268e+00 -1.8379453611e+00
1.6473464212e-04 2.3373441052e+04 1.5707963268e+00 -1.8392352929e+00
1.6489296660e-04 2.3390911625e+04 1.5707963268e+00 -1.8405232968e+00
1.6505121870e-04 2.3408398903e+04 1.5707963268e+00 -1.8418093753e+00
1.6520939854e-04 2.3425902865e+04 1.5707963268e+00 -1.8430935308e+00
1.6536750621e-04 2.3443423492e+04 1.5707963268e+00 -1.8443757658e+00
1.6552554183e-04 2.3460960760e+04 1.5707963268e+00 -1.8456560828e+00
1.6568350549e-04 2.3478514650e+04 1.5707963268e+00 -1.8469344842e+00
1.6584139731e-04 2.3496085141e+04 1.5707963268e+00 -1.8482109727e+00
1.6599921739e-04 2.3513672211e+04 1.5707963268e+00 -1.8494855505e+00
1.6615696583e-04 2.3531275839e+04 1.5707963268e+00 -1.8507582203e+00
1.6631464273e-04 2.3548896005e+04 1.5707963268e+00 -1.8520289845e+00
1.6647224821e-04 2.3566532687e+04 1.5707963268e+00 -1.8532978457e+00
1.6662978237e-04 2.3584185864e+04 1.5707963268e+00 -1.8545648062e+00
1.6678724530e-04 2.3601855515e+04 1.5707963268e+00 -1.8558298686e+00
1.6694463712e-04 2.3619541619e+04 1.5707963268e+00 -1.8570930354e+00
1.6710195793e-04 2.3637244155e+04 1.5707963268e+00 -1.8583543091e+00
1.6725920784e-04 2.3654963102e+04 1.5707963268e+00 -1.8596136922e+00
1.6741638694e-04 2.3672698439e+04 1.5707963268e+00 -1.8608711872e+00
1.6757349535e-04 2.3690450144e+04 1.5707963268e+00 -1.8621267965e+00
1.6773053317e-04 2.3708218197e+04 1.5707963268e+00 -1.8633805227e+00
1.6788750049e-04 2.3726002577e+04 1.5707963268e+00 -1.8646323684e+00
1.6804439744e-04 2.3743803262e+04 1.5707963268e+00 -1.8658823359e+00
1.6820122410e-04 2.3761620231e+04 1.5707963268e+00 -1.8671304278e+00
1.6835798058e-04 2.3779453463e+04 1.5707963268e+00 -1.8683766466e+00
1.6851466700e-04 2.3797302938e+04 1.5707963268e+00 -1.8696209948e+00
1.6867128344e-04 2.3815168633e+04 1.5707963268e+00 -1.8708634750e+00
1.6882783002e-04 2.3833050528e+04 1.5707963268e+00 -1.8721040895e+00
1.6898430684e-04 2.3850948603e+04 1.5707963268e+00 -1.8733428410e+00
1.6914071401e-04 2.3868862834e+04 1.5707963268e+00 -1.8745797320e+00
1.6929705162e-04 2.3886793202e+04 1.5707963268e+00 -1.8758147649e+00
1.6945331978e-04 2.3904739686e+04 1.5707963268e+00 -1.8770479424e+00
1.6960951859e-04 2.3922702264e+04 1.5707963268e+00 -1.8782792668e+00
1.6976564816e-04 2.3940680915e+04 1.5707963268e+00 -1.8795087407e+00
1.6992170859e-04 2.3958675618e+04 1.5707963268e+00 -1.8807363666e+00
1.7007769999e-04 2.3976686352e+04 1.5707963268e+00 -1.8819621471e+00
1.7023362245e-04 2.3994713096e+04 1.5707963268e+00 -1.8831860846e+00
1.7038947608e-04 2.4012755828e+04 1.5707963268e+00 -1.8844081817e+00
1.7054526099e-04 2.4030814528e+04 1.5707963268e+00 -1.8856284409e+00
1.7070097727e-04 2.4048889174e+04 1.5707963268e+00 -1.8868468648e+00
1.7085662503e-04 2.4066979746e+04 1.5707963268e+00 -1.8880634557e+00
1.7101220437e-04 2.4085086221e+04 1.5707963268e+00 -1.8892782164e+00
1.7116771540e-04 2.4103208580e+04 1.5707963268e+00 -1.8904911492e+00
1.7132315822e-04 2.4121346801e+04 1.5707963268e+00 -1.8917022567e+00
1.7147853293e-04 2.4139500862e+04 1.5707963268e+00 -1.8929115414e+00
1.7163383963e-04 2.4157670743e+04 1.5707963268e+00 -1.8941190059e+00
1.7178907842e-04 2.4175856423e+04 1.5707963268e+00 -1.8953246527e+00
1.7194424942e-04 2.4194057880e+04 1.5707963268e+00 -1.8965284842e+00
1.7209935271e-04 2.4212275093e+04 1.5707963268e+00 -1.8977305031e+00
1.7225438841e-04 2.4230508042e+04 1.5707963268e+00 -1.8989307119e+00
1.7240935661e-04 2.4248756704e+04 1.5707963268e+00 -1.9001291130e+00
1.7256425742e-04 2.4267021060e+04 1.5707963268e+00 -1.9013257090e+00
1.7271909094e-04 2.4285301087e+04 1.5707963268e+00 -1.9025205025e+00
1.7287385727e-04 2.4303596765e+04 1.5707963268e+00 -1.9037134959e+00
1.7302855651e-04 2.4321908073e+04 1.5707963268e+00 -1.9049046917e+00
1.7318318877e-04 2.4340234989e+04 1.5707963268e+00 -1.9060940926e+00
1.7333775414e-04 2.4358577493e+04 1.5707963268e+00 -1.9072817011e+00
1.7349225273e-04 2.4376935563e+04 1.5707963268e+00 -1.9084675196e+00
1.7364668465e-04 2.4395309178e+04 1.5707963268e+00 -1.9096515507e+00
1.7380104998e-04 2.4413698317e+04 1.5707963268e+00 -1.9108337969e+00
1.7395534884e-04 2.4432102960e+04 1.5707963268e+00 -1.9120142608e+00
1.7410958132e-04 2.4450523084e+04 1.5707963268e+00 -1.9131929448e+00
1.7426374752e-04 2.4468958669e+04 1.5707963268e+00 -1.9143698515e+00
1.7441784755e-04 2.4487409694e+04 1.5707963268e+00 -1.9155449835e+00
1.7457188151e-04 2.4505876138e+04 1.5707963268e+00 -1.9167183433e+00
1.7472584950e-04 2.4524357979e+04 1.5707963268e+00 -1.9178899333e+00
1.7487975162e-04 2.4542855197e+04 1.5707963268e+00 -1.9190597562e+00
1.7503358796e-04 2.4561367771e+04 1.5707963268e+00 -1.9202278144e+00
1.7518735864e-04 2.4579895679e+04 1.5707963268e+00 -1.9213941105e+00
1.7534106375e-04 2.4598438900e+04 1.5707963268e+00 -1.9225586470e+00
1.7549470339e-04 2.4616997414e+04 1.5707963268e+00 -1.9237214264e+00
1.7564827767e-04 2.4635571199e+04 1.5707963268e+00 -1.9248824513e+00
1.7580178667e-04 2.4654160234e+04 1.5707963268e+00 -1.9260417242e+00
1.7595523051e-04 2.4672764499e+04 1.5707963268e+00 -1.9271992476e+00
1.7610860929e-04 2.4691383972e+04 1.5707963268e+00 -1.9283550240e+00
1.7626192309e-04 2.4710018632e+04 1.5707963268e+00 -1.9295090560e+00
1.7641517203e-04 2.4728668459e+04 1.5707963268e+00 -1.9306613461e+00
1.7656835621e-04 2.4747333430e+04 1.5707963268e+00 -1.9318118968e+00
1.7672147571e-04 2.4766013526e+04 1.5707963268e+00 -1.9329607107e+00
1.7687453065e-04 2.4784708725e+04 1.5707963268e+00 -1.9341077903e+00
1.7702752112e-04 2.4803419006e+04 1.5707963268e+00 -1.9352531380e+00
1.7718044723e-04 2.4822144348e+04 1.5707963268e+00 -1.9363967565e+00
1.7733330906e-04 2.4840884731e+04 1.5707963268e+00 -1.9375386482e+00
1.7748610673e-04 2.4859640133e+04 1.5707963268e+00 -1.9386788157e+00
1.7763884032e-04 2.4878410533e+04 1.5707963268e+00 -1.9398172615e+00
1.7779150995e-04 2.4897195911e+04 1.5707963268e+00 -1.9409539881e+00
1.7794411570e-04 2.4915996245e+04 1.5707963268e+00 -1.9420889981e+00
1.7809665768e-04 2.4934811515e+04 1.5707963268e+00 -1.9432222939e+00
1.7824913598e-04 2.4953641699e+04 1.5707963268e+00 -1.9443538782e+00
1.7840155071e-04 2.4972486776e+04 1.5707963268e+00 -1.9454837533e+00
1.7855390196e-04 2.4991346727e+04 1.5707963268e+00 -1.9466119219e+00
1.7870618984e-04 2.5010221529e+04 1.5707963268e+00 -1.9477383864e+00
1.7885841443e-04 2.5029111162e+04 1.5707963268e+00 -1.9488631493e+00
1.7901057584e-04 2.5048015605e+04 1.5707963268e+00 -1.9499862133e+00
1.7916267417e-04 2.5066934838e+04 1.5707963268e+00 -1.9511075808e+00
1.7931470951e-04 2.5085868838e+04 1.5707963268e+00 -1.9522272542e+00
1.7946668197e-04 2.5104817586e+04 1.5707963268e+00 -1.9533452363e+00
1.7961859164e-04 2.5123781060e+04 1.5707963268e+00 -1.9544615293e+00
1.7977043862e-04 2.5142759241e+04 1.5707963268e+00 -1.9555761360e+00
1.7992222300e-04 2.5161752105e+04 1.5707963268e+00 -1.9566890587e+00
1.8007394488e-04 2.5180759634e+04 1.5707963268e+00 -1.9578003000e+00
1.8022560437e-04 2.5199781806e+04 1.5707963268e+00 -1.9589098624e+00
1.8037720156e-04 2.5218818601e+04 1.5707963268e+00 -1.9600177485e+00
1.8052873654e-04 2.5237869997e+04 1.5707963268e+00 -1.9611239606e+00
1.8068020942e-04 2.5256935973e+04 1.5707963268e+00 -1.9622285014e+00
1.8083162029e-04 2.5276016510e+04 1.5707963268e+00 -1.9633313734e+00
1.8098296924e-04 2.5295111586e+04 1.5707963268e+00 -1.9644325790e+00
1.8113425638e-04 2.5314221180e+04 1.5707963268e+00 -1.9655321208e+00
1.8128548180e-04 2.5333345272e+04 1.5707963268e+00 -1.9666300012e+00
1.8143664560e-04 2.5352483841e+04 1.5707963268e+00 -1.9677262228e+00
1.8158774787e-04 2.5371636866e+04 1.5707963268e+00 -1.9688207881e+00
1.8173878871e-04 2.5390804327e+04 1.5707963268e+00 -1.9699136996e+00
1.8188976823e-04 2.5409986202e+04 1.5707963268e+00 -1.9710049597e+00
1.8204068650e-04 2.5429182472e+04 1.5707963268e+00 -1.9720945710e+00
1.8219154363e-04 2.5448393115e+04 1.5707963268e+00 -1.9731825360e+00
1.8234233972e-04 2.5467618110e+04 1.5707963268e+00 -1.9742688572e+00
1.8249307486e-04 2.5486857438e+04 1.5707963268e+00 -1.9753535371e+00
1.8264374915e-04 2.5506111077e+04 1.5707963268e+00 -1.9764365781e+00
1.8279436268e-04 2.5525379006e+04 1.5707963268e+00 -1.9775179828e+00
1.8294491555e-04 2.5544661206e+04 1.5707963268e+00 -1.9785977537e+00
1.8309540786e-04 2.5563957655e+04 1.5707963268e+00 -1.9796758932e+00
1.8324583969e-04 2.5583268333e+04 1.5707963268e+00 -1.9807524039e+00
1.8339621115e-04 2.5602593219e+04 1.5707963268e+00 -1.9818272882e+00
1.8354652233e-04 2.5621932293e+04 1.5707963268e+00 -1.9829005486e+00
1.8369677332e-04 2.5641285534e+04 1.5707963268e+00 -1.9839721876e+00
1.8384696423e-04 2.5660652922e+04 1.5707963268e+00 -1.9850422078e+00
1.8399709513e-04 2.5680034435e+04 1.5707963268e+00 -1.9861106115e+00
1.8414716614e-04 2.5699430054e+04 1.5707963268e+00 -1.9871774013e+00
1.8429717734e-04 2.5718839758e+04 1.5707963268e+00 -1.9882425796e+00
1.8444712883e-04 2.5738263526e+04 1.5707963268e+00 -1.9893061490e+00
1.8459702070e-04 2.5757701338e+04 1.5707963268e+00 -1.9903681119e+00
1.8474685305e-04 2.5777153174e+04 1.5707963268e+00 -1.9914284707e+00
1.8489662597e-04 2.5796619012e+04 1.5707963268e+00 -1.9924872281e+00
1.8504633956e-04 2.5816098833e+04 1.5707963268e+00 -1.9935443864e+00
1.8519599390e-04 2.5835592616e+04 1.5707963268e+00 -1.9945999480e+00
1.8534558910e-04 2.5855100340e+04 1.5707963268e+00 -1.9956539156e+00
1.8549512524e-04 2.5874621986e+04 1.5707963268e+00 -1.9967062916e+00
1.8564460243e-04 2.5894157532e+04 1.5707963268e+00 -1.9977570783e+00
1.8579402074e-04 2.5913706958e+04 1.5707963268e+00 -1.9988062784e+00
1.8594338029e-04 2.5933270245e+04 1.5707963268e+00 -1.9998538942e+00
1.8609268115e-04 2.5952847371e+04 1.5707963268e+00 -2.0008999282e+00
1.8624192343e-04 2.5972438316e+04 1.5707963268e+00 -2.0019443830e+00
1.8639110721e-04 2.5992043061e+04 1.5707963268e+00 -2.0029872608e+00
1.8654023259e-04 2.6011661583e+04 1.5707963268e+00 -2.0040285643e+00
1.8668929967e-04 2.6031293864e+04 1.5707963268e+00 -2.0050682959e+00
1.8683830853e-04 2.6050939883e+04 1.5707963268e+00 -2.0061064580e+00
1.8698725926e-04 2.6070599620e+04 1.5707963268e+00 -2.0071430531e+00
1.8713615196e-04 2.6090273054e+04 1.5707963268e+00 -2.0081780836e+00
1.8728498673e-04 2.6109960165e+04 1.5707963268e+00 -2.0092115520e+00
1.8743376365e-04 2.6129660933e+04 1.5707963268e+00 -2.0102434607e+00
1.8758248281e-04 2.6149375338e+04 1.5707963268e+00 -2.0112738122e+00
1.8773114431e-04 2.6169103359e+04 1.5707963268e+00 -2.0123026090e+00
1.8787974824e-04 2.6188844976e+04 1.5707963268e+00 -2.0133298534e+00
1.8802829469e-04 2.6208600170e+04 1.5707963268e+00 -2.0143555480e+00
1.8817678376e-04 2.6228368919e+04 1.5707963268e+00 -2.0153796951e+00
1.8832521553e-04 2.6248151204e+04 1.5707963268e+00 -2.0164022972e+00
1.8847359009e-04 2.6267947005e+04 1.5707963268e+00 -2.0174233568e+00
1.8862190754e-04 2.6287756301e+04 1.5707963268e+00 -2.0184428762e+00
1.8877016797e-04 2.6307579073e+04 1.5707963268e+00 -2.0194608580e+00
1.8891837146e-04 2.6327415300e+04 1.5707963268e+00 -2.0204773045e+00
1.8906651812e-04 2.6347264962e+04 1.5707963268e+00 -2.0214922181e+00
1.8921460802e-04 2.6367128039e+04 1.5707963268e+00 -2.0225056014e+00
1.8936264127e-04 2.6387004511e+04 1.5707963268e+00 -2.0235174567e+00
1.8951061794e-04 2.6406894359e+04 1.5707963268e+00 -2.0245277865e+00
1.8965853814e-04 2.6426797561e+04 1.5707963268e+00 -2.0255365931e+00
1.8980640195e-04 2.6446714099e+04 1.5707963268e+00 -2.0265438790e+00
1.8995420946e-04 2.6466643952e+04 1.5707963268e+00 -2.0275496467e+00
1.9010196076e-04 2.6486587100e+04 1.5707963268e+00 -2.0285538985e+00
1.9024965595e-04 2.6506543523e+04 1.5707963268e+00 -2.0295566368e+00
1.9039729510e-04 2.6526513201e+04 1.5707963268e+00 -2.0305578641e+00
1.9054487832e-04 2.6546496115e+04 1.5707963268e+00 -2.0315575828e+00
1.9069240569e-04 2.6566492244e+04 1.5707963268e+00 -2.0325557953e+00
1.9083987729e-04 2.6586501568e+04 1.5707963268e+00 -2.0335525040e+00
1.9098729323e-04 2.6606524069e+04 1.5707963268e+00 -2.0345477112e+00
1.9113465358e-04 2.6626559725e+04 1.5707963268e+00 -2.0355414195e+00
1.9128195844e-04 2.6646608517e+04 1.5707963268e+00 -2.0365336312e+00
1.9142920790e-04 2.6666670426e+04 1.5707963268e+00 -2.0375243487e+00
1.9157640204e-04 2.6686745431e+04 1.5707963268e+00 -2.0385135744e+00
1.9172354096e-04 2.6706833512e+04 1.5707963268e+00 -2.0395013106e+00
1.9187062473e-04 2.6726934650e+04 1.5707963268e+00 -2.0404875599e+00
1.9201765346e-04 2.6747048826e+04 1.5707963268e+00 -2.0414723246e+00
1.9216462723e-04 2.6767176019e+04 1.5707963268e+00 -2.0424556070e+00
1.9231154612e-04 2.6787316209e+04 1.5707963268e+00 -2.0434374096e+00
1.9245841023e-04 2.6807469378e+04 1.5707963268e+00 -2.0444177347e+00
1.9260521964e-04 2.6827635505e+04 1.5707963268e+00 -2.0453965847e+00
1.9275197444e-04 2.6847814570e+04 1.5707963268e+00 -2.0463739621e+00
1.9289867472e-04 2.6868006555e+04 1.5707963268e+00 -2.0473498691e+00
1.9304532056e-04 2.6888211439e+04 1.5707963268e+00 -2.0483243082e+00
1.9319191206e-04 2.6908429202e+04 1.5707963268e+00 -2.0492972817e+00
1.9333844930e-04 2.6928659826e+04 1.5707963268e+00 -2.0502687920e+00
1.9348493236e-04 2.6948903291e+04 1.5707963268e+00 -2.0512388416e+00
1.9363136134e-04 2.6969159577e+04 1.5707963268e+00 -2.0522074326e+00
1.9377773632e-04 2.6989428664e+04 1.5707963268e+00 -2.0531745675e+00
1.9392405739e-04 2.7009710533e+04 1.5707963268e+00 -2.0541402488e+00
1.9407032463e-04 2.7030005165e+04 1.5707963268e+00 -2.0551044786e+00
1.9421653814e-04 2.7050312539e+04 1.5707963268e+00 -2.0560672595e+00
1.9436269799e-04 2.7070632638e+04 1.5707963268e+00 -2.0570285937e+00
1.9450880428e-04 2.7090965440e+04 1.5707963268e+00 -2.0579884835e+00
1.9465485709e-04 2.7111310928e+04 1.5707963268e+00 -2.0589469315e+00
1.9480085650e-04 2.7131669080e+04 1.5707963268e+00 -2.0599039398e+00
1.9494680260e-04 2.7152039879e+04 1.5707963268e+00 -2.0608595109e+00
1.9509269549e-04 2.7172423304e+04 1.5707963268e+00 -2.0618136471e+00
1.9523853523e-04 2.7192819336e+04 1.5707963268e+00 -2.0627663507e+00
1.9538432193e-04 2.7213227957e+04 1.5707963268e+00 -2.0637176240e+00
1.9553005565e-04 2.7233649146e+04 1.5707963268e+00 -2.0646674695e+00
1.9567573650e-04 2.7254082884e+04 1.5707963268e+00 -2.0656158894e+00
1.9582136456e-04 2.7274529152e+04 1.5707963268e+00 -2.0665628862e+00
1.9596693990e-04 2.7294987931e+04 1.5707963268e+00 -2.0675084620e+00
1.9611246262e-04 2.7315459201e+04 1.5707963268e+00 -2.0684526192e+00
1.9625793280e-04 2.7335942944e+04 1.5707963268e+00 -2.0693953602e+00
1.9640335052e-04 2.7356439140e+04 1.5707963268e+00 -2.0703366873e+00
1.9654871587e-04 2.7376947770e+04 1.5707963268e+00 -2.0712766028e+00
1.9669402893e-04 2.7397468815e+04 1.5707963268e+00 -2.0722151091e+00
1.9683928979e-04 2.7418002255e+04 1.5707963268e+00 -2.0731522083e+00
1.9698449853e-04 2.7438548072e+04 1.5707963268e+00 -2.0740879030e+00
1.9712965524e-04 2.7459106246e+04 1.5707963268e+00 -2.0750221953e+00
1.9727475999e-04 2.7479676759e+04 1.5707963268e+00 -2.0759550875e+00
1.9741981288e-04 2.7500259591e+04 1.5707963268e+00 -2.0768865821e+00
1.9756481399e-04 2.7520854723e+04 1.5707963268e+00 -2.0778166812e+00
1.9770976339e-04 2.7541462137e+04 1.5707963268e+00 -2.0787453872e+00
1.9785466118e-04 2.7562081813e+04 1.5707963268e+00 -2.0796727024e+00
1.9799950744e-04 2.7582713732e+04 1.5707963268e+00 -2.0805986291e+00
1.9814430224e-04 2.7603357875e+04 1.5707963268e+00 -2.0815231695e+00
1.9828904568e-04 2.7624014223e+04 1.5707963268e+00 -2.0824463260e+00
1.9843373783e-04 2.7644682759e+04 1.5707963268e+00 -2.0833681009e+00
1.9857837879e-04 2.7665363461e+04 1.5707963268e+00 -2.0842884964e+00
1.9872296862e-04 2.7686056312e+04 1.5707963268e+00 -2.0852075149e+00
1.9886750742e-04 2.7706761294e+04 1.5707963268e+00 -2.0861251585e+00
1.9901199526e-04 2.7727478386e+04 1.5707963268e+00 -2.0870414296e+00
1.9915643223e-04 2.7748207570e+04 1.5707963268e+00 -2.0879563305e+00
1.9930081841e-04 2.7768948827e+04 1.5707963268e+00 -2.0888698634e+00
1.9944515389e-04 2.7789702139e+04 1.5707963268e+00 -2.0897820306e+00
1.9958943873e-04 2.7810467487e+04 1.5707963268e+00 -2.0906928344e+00
1.9973367304e-04 2.7831244852e+04 1.5707963268e+00 -2.0916022770e+00
1.9987785688e-04 2.7852034215e+04 1.5707963268e+00 -2.0925103607e+00
2.0002199034e-04 2.7872835558e+04 1.5707963268e+00 -2.0934170878e+00
2.0016607350e-04 2.7893648862e+04 1.5707963268e+00 -2.0943224605e+00
2.0031010644e-04 2.7914474108e+04 1.5707963268e+00 -2.0952264811e+00
2.0045408924e-04 2.7935311278e+04 1.5707963268e+00 -2.0961291518e+00
2.0059802199e-04 2.7956160353e+04 1.5707963268e+00 -2.0970304748e+00
2.0074190476e-04 2.7977021315e+04 1.5707963268e+00 -2.0979304525e+00
2.0088573764e-04 2.7997894144e+04 1.5707963268e+00 -2.0988290871e+00
2.0102952070e-04 2.8018778823e+04 1.5707963268e+00 -2.0997263808e+00
2.0117325403e-04 2.8039675332e+04 1.5707963268e+00 -2.1006223358e+00
2.0131693770e-04 2.8060583654e+04 1.5707963268e+00 -2.1015169544e+00
2.0146057180e-04 2.8081503770e+04 1.5707963268e+00 -2.1024102389e+00
2.0160415641e-04 2.8102435661e+04 1.5707963268e+00 -2.1033021914e+00
2.0174769161e-04 2.8123379308e+04 1.5707963268e+00 -2.1041928141e+00
2.0189117747e-04 2.8144334695e+04 1.5707963268e+00 -2.1050821094e+00
2.0203461407e-04 2.8165301801e+04 1.5707963268e+00 -2.1059700794e+00
2.0217800151e-04 2.8186280609e+04 1.5707963268e+00 -2.1068567264e+00
2.0232133985e-04 2.8207271101e+04 1.5707963268e+00 -2.1077420525e+00
2.0246462917e-04 2.8228273257e+04 1.5707963268e+00 -2.1086260600e+00
2.0260786955e-04 2.8249287060e+04 1.5707963268e+00 -2.1095087511e+00
2.0275106108e-04 2.8270312492e+04 1.5707963268e+00 -2.1103901280e+00
2.0289420383e-04 2.8291349533e+04 1.5707963268e+00 -2.1112701930e+00
2.0303729789e-04 2.8312398167e+04 1.5707963268e+00 -2.1121489481e+00
2.0318034332e-04 2.8333458374e+04 1.5707963268e+00 -2.1130263957e+00
2.0332334020e-04 2.8354530136e+04 1.5707963268e+00 -2.1139025379e+00
2.0346628863e-04 2.8375613436e+04 1.5707963268e+00 -2.1147773769e+00
2.0360918867e-04 2.8396708255e+04 1.5707963268e+00 -2.1156509149e+00
2.0375204040e-04 2.8417814574e+04 1.5707963268e+00 -2.1165231541e+00
2.0389484390e-04 2.8438932376e+04 1.5707963268e+00 -2.1173940967e+00
2.0403759925e-04 2.8460061643e+04 1.5707963268e+00 -2.1182637449e+00
2.0418030653e-04 2.8481202357e+04 1.5707963268e+00 -2.1191321008e+00
2.0432296581e-04 2.8502354499e+04 1.5707963268e+00 -2.1199991667e+00
2.0446557717e-04 2.8523518051e+04 1.5707963268e+00 -2.1208649447e+00
2.0460814070e-04 2.8544692996e+04 1.5707963268e+00 -2.1217294369e+00
2.0475065646e-04 2.8565879316e+04 1.5707963268e+00 -2.1225926457e+00
2.0489312453e-04 2.8587076991e+04 1.5707963268e+00 -2.1234545730e+00
2.0503554499e-04 2.8608286006e+04 1.5707963268e+00 -2.1243152211e+00
2.0517791792e-04 2.8629506341e+04 1.5707963268e+00 -2.1251745922e+00
2.0532024340e-04 2.8650737979e+04 1.5707963268e+00 -2.1260326884e+00
2.0546252149e-04 2.8671980901e+04 1.5707963268e+00 -2.1268895119e+00
2.0560475228e-04 2.8693235091e+04 1.5707963268e+00 -2.1277450648e+00
2.0574693585e-04 2.8714500529e+04 1.5707963268e+00 -2.1285993493e+00
2.0588907227e-04 2.8735777199e+04 1.5707963268e+00 -2.1294523675e+00
2.0603116161e-04 2.8757065082e+04 1.5707963268e+00 -2.1303041216e+00
2.0617320396e-04 2.8778364161e+04 1.5707963268e+00 -2.1311546137e+00
2.0631519938e-04 2.8799674418e+04 1.5707963268e+00 -2.1320038460e+00
2.0645714796e-04 2.8820995835e+04 1.5707963268e+00 -2.1328518205e+00
2.0659904977e-04 2.8842328395e+04 1.5707963268e+00 -2.1336985395e+00
2.0674090488e-04 2.8863672080e+04 1.5707963268e+00 -2.1345440050e+00
2.0688271338e-04 2.8885026871e+04 1.5707963268e+00 -2.1353882193e+00
2.0702447533e-04 2.8906392752e+04 1.5707963268e+00 -2.1362311843e+00
2.0716619081e-04 2.8927769705e+04 1.5707963268e+00 -2.1370729023e+00
2.0730785990e-04 2.8949157713e+04 1.5707963268e+00 -2.1379133753e+00
2.0744948267e-04 2.8970556757e+04 1.5707963268e+00 -2.1387526056e+00
2.0759105919e-04 2.8991966820e+04 1.5707963268e+00 -2.1395905951e+00
2.0773258955e-04 2.9013387885e+04 1.5707963268e+00 -2.1404273460e+00
2.0787407381e-04 2.9034819934e+04 1.5707963268e+00 -2.1412628604e+00
2.0801551205e-04 2.9056262950e+04 1.5707963268e+00 -2.1420971405e+00
2.0815690435e-04 2.9077716915e+04 1.5707963268e+00 -2.1429301883e+00
2.0829825077e-04 2.9099181811e+04 1.5707963268e+00 -2.1437620059e+00
2.0843955139e-04 2.9120657622e+04 1.5707963268e+00 -2.1445925954e+00
2.0858080629e-04 2.9142144330e+04 1.5707963268e+00 -2.1454219589e+00
2.0872201554e-04 2.9163641918e+04 1.5707963268e+00 -2.1462500985e+00
2.0886317922e-04 2.9185150367e+04 1.5707963268e+00 -2.1470770164e+00
2.0900429739e-04 2.9206669662e+04 1.5707963268e+00 -2.1479027145e+00
2.0914537013e-04 2.9228199784e+04 1.5707963268e+00 -2.1487271950e+00
2.0928639751e-04 2.9249740716e+04 1.5707963268e+00 -2.1495504599e+00
2.0942737961e-04 2.9271292441e+04 1.5707963268e+00 -2.1503725113e+00
2.0956831651e-04 2.9292854942e+04 1.5707963268e+00 -2.1511933514e+00
2.0970920826e-04 2.9314428202e+04 1.5707963268e+00 -2.1520129821e+00
2.0985005495e-04 2.9336012203e+04 1.5707963268e+00 -2.1528314055e+00
2.0999085665e-04 2.9357606928e+04 1.5707963268e+00 -2.1536486238e+00
2.1013161343e-04 2.9379212361e+04 1.5707963268e+00 -2.1544646389e+00
2.1027232536e-04 2.9400828483e+04 1.5707963268e+00 -2.1552794529e+00
2.1041299252e-04 2.9422455278e+04 1.5707963268e+00 -2.1560930679e+00
2.1055361497e-04 2.9444092729e+04 1.5707963268e+00 -2.1569054860e+00
2.1069419280e-04 2.9465740818e+04 1.5707963268e+00 -2.1577167091e+00
2.1083472607e-04 2.9487399529e+04 1.5707963268e+00 -2.1585267394e+00
2.1097521485e-04 2.9509068845e+04 1.5707963268e+00 -2.1593355788e+00
2.1111565921e-04 2.9530748748e+04 1.5707963268e+00 -2.1601432295e+00
2.1125605924e-04 2.9552439223e+04 1.5707963268e+00 -2.1609496934e+00
2.1139641499e-04 2.9574140251e+04 1.5707963268e+00 -2.1617549727e+00
2.1153672654e-04 2.9595851815e+04 1.5707963268e+00 -2.1625590692e+00
2.1167699396e-04 2.9617573900e+04 1.5707963268e+00 -2.1633619851e+00
2.1181721733e-04 2.9639306488e+04 1.5707963268e+00 -2.1641637224e+00
2.1195739670e-04 2.9661049562e+04 1.5707963268e+00 -2.1649642832e+00
2.1209753216e-04 2.9682803105e+04 1.5707963268e+00 -2.1657636693e+00
2.1223762378e-04 2.9704567101e+04 1.5707963268e+00 -2.1665618829e+00
2.1237767162e-04 2.9726341533e+04 1.5707963268e+00 -2.1673589260e+00
2.1251767576e-04 2.9748126383e+04 1.5707963268e+00 -2.1681548006e+00
2.1265763626e-04 2.9769921636e+04 1.5707963268e+00 -2.1689495086e+00
2.1279755320e-04 2.9791727275e+04 1.5707963268e+00 -2.1697430522e+00
2.1293742664e-04 2.9813543283e+04 1.5707963268e+00 -2.1705354332e+00
2.1307725666e-04 2.9835369642e+04 1.5707963268e+00 -2.1713266538e+00
2.1321704333e-04 2.9857206338e+04 1.5707963268e+00 -2.1721167158e+00
2.1335678671e-04 2.9879053352e+04 1.5707963268e+00 -2.1729056214e+00
2.1349648688e-04 2.9900910669e+04 1.5707963268e+00 -2.1736933724e+00
2.1363614390e-04 2.9922778271e+04 1.5707963268e+00 -2.1744799709e+00
2.1377575785e-04 2.9944656143e+04 1.5707963268e+00 -2.1752654189e+00
2.1391532879e-04 2.9966544267e+04 1.5707963268e+00 -2.1760497184e+00
2.1405485679e-04 2.9988442628e+04 1.5707963268e+00 -2.1768328712e+00
2.1419434193e-04 3.0010351208e+04 1.5707963268e+00 -2.1776148795e+00
2.1433378427e-04 3.0032269992e+04 1.5707963268e+00 -2.1783957452e+00
2.1447318387e-04 3.0054198963e+04 1.5707963268e+00 -2.1791754702e+00
2.1461254082e-04 3.0076138103e+04 1.5707963268e+00 -2.1799540565e+00
2.1475185517e-04 3.0098087398e+04 1.5707963268e+00 -2.1807315061e+00
2.1489112699e-04 3.0120046831e+04 1.5707963268e+00 -2.1815078209e+00
2.1503035636e-04 3.0142016385e+04 1.5707963268e+00 -2.1822830030e+00
2.1516954334e-04 3.0163996044e+04 1.5707963268e+00 -2.1830570542e+00
2.1530868800e-04 3.0185985791e+04 1.5707963268e+00 -2.1838299766e+00
2.1544779041e-04 3.0207985611e+04 1.5707963268e+00 -2.1846017720e+00
2.1558685063e-04 3.0229995487e+04 1.5707963268e+00 -2.1853724424e+00
2.1572586874e-04 3.0252015403e+04 1.5707963268e+00 -2.1861419898e+00
2.1586484480e-04 3.0274045343e+04 1.5707963268e+00 -2.1869104161e+00
2.1600377888e-04 3.0296085290e+04 1.5707963268e+00 -2.1876777233e+00
2.1614267104e-04 3.0318135229e+04 1.5707963268e+00 -2.1884439132e+00
2.1628152135e-04 3.0340195143e+04 1.5707963268e+00 -2.1892089878e+00
2.1642032989e-04 3.0362265016e+04 1.5707963268e+00 -2.1899729491e+00
2.1655909671e-04 3.0384344832e+04 1.5707963268e+00 -2.1907357990e+00
2.1669782188e-04 3.0406434575e+04 1.5707963268e+00 -2.1914975393e+00
2.1683650548e-04 3.0428534229e+04 1.5707963268e+00 -2.1922581720e+00
2.1697514756e-04 3.0450643778e+04 1.5707963268e+00 -2.1930176991e+00
2.1711374820e-04 3.0472763206e+04 1.5707963268e+00 -2.1937761225e+00
2.1725230746e-04 3.0494892497e+04 1.5707963268e+00 -2.1945334439e+00
2.1739082540e-04 3.0517031635e+04 1.5707963268e+00 -2.1952896655e+00
2.1752930210e-04 3.0539180603e+04 1.5707963268e+00 -2.1960447890e+00
2.1766773761e-04 3.0561339387e+04 1.5707963268e+00 -2.1967988164e+00
2.1780613201e-04 3.0583507971e+04 1.5707963268e+00 -2.1975517496e+00
2.1794448536e-04 3.0605686337e+04 1.5707963268e+00 -2.1983035905e+00
2.1808279773e-04 3.0627874472e+04 1.5707963268e+00 -2.1990543409e+00
2.1822106917e-04 3.0650072358e+04 1.5707963268e+00 -2.1998040028e+00
2.1835929977e-04 3.0672279980e+04 1.5707963268e+00 -2.2005525780e+00
2.1849748958e-04 3.0694497322e+04 1.5707963268e+00 -2.2013000685e+00
2.1863563866e-04 3.0716724369e+04 1.5707963268e+00 -2.2020464761e+00
2.1877374709e-04 3.0738961104e+04 1.5707963268e+00 -2.2027918026e+00
2.1891181493e-04 3.0761207512e+04 1.5707963268e+00 -2.2035360501e+00
2.1904984224e-04 3.0783463578e+04 1.5707963268e+00 -2.2042792203e+00
2.1918782909e-04 3.0805729286e+04 1.5707963268e+00 -2.2050213151e+00
2.1932577554e-04 3.0828004620e+04 1.5707963268e+00 -2.2057623364e+00
2.1946368165e-04 3.0850289564e+04 1.5707963268e+00 -2.2065022861e+00
2.1960154750e-04 3.0872584103e+04 1.5707963268e+00 -2.2072411659e+00
2.1973937315e-04 3.0894888221e+04 1.5707963268e+00 -2.2079789778e+00
2.1987715865e-04 3.0917201903e+04 1.5707963268e+00 -2.2087157237e+00
2.2001490408e-04 3.0939525134e+04 1.5707963268e+00 -2.2094514053e+00
2.2015260949e-04 3.0961857897e+04 1.5707963268e+00 -2.2101860246e+00
2.2029027496e-04 3.0984200178e+04 1.5707963268e+00 -2.2109195833e+00
2.2042790054e-04 3.1006551961e+04 1.5707963268e+00 -2.2116520834e+00
2.2056548630e-04 3.1028913230e+04 1.5707963268e+00 -2.2123835266e+00
2.2070303231e-04 3.1051283970e+04 1.5707963268e+00 -2.2131139148e+00
2.2084053862e-04 3.1073664166e+04 1.5707963268e+00 -2.2138432498e+00
2.2097800530e-04 3.1096053802e+04 1.5707963268e+00 -2.2145715335e+00
2.2111543241e-04 3.1118452863e+04 1.5707963268e+00 -2.2152987677e+00
2.2125282002e-04 3.1140861334e+04 1.5707963268e+00 -2.2160249543e+00
2.2139016819e-04 3.1163279200e+04 1.5707963268e+00 -2.2167500949e+00
2.2152747698e-04 3.1185706445e+04 1.5707963268e+00 -2.2174741915e+00
2.2166474645e-04 3.1208143053e+04 1.5707963268e+00 -2.2181972459e+00
2.2180197667e-04 3.1230589011e+04 1.5707963268e+00 -2.2189192599e+00
2.2193916770e-04 3.1253044302e+04 1.5707963268e+00 -2.2196402354e+00
2.2207631960e-04 3.1275508911e+04 1.5707963268e+00 -2.2203601740e+00
2.2221343243e-04 3.1297982824e+04 1.5707963268e+00 -2.2210790776e+00
2.2235050627e-04 3.1320466025e+04 1.5707963268e+00 -2.2217969481e+00
2.2248754115e-04 3.1342958498e+04 1.5707963268e+00 -2.2225137872e+00
2.2262453716e-04 3.1365460230e+04 1.5707963268e+00 -2.2232295967e+00
2.2276149435e-04 3.1387971205e+04 1.5707963268e+00 -2.2239443784e+00
2.2289841279e-04 3.1410491407e+04 1.5707963268e+00 -2.2246581341e+00
2.2303529253e-04 3.1433020823e+04 1.5707963268e+00 -2.2253708656e+00
2.2317213363e-04 3.1455559436e+04 1.5707963268e+00 -2.2260825747e+00
2.2330893617e-04 3.1478107233e+04 1.5707963268e+00 -2.2267932631e+00
2.2344570019e-04 3.1500664197e+04 1.5707963268e+00 -2.2275029327e+00
2.2358242577e-04 3.1523230314e+04 1.5707963268e+00 -2.2282115852e+00
2.2371911295e-04 3.1545805570e+04 1.5707963268e+00 -2.2289192224e+00
2.2385576181e-04 3.1568389949e+04 1.5707963268e+00 -2.2296258460e+00
2.2399237240e-04 3.1590983436e+04 1.5707963268e+00 -2.2303314579e+00
2.2412894479e-04 3.1613586017e+04 1.5707963268e+00 -2.2310360597e+00
2.2426547903e-04 3.1636197677e+04 1.5707963268e+00 -2.2317396533e+00
2.2440197519e-04 3.1658818401e+04 1.5707963268e+00 -2.2324422404e+00
2.2453843332e-04 3.1681448174e+04 1.5707963268e+00 -2.2331438228e+00
2.2467485349e-04 3.1704086982e+04 1.5707963268e+00 -2.2338444021e+00
2.2481123575e-04 3.1726734810e+04 1.5707963268e+00 -2.2345439803e+00
2.2494758017e-04 3.1749391643e+04 1.5707963268e+00 -2.2352425589e+00
2.2508388680e-04 3.1772057467e+04 1.5707963268e+00 -2.2359401399e+00
2.2522015572e-04 3.1794732267e+04 1.5707963268e+00 -2.2366367248e+00
2.2535638696e-04 3.1817416027e+04 1.5707963268e+00 -2.2373323154e+00
2.2549258061e-04 3.1840108735e+04 1.5707963268e+00 -2.2380269135e+00
2.2562873670e-04 3.1862810375e+04 1.5707963268e+00 -2.2387205208e+00
2.2576485531e-04 3.1885520932e+04 1.5707963268e+00 -2.2394131391e+00
2.2590093650e-04 3.1908240392e+04 1.5707963268e+00 -2.2401047700e+00
2.2603698032e-04 3.1930968741e+04 1.5707963268e+00 -2.2407954153e+00
2.2617298683e-04 3.1953705964e+04 1.5707963268e+00 -2.2414850767e+00
2.2630895609e-04 3.1976452047e+04 1.5707963268e+00 -2.2421737559e+00
2.2644488815e-04 3.1999206975e+04 1.5707963268e+00 -2.2428614546e+00
2.2658078309e-04 3.2021970733e+04 1.5707963268e+00 -2.2435481746e+00
2.2671664096e-04 3.2044743308e+04 1.5707963268e+00 -2.2442339176e+00
2.2685246181e-04 3.2067524685e+04 1.5707963268e+00 -2.2449186852e+00
2.2698824570e-04 3.2090314850e+04 1.5707963268e+00 -2.2456024791e+00
2.2712399270e-04 3.2113113788e+04 1.5707963268e+00 -2.2462853012e+00
2.2725970286e-04 3.2135921486e+04 1.5707963268e+00 -2.2469671530e+00
2.2739537623e-04 3.2158737928e+04 1.5707963268e+00 -2.2476480362e+00
2.2753101288e-04 3.2181563100e+04 1.5707963268e+00 -2.2483279526e+00
2.2766661287e-04 3.2204396989e+04 1.5707963268e+00 -2.2490069039e+00
2.2780217625e-04 3.2227239580e+04 1.5707963268e+00 -2.2496848916e+00
2.2793770308e-04 3.2250090859e+04 1.5707963268e+00 -2.2503619176e+00
2.2807319342e-04 3.2272950811e+04 1.5707963268e+00 -2.2510379835e+00
2.2820864732e-04 3.2295819424e+04 1.5707963268e+00 -2.2517130909e+00
2.2834406484e-04 3.2318696681e+04 1.5707963268e+00 -2.2523872416e+00
2.2847944605e-04 3.2341582570e+04 1.5707963268e+00 -2.2530604371e+00
2.2861479099e-04 3.2364477077e+04 1.5707963268e+00 -2.2537326793e+00
2.2875009973e-04 3.2387380187e+04 1.5707963268e+00 -2.2544039696e+00
2.2888537231e-04 3.2410291886e+04 1.5707963268e+00 -2.2550743099e+00
2.2902060881e-04 3.2433212160e+04 1.5707963268e+00 -2.2557437018e+00
2.2915580927e-04 3.2456140995e+04 1.5707963268e+00 -2.2564121469e+00
2.2929097375e-04 3.2479078378e+04 1.5707963268e+00 -2.2570796469e+00
2.2942610231e-04 3.2502024295e+04 1.5707963268e+00 -2.2577462033e+00
2.2956119500e-04 3.2524978730e+04 1.5707963268e+00 -2.2584118180e+00
2.2969625188e-04 3.2547941671e+04 1.5707963268e+00 -2.2590764925e+00
2.2983127301e-04 3.2570913104e+04 1.5707963268e+00 -2.2597402285e+00
2.2996625844e-04 3.2593893015e+04 1.5707963268e+00 -2.2604030276e+00
2.3010120823e-04 3.2616881390e+04 1.5707963268e+00 -2.2610648914e+00
2.3023612244e-04 3.2639878215e+04 1.5707963268e+00 -2.2617258216e+00
2.3037100112e-04 3.2662883476e+04 1.5707963268e+00 -2.2623858198e+00
2.3050584432e-04 3.2685897161e+04 1.5707963268e+00 -2.2630448876e+00
2.3064065211e-04 3.2708919254e+04 1.5707963268e+00 -2.2637030267e+00
2.3077542453e-04 3.2731949742e+04 1.5707963268e+00 -2.2643602387e+00
2.3091016164e-04 3.2754988612e+04 1.5707963268e+00 -2.2650165252e+00
2.3104486351e-04 3.2778035849e+04 1.5707963268e+00 -2.2656718878e+00
2.3117953018e-04 3.2801091441e+04 1.5707963268e+00 -2.2663263282e+00
2.3131416170e-04 3.2824155374e+04 1.5707963268e+00 -2.2669798479e+00
2.3144875814e-04 3.2847227633e+04 1.5707963268e+00 -2.2676324486e+00
2.3158331955e-04 3.2870308206e+04 1.5707963268e+00 -2.2682841319e+00
2.3171784598e-04 3.2893397079e+04 1.5707963268e+00 -2.2689348993e+00
2.3185233749e-04 3.2916494238e+04 1.5707963268e+00 -2.2695847525e+00
2.3198679413e-04 3.2939599669e+04 1.5707963268e+00 -2.2702336931e+00
2.3212121596e-04 3.2962713360e+04 1.5707963268e+00 -2.2708817226e+00
2.3225560303e-04 3.2985835297e+04 1.5707963268e+00 -2.2715288427e+00
2.3238995539e-04 3.3008965467e+04 1.5707963268e+00 -2.2721750549e+00
2.3252427311e-04 3.3032103855e+04 1.5707963268e+00 -2.2728203609e+00
2.3265855623e-04 3.3055250449e+04 1.5707963268e+00 -2.2734647622e+00
2.3279280481e-04 3.3078405234e+04 1.5707963268e+00 -2.2741082603e+00
2.3292701889e-04 3.3101568199e+04 1.5707963268e+00 -2.2747508570e+00
2.3306119855e-04 3.3124739329e+04 1.5707963268e+00 -2.2753925537e+00
2.3319534382e-04 3.3147918612e+04 1.5707963268e+00 -2.2760333520e+00
2.3332945477e-04 3.3171106033e+04 1.5707963268e+00 -2.2766732535e+00
2.3346353144e-04 3.3194301579e+04 1.5707963268e+00 -2.2773122598e+00
2.3359757390e-04 3.3217505238e+04 1.5707963268e+00 -2.2779503724e+00
2.3373158218e-04 3.3240716997e+04 1.5707963268e+00 -2.2785875929e+00
2.3386555636e-04 3.3263936841e+04 1.5707963268e+00 -2.2792239228e+00
2.3399949647e-04 3.3287164757e+04 1.5707963268e+00 -2.2798593638e+00
2.3413340257e-04 3.3310400733e+04 1.5707963268e+00 -2.2804939173e+00
2.3426727472e-04 3.3333644756e+04 1.5707963268e+00 -2.2811275849e+00
2.3440111297e-04 3.3356896812e+04 1.5707963268e+00 -2.2817603681e+00
2.3453491737e-04 3.3380156888e+04 1.5707963268e+00 -2.2823922686e+00
2.3466868797e-04 3.3403424971e+04 1.5707963268e+00 -2.2830232877e+00
2.3480242483e-04 3.3426701048e+04 1.5707963268e+00 -2.2836534272e+00
2.3493612799e-04 3.3449985106e+04 1.5707963268e+00 -2.2842826885e+00
2.3506979752e-04 3.3473277132e+04 1.5707963268e+00 -2.2849110731e+00
2.3520343346e-04 3.3496577113e+04 1.5707963268e+00 -2.2855385826e+00
2.3533703586e-04 3.3519885036e+04 1.5707963268e+00 -2.2861652186e+00
2.3547060479e-04 3.3543200888e+04 1.5707963268e+00 -2.2867909824e+00
2.3560414028e-04 3.3566524656e+04 1.5707963268e+00 -2.2874158757e+00
2.3573764239e-04 3.3589856328e+04 1.5707963268e+00 -2.2880399000e+00
2.3587111117e-04 3.3613195890e+04 1.5707963268e+00 -2.2886630568e+00
2.3600454668e-04 3.3636543329e+04 1.5707963268e+00 -2.2892853476e+00
2.3613794896e-04 3.3659898633e+04 1.5707963268e+00 -2.2899067740e+00
2.3627131808e-04 3.3683261789e+04 1.5707963268e+00 -2.2905273373e+00
2.3640465407e-04 3.3706632783e+04 1.5707963268e+00 -2.2911470392e+00
2.3653795698e-04 3.3730011604e+04 1.5707963268e+00 -2.2917658812e+00
2.3667122688e-04 3.3753398239e+04 1.5707963268e+00 -2.2923838647e+00
2.3680446382e-04 3.3776792674e+04 1.5707963268e+00 -2.2930009912e+00
2.3693766783e-04 3.3800194897e+04 1.5707963268e+00 -2.2936172623e+00
2.3707083898e-04 3.3823604896e+04 1.5707963268e+00 -2.2942326794e+00
2.3720397731e-04 3.3847022657e+04 1.5707963268e+00 -2.2948472440e+00
2.3733708288e-04 3.3870448169e+04 1.5707963268e+00 -2.2954609577e+00
2.3747015574e-04 3.3893881418e+04 1.5707963268e+00 -2.2960738219e+00
2.3760319593e-04 3.3917322391e+04 1.5707963268e+00 -2.2966858380e+00
2.3773620351e-04 3.3940771077e+04 1.5707963268e+00 -2.2972970076e+00
2.3786917852e-04 3.3964227462e+04 1.5707963268e+00 -2.2979073321e+00
2.3800212103e-04 3.3987691535e+04 1.5707963268e+00 -2.2985168130e+00
2.3813503107e-04 3.4011163282e+04 1.5707963268e+00 -2.2991254519e+00
2.3826790869e-04 3.4034642691e+04 1.5707963268e+00 -2.2997332501e+00
2.3840075396e-04 3.4058129750e+04 1.5707963268e+00 -2.3003402091e+00
2.3853356691e-04 3.4081624445e+04 1.5707963268e+00 -2.3009463303e+00
2.3866634760e-04 3.4105126766e+04 1.5707963268e+00 -2.3015516154e+00
2.3879909608e-04 3.4128636699e+04 1.5707963268e+00 -2.3021560656e+00
2.3893181239e-04 3.4152154232e+04 1.5707963268e+00 -2.3027596825e+00
2.3906449659e-04 3.4175679352e+04 1.5707963268e+00 -2.3033624675e+00
2.3919714872e-04 3.4199212047e+04 1.5707963268e+00 -2.3039644221e+00
2.3932976884e-04 3.4222752305e+04 1.5707963268e+00 -2.3045655476e+00
2.3946235699e-04 3.4246300114e+04 1.5707963268e+00 -2.3051658457e+00
2.3959491322e-04 3.4269855461e+04 1.5707963268e+00 -2.3057653176e+00
2.3972743759e-04 3.4293418334e+04 1.5707963268e+00 -2.3063639649e+00
2.3985993013e-04 3.4316988720e+04 1.5707963268e+00 -2.3069617890e+00
2.3999239091e-04 3.4340566608e+04 1.5707963268e+00 -2.3075587912e+00
2.4012481996e-04 3.4364151986e+04 1.5707963268e+00 -2.3081549732e+00
2.4025721734e-04 3.4387744840e+04 1.5707963268e+00 -2.3087503361e+00
2.4038958310e-04 3.4411345159e+04 1.5707963268e+00 -2.3093448816e+00
2.4052191728e-04 3.4434952931e+04 1.5707963268e+00 -2.3099386111e+00
2.4065421993e-04 3.4458568144e+04 1.5707963268e+00 -2.3105315258e+00
2.4078649111e-04 3.4482190785e+04 1.5707963268e+00 -2.3111236274e+00
2.4091873085e-04 3.4505820842e+04 1.5707963268e+00 -2.3117149171e+00
2.4105093921e-04 3.4529458304e+04 1.5707963268e+00 -2.3123053964e+00
2.4118311623e-04 3.4553103158e+04 1.5707963268e+00 -2.3128950667e+00
2.4131526197e-04 3.4576755393e+04 1.5707963268e+00 -2.3134839295e+00
2.4144737646e-04 3.4600414996e+04 1.5707963268e+00 -2.3140719861e+00
2.4157945977e-04 3.4624081955e+04 1.5707963268e+00 -2.3146592379e+00
2.4171151193e-04 3.4647756258e+04 1.5707963268e+00 -2.3152456863e+00
2.4184353299e-04 3.4671437894e+04 1.5707963268e+00 -2.3158313328e+00
2.4197552301e-04 3.4695126851e+04 1.5707963268e+00 -2.3164161786e+00
2.4210748203e-04 3.4718823116e+04 1.5707963268e+00 -2.3170002253e+00
2.4223941009e-04 3.4742526677e+04 1.5707963268e+00 -2.3175834743e+00
2.4237130724e-04 3.4766237524e+04 1.5707963268e+00 -2.3181659268e+00
2.4250317354e-04 3.4789955643e+04 1.5707963268e+00 -2.3187475843e+00
2.4263500902e-04 3.4813681024e+04 1.5707963268e+00 -2.3193284481e+00
2.4276681373e-04 3.4837413654e+04 1.5707963268e+00 -2.3199085197e+00
2.4289858773e-04 3.4861153522e+04 1.5707963268e+00 -2.3204878005e+00
2.4303033105e-04 3.4884900615e+04 1.5707963268e+00 -2.3210662917e+00
2.4316204375e-04 3.4908654923e+04 1.5707963268e+00 -2.3216439948e+00
2.4329372587e-04 3.4932416433e+04 1.5707963268e+00 -2.3222209112e+00
2.4342537746e-04 3.4956185134e+04 1.5707963268e+00 -2.3227970421e+00
2.4355699856e-04 3.4979961014e+04 1.5707963268e+00 -2.3233723891e+00
2.4368858922e-04 3.5003744061e+04 1.5707963268e+00 -2.3239469534e+00
2.4382014949e-04 3.5027534264e+04 1.5707963268e+00 -2.3245207364e+00
2.4395167941e-04 3.5051331611e+04 1.5707963268e+00 -2.3250937394e+00
2.4408317904e-04 3.5075136090e+04 1.5707963268e+00 -2.3256659639e+00
2.4421464840e-04 3.5098947691e+04 1.5707963268e+00 -2.3262374111e+00
2.4434608756e-04 3.5122766401e+04 1.5707963268e+00 -2.3268080825e+00
2.4447749655e-04 3.5146592208e+04 1.5707963268e+00 -2.3273779793e+00
2.4460887543e-04 3.5170425102e+04 1.5707963268e+00 -2.3279471029e+00
2.4474022423e-04 3.5194265071e+04 1.5707963268e+00 -2.3285154547e+00
2.4487154301e-04 3.5218112103e+04 1.5707963268e+00 -2.3290830360e+00
2.4500283181e-04 3.5241966187e+04 1.5707963268e+00 -2.3296498481e+00
2.4513409067e-04 3.5265827311e+04 1.5707963268e+00 -2.3302158924e+00
2.4526531964e-04 3.5289695465e+04 1.5707963268e+00 -2.3307811701e+00
2.4539651876e-04 3.5313570636e+04 1.5707963268e+00 -2.3313456828e+00
2.4552768809e-04 3.5337452813e+04 1.5707963268e+00 -2.3319094315e+00
2.4565882766e-04 3.5361341985e+04 1.5707963268e+00 -2.3324724178e+00
2.4578993752e-04 3.5385238141e+04 1.5707963268e+00 -2.3330346429e+00
2.4592101772e-04 3.5409141269e+04 1.5707963268e+00 -2.3335961081e+00
2.4605206830e-04 3.5433051358e+04 1.5707963268e+00 -2.3341568147e+00
2.4618308930e-04 3.5456968396e+04 1.5707963268e+00 -2.3347167641e+00
