0.0000000000e+00 1.1619445631e+04 1.5707963268e+00 0.0000000000e+00
3.0410125668e-07 1.1619445631e+04 1.5707963268e+00 3.8167938931e-03
6.0820251335e-07 1.1619421081e+04 1.5707963268e+00 7.6335877863e-03
9.1230584273e-07 1.1619371979e+04 1.5707963268e+00 1.1450397808e-02
1.2164133176e-06 1.1619298326e+04 1.5707963268e+00 1.5267240089e-02
1.5205270109e-06 1.1619200122e+04 1.5707963268e+00 1.9084130757e-02
1.8246489960e-06 1.1619077363e+04 1.5707963268e+00 2.2901085946e-02
2.1287813469e-06 1.1618930048e+04 1.5707963268e+00 2.6718121788e-02
2.4329261381e-06 1.1618758175e+04 1.5707963268e+00 3.0535254420e-02
2.7370854452e-06 1.1618561739e+04 1.5707963268e+00 3.4352499982e-02
3.0412613447e-06 1.1618340738e+04 1.5707963268e+00 3.8169874618e-02
3.3454559142e-06 1.1618095166e+04 1.5707963268e+00 4.1987394478e-02
3.6496712328e-06 1.1617825019e+04 1.5707963268e+00 4.5805075717e-02
3.9539093810e-06 1.1617530291e+04 1.5707963268e+00 4.9622934495e-02
4.2581724410e-06 1.1617210976e+04 1.5707963268e+00 5.3440986981e-02
4.5624624967e-06 1.1616867067e+04 1.5707963268e+00 5.7259249349e-02
4.8667816343e-06 1.1616498557e+04 1.5707963268e+00 6.1077737785e-02
5.1711319417e-06 1.1616105438e+04 1.5707963268e+00 6.4896468482e-02
5.4755155094e-06 1.1615687702e+04 1.5707963268e+00 6.8715457640e-02
5.7799344304e-06 1.1615245339e+04 1.5707963268e+00 7.2534721475e-02
6.0843908001e-06 1.1614778341e+04 1.5707963268e+00 7.6354276208e-02
6.3888867169e-06 1.1614286696e+04 1.5707963268e+00 8.0174138078e-02
6.6934242820e-06 1.1613770395e+04 1.5707963268e+00 8.3994323330e-02
6.9980055999e-06 1.1613229426e+04 1.5707963268e+00 8.7814848228e-02
7.3026327782e-06 1.1612663777e+04 1.5707963268e+00 9.1635729045e-02
7.6073079280e-06 1.1612073436e+04 1.5707963268e+00 9.5456982072e-02
7.9120331641e-06 1.1611458390e+04 1.5707963268e+00 9.9278623612e-02
8.2168106051e-06 1.1610818625e+04 1.5707963268e+00 1.0310066999e-01
8.5216423734e-06 1.1610154128e+04 1.5707963268e+00 1.0692313754e-01
8.8265305955e-06 1.1609464882e+04 1.5707963268e+00 1.1074604261e-01
9.1314774024e-06 1.1608750874e+04 1.5707963268e+00 1.1456940158e-01
9.4364849295e-06 1.1608012088e+04 1.5707963268e+00 1.1839323085e-01
9.7415553166e-06 1.1607248506e+04 1.5707963268e+00 1.2221754681e-01
1.0046690709e-05 1.1606460111e+04 1.5707963268e+00 1.2604236591e-01
1.0351893255e-05 1.1605646887e+04 1.5707963268e+00 1.2986770459e-01
1.0657165111e-05 1.1604808815e+04 1.5707963268e+00 1.3369357932e-01
1.0962508437e-05 1.1603945877e+04 1.5707963268e+00 1.3752000661e-01
1.1267925398e-05 1.1603058052e+04 1.5707963268e+00 1.4134700296e-01
1.1573418166e-05 1.1602145321e+04 1.5707963268e+00 1.4517458493e-01
1.1878988918e-05 1.1601207663e+04 1.5707963268e+00 1.4900276908e-01
1.2184639838e-05 1.1600245058e+04 1.5707963268e+00 1.5283157199e-01
1.2490373114e-05 1.1599257483e+04 1.5707963268e+00 1.5666101030e-01
1.2796190942e-05 1.1598244916e+04 1.5707963268e+00 1.6049110063e-01
1.3102095526e-05 1.1597207335e+04 1.5707963268e+00 1.6432185966e-01
1.3408089074e-05 1.1596144716e+04 1.5707963268e+00 1.6815330410e-01
1.3714173803e-05 1.1595057034e+04 1.5707963268e+00 1.7198545066e-01
1.4020351935e-05 1.1593944265e+04 1.5707963268e+00 1.7581831611e-01
1.4326625702e-05 1.1592806384e+04 1.5707963268e+00 1.7965191724e-01
1.4632997341e-05 1.1591643365e+04 1.5707963268e+00 1.8348627086e-01
1.4939469098e-05 1.1590455181e+04 1.5707963268e+00 1.8732139382e-01
1.5246043227e-05 1.1589241805e+04 1.5707963268e+00 1.9115730301e-01
1.5552721990e-05 1.1588003210e+04 1.5707963268e+00 1.9499401534e-01
1.5859507657e-05 1.1586739367e+04 1.5707963268e+00 1.9883154776e-01
1.6166402506e-05 1.1585450247e+04 1.5707963268e+00 2.0266991727e-01
1.6473408825e-05 1.1584135821e+04 1.5707963268e+00 2.0650914088e-01
1.6780528910e-05 1.1582796059e+04 1.5707963268e+00 2.1034923564e-01
1.7087765066e-05 1.1581430929e+04 1.5707963268e+00 2.1419021865e-01
1.7395119607e-05 1.1580040401e+04 1.5707963268e+00 2.1803210705e-01
1.7702594858e-05 1.1578624441e+04 1.5707963268e+00 2.2187491801e-01
1.8010193152e-05 1.1577183019e+04 1.5707963268e+00 2.2571866873e-01
1.8317916833e-05 1.1575716100e+04 1.5707963268e+00 2.2956337646e-01
1.8625768255e-05 1.1574223651e+04 1.5707963268e+00 2.3340905851e-01
1.8933749782e-05 1.1572705636e+04 1.5707963268e+00 2.3725573220e-01
1.9241863788e-05 1.1571162021e+04 1.5707963268e+00 2.4110341490e-01
1.9550112660e-05 1.1569592771e+04 1.5707963268e+00 2.4495212405e-01
1.9858498793e-05 1.1567997848e+04 1.5707963268e+00 2.4880187710e-01
2.0167024596e-05 1.1566377215e+04 1.5707963268e+00 2.5265269156e-01
2.0475692487e-05 1.1564730836e+04 1.5707963268e+00 2.5650458500e-01
2.0784504897e-05 1.1563058670e+04 1.5707963268e+00 2.6035757500e-01
2.1093464270e-05 1.1561360681e+04 1.5707963268e+00 2.6421167922e-01
2.1402573060e-05 1.1559636826e+04 1.5707963268e+00 2.6806691537e-01
2.1711833735e-05 1.1557887068e+04 1.5707963268e+00 2.7192330118e-01
2.2021248774e-05 1.1556111364e+04 1.5707963268e+00 2.7578085446e-01
2.2330820671e-05 1.1554309672e+04 1.5707963268e+00 2.7963959306e-01
2.2640551931e-05 1.1552481952e+04 1.5707963268e+00 2.8349953487e-01
2.2950445074e-05 1.1550628159e+04 1.5707963268e+00 2.8736069786e-01
2.3260502633e-05 1.1548748249e+04 1.5707963268e+00 2.9122310002e-01
2.3570727155e-05 1.1546842180e+04 1.5707963268e+00 2.9508675943e-01
2.3881121201e-05 1.1544909905e+04 1.5707963268e+00 2.9895169419e-01
2.4191687346e-05 1.1542951379e+04 1.5707963268e+00 3.0281792249e-01
2.4502428180e-05 1.1540966556e+04 1.5707963268e+00 3.0668546255e-01
2.4813346308e-05 1.1538955389e+04 1.5707963268e+00 3.1055433267e-01
2.5124444351e-05 1.1536917829e+04 1.5707963268e+00 3.1442455120e-01
2.5435724944e-05 1.1534853830e+04 1.5707963268e+00 3.1829613653e-01
2.5747190739e-05 1.1532763340e+04 1.5707963268e+00 3.2216910716e-01
2.6058844403e-05 1.1530646312e+04 1.5707963268e+00 3.2604348159e-01
2.6370688620e-05 1.1528502694e+04 1.5707963268e+00 3.2991927844e-01
2.6682726089e-05 1.1526332434e+04 1.5707963268e+00 3.3379651636e-01
2.6994959530e-05 1.1524135482e+04 1.5707963268e+00 3.3767521406e-01
2.7307391675e-05 1.1521911785e+04 1.5707963268e+00 3.4155539035e-01
2.7620025278e-05 1.1519661288e+04 1.5707963268e+00 3.4543706408e-01
2.7932863107e-05 1.1517383939e+04 1.5707963268e+00 3.4932025417e-01
2.8245907951e-05 1.1515079682e+04 1.5707963268e+00 3.5320497962e-01
2.8559162616e-05 1.1512748462e+04 1.5707963268e+00 3.5709125948e-01
2.8872629926e-05 1.1510390223e+04 1.5707963268e+00 3.6097911289e-01
2.9186312728e-05 1.1508004907e+04 1.5707963268e+00 3.6486855905e-01
2.9500213882e-05 1.1505592457e+04 1.5707963268e+00 3.6875961725e-01
2.9814336274e-05 1.1503152814e+04 1.5707963268e+00 3.7265230683e-01
3.0128682806e-05 1.1500685920e+04 1.5707963268e+00 3.7654664722e-01
3.0443256402e-05 1.1498191714e+04 1.5707963268e+00 3.8044265792e-01
3.0758060007e-05 1.1495670136e+04 1.5707963268e+00 3.8434035851e-01
3.1073096586e-05 1.1493121124e+04 1.5707963268e+00 3.8823976865e-01
3.1388369126e-05 1.1490544616e+04 1.5707963268e+00 3.9214090808e-01
3.1703880635e-05 1.1487940548e+04 1.5707963268e+00 3.9604379660e-01
3.2019634146e-05 1.1485308858e+04 1.5707963268e+00 3.9994845413e-01
3.2335632712e-05 1.1482649479e+04 1.5707963268e+00 4.0385490064e-01
3.2651879408e-05 1.1479962348e+04 1.5707963268e+00 4.0776315619e-01
3.2968377336e-05 1.1477247398e+04 1.5707963268e+00 4.1167324093e-01
3.3285129619e-05 1.1474504562e+04 1.5707963268e+00 4.1558517511e-01
3.3602139404e-05 1.1471733772e+04 1.5707963268e+00 4.1949897903e-01
3.3919409863e-05 1.1468934960e+04 1.5707963268e+00 4.2341467311e-01
3.4236944195e-05 1.1466108056e+04 1.5707963268e+00 4.2733227786e-01
3.4554745621e-05 1.1463252990e+04 1.5707963268e+00 4.3125181385e-01
3.4872817390e-05 1.1460369690e+04 1.5707963268e+00 4.3517330178e-01
3.5191162776e-05 1.1457458087e+04 1.5707963268e+00 4.3909676242e-01
3.5509785081e-05 1.1454518105e+04 1.5707963268e+00 4.4302221663e-01
3.5828687633e-05 1.1451549673e+04 1.5707963268e+00 4.4694968538e-01
3.6147873787e-05 1.1448552715e+04 1.5707963268e+00 4.5087918974e-01
3.6467346928e-05 1.1445527157e+04 1.5707963268e+00 4.5481075086e-01
3.6787110468e-05 1.1442472922e+04 1.5707963268e+00 4.5874439000e-01
3.7107167847e-05 1.1439389933e+04 1.5707963268e+00 4.6268012852e-01
3.7427522537e-05 1.1436278113e+04 1.5707963268e+00 4.6661798788e-01
3.7748178038e-05 1.1433137383e+04 1.5707963268e+00 4.7055798965e-01
3.8069137882e-05 1.1429967663e+04 1.5707963268e+00 4.7450015549e-01
3.8390405629e-05 1.1426768873e+04 1.5707963268e+00 4.7844450719e-01
3.8711984874e-05 1.1423540932e+04 1.5707963268e+00 4.8239106661e-01
3.9033879242e-05 1.1420283757e+04 1.5707963268e+00 4.8633985576e-01
3.9356092390e-05 1.1416997265e+04 1.5707963268e+00 4.9029089673e-01
3.9678628010e-05 1.1413681372e+04 1.5707963268e+00 4.9424421174e-01
4.0001489826e-05 1.1410335993e+04 1.5707963268e+00 4.9819982311e-01
4.0324681597e-05 1.1406961043e+04 1.5707963268e+00 5.0215775327e-01
4.0648207117e-05 1.1403556434e+04 1.5707963268e+00 5.0611802479e-01
4.0972070213e-05 1.1400122078e+04 1.5707963268e+00 5.1008066034e-01
4.1296274751e-05 1.1396657887e+04 1.5707963268e+00 5.1404568270e-01
4.1620824632e-05 1.1393163771e+04 1.5707963268e+00 5.1801311479e-01
4.1945723795e-05 1.1389639640e+04 1.5707963268e+00 5.2198297964e-01
4.2270976215e-05 1.1386085401e+04 1.5707963268e+00 5.2595530041e-01
4.2596585908e-05 1.1382500963e+04 1.5707963268e+00 5.2993010037e-01
4.2922556927e-05 1.1378886231e+04 1.5707963268e+00 5.3390740294e-01
4.3248893365e-05 1.1375241111e+04 1.5707963268e+00 5.3788723164e-01
4.3575599356e-05 1.1371565508e+04 1.5707963268e+00 5.4186961015e-01
4.3902679076e-05 1.1367859324e+04 1.5707963268e+00 5.4585456225e-01
4.4230136741e-05 1.1364122462e+04 1.5707963268e+00 5.4984211188e-01
4.4557976611e-05 1.1360354824e+04 1.5707963268e+00 5.5383228309e-01
4.4886202987e-05 1.1356556310e+04 1.5707963268e+00 5.5782510010e-01
4.5214820218e-05 1.1352726819e+04 1.5707963268e+00 5.6182058722e-01
4.5543832694e-05 1.1348866249e+04 1.5707963268e+00 5.6581876895e-01
4.5873244852e-05 1.1344974497e+04 1.5707963268e+00 5.6981966989e-01
4.6203061175e-05 1.1341051460e+04 1.5707963268e+00 5.7382331480e-01
4.6533286195e-05 1.1337097032e+04 1.5707963268e+00 5.7782972860e-01
4.6863924489e-05 1.1333111108e+04 1.5707963268e+00 5.8183893634e-01
4.7194980684e-05 1.1329093580e+04 1.5707963268e+00 5.8585096320e-01
4.7526459458e-05 1.1325044340e+04 1.5707963268e+00 5.8986583456e-01
4.7858365538e-05 1.1320963279e+04 1.5707963268e+00 5.9388357589e-01
4.8190703702e-05 1.1316850285e+04 1.5707963268e+00 5.9790421288e-01
4.8523478783e-05 1.1312705248e+04 1.5707963268e+00 6.0192777132e-01
4.8856695663e-05 1.1308528054e+04 1.5707963268e+00 6.0595427719e-01
4.9190359283e-05 1.1304318589e+04 1.5707963268e+00 6.0998375661e-01
4.9524474635e-05 1.1300076739e+04 1.5707963268e+00 6.1401623589e-01
4.9859046769e-05 1.1295802387e+04 1.5707963268e+00 6.1805174148e-01
5.0194080793e-05 1.1291495416e+04 1.5707963268e+00 6.2209029999e-01
5.0529581871e-05 1.1287155706e+04 1.5707963268e+00 6.2613193823e-01
5.0865555229e-05 1.1282783138e+04 1.5707963268e+00 6.3017668315e-01
5.1202006151e-05 1.1278377590e+04 1.5707963268e+00 6.3422456188e-01
5.1538939982e-05 1.1273938941e+04 1.5707963268e+00 6.3827560173e-01
5.1876362133e-05 1.1269467067e+04 1.5707963268e+00 6.4232983019e-01
5.2214278074e-05 1.1264961842e+04 1.5707963268e+00 6.4638727491e-01
5.2552693343e-05 1.1260423142e+04 1.5707963268e+00 6.5044796375e-01
5.2891613544e-05 1.1255850837e+04 1.5707963268e+00 6.5451192472e-01
5.3231044345e-05 1.1251244800e+04 1.5707963268e+00 6.5857918604e-01
5.3570991487e-05 1.1246604901e+04 1.5707963268e+00 6.6264977611e-01
5.3911460777e-05 1.1241931007e+04 1.5707963268e+00 6.6672372352e-01
5.4252458096e-05 1.1237222988e+04 1.5707963268e+00 6.7080105706e-01
5.4593989394e-05 1.1232480708e+04 1.5707963268e+00 6.7488180570e-01
5.4936060697e-05 1.1227704032e+04 1.5707963268e+00 6.7896599861e-01
5.5278678106e-05 1.1222892823e+04 1.5707963268e+00 6.8305366517e-01
5.5621847798e-05 1.1218046944e+04 1.5707963268e+00 6.8714483497e-01
5.5965576029e-05 1.1213166255e+04 1.5707963268e+00 6.9123953778e-01
5.6309869132e-05 1.1208250615e+04 1.5707963268e+00 6.9533780359e-01
5.6654733523e-05 1.1203299881e+04 1.5707963268e+00 6.9943966261e-01
5.7000175700e-05 1.1198313911e+04 1.5707963268e+00 7.0354514524e-01
5.7346202245e-05 1.1193292558e+04 1.5707963268e+00 7.0765428213e-01
5.7692819827e-05 1.1188235676e+04 1.5707963268e+00 7.1176710411e-01
5.8040035199e-05 1.1183143118e+04 1.5707963268e+00 7.1588364225e-01
5.8387855207e-05 1.1178014732e+04 1.5707963268e+00 7.2000392785e-01
5.8736286785e-05 1.1172850369e+04 1.5707963268e+00 7.2412799242e-01
5.9085336961e-05 1.1167649875e+04 1.5707963268e+00 7.2825586772e-01
5.9435012858e-05 1.1162413096e+04 1.5707963268e+00 7.3238758572e-01
5.9785321693e-05 1.1157139877e+04 1.5707963268e+00 7.3652317865e-01
6.0136270784e-05 1.1151830061e+04 1.5707963268e+00 7.4066267896e-01
6.0487867547e-05 1.1146483487e+04 1.5707963268e+00 7.4480611934e-01
6.0840119501e-05 1.1141099996e+04 1.5707963268e+00 7.4895353274e-01
6.1193034270e-05 1.1135679426e+04 1.5707963268e+00 7.5310495235e-01
6.1546619583e-05 1.1130221612e+04 1.5707963268e+00 7.5726041160e-01
6.1900883279e-05 1.1124726390e+04 1.5707963268e+00 7.6141994420e-01
6.2255833306e-05 1.1119193592e+04 1.5707963268e+00 7.6558358409e-01
6.2611477726e-05 1.1113623050e+04 1.5707963268e+00 7.6975136550e-01
6.2967824717e-05 1.1108014592e+04 1.5707963268e+00 7.7392332289e-01
6.3324882574e-05 1.1102368047e+04 1.5707963268e+00 7.7809949101e-01
6.3682659711e-05 1.1096683241e+04 1.5707963268e+00 7.8227990488e-01
6.4041164668e-05 1.1090959997e+04 1.5707963268e+00 7.8646459980e-01
6.4400406105e-05 1.1085198139e+04 1.5707963268e+00 7.9065361132e-01
6.4760392816e-05 1.1079397487e+04 1.5707963268e+00 7.9484697530e-01
6.5121133721e-05 1.1073557860e+04 1.5707963268e+00 7.9904472788e-01
6.5482637875e-05 1.1067679075e+04 1.5707963268e+00 8.0324690549e-01
6.5844914470e-05 1.1061760947e+04 1.5707963268e+00 8.0745354485e-01
6.6207972836e-05 1.1055803289e+04 1.5707963268e+00 8.1166468296e-01
6.6571822446e-05 1.1049805912e+04 1.5707963268e+00 8.1588035716e-01
6.6936472917e-05 1.1043768627e+04 1.5707963268e+00 8.2010060507e-01
6.7301934016e-05 1.1037691239e+04 1.5707963268e+00 8.2432546460e-01
6.7668215660e-05 1.1031573556e+04 1.5707963268e+00 8.2855497402e-01
6.8035327923e-05 1.1025415380e+04 1.5707963268e+00 8.3278917189e-01
6.8403281037e-05 1.1019216513e+04 1.5707963268e+00 8.3702809708e-01
6.8772085393e-05 1.1012976754e+04 1.5707963268e+00 8.4127178881e-01
6.9141751553e-05 1.1006695901e+04 1.5707963268e+00 8.4552028662e-01
6.9512290244e-05 1.1000373748e+04 1.5707963268e+00 8.4977363038e-01
6.9883712367e-05 1.0994010090e+04 1.5707963268e+00 8.5403186032e-01
7.0256029002e-05 1.0987604716e+04 1.5707963268e+00 8.5829501698e-01
7.0629251408e-05 1.0981157417e+04 1.5707963268e+00 8.6256314127e-01
7.1003391031e-05 1.0974667978e+04 1.5707963268e+00 8.6683627446e-01
7.1378459506e-05 1.0968136185e+04 1.5707963268e+00 8.7111445816e-01
7.1754468660e-05 1.0961561818e+04 1.5707963268e+00 8.7539773436e-01
7.2131430523e-05 1.0954944659e+04 1.5707963268e+00 8.7968614540e-01
7.2509357324e-05 1.0948284485e+04 1.5707963268e+00 8.8397973400e-01
7.2888261503e-05 1.0941581071e+04 1.5707963268e+00 8.8827854327e-01
7.3268155710e-05 1.0934834190e+04 1.5707963268e+00 8.9258261668e-01
7.3649052816e-05 1.0928043614e+04 1.5707963268e+00 8.9689199812e-01
7.4030965914e-05 1.0921209109e+04 1.5707963268e+00 9.0120673184e-01
7.4413908325e-05 1.0914330442e+04 1.5707963268e+00 9.0552686252e-01
7.4797893607e-05 1.0907407377e+04 1.5707963268e+00 9.0985243522e-01
7.5182935554e-05 1.0900439673e+04 1.5707963268e+00 9.1418349542e-01
7.5569048209e-05 1.0893427090e+04 1.5707963268e+00 9.1852008903e-01
7.5956245866e-05 1.0886369383e+04 1.5707963268e+00 9.2286226237e-01
7.6344543078e-05 1.0879266305e+04 1.5707963268e+00 9.2721006217e-01
7.6733954661e-05 1.0872117606e+04 1.5707963268e+00 9.3156353564e-01
7.7124495704e-05 1.0864923035e+04 1.5707963268e+00 9.3592273038e-01
7.7516181574e-05 1.0857682337e+04 1.5707963268e+00 9.4028769448e-01
7.7909027924e-05 1.0850395254e+04 1.5707963268e+00 9.4465847645e-01
7.8303050697e-05 1.0843061526e+04 1.5707963268e+00 9.4903512528e-01
7.8698266141e-05 1.0835680890e+04 1.5707963268e+00 9.5341769042e-01
7.9094690808e-05 1.0828253079e+04 1.5707963268e+00 9.5780622180e-01
7.9492341568e-05 1.0820777826e+04 1.5707963268e+00 9.6220076981e-01
7.9891235616e-05 1.0813254857e+04 1.5707963268e+00 9.6660138535e-01
8.0291390479e-05 1.0805683900e+04 1.5707963268e+00 9.7100811980e-01
8.0692824026e-05 1.0798064675e+04 1.5707963268e+00 9.7542102505e-01
8.1095554478e-05 1.0790396904e+04 1.5707963268e+00 9.7984015349e-01
8.1499600418e-05 1.0782680300e+04 1.5707963268e+00 9.8426555803e-01
8.1904980796e-05 1.0774914579e+04 1.5707963268e+00 9.8869729210e-01
8.2311714946e-05 1.0767099450e+04 1.5707963268e+00 9.9313540968e-01
8.2719822592e-05 1.0759234620e+04 1.5707963268e+00 9.9757996525e-01
8.3129323860e-05 1.0751319793e+04 1.5707963268e+00 1.0020310139e+00
8.3540239288e-05 1.0743354669e+04 1.5707963268e+00 1.0064886112e+00
8.3952589842e-05 1.0735338945e+04 1.5707963268e+00 1.0109528133e+00
8.4366396924e-05 1.0727272315e+04 1.5707963268e+00 1.0154236770e+00
8.4781682382e-05 1.0719154469e+04 1.5707963268e+00 1.0199012595e+00
8.5198468533e-05 1.0710985095e+04 1.5707963268e+00 1.0243856189e+00
8.5616778163e-05 1.0702763875e+04 1.5707963268e+00 1.0288768136e+00
8.6036634553e-05 1.0694490490e+04 1.5707963268e+00 1.0333749028e+00
8.6458061485e-05 1.0686164616e+04 1.5707963268e+00 1.0378799461e+00
8.6881083262e-05 1.0677785925e+04 1.5707963268e+00 1.0423920039e+00
8.7305724719e-05 1.0669354087e+04 1.5707963268e+00 1.0469111373e+00
8.7732011245e-05 1.0660868767e+04 1.5707963268e+00 1.0514374079e+00
8.8159968793e-05 1.0652329626e+04 1.5707963268e+00 1.0559708779e+00
8.8589623903e-05 1.0643736322e+04 1.5707963268e+00 1.0605116103e+00
8.9021003717e-05 1.0635088508e+04 1.5707963268e+00 1.0650596689e+00
8.9454135995e-05 1.0626385835e+04 1.5707963268e+00 1.0696151178e+00
8.9889049143e-05 1.0617627949e+04 1.5707963268e+00 1.0741780222e+00
9.0325772224e-05 1.0608814490e+04 1.5707963268e+00 1.0787484477e+00
9.0764334982e-05 1.0599945097e+04 1.5707963268e+00 1.0833264608e+00
9.1204767869e-05 1.0591019402e+04 1.5707963268e+00 1.0879121288e+00
9.1647102057e-05 1.0582037036e+04 1.5707963268e+00 1.0925055195e+00
9.2091369473e-05 1.0572997622e+04 1.5707963268e+00 1.0971067016e+00
9.2537602814e-05 1.0563900783e+04 1.5707963268e+00 1.1017157445e+00
9.2985835580e-05 1.0554746132e+04 1.5707963268e+00 1.1063327186e+00
9.3436102095e-05 1.0545533283e+04 1.5707963268e+00 1.1109576948e+00
9.3888437538e-05 1.0536261843e+04 1.5707963268e+00 1.1155907449e+00
9.4342877972e-05 1.0526931413e+04 1.5707963268e+00 1.1202319416e+00
9.4799460370e-05 1.0517541591e+04 1.5707963268e+00 1.1248813584e+00
9.5258222652e-05 1.0508091971e+04 1.5707963268e+00 1.1295390695e+00
9.5719203714e-05 1.0498582141e+04 1.5707963268e+00 1.1342051503e+00
9.6182443465e-05 1.0489011684e+04 1.5707963268e+00 1.1388796766e+00
9.6647982860e-05 1.0479380178e+04 1.5707963268e+00 1.1435627255e+00
9.7115863937e-05 1.0469687197e+04 1.5707963268e+00 1.1482543747e+00
9.7586129861e-05 1.0459932308e+04 1.5707963268e+00 1.1529547032e+00
9.8058824957e-05 1.0450115076e+04 1.5707963268e+00 1.1576637904e+00
9.8533994760e-05 1.0440235057e+04 1.5707963268e+00 1.1623817172e+00
9.9011686056e-05 1.0430291804e+04 1.5707963268e+00 1.1671085650e+00
9.9491946926e-05 1.0420284863e+04 1.5707963268e+00 1.1718444165e+00
9.9974826801e-05 1.0410213777e+04 1.5707963268e+00 1.1765893553e+00
1.0046037651e-04 1.0400078082e+04 1.5707963268e+00 1.1813434659e+00
1.0094864833e-04 1.0389877306e+04 1.5707963268e+00 1.1861068341e+00
1.0143969605e-04 1.0379610976e+04 1.5707963268e+00 1.1908795464e+00
1.0193357502e-04 1.0369278609e+04 1.5707963268e+00 1.1956616906e+00
1.0243034222e-04 1.0358879718e+04 1.5707963268e+00 1.2004533555e+00
1.0293005634e-04 1.0348413811e+04 1.5707963268e+00 1.2052546312e+00
1.0343277780e-04 1.0337880386e+04 1.5707963268e+00 1.2100656086e+00
1.0393856888e-04 1.0327278939e+04 1.5707963268e+00 1.2148863800e+00
1.0444749376e-04 1.0316608958e+04 1.5707963268e+00 1.2197170388e+00
1.0495961860e-04 1.0305869925e+04 1.5707963268e+00 1.2245576795e+00
1.0547501164e-04 1.0295061314e+04 1.5707963268e+00 1.2294083979e+00
1.0599374328e-04 1.0284182594e+04 1.5707963268e+00 1.2342692909e+00
1.0651588617e-04 1.0273233227e+04 1.5707963268e+00 1.2391404569e+00
1.0704151529e-04 1.0262212669e+04 1.5707963268e+00 1.2440219954e+00
1.0757070811e-04 1.0251120367e+04 1.5707963268e+00 1.2489140072e+00
1.0810354463e-04 1.0239955762e+04 1.5707963268e+00 1.2538165944e+00
1.0864010753e-04 1.0228718290e+04 1.5707963268e+00 1.2587298605e+00
1.0918048229e-04 1.0217407376e+04 1.5707963268e+00 1.2636539104e+00
1.0972475732e-04 1.0206022441e+04 1.5707963268e+00 1.2685888503e+00
1.1027302408e-04 1.0194562897e+04 1.5707963268e+00 1.2735347880e+00
1.1082537723e-04 1.0183028148e+04 1.5707963268e+00 1.2784918324e+00
1.1138191478e-04 1.0171417592e+04 1.5707963268e+00 1.2834600942e+00
1.1194273829e-04 1.0159730618e+04 1.5707963268e+00 1.2884396856e+00
1.1250795295e-04 1.0147966607e+04 1.5707963268e+00 1.2934307200e+00
1.1307766786e-04 1.0136124933e+04 1.5707963268e+00 1.2984333128e+00
1.1365199616e-04 1.0124204961e+04 1.5707963268e+00 1.3034475806e+00
1.1423105526e-04 1.0112206049e+04 1.5707963268e+00 1.3084736418e+00
1.1481496704e-04 1.0100127546e+04 1.5707963268e+00 1.3135116166e+00
1.1540385812e-04 1.0087968791e+04 1.5707963268e+00 1.3185616265e+00
1.1599786003e-04 1.0075729118e+04 1.5707963268e+00 1.3236237950e+00
1.1659710957e-04 1.0063407848e+04 1.5707963268e+00 1.3286982474e+00
1.1720174901e-04 1.0051004298e+04 1.5707963268e+00 1.3337851105e+00
1.1781192645e-04 1.0038517772e+04 1.5707963268e+00 1.3388845131e+00
1.1842779607e-04 1.0025947568e+04 1.5707963268e+00 1.3439965859e+00
1.1904951855e-04 1.0013292972e+04 1.5707963268e+00 1.3491214613e+00
1.1967726140e-04 1.0000553263e+04 1.5707963268e+00 1.3542592738e+00
1.2031119933e-04 9.9877277110e+03 1.5707963268e+00 1.3594101598e+00
1.2095151471e-04 9.9748155747e+03 1.5707963268e+00 1.3645742576e+00
1.2159839801e-04 9.9618161044e+03 1.5707963268e+00 1.3697517078e+00
1.2225204829e-04 9.9487285409e+03 1.5707963268e+00 1.3749426527e+00
1.2291267371e-04 9.9355521148e+03 1.5707963268e+00 1.3801472371e+00
1.2358049212e-04 9.9222860474e+03 1.5707963268e+00 1.3853656077e+00
1.2425573164e-04 9.9089295497e+03 1.5707963268e+00 1.3905979136e+00
1.2493863133e-04 9.8954818232e+03 1.5707963268e+00 1.3958443060e+00
1.2562944193e-04 9.8819420592e+03 1.5707963268e+00 1.4011049385e+00
1.2632842657e-04 9.8683094390e+03 1.5707963268e+00 1.4063799670e+00
1.2703586166e-04 9.8545831339e+03 1.5707963268e+00 1.4116695498e+00
1.2775203777e-04 9.8407623050e+03 1.5707963268e+00 1.4169738477e+00
1.2847726061e-04 9.8268461035e+03 1.5707963268e+00 1.4222930239e+00
1.2921185211e-04 9.8128336703e+03 1.5707963268e+00 1.4276272443e+00
1.2995615161e-04 9.7987241365e+03 1.5707963268e+00 1.4329766771e+00
1.3071051707e-04 9.7845166232e+03 1.5707963268e+00 1.4383414934e+00
1.3147532653e-04 9.7702102414e+03 1.5707963268e+00 1.4437218670e+00
1.3225097961e-04 9.7558040926e+03 1.5707963268e+00 1.4491179744e+00
1.3303789916e-04 9.7412972685e+03 1.5707963268e+00 1.4545299949e+00
1.3383653313e-04 9.7266888516e+03 1.5707963268e+00 1.4599581106e+00
1.3464735658e-04 9.7119779151e+03 1.5707963268e+00 1.4654025068e+00
1.3547087390e-04 9.6971635233e+03 1.5707963268e+00 1.4708633715e+00
1.3630762129e-04 9.6822447321e+03 1.5707963268e+00 1.4763408960e+00
1.3715816948e-04 9.6672205893e+03 1.5707963268e+00 1.4818352744e+00
1.3802312674e-04 9.6520901353e+03 1.5707963268e+00 1.4873467043e+00
1.3890314226e-04 9.6368524033e+03 1.5707963268e+00 1.4928753864e+00
1.3979890989e-04 9.6215064206e+03 1.5707963268e+00 1.4984215248e+00
1.4071117233e-04 9.6060512089e+03 1.5707963268e+00 1.5039853268e+00
1.4164072580e-04 9.5904857857e+03 1.5707963268e+00 1.5095670033e+00
1.4258842531e-04 9.5748091652e+03 1.5707963268e+00 1.5151667686e+00
1.4355519058e-04 9.5590203599e+03 1.5707963268e+00 1.5207848407e+00
1.4454201273e-04 9.5431183819e+03 1.5707963268e+00 1.5264214411e+00
1.4554996180e-04 9.5271022450e+03 1.5707963268e+00 1.5320767952e+00
1.4658019539e-04 9.5109709668e+03 1.5707963268e+00 1.5377511319e+00
1.4763396845e-04 9.4947235713e+03 1.5707963268e+00 1.5434446842e+00
1.4871264443e-04 9.4783590915e+03 1.5707963268e+00 1.5491576888e+00
1.4981770814e-04 9.4618765737e+03 1.5707963268e+00 1.5548903865e+00
1.5095078057e-04 9.4452750807e+03 1.5707963268e+00 1.5606430222e+00
1.5211363597e-04 9.4285536971e+03 1.5707963268e+00 1.5664158446e+00
1.5330822175e-04 9.4117115353e+03 1.5707963268e+00 1.5722091068e+00
1.5453668168e-04 9.3947477416e+03 1.5707963268e+00 1.5780230659e+00
1.5580138307e-04 9.3776615047e+03 1.5707963268e+00 1.5838579833e+00
1.5710494889e-04 9.3604520653e+03 1.5707963268e+00 1.5897141247e+00
1.5845029571e-04 9.3431187276e+03 1.5707963268e+00 1.5955917598e+00
1.5984067909e-04 9.3256608730e+03 1.5707963268e+00 1.6014911630e+00
1.6127974795e-04 9.3080779775e+03 1.5707963268e+00 1.6074126125e+00
1.6277161021e-04 9.2903696314e+03 1.5707963268e+00 1.6133563910e+00
1.6432091280e-04 9.2725355654e+03 1.5707963268e+00 1.6193227852e+00
1.6593293970e-04 9.2545756808e+03 1.5707963268e+00 1.6253120860e+00
1.6761373322e-04 9.2364900889e+03 1.5707963268e+00 1.6313245880e+00
1.6937024554e-04 9.2182791589e+03 1.5707963268e+00 1.6373605897e+00
1.7121052972e-04 9.1999435800e+03 1.5707963268e+00 1.6434203928e+00
1.7314398350e-04 9.1814844396e+03 1.5707963268e+00 1.6495043024e+00
1.7518166399e-04 9.1629033255e+03 1.5707963268e+00 1.6556126260e+00
1.7733669960e-04 9.1442024595e+03 1.5707963268e+00 1.6617456732e+00
1.7962483735e-04 9.1253848752e+03 1.5707963268e+00 1.6679037547e+00
1.8206518243e-04 9.1064546585e+03 1.5707963268e+00 1.6740871812e+00
1.8468121647e-04 9.0874172783e+03 1.5707963268e+00 1.6802962622e+00
1.8750223028e-04 9.0682800518e+03 1.5707963268e+00 1.6865313038e+00
1.9056538943e-04 9.0490528132e+03 1.5707963268e+00 1.6927926062e+00
1.9391879812e-04 9.0297489021e+03 1.5707963268e+00 1.6990804600e+00
1.9762619674e-04 9.0103866713e+03 1.5707963268e+00 1.7053951410e+00
2.0177445230e-04 8.9909918740e+03 1.5707963268e+00 1.7117369027e+00
2.0648607988e-04 8.9716016161e+03 1.5707963268e+00 1.7181059656e+00
2.1194142569e-04 8.9522712677e+03 1.5707963268e+00 1.7245025000e+00
2.1842095147e-04 8.9330874056e+03 1.5707963268e+00 1.7309265985e+00
2.2639391854e-04 8.9141942896e+03 1.5707963268e+00 1.7373782294e+00
2.3673040284e-04 8.8958549067e+03 1.5707963268e+00 1.7438571503e+00
2.5131620744e-04 8.8786183686e+03 1.5707963268e+00 1.7503627296e+00
