0.0000000000e+00 1.0111578641e+04 1.5707963268e+00 0.0000000000e+00
4.2213544707e-07 1.0111578641e+04 1.5707963268e+00 -4.3859649123e-03
8.4427089413e-07 1.0111517216e+04 1.5707963268e+00 -8.7719298246e-03
1.2664246581e-06 1.0111394367e+04 1.5707963268e+00 -1.3157948024e-02
1.6886150591e-06 1.0111210092e+04 1.5707963268e+00 -1.7544072799e-02
2.1108604266e-06 1.0110964388e+04 1.5707963268e+00 -2.1930357443e-02
2.5331791060e-06 1.0110657249e+04 1.5707963268e+00 -2.6316855261e-02
2.9555894646e-06 1.0110288664e+04 1.5707963268e+00 -3.0703619576e-02
3.3781098977e-06 1.0109858622e+04 1.5707963268e+00 -3.5090703731e-02
3.8007588355e-06 1.0109367107e+04 1.5707963268e+00 -3.9478161096e-02
4.2235547487e-06 1.0108814103e+04 1.5707963268e+00 -4.3866045074e-02
4.6465161555e-06 1.0108199590e+04 1.5707963268e+00 -4.8254409105e-02
5.0696616275e-06 1.0107523544e+04 1.5707963268e+00 -5.2643306672e-02
5.4930097965e-06 1.0106785941e+04 1.5707963268e+00 -5.7032791306e-02
5.9165793608e-06 1.0105986752e+04 1.5707963268e+00 -6.1422916592e-02
6.3403890916e-06 1.0105125946e+04 1.5707963268e+00 -6.5813736171e-02
6.7644578402e-06 1.0104203490e+04 1.5707963268e+00 -7.0205303751e-02
7.1888045439e-06 1.0103219348e+04 1.5707963268e+00 -7.4597673108e-02
7.6134482334e-06 1.0102173480e+04 1.5707963268e+00 -7.8990898092e-02
8.0384080393e-06 1.0101065846e+04 1.5707963268e+00 -8.3385032634e-02
8.4637031989e-06 1.0099896401e+04 1.5707963268e+00 -8.7780130749e-02
8.8893530638e-06 1.0098665097e+04 1.5707963268e+00 -9.2176246545e-02
9.3153771063e-06 1.0097371885e+04 1.5707963268e+00 -9.6573434224e-02
9.7417949271e-06 1.0096016713e+04 1.5707963268e+00 -1.0097174809e-01
1.0168626262e-05 1.0094599525e+04 1.5707963268e+00 -1.0537124256e-01
1.0595890991e-05 1.0093120263e+04 1.5707963268e+00 -1.0977197214e-01
1.1023609144e-05 1.0091578866e+04 1.5707963268e+00 -1.1417399150e-01
1.1451800909e-05 1.0089975271e+04 1.5707963268e+00 -1.1857735538e-01
1.1880486640e-05 1.0088309412e+04 1.5707963268e+00 -1.2298211869e-01
1.2309686866e-05 1.0086581220e+04 1.5707963268e+00 -1.2738833646e-01
1.2739422298e-05 1.0084790622e+04 1.5707963268e+00 -1.3179606386e-01
1.3169713838e-05 1.0082937544e+04 1.5707963268e+00 -1.3620535619e-01
1.3600582586e-05 1.0081021908e+04 1.5707963268e+00 -1.4061626895e-01
1.4032049853e-05 1.0079043634e+04 1.5707963268e+00 -1.4502885774e-01
1.4464137163e-05 1.0077002639e+04 1.5707963268e+00 -1.4944317836e-01
1.4896866268e-05 1.0074898836e+04 1.5707963268e+00 -1.5385928677e-01
1.5330259155e-05 1.0072732138e+04 1.5707963268e+00 -1.5827723911e-01
1.5764338057e-05 1.0070502451e+04 1.5707963268e+00 -1.6269709169e-01
1.6199125460e-05 1.0068209682e+04 1.5707963268e+00 -1.6711890101e-01
1.6634644114e-05 1.0065853733e+04 1.5707963268e+00 -1.7154272378e-01
1.7070917046e-05 1.0063434503e+04 1.5707963268e+00 -1.7596861688e-01
1.7507967568e-05 1.0060951888e+04 1.5707963268e+00 -1.8039663743e-01
1.7945819287e-05 1.0058405783e+04 1.5707963268e+00 -1.8482684273e-01
1.8384496119e-05 1.0055796078e+04 1.5707963268e+00 -1.8925929032e-01
1.8824022299e-05 1.0053122661e+04 1.5707963268e+00 -1.9369403795e-01
1.9264422391e-05 1.0050385415e+04 1.5707963268e+00 -1.9813114361e-01
1.9705721304e-05 1.0047584224e+04 1.5707963268e+00 -2.0257066552e-01
2.0147944302e-05 1.0044718965e+04 1.5707963268e+00 -2.0701266215e-01
2.0591117017e-05 1.0041789513e+04 1.5707963268e+00 -2.1145719223e-01
2.1035265462e-05 1.0038795742e+04 1.5707963268e+00 -2.1590431471e-01
2.1480416047e-05 1.0035737521e+04 1.5707963268e+00 -2.2035408885e-01
2.1926595589e-05 1.0032614716e+04 1.5707963268e+00 -2.2480657415e-01
2.2373831332e-05 1.0029427189e+04 1.5707963268e+00 -2.2926183040e-01
2.2822150956e-05 1.0026174802e+04 1.5707963268e+00 -2.3371991766e-01
2.3271582599e-05 1.0022857410e+04 1.5707963268e+00 -2.3818089630e-01
2.3722154866e-05 1.0019474867e+04 1.5707963268e+00 -2.4264482698e-01
2.4173896853e-05 1.0016027023e+04 1.5707963268e+00 -2.4711177065e-01
2.4626838158e-05 1.0012513726e+04 1.5707963268e+00 -2.5158178860e-01
2.5081008901e-05 1.0008934819e+04 1.5707963268e+00 -2.5605494243e-01
2.5536439746e-05 1.0005290143e+04 1.5707963268e+00 -2.6053129406e-01
2.5993161912e-05 1.0001579535e+04 1.5707963268e+00 -2.6501090574e-01
2.6451207203e-05 9.9978028290e+03 1.5707963268e+00 -2.6949384008e-01
2.6910608019e-05 9.9939598547e+03 1.5707963268e+00 -2.7398016004e-01
2.7371397382e-05 9.9900504397e+03 1.5707963268e+00 -2.7846992891e-01
2.7833608960e-05 9.9860744074e+03 1.5707963268e+00 -2.8296321038e-01
2.8297277083e-05 9.9820315781e+03 1.5707963268e+00 -2.8746006849e-01
2.8762436776e-05 9.9779217683e+03 1.5707963268e+00 -2.9196056768e-01
2.9229123774e-05 9.9737447913e+03 1.5707963268e+00 -2.9646477277e-01
2.9697374556e-05 9.9695004566e+03 1.5707963268e+00 -3.0097274898e-01
3.0167226365e-05 9.9651885703e+03 1.5707963268e+00 -3.0548456193e-01
3.0638717242e-05 9.9608089348e+03 1.5707963268e+00 -3.1000027767e-01
3.1111886050e-05 9.9563613488e+03 1.5707963268e+00 -3.1451996267e-01
3.1586772505e-05 9.9518456075e+03 1.5707963268e+00 -3.1904368382e-01
3.2063417208e-05 9.9472615022e+03 1.5707963268e+00 -3.2357150847e-01
3.2541861681e-05 9.9426088207e+03 1.5707963268e+00 -3.2810350441e-01
3.3022148392e-05 9.9378873468e+03 1.5707963268e+00 -3.3263973989e-01
3.3504320800e-05 9.9330968606e+03 1.5707963268e+00 -3.3718028365e-01
3.3988423388e-05 9.9282371383e+03 1.5707963268e+00 -3.4172520488e-01
3.4474501699e-05 9.9233079525e+03 1.5707963268e+00 -3.4627457327e-01
3.4962602380e-05 9.9183090714e+03 1.5707963268e+00 -3.5082845901e-01
3.5452773224e-05 9.9132402596e+03 1.5707963268e+00 -3.5538693281e-01
3.5945063212e-05 9.9081012776e+03 1.5707963268e+00 -3.5995006588e-01
3.6439522558e-05 9.9028918819e+03 1.5707963268e+00 -3.6451792997e-01
3.6936202762e-05 9.8976118250e+03 1.5707963268e+00 -3.6909059736e-01
3.7435156654e-05 9.8922608551e+03 1.5707963268e+00 -3.7366814090e-01
3.7936438453e-05 9.8868387164e+03 1.5707963268e+00 -3.7825063396e-01
3.8440103816e-05 9.8813451489e+03 1.5707963268e+00 -3.8283815054e-01
3.8946209900e-05 9.8757798883e+03 1.5707963268e+00 -3.8743076517e-01
3.9454815423e-05 9.8701426661e+03 1.5707963268e+00 -3.9202855300e-01
3.9965980722e-05 9.8644332095e+03 1.5707963268e+00 -3.9663158979e-01
4.0479767828e-05 9.8586512413e+03 1.5707963268e+00 -4.0123995190e-01
4.0996240528e-05 9.8527964799e+03 1.5707963268e+00 -4.0585371632e-01
4.1515464444e-05 9.8468686392e+03 1.5707963268e+00 -4.1047296070e-01
4.2037507110e-05 9.8408674287e+03 1.5707963268e+00 -4.1509776333e-01
4.2562438050e-05 9.8347925532e+03 1.5707963268e+00 -4.1972820317e-01
4.3090328865e-05 9.8286437133e+03 1.5707963268e+00 -4.2436435985e-01
4.3621253326e-05 9.8224206044e+03 1.5707963268e+00 -4.2900631370e-01
4.4155287466e-05 9.8161229178e+03 1.5707963268e+00 -4.3365414575e-01
4.4692509679e-05 9.8097503396e+03 1.5707963268e+00 -4.3830793776e-01
4.5233000829e-05 9.8033025515e+03 1.5707963268e+00 -4.4296777220e-01
4.5776844359e-05 9.7967792300e+03 1.5707963268e+00 -4.4763373231e-01
4.6324126411e-05 9.7901800471e+03 1.5707963268e+00 -4.5230590208e-01
4.6874935945e-05 9.7835046697e+03 1.5707963268e+00 -4.5698436626e-01
4.7429364876e-05 9.7767527597e+03 1.5707963268e+00 -4.6166921041e-01
4.7987508211e-05 9.7699239741e+03 1.5707963268e+00 -4.6636052088e-01
4.8549464195e-05 9.7630179647e+03 1.5707963268e+00 -4.7105838484e-01
4.9115334468e-05 9.7560343783e+03 1.5707963268e+00 -4.7576289031e-01
4.9685224229e-05 9.7489728565e+03 1.5707963268e+00 -4.8047412614e-01
5.0259242414e-05 9.7418330357e+03 1.5707963268e+00 -4.8519218206e-01
5.0837501878e-05 9.7346145470e+03 1.5707963268e+00 -4.8991714867e-01
5.1420119594e-05 9.7273170163e+03 1.5707963268e+00 -4.9464911747e-01
5.2007216866e-05 9.7199400639e+03 1.5707963268e+00 -4.9938818089e-01
5.2598919547e-05 9.7124833051e+03 1.5707963268e+00 -5.0413443229e-01
5.3195358283e-05 9.7049463493e+03 1.5707963268e+00 -5.0888796597e-01
5.3796668760e-05 9.6973288009e+03 1.5707963268e+00 -5.1364887719e-01
5.4402991980e-05 9.6896302583e+03 1.5707963268e+00 -5.1841726223e-01
5.5014474546e-05 9.6818503146e+03 1.5707963268e+00 -5.2319321834e-01
5.5631268972e-05 9.6739885574e+03 1.5707963268e+00 -5.2797684383e-01
5.6253534010e-05 9.6660445683e+03 1.5707963268e+00 -5.3276823801e-01
5.6881435008e-05 9.6580179236e+03 1.5707963268e+00 -5.3756750130e-01
5.7515144281e-05 9.6499081935e+03 1.5707963268e+00 -5.4237473516e-01
5.8154841523e-05 9.6417149429e+03 1.5707963268e+00 -5.4719004218e-01
5.8800714235e-05 9.6334377305e+03 1.5707963268e+00 -5.5201352607e-01
5.9452958197e-05 9.6250761097e+03 1.5707963268e+00 -5.5684529168e-01
6.0111777970e-05 9.6166296276e+03 1.5707963268e+00 -5.6168544504e-01
6.0777387435e-05 9.6080978260e+03 1.5707963268e+00 -5.6653409334e-01
6.1450010375e-05 9.5994802404e+03 1.5707963268e+00 -5.7139134502e-01
6.2129881109e-05 9.5907764009e+03 1.5707963268e+00 -5.7625730971e-01
6.2817245167e-05 9.5819858317e+03 1.5707963268e+00 -5.8113209834e-01
6.3512360026e-05 9.5731080511e+03 1.5707963268e+00 -5.8601582308e-01
6.4215495909e-05 9.5641425719e+03 1.5707963268e+00 -5.9090859744e-01
6.4926936644e-05 9.5550889009e+03 1.5707963268e+00 -5.9581053624e-01
6.5646980606e-05 9.5459465397e+03 1.5707963268e+00 -6.0072175565e-01
6.6375941732e-05 9.5367149840e+03 1.5707963268e+00 -6.0564237321e-01
6.7114150634e-05 9.5273937242e+03 1.5707963268e+00 -6.1057250790e-01
6.7861955807e-05 9.5179822452e+03 1.5707963268e+00 -6.1551228010e-01
6.8619724953e-05 9.5084800269e+03 1.5707963268e+00 -6.2046181163e-01
6.9387846424e-05 9.4988865439e+03 1.5707963268e+00 -6.2542122584e-01
7.0166730809e-05 9.4892012660e+03 1.5707963268e+00 -6.3039064755e-01
7.0956812669e-05 9.4794236583e+03 1.5707963268e+00 -6.3537020312e-01
7.1758552452e-05 9.4695531816e+03 1.5707963268e+00 -6.4036002049e-01
7.2572438593e-05 9.4595892923e+03 1.5707963268e+00 -6.4536022919e-01
7.3398989839e-05 9.4495314431e+03 1.5707963268e+00 -6.5037096035e-01
7.4238757820e-05 9.4393790834e+03 1.5707963268e+00 -6.5539234677e-01
7.5092329886e-05 9.4291316594e+03 1.5707963268e+00 -6.6042452292e-01
7.5960332274e-05 9.4187886149e+03 1.5707963268e+00 -6.6546762496e-01
7.6843433615e-05 9.4083493917e+03 1.5707963268e+00 -6.7052179080e-01
7.7742348858e-05 9.3978134306e+03 1.5707963268e+00 -6.7558716012e-01
7.8657843651e-05 9.3871801718e+03 1.5707963268e+00 -6.8066387437e-01
7.9590739252e-05 9.3764490558e+03 1.5707963268e+00 -6.8575207682e-01
8.0541918043e-05 9.3656195248e+03 1.5707963268e+00 -6.9085191261e-01
8.1512329756e-05 9.3546910236e+03 1.5707963268e+00 -6.9596352872e-01
8.2502998497e-05 9.3436630008e+03 1.5707963268e+00 -7.0108707407e-01
8.3515030711e-05 9.3325349109e+03 1.5707963268e+00 -7.0622269946e-01
8.4549624241e-05 9.3213062157e+03 1.5707963268e+00 -7.1137055768e-01
8.5608078668e-05 9.3099763863e+03 1.5707963268e+00 -7.1653080347e-01
8.6691807138e-05 9.2985449061e+03 1.5707963268e+00 -7.2170359358e-01
8.7802349973e-05 9.2870112732e+03 1.5707963268e+00 -7.2688908677e-01
8.8941390354e-05 9.2753750041e+03 1.5707963268e+00 -7.3208744380e-01
9.0110772515e-05 9.2636356371e+03 1.5707963268e+00 -7.3729882753e-01
9.1312522897e-05 9.2517927376e+03 1.5707963268e+00 -7.4252340281e-01
9.2548874895e-05 9.2398459032e+03 1.5707963268e+00 -7.4776133659e-01
9.3822297928e-05 9.2277947699e+03 1.5707963268e+00 -7.5301279785e-01
9.5135531788e-05 9.2156390205e+03 1.5707963268e+00 -7.5827795763e-01
9.6491627447e-05 9.2033783932e+03 1.5707963268e+00 -7.6355698896e-01
9.7893995822e-05 9.1910126931e+03 1.5707963268e+00 -7.6885006690e-01
9.9346466458e-05 9.1785418055e+03 1.5707963268e+00 -7.7415736845e-01
1.0085335861e-04 9.1659657121e+03 1.5707963268e+00 -7.7947907250e-01
1.0241956803e-04 9.1532845115e+03 1.5707963268e+00 -7.8481535974e-01
1.0405067373e-04 9.1404984437e+03 1.5707963268e+00 -7.9016641259e-01
1.0575307063e-04 9.1276079212e+03 1.5707963268e+00 -7.9553241503e-01
1.0753413571e-04 9.1146135679e+03 1.5707963268e+00 -8.0091355244e-01
1.0940243868e-04 9.1015162683e+03 1.5707963268e+00 -8.0631001136e-01
1.1136801184e-04 9.0883172315e+03 1.5707963268e+00 -8.1172197924e-01
1.1344270045e-04 9.0750180731e+03 1.5707963268e+00 -8.1714964401e-01
1.1564062392e-04 9.0616209242e+03 1.5707963268e+00 -8.2259319364e-01
1.1797879268e-04 9.0481285768e+03 1.5707963268e+00 -8.2805281555e-01
1.2047794770e-04 9.0345446816e+03 1.5707963268e+00 -8.3352869571e-01
1.2316372612e-04 9.0208740221e+03 1.5707963268e+00 -8.3902101769e-01
1.2606831670e-04 9.0071229031e+03 1.5707963268e+00 -8.4452996112e-01
1.2923287260e-04 8.9932997158e+03 1.5707963268e+00 -8.5005569985e-01
1.3271113566e-04 8.9794157810e+03 1.5707963268e+00 -8.5559839923e-01
1.3657507645e-04 8.9654866552e+03 1.5707963268e+00 -8.6115821235e-01
1.4092404920e-04 8.9515342314e+03 1.5707963268e+00 -8.6673527454e-01
1.4590043226e-04 8.9375902895e+03 1.5707963268e+00 -8.7232969520e-01
1.5171810000e-04 8.9237028628e+03 1.5707963268e+00 -8.7794154489e-01
1.5871863005e-04 8.9099485515e+03 1.5707963268e+00 -8.8357083422e-01
1.6749487768e-04 8.8964588189e+03 1.5707963268e+00 -8.8921747665e-01
1.7920704561e-04 8.8834844217e+03 1.5707963268e+00 -8.9488121720e-01
1.9660349308e-04 8.8715896799e+03 1.5707963268e+00 -9.0056147751e-01
