0.0000000000e+00 1.1175955340e+04 1.5707963268e+00 0.0000000000e+00
3.2565819581e-07 1.1175955340e+04 1.5707963268e+00 3.9682539683e-03
6.5131639162e-07 1.1175921818e+04 1.5707963268e+00 7.9365079365e-03
9.7697834433e-07 1.1175854776e+04 1.5707963268e+00 1.1904785710e-02
1.3026478110e-06 1.1175754211e+04 1.5707963268e+00 1.5873111094e-02
1.6283285494e-06 1.1175620122e+04 1.5707963268e+00 1.9841507895e-02
1.9540243182e-06 1.1175452507e+04 1.5707963268e+00 2.3809999923e-02
2.2797388777e-06 1.1175251361e+04 1.5707963268e+00 2.7778610992e-02
2.6054759902e-06 1.1175016682e+04 1.5707963268e+00 3.1747364922e-02
2.9312394202e-06 1.1174748463e+04 1.5707963268e+00 3.5716285539e-02
3.2570329349e-06 1.1174446698e+04 1.5707963268e+00 3.9685396678e-02
3.5828603051e-06 1.1174111379e+04 1.5707963268e+00 4.3654722182e-02
3.9087253049e-06 1.1173742499e+04 1.5707963268e+00 4.7624285906e-02
4.2346317127e-06 1.1173340048e+04 1.5707963268e+00 5.1594111717e-02
4.5605833113e-06 1.1172904017e+04 1.5707963268e+00 5.5564223494e-02
4.8865838886e-06 1.1172434394e+04 1.5707963268e+00 5.9534645133e-02
5.2126372379e-06 1.1171931167e+04 1.5707963268e+00 6.3505400544e-02
5.5387471583e-06 1.1171394324e+04 1.5707963268e+00 6.7476513655e-02
5.8649174552e-06 1.1170823851e+04 1.5707963268e+00 7.1448008412e-02
6.1911519409e-06 1.1170219733e+04 1.5707963268e+00 7.5419908783e-02
6.5174544346e-06 1.1169581954e+04 1.5707963268e+00 7.9392238754e-02
6.8438287635e-06 1.1168910498e+04 1.5707963268e+00 8.3365022336e-02
7.1702787627e-06 1.1168205347e+04 1.5707963268e+00 8.7338283564e-02
7.4968082758e-06 1.1167466483e+04 1.5707963268e+00 9.1312046496e-02
7.8234211555e-06 1.1166693886e+04 1.5707963268e+00 9.5286335220e-02
8.1501212640e-06 1.1165887536e+04 1.5707963268e+00 9.9261173849e-02
8.4769124734e-06 1.1165047411e+04 1.5707963268e+00 1.0323658653e-01
8.8037986662e-06 1.1164173490e+04 1.5707963268e+00 1.0721259743e-01
9.1307837357e-06 1.1163265749e+04 1.5707963268e+00 1.1118923075e-01
9.4578715866e-06 1.1162324163e+04 1.5707963268e+00 1.1516651075e-01
9.7850661354e-06 1.1161348708e+04 1.5707963268e+00 1.1914446169e-01
1.0112371311e-05 1.1160339357e+04 1.5707963268e+00 1.2312310787e-01
1.0439791055e-05 1.1159296084e+04 1.5707963268e+00 1.2710247366e-01
1.0767329322e-05 1.1158218861e+04 1.5707963268e+00 1.3108258343e-01
1.1094990080e-05 1.1157107657e+04 1.5707963268e+00 1.3506346162e-01
1.1422777313e-05 1.1155962444e+04 1.5707963268e+00 1.3904513269e-01
1.1750695018e-05 1.1154783191e+04 1.5707963268e+00 1.4302762114e-01
1.2078747208e-05 1.1153569864e+04 1.5707963268e+00 1.4701095155e-01
1.2406937911e-05 1.1152322433e+04 1.5707963268e+00 1.5099514850e-01
1.2735271172e-05 1.1151040862e+04 1.5707963268e+00 1.5498023665e-01
1.3063751053e-05 1.1149725117e+04 1.5707963268e+00 1.5896624069e-01
1.3392381632e-05 1.1148375162e+04 1.5707963268e+00 1.6295318537e-01
1.3721167007e-05 1.1146990961e+04 1.5707963268e+00 1.6694109550e-01
1.4050111292e-05 1.1145572474e+04 1.5707963268e+00 1.7092999591e-01
1.4379218622e-05 1.1144119664e+04 1.5707963268e+00 1.7491991153e-01
1.4708493149e-05 1.1142632491e+04 1.5707963268e+00 1.7891086730e-01
1.5037939047e-05 1.1141110914e+04 1.5707963268e+00 1.8290288825e-01
1.5367560510e-05 1.1139554891e+04 1.5707963268e+00 1.8689599946e-01
1.5697361754e-05 1.1137964379e+04 1.5707963268e+00 1.9089022607e-01
1.6027347014e-05 1.1136339334e+04 1.5707963268e+00 1.9488559327e-01
1.6357520550e-05 1.1134679712e+04 1.5707963268e+00 1.9888212633e-01
1.6687886644e-05 1.1132985466e+04 1.5707963268e+00 2.0287985058e-01
1.7018449602e-05 1.1131256550e+04 1.5707963268e+00 2.0687879141e-01
1.7349213751e-05 1.1129492915e+04 1.5707963268e+00 2.1087897429e-01
1.7680183447e-05 1.1127694514e+04 1.5707963268e+00 2.1488042474e-01
1.8011363068e-05 1.1125861295e+04 1.5707963268e+00 2.1888316837e-01
1.8342757020e-05 1.1123993208e+04 1.5707963268e+00 2.2288723086e-01
1.8674369735e-05 1.1122090200e+04 1.5707963268e+00 2.2689263795e-01
1.9006205670e-05 1.1120152218e+04 1.5707963268e+00 2.3089941547e-01
1.9338269313e-05 1.1118179209e+04 1.5707963268e+00 2.3490758932e-01
1.9670565178e-05 1.1116171116e+04 1.5707963268e+00 2.3891718548e-01
2.0003097811e-05 1.1114127884e+04 1.5707963268e+00 2.4292823002e-01
2.0335871784e-05 1.1112049455e+04 1.5707963268e+00 2.4694074907e-01
2.0668891702e-05 1.1109935771e+04 1.5707963268e+00 2.5095476887e-01
2.1002162200e-05 1.1107786771e+04 1.5707963268e+00 2.5497031573e-01
2.1335687947e-05 1.1105602396e+04 1.5707963268e+00 2.5898741605e-01
2.1669473642e-05 1.1103382583e+04 1.5707963268e+00 2.6300609631e-01
2.2003524019e-05 1.1101127270e+04 1.5707963268e+00 2.6702638309e-01
2.2337843844e-05 1.1098836393e+04 1.5707963268e+00 2.7104830308e-01
2.2672437921e-05 1.1096509886e+04 1.5707963268e+00 2.7507188303e-01
2.3007311088e-05 1.1094147683e+04 1.5707963268e+00 2.7909714979e-01
2.3342468218e-05 1.1091749718e+04 1.5707963268e+00 2.8312413035e-01
2.3677914223e-05 1.1089315921e+04 1.5707963268e+00 2.8715285173e-01
2.4013654052e-05 1.1086846223e+04 1.5707963268e+00 2.9118334112e-01
2.4349692694e-05 1.1084340554e+04 1.5707963268e+00 2.9521562576e-01
2.4686035177e-05 1.1081798840e+04 1.5707963268e+00 2.9924973303e-01
2.5022686568e-05 1.1079221010e+04 1.5707963268e+00 3.0328569039e-01
2.5359651977e-05 1.1076606990e+04 1.5707963268e+00 3.0732352543e-01
2.5696936556e-05 1.1073956702e+04 1.5707963268e+00 3.1136326584e-01
2.6034545500e-05 1.1071270072e+04 1.5707963268e+00 3.1540493941e-01
2.6372484048e-05 1.1068547022e+04 1.5707963268e+00 3.1944857407e-01
2.6710757482e-05 1.1065787472e+04 1.5707963268e+00 3.2349419784e-01
2.7049371133e-05 1.1062991342e+04 1.5707963268e+00 3.2754183888e-01
2.7388330377e-05 1.1060158551e+04 1.5707963268e+00 3.3159152545e-01
2.7727640638e-05 1.1057289017e+04 1.5707963268e+00 3.3564328595e-01
2.8067307389e-05 1.1054382655e+04 1.5707963268e+00 3.3969714890e-01
2.8407336153e-05 1.1051439381e+04 1.5707963268e+00 3.4375314292e-01
2.8747732502e-05 1.1048459108e+04 1.5707963268e+00 3.4781129679e-01
2.9088502062e-05 1.1045441749e+04 1.5707963268e+00 3.5187163941e-01
2.9429650511e-05 1.1042387215e+04 1.5707963268e+00 3.5593419981e-01
2.9771183581e-05 1.1039295416e+04 1.5707963268e+00 3.5999900715e-01
3.0113107059e-05 1.1036166261e+04 1.5707963268e+00 3.6406609073e-01
3.0455426790e-05 1.1032999657e+04 1.5707963268e+00 3.6813547999e-01
3.0798148672e-05 1.1029795511e+04 1.5707963268e+00 3.7220720451e-01
3.1141278667e-05 1.1026553726e+04 1.5707963268e+00 3.7628129400e-01
3.1484822793e-05 1.1023274207e+04 1.5707963268e+00 3.8035777834e-01
3.1828787130e-05 1.1019956856e+04 1.5707963268e+00 3.8443668754e-01
3.2173177820e-05 1.1016601574e+04 1.5707963268e+00 3.8851805175e-01
3.2518001070e-05 1.1013208259e+04 1.5707963268e+00 3.9260190130e-01
3.2863263150e-05 1.1009776811e+04 1.5707963268e+00 3.9668826665e-01
3.3208970397e-05 1.1006307126e+04 1.5707963268e+00 4.0077717842e-01
3.3555129215e-05 1.1002799100e+04 1.5707963268e+00 4.0486866740e-01
3.3901746077e-05 1.0999252626e+04 1.5707963268e+00 4.0896276452e-01
3.4248827528e-05 1.0995667597e+04 1.5707963268e+00 4.1305950091e-01
3.4596380181e-05 1.0992043905e+04 1.5707963268e+00 4.1715890783e-01
3.4944410726e-05 1.0988381439e+04 1.5707963268e+00 4.2126101672e-01
3.5292925926e-05 1.0984680088e+04 1.5707963268e+00 4.2536585919e-01
3.5641932621e-05 1.0980939738e+04 1.5707963268e+00 4.2947346703e-01
3.5991437726e-05 1.0977160275e+04 1.5707963268e+00 4.3358387220e-01
3.6341448240e-05 1.0973341584e+04 1.5707963268e+00 4.3769710684e-01
3.6691971241e-05 1.0969483546e+04 1.5707963268e+00 4.4181320327e-01
3.7043013888e-05 1.0965586043e+04 1.5707963268e+00 4.4593219400e-01
3.7394583427e-05 1.0961648954e+04 1.5707963268e+00 4.5005411172e-01
3.7746687190e-05 1.0957672158e+04 1.5707963268e+00 4.5417898931e-01
3.8099332595e-05 1.0953655531e+04 1.5707963268e+00 4.5830685984e-01
3.8452527154e-05 1.0949598948e+04 1.5707963268e+00 4.6243775659e-01
3.8806278465e-05 1.0945502282e+04 1.5707963268e+00 4.6657171301e-01
3.9160594225e-05 1.0941365405e+04 1.5707963268e+00 4.7070876277e-01
3.9515482225e-05 1.0937188189e+04 1.5707963268e+00 4.7484893975e-01
3.9870950352e-05 1.0932970500e+04 1.5707963268e+00 4.7899227802e-01
4.0227006594e-05 1.0928712207e+04 1.5707963268e+00 4.8313881187e-01
4.0583659043e-05 1.0924413175e+04 1.5707963268e+00 4.8728857579e-01
4.0940915891e-05 1.0920073268e+04 1.5707963268e+00 4.9144160450e-01
4.1298785440e-05 1.0915692347e+04 1.5707963268e+00 4.9559793293e-01
4.1657276098e-05 1.0911270274e+04 1.5707963268e+00 4.9975759624e-01
4.2016396386e-05 1.0906806907e+04 1.5707963268e+00 5.0392062980e-01
4.2376154936e-05 1.0902302104e+04 1.5707963268e+00 5.0808706923e-01
4.2736560499e-05 1.0897755720e+04 1.5707963268e+00 5.1225695035e-01
4.3097621940e-05 1.0893167608e+04 1.5707963268e+00 5.1643030926e-01
4.3459348248e-05 1.0888537620e+04 1.5707963268e+00 5.2060718225e-01
4.3821748536e-05 1.0883865608e+04 1.5707963268e+00 5.2478760588e-01
4.4184832040e-05 1.0879151418e+04 1.5707963268e+00 5.2897161696e-01
4.4548608128e-05 1.0874394898e+04 1.5707963268e+00 5.3315925252e-01
4.4913086298e-05 1.0869595892e+04 1.5707963268e+00 5.3735054987e-01
4.5278276183e-05 1.0864754244e+04 1.5707963268e+00 5.4154554657e-01
4.5644187555e-05 1.0859869794e+04 1.5707963268e+00 5.4574428042e-01
4.6010830326e-05 1.0854942382e+04 1.5707963268e+00 5.4994678951e-01
4.6378214551e-05 1.0849971845e+04 1.5707963268e+00 5.5415311217e-01
4.6746350433e-05 1.0844958018e+04 1.5707963268e+00 5.5836328704e-01
4.7115248327e-05 1.0839900736e+04 1.5707963268e+00 5.6257735299e-01
4.7484918739e-05 1.0834799828e+04 1.5707963268e+00 5.6679534919e-01
4.7855372336e-05 1.0829655126e+04 1.5707963268e+00 5.7101731511e-01
4.8226619943e-05 1.0824466457e+04 1.5707963268e+00 5.7524329046e-01
4.8598672550e-05 1.0819233645e+04 1.5707963268e+00 5.7947331528e-01
4.8971541319e-05 1.0813956516e+04 1.5707963268e+00 5.8370742990e-01
4.9345237580e-05 1.0808634890e+04 1.5707963268e+00 5.8794567494e-01
4.9719772843e-05 1.0803268586e+04 1.5707963268e+00 5.9218809132e-01
5.0095158796e-05 1.0797857422e+04 1.5707963268e+00 5.9643472027e-01
5.0471407315e-05 1.0792401214e+04 1.5707963268e+00 6.0068560335e-01
5.0848530461e-05 1.0786899774e+04 1.5707963268e+00 6.0494078240e-01
5.1226540494e-05 1.0781352913e+04 1.5707963268e+00 6.0920029963e-01
5.1605449868e-05 1.0775760440e+04 1.5707963268e+00 6.1346419753e-01
5.1985271243e-05 1.0770122161e+04 1.5707963268e+00 6.1773251894e-01
5.2366017486e-05 1.0764437881e+04 1.5707963268e+00 6.2200530704e-01
5.2747701676e-05 1.0758707402e+04 1.5707963268e+00 6.2628260534e-01
5.3130337112e-05 1.0752930523e+04 1.5707963268e+00 6.3056445771e-01
5.3513937317e-05 1.0747107042e+04 1.5707963268e+00 6.3485090835e-01
5.3898516042e-05 1.0741236754e+04 1.5707963268e+00 6.3914200184e-01
5.4284087274e-05 1.0735319451e+04 1.5707963268e+00 6.4343778308e-01
5.4670665238e-05 1.0729354925e+04 1.5707963268e+00 6.4773829739e-01
5.5058264410e-05 1.0723342962e+04 1.5707963268e+00 6.5204359041e-01
5.5446899515e-05 1.0717283348e+04 1.5707963268e+00 6.5635370819e-01
5.5836585540e-05 1.0711175867e+04 1.5707963268e+00 6.6066869714e-01
5.6227337737e-05 1.0705020299e+04 1.5707963268e+00 6.6498860408e-01
5.6619171631e-05 1.0698816421e+04 1.5707963268e+00 6.6931347620e-01
5.7012103026e-05 1.0692564009e+04 1.5707963268e+00 6.7364336111e-01
5.7406148014e-05 1.0686262836e+04 1.5707963268e+00 6.7797830680e-01
5.7801322980e-05 1.0679912672e+04 1.5707963268e+00 6.8231836170e-01
5.8197644615e-05 1.0673513285e+04 1.5707963268e+00 6.8666357463e-01
5.8595129915e-05 1.0667064439e+04 1.5707963268e+00 6.9101399486e-01
5.8993796199e-05 1.0660565897e+04 1.5707963268e+00 6.9536967205e-01
5.9393661109e-05 1.0654017417e+04 1.5707963268e+00 6.9973065634e-01
5.9794742627e-05 1.0647418757e+04 1.5707963268e+00 7.0409699829e-01
6.0197059075e-05 1.0640769671e+04 1.5707963268e+00 7.0846874890e-01
6.0600629133e-05 1.0634069908e+04 1.5707963268e+00 7.1284595964e-01
6.1005471844e-05 1.0627319218e+04 1.5707963268e+00 7.1722868244e-01
6.1411606622e-05 1.0620517345e+04 1.5707963268e+00 7.2161696969e-01
6.1819053270e-05 1.0613664032e+04 1.5707963268e+00 7.2601087428e-01
6.2227831982e-05 1.0606759017e+04 1.5707963268e+00 7.3041044955e-01
6.2637963360e-05 1.0599802037e+04 1.5707963268e+00 7.3481574935e-01
6.3049468422e-05 1.0592792825e+04 1.5707963268e+00 7.3922682803e-01
6.3462368618e-05 1.0585731111e+04 1.5707963268e+00 7.4364374043e-01
6.3876685836e-05 1.0578616621e+04 1.5707963268e+00 7.4806654194e-01
6.4292442421e-05 1.0571449079e+04 1.5707963268e+00 7.5249528842e-01
6.4709661186e-05 1.0564228207e+04 1.5707963268e+00 7.5693003629e-01
6.5128365423e-05 1.0556953720e+04 1.5707963268e+00 7.6137084251e-01
6.5548578922e-05 1.0549625332e+04 1.5707963268e+00 7.6581776458e-01
6.5970325980e-05 1.0542242754e+04 1.5707963268e+00 7.7027086054e-01
6.6393631422e-05 1.0534805694e+04 1.5707963268e+00 7.7473018901e-01
6.6818520614e-05 1.0527313854e+04 1.5707963268e+00 7.7919580918e-01
6.7245019479e-05 1.0519766935e+04 1.5707963268e+00 7.8366778081e-01
6.7673154514e-05 1.0512164633e+04 1.5707963268e+00 7.8814616426e-01
6.8102952809e-05 1.0504506642e+04 1.5707963268e+00 7.9263102048e-01
6.8534442064e-05 1.0496792650e+04 1.5707963268e+00 7.9712241103e-01
6.8967650611e-05 1.0489022344e+04 1.5707963268e+00 8.0162039810e-01
6.9402607427e-05 1.0481195406e+04 1.5707963268e+00 8.0612504448e-01
6.9839342164e-05 1.0473311513e+04 1.5707963268e+00 8.1063641362e-01
7.0277885162e-05 1.0465370340e+04 1.5707963268e+00 8.1515456961e-01
7.0718267476e-05 1.0457371558e+04 1.5707963268e+00 8.1967957720e-01
7.1160520898e-05 1.0449314833e+04 1.5707963268e+00 8.2421150180e-01
7.1604677982e-05 1.0441199828e+04 1.5707963268e+00 8.2875040951e-01
7.2050772065e-05 1.0433026201e+04 1.5707963268e+00 8.3329636711e-01
7.2498837299e-05 1.0424793607e+04 1.5707963268e+00 8.3784944208e-01
7.2948908675e-05 1.0416501696e+04 1.5707963268e+00 8.4240970262e-01
7.3401022050e-05 1.0408150114e+04 1.5707963268e+00 8.4697721765e-01
7.3855214181e-05 1.0399738503e+04 1.5707963268e+00 8.5155205683e-01
7.4311522751e-05 1.0391266502e+04 1.5707963268e+00 8.5613429055e-01
7.4769986404e-05 1.0382733742e+04 1.5707963268e+00 8.6072398997e-01
7.5230644778e-05 1.0374139852e+04 1.5707963268e+00 8.6532122703e-01
7.5693538540e-05 1.0365484457e+04 1.5707963268e+00 8.6992607445e-01
7.6158709423e-05 1.0356767177e+04 1.5707963268e+00 8.7453860574e-01
7.6626200261e-05 1.0347987626e+04 1.5707963268e+00 8.7915889522e-01
7.7096055035e-05 1.0339145415e+04 1.5707963268e+00 8.8378701805e-01
7.7568318909e-05 1.0330240149e+04 1.5707963268e+00 8.8842305021e-01
7.8043038277e-05 1.0321271429e+04 1.5707963268e+00 8.9306706855e-01
7.8520260808e-05 1.0312238852e+04 1.5707963268e+00 8.9771915076e-01
7.9000035492e-05 1.0303142006e+04 1.5707963268e+00 9.0237937544e-01
7.9482412694e-05 1.0293980480e+04 1.5707963268e+00 9.0704782206e-01
7.9967444202e-05 1.0284753853e+04 1.5707963268e+00 9.1172457102e-01
8.0455183284e-05 1.0275461700e+04 1.5707963268e+00 9.1640970365e-01
8.0945684748e-05 1.0266103593e+04 1.5707963268e+00 9.2110330220e-01
8.1439004997e-05 1.0256679096e+04 1.5707963268e+00 9.2580544989e-01
8.1935202099e-05 1.0247187768e+04 1.5707963268e+00 9.3051623092e-01
8.2434335848e-05 1.0237629165e+04 1.5707963268e+00 9.3523573048e-01
8.2936467836e-05 1.0228002833e+04 1.5707963268e+00 9.3996403476e-01
8.3441661531e-05 1.0218308317e+04 1.5707963268e+00 9.4470123099e-01
8.3949982345e-05 1.0208545153e+04 1.5707963268e+00 9.4944740743e-01
8.4461497726e-05 1.0198712872e+04 1.5707963268e+00 9.5420265342e-01
8.4976277234e-05 1.0188811001e+04 1.5707963268e+00 9.5896705936e-01
8.5494392640e-05 1.0178839058e+04 1.5707963268e+00 9.6374071677e-01
8.6015918015e-05 1.0168796557e+04 1.5707963268e+00 9.6852371828e-01
8.6540929832e-05 1.0158683005e+04 1.5707963268e+00 9.7331615766e-01
8.7069507074e-05 1.0148497904e+04 1.5707963268e+00 9.7811812985e-01
8.7601731342e-05 1.0138240748e+04 1.5707963268e+00 9.8292973096e-01
8.8137686979e-05 1.0127911026e+04 1.5707963268e+00 9.8775105831e-01
8.8677461185e-05 1.0117508219e+04 1.5707963268e+00 9.9258221043e-01
8.9221144161e-05 1.0107031802e+04 1.5707963268e+00 9.9742328712e-01
8.9768829237e-05 1.0096481245e+04 1.5707963268e+00 1.0022743894e+00
9.0320613028e-05 1.0085856009e+04 1.5707963268e+00 1.0071356197e+00
9.0876595588e-05 1.0075155549e+04 1.5707963268e+00 1.0120070816e+00
9.1436880574e-05 1.0064379314e+04 1.5707963268e+00 1.0168888801e+00