0.0000000000e+00 1.6586536894e+04 1.5707963268e+00 0.0000000000e+00
2.1688254004e-07 1.6586536894e+04 1.5707963268e+00 -2.6737967914e-03
4.3376508008e-07 1.6586560356e+04 1.5707963268e+00 -5.3475935829e-03
6.5064726749e-07 1.6586607281e+04 1.5707963268e+00 -8.0213828099e-03
8.6752874964e-07 1.6586677668e+04 1.5707963268e+00 -1.0695156908e-02
1.0844091739e-06 1.6586771518e+04 1.5707963268e+00 -1.3368908313e-02
1.3012881877e-06 1.6586888831e+04 1.5707963268e+00 -1.6042629462e-02
1.5181654384e-06 1.6587029606e+04 1.5707963268e+00 -1.8716312789e-02
1.7350405735e-06 1.6587193845e+04 1.5707963268e+00 -2.1389950733e-02
1.9519132405e-06 1.6587381546e+04 1.5707963268e+00 -2.4063535730e-02
2.1687830869e-06 1.6587592712e+04 1.5707963268e+00 -2.6737060218e-02
2.3856497602e-06 1.6587827341e+04 1.5707963268e+00 -2.9410516636e-02
2.6025129080e-06 1.6588085434e+04 1.5707963268e+00 -3.2083897422e-02
2.8193721781e-06 1.6588366992e+04 1.5707963268e+00 -3.4757195017e-02
3.0362272182e-06 1.6588672015e+04 1.5707963268e+00 -3.7430401862e-02
3.2530776761e-06 1.6589000503e+04 1.5707963268e+00 -4.0103510398e-02
3.4699231996e-06 1.6589352457e+04 1.5707963268e+00 -4.2776513068e-02
3.6867634367e-06 1.6589727878e+04 1.5707963268e+00 -4.5449402317e-02
3.9035980355e-06 1.6590126765e+04 1.5707963268e+00 -4.8122170590e-02
4.1204266441e-06 1.6590549120e+04 1.5707963268e+00 -5.0794810334e-02
4.3372489108e-06 1.6590994943e+04 1.5707963268e+00 -5.3467313996e-02
4.5540644839e-06 1.6591464234e+04 1.5707963268e+00 -5.6139674027e-02
4.7708730117e-06 1.6591956995e+04 1.5707963268e+00 -5.8811882877e-02
4.9876741430e-06 1.6592473227e+04 1.5707963268e+00 -6.1483933000e-02
5.2044675264e-06 1.6593012929e+04 1.5707963268e+00 -6.4155816850e-02
5.4212528108e-06 1.6593576102e+04 1.5707963268e+00 -6.6827526884e-02
5.6380296450e-06 1.6594162749e+04 1.5707963268e+00 -6.9499055560e-02
5.8547976781e-06 1.6594772868e+04 1.5707963268e+00 -7.2170395338e-02
6.0715565594e-06 1.6595406462e+04 1.5707963268e+00 -7.4841538682e-02
6.2883059384e-06 1.6596063531e+04 1.5707963268e+00 -7.7512478055e-02
6.5050454644e-06 1.6596744076e+04 1.5707963268e+00 -8.0183205925e-02
6.7217747873e-06 1.6597448098e+04 1.5707963268e+00 -8.2853714761e-02
6.9384935569e-06 1.6598175598e+04 1.5707963268e+00 -8.5523997035e-02
7.1552014233e-06 1.6598926578e+04 1.5707963268e+00 -8.8194045221e-02
7.3718980367e-06 1.6599701038e+04 1.5707963268e+00 -9.0863851796e-02
7.5885830475e-06 1.6600498979e+04 1.5707963268e+00 -9.3533409239e-02
7.8052561063e-06 1.6601320402e+04 1.5707963268e+00 -9.6202710034e-02
8.0219168639e-06 1.6602165309e+04 1.5707963268e+00 -9.8871746664e-02
8.2385649713e-06 1.6603033702e+04 1.5707963268e+00 -1.0154051162e-01
8.4552000798e-06 1.6603925580e+04 1.5707963268e+00 -1.0420899739e-01
8.6718218408e-06 1.6604840946e+04 1.5707963268e+00 -1.0687719647e-01
8.8884299060e-06 1.6605779801e+04 1.5707963268e+00 -1.0954510135e-01
9.1050239271e-06 1.6606742146e+04 1.5707963268e+00 -1.1221270455e-01
9.3216035564e-06 1.6607727982e+04 1.5707963268e+00 -1.1487999856e-01
9.5381684462e-06 1.6608737312e+04 1.5707963268e+00 -1.1754697588e-01
9.7547182491e-06 1.6609770135e+04 1.5707963268e+00 -1.2021362904e-01
9.9712526179e-06 1.6610826455e+04 1.5707963268e+00 -1.2287995054e-01
1.0187771206e-05 1.6611906272e+04 1.5707963268e+00 -1.2554593291e-01
1.0404273666e-05 1.6613009588e+04 1.5707963268e+00 -1.2821156866e-01
1.0620759652e-05 1.6614136405e+04 1.5707963268e+00 -1.3087685032e-01
1.0837228818e-05 1.6615286724e+04 1.5707963268e+00 -1.3354177043e-01
1.1053680818e-05 1.6616460547e+04 1.5707963268e+00 -1.3620632151e-01
1.1270115307e-05 1.6617657875e+04 1.5707963268e+00 -1.3887049610e-01
1.1486531939e-05 1.6618878710e+04 1.5707963268e+00 -1.4153428675e-01
1.1702930370e-05 1.6620123055e+04 1.5707963268e+00 -1.4419768601e-01
1.1919310254e-05 1.6621390910e+04 1.5707963268e+00 -1.4686068642e-01
1.2135671247e-05 1.6622682277e+04 1.5707963268e+00 -1.4952328054e-01
1.2352013006e-05 1.6623997159e+04 1.5707963268e+00 -1.5218546092e-01
1.2568335187e-05 1.6625335558e+04 1.5707963268e+00 -1.5484722015e-01
1.2784637445e-05 1.6626697474e+04 1.5707963268e+00 -1.5750855077e-01
1.3000919439e-05 1.6628082910e+04 1.5707963268e+00 -1.6016944538e-01
1.3217180825e-05 1.6629491868e+04 1.5707963268e+00 -1.6282989654e-01
1.3433421261e-05 1.6630924351e+04 1.5707963268e+00 -1.6548989684e-01
1.3649640405e-05 1.6632380359e+04 1.5707963268e+00 -1.6814943887e-01
1.3865837916e-05 1.6633859895e+04 1.5707963268e+00 -1.7080851522e-01
1.4082013451e-05 1.6635362962e+04 1.5707963268e+00 -1.7346711850e-01
1.4298166670e-05 1.6636889560e+04 1.5707963268e+00 -1.7612524130e-01
1.4514297233e-05 1.6638439693e+04 1.5707963268e+00 -1.7878287624e-01
1.4730404799e-05 1.6640013363e+04 1.5707963268e+00 -1.8144001593e-01
1.4946489028e-05 1.6641610571e+04 1.5707963268e+00 -1.8409665300e-01
1.5162549580e-05 1.6643231320e+04 1.5707963268e+00 -1.8675278007e-01
1.5378586118e-05 1.6644875612e+04 1.5707963268e+00 -1.8940838977e-01
1.5594598301e-05 1.6646543450e+04 1.5707963268e+00 -1.9206347474e-01
1.5810585793e-05 1.6648234836e+04 1.5707963268e+00 -1.9471802762e-01
1.6026548254e-05 1.6649949771e+04 1.5707963268e+00 -1.9737204107e-01
1.6242485347e-05 1.6651688259e+04 1.5707963268e+00 -2.0002550774e-01
1.6458396736e-05 1.6653450302e+04 1.5707963268e+00 -2.0267842029e-01
1.6674282083e-05 1.6655235903e+04 1.5707963268e+00 -2.0533077138e-01
1.6890141053e-05 1.6657045062e+04 1.5707963268e+00 -2.0798255371e-01
1.7105973309e-05 1.6658877785e+04 1.5707963268e+00 -2.1063375994e-01
1.7321778517e-05 1.6660734071e+04 1.5707963268e+00 -2.1328438276e-01
1.7537556341e-05 1.6662613925e+04 1.5707963268e+00 -2.1593441487e-01
1.7753306448e-05 1.6664517349e+04 1.5707963268e+00 -2.1858384896e-01
1.7969028502e-05 1.6666444345e+04 1.5707963268e+00 -2.2123267775e-01
1.8184722171e-05 1.6668394916e+04 1.5707963268e+00 -2.2388089394e-01
1.8400387121e-05 1.6670369065e+04 1.5707963268e+00 -2.2652849026e-01
1.8616023020e-05 1.6672366794e+04 1.5707963268e+00 -2.2917545944e-01
1.8831629536e-05 1.6674388105e+04 1.5707963268e+00 -2.3182179421e-01
1.9047206336e-05 1.6676433003e+04 1.5707963268e+00 -2.3446748730e-01
1.9262753091e-05 1.6678501488e+04 1.5707963268e+00 -2.3711253148e-01
1.9478269469e-05 1.6680593565e+04 1.5707963268e+00 -2.3975691950e-01
1.9693755140e-05 1.6682709236e+04 1.5707963268e+00 -2.4240064411e-01
1.9909209775e-05 1.6684848503e+04 1.5707963268e+00 -2.4504369809e-01
2.0124633043e-05 1.6687011370e+04 1.5707963268e+00 -2.4768607423e-01
2.0340024617e-05 1.6689197839e+04 1.5707963268e+00 -2.5032776529e-01
2.0555384169e-05 1.6691407913e+04 1.5707963268e+00 -2.5296876409e-01
2.0770711371e-05 1.6693641596e+04 1.5707963268e+00 -2.5560906341e-01
2.0986005895e-05 1.6695898890e+04 1.5707963268e+00 -2.5824865608e-01
2.1201267415e-05 1.6698179797e+04 1.5707963268e+00 -2.6088753489e-01
2.1416495606e-05 1.6700484322e+04 1.5707963268e+00 -2.6352569269e-01
2.1631690141e-05 1.6702812466e+04 1.5707963268e+00 -2.6616312230e-01
2.1846850696e-05 1.6705164234e+04 1.5707963268e+00 -2.6879981657e-01
2.2061976946e-05 1.6707539627e+04 1.5707963268e+00 -2.7143576833e-01
2.2277068568e-05 1.6709938650e+04 1.5707963268e+00 -2.7407097046e-01
2.2492125238e-05 1.6712361305e+04 1.5707963268e+00 -2.7670541582e-01
2.2707146633e-05 1.6714807595e+04 1.5707963268e+00 -2.7933909727e-01
2.2922132432e-05 1.6717277523e+04 1.5707963268e+00 -2.8197200771e-01
2.3137082313e-05 1.6719771093e+04 1.5707963268e+00 -2.8460414003e-01
2.3351995955e-05 1.6722288307e+04 1.5707963268e+00 -2.8723548712e-01
2.3566873037e-05 1.6724829169e+04 1.5707963268e+00 -2.8986604190e-01
2.3781713240e-05 1.6727393683e+04 1.5707963268e+00 -2.9249579728e-01
2.3996516244e-05 1.6729981850e+04 1.5707963268e+00 -2.9512474618e-01
2.4211281732e-05 1.6732593675e+04 1.5707963268e+00 -2.9775288156e-01
2.4426009384e-05 1.6735229161e+04 1.5707963268e+00 -3.0038019634e-01
2.4640698884e-05 1.6737888311e+04 1.5707963268e+00 -3.0300668349e-01
2.4855349914e-05 1.6740571128e+04 1.5707963268e+00 -3.0563233596e-01
2.5069962159e-05 1.6743277615e+04 1.5707963268e+00 -3.0825714673e-01
2.5284535303e-05 1.6746007777e+04 1.5707963268e+00 -3.1088110879e-01
2.5499069032e-05 1.6748761616e+04 1.5707963268e+00 -3.1350421512e-01
2.5713563030e-05 1.6751539135e+04 1.5707963268e+00 -3.1612645872e-01
2.5928016984e-05 1.6754340339e+04 1.5707963268e+00 -3.1874783260e-01
2.6142430581e-05 1.6757165230e+04 1.5707963268e+00 -3.2136832979e-01
2.6356803510e-05 1.6760013811e+04 1.5707963268e+00 -3.2398794331e-01
2.6571135457e-05 1.6762886087e+04 1.5707963268e+00 -3.2660666621e-01
2.6785426113e-05 1.6765782061e+04 1.5707963268e+00 -3.2922449153e-01
2.6999675167e-05 1.6768701736e+04 1.5707963268e+00 -3.3184141234e-01
2.7213882308e-05 1.6771645116e+04 1.5707963268e+00 -3.3445742169e-01
2.7428047229e-05 1.6774612203e+04 1.5707963268e+00 -3.3707251268e-01
2.7642169620e-05 1.6777603003e+04 1.5707963268e+00 -3.3968667840e-01
2.7856249174e-05 1.6780617517e+04 1.5707963268e+00 -3.4229991194e-01
2.8070285584e-05 1.6783655751e+04 1.5707963268e+00 -3.4491220641e-01
2.8284278544e-05 1.6786717706e+04 1.5707963268e+00 -3.4752355494e-01
2.8498227747e-05 1.6789803387e+04 1.5707963268e+00 -3.5013395066e-01
2.8712132890e-05 1.6792912798e+04 1.5707963268e+00 -3.5274338671e-01
2.8925993667e-05 1.6796045941e+04 1.5707963268e+00 -3.5535185624e-01
2.9139809776e-05 1.6799202821e+04 1.5707963268e+00 -3.5795935242e-01
2.9353580913e-05 1.6802383442e+04 1.5707963268e+00 -3.6056586842e-01
2.9567306776e-05 1.6805587806e+04 1.5707963268e+00 -3.6317139743e-01
2.9780987064e-05 1.6808815917e+04 1.5707963268e+00 -3.6577593265e-01
2.9994621477e-05 1.6812067779e+04 1.5707963268e+00 -3.6837946728e-01
3.0208209713e-05 1.6815343397e+04 1.5707963268e+00 -3.7098199454e-01
3.0421751475e-05 1.6818642772e+04 1.5707963268e+00 -3.7358350766e-01
3.0635246463e-05 1.6821965910e+04 1.5707963268e+00 -3.7618399988e-01
3.0848694380e-05 1.6825312813e+04 1.5707963268e+00 -3.7878346446e-01
3.1062094928e-05 1.6828683486e+04 1.5707963268e+00 -3.8138189466e-01
3.1275447813e-05 1.6832077932e+04 1.5707963268e+00 -3.8397928376e-01
3.1488752737e-05 1.6835496154e+04 1.5707963268e+00 -3.8657562503e-01
3.1702009406e-05 1.6838938158e+04 1.5707963268e+00 -3.8917091179e-01
3.1915217526e-05 1.6842403945e+04 1.5707963268e+00 -3.9176513734e-01
3.2128376805e-05 1.6845893521e+04 1.5707963268e+00 -3.9435829500e-01
3.2341486949e-05 1.6849406888e+04 1.5707963268e+00 -3.9695037811e-01
3.2554547666e-05 1.6852944051e+04 1.5707963268e+00 -3.9954138002e-01
3.2767558667e-05 1.6856505013e+04 1.5707963268e+00 -4.0213129408e-01
3.2980519660e-05 1.6860089778e+04 1.5707963268e+00 -4.0472011365e-01
3.3193430356e-05 1.6863698350e+04 1.5707963268e+00 -4.0730783214e-01
3.3406290467e-05 1.6867330733e+04 1.5707963268e+00 -4.0989444292e-01
3.3619099704e-05 1.6870986930e+04 1.5707963268e+00 -4.1247993941e-01
3.3831857782e-05 1.6874666945e+04 1.5707963268e+00 -4.1506431502e-01
3.4044564413e-05 1.6878370782e+04 1.5707963268e+00 -4.1764756320e-01
3.4257219312e-05 1.6882098444e+04 1.5707963268e+00 -4.2022967737e-01
3.4469822195e-05 1.6885849937e+04 1.5707963268e+00 -4.2281065100e-01
3.4682372777e-05 1.6889625262e+04 1.5707963268e+00 -4.2539047755e-01
3.4894870776e-05 1.6893424425e+04 1.5707963268e+00 -4.2796915051e-01
3.5107315910e-05 1.6897247428e+04 1.5707963268e+00 -4.3054666338e-01
3.5319707897e-05 1.6901094277e+04 1.5707963268e+00 -4.3312300966e-01
3.5532046456e-05 1.6904964974e+04 1.5707963268e+00 -4.3569818287e-01
3.5744331309e-05 1.6908859523e+04 1.5707963268e+00 -4.3827217655e-01
3.5956562175e-05 1.6912777929e+04 1.5707963268e+00 -4.4084498423e-01
3.6168738777e-05 1.6916720194e+04 1.5707963268e+00 -4.4341659949e-01
3.6380860838e-05 1.6920686324e+04 1.5707963268e+00 -4.4598701589e-01
3.6592928080e-05 1.6924676321e+04 1.5707963268e+00 -4.4855622703e-01
3.6804940230e-05 1.6928690189e+04 1.5707963268e+00 -4.5112422649e-01
3.7016897012e-05 1.6932727933e+04 1.5707963268e+00 -4.5369100789e-01
3.7228798151e-05 1.6936789556e+04 1.5707963268e+00 -4.5625656487e-01
3.7440643376e-05 1.6940875062e+04 1.5707963268e+00 -4.5882089105e-01
3.7652432414e-05 1.6944984455e+04 1.5707963268e+00 -4.6138398010e-01
3.7864164993e-05 1.6949117738e+04 1.5707963268e+00 -4.6394582567e-01
3.8075840844e-05 1.6953274916e+04 1.5707963268e+00 -4.6650642146e-01
3.8287459696e-05 1.6957455991e+04 1.5707963268e+00 -4.6906576115e-01
3.8499021281e-05 1.6961660969e+04 1.5707963268e+00 -4.7162383846e-01
3.8710525331e-05 1.6965889853e+04 1.5707963268e+00 -4.7418064710e-01
3.8921971579e-05 1.6970142646e+04 1.5707963268e+00 -4.7673618081e-01
3.9133359760e-05 1.6974419352e+04 1.5707963268e+00 -4.7929043334e-01
3.9344689607e-05 1.6978719976e+04 1.5707963268e+00 -4.8184339847e-01
3.9555960856e-05 1.6983044521e+04 1.5707963268e+00 -4.8439506995e-01
3.9767173245e-05 1.6987392990e+04 1.5707963268e+00 -4.8694544160e-01
3.9978326510e-05 1.6991765388e+04 1.5707963268e+00 -4.8949450721e-01
4.0189420390e-05 1.6996161718e+04 1.5707963268e+00 -4.9204226062e-01
4.0400454624e-05 1.7000581985e+04 1.5707963268e+00 -4.9458869564e-01
4.0611428953e-05 1.7005026191e+04 1.5707963268e+00 -4.9713380614e-01
4.0822343116e-05 1.7009494341e+04 1.5707963268e+00 -4.9967758599e-01
4.1033196857e-05 1.7013986438e+04 1.5707963268e+00 -5.0222002905e-01
4.1243989917e-05 1.7018502486e+04 1.5707963268e+00 -5.0476112922e-01
4.1454722042e-05 1.7023042489e+04 1.5707963268e+00 -5.0730088042e-01
4.1665392975e-05 1.7027606450e+04 1.5707963268e+00 -5.0983927657e-01
4.1876002462e-05 1.7032194374e+04 1.5707963268e+00 -5.1237631161e-01
4.2086550249e-05 1.7036806263e+04 1.5707963268e+00 -5.1491197948e-01
4.2297036085e-05 1.7041442123e+04 1.5707963268e+00 -5.1744627417e-01
4.2507459717e-05 1.7046101955e+04 1.5707963268e+00 -5.1997918965e-01
4.2717820894e-05 1.7050785765e+04 1.5707963268e+00 -5.2251071992e-01
4.2928119367e-05 1.7055493555e+04 1.5707963268e+00 -5.2504085900e-01
4.3138354887e-05 1.7060225329e+04 1.5707963268e+00 -5.2756960092e-01
4.3348527205e-05 1.7064981091e+04 1.5707963268e+00 -5.3009693972e-01
4.3558636076e-05 1.7069760845e+04 1.5707963268e+00 -5.3262286946e-01
4.3768681252e-05 1.7074564594e+04 1.5707963268e+00 -5.3514738422e-01
4.3978662489e-05 1.7079392342e+04 1.5707963268e+00 -5.3767047809e-01
4.4188579542e-05 1.7084244092e+04 1.5707963268e+00 -5.4019214517e-01
4.4398432169e-05 1.7089119848e+04 1.5707963268e+00 -5.4271237959e-01
4.4608220126e-05 1.7094019613e+04 1.5707963268e+00 -5.4523117549e-01
4.4817943173e-05 1.7098943392e+04 1.5707963268e+00 -5.4774852702e-01
4.5027601070e-05 1.7103891187e+04 1.5707963268e+00 -5.5026442834e-01
4.5237193575e-05 1.7108863002e+04 1.5707963268e+00 -5.5277887365e-01
4.5446720453e-05 1.7113858841e+04 1.5707963268e+00 -5.5529185715e-01
4.5656181463e-05 1.7118878707e+04 1.5707963268e+00 -5.5780337305e-01
4.5865576371e-05 1.7123922604e+04 1.5707963268e+00 -5.6031341558e-01
4.6074904940e-05 1.7128990534e+04 1.5707963268e+00 -5.6282197900e-01
4.6284166936e-05 1.7134082502e+04 1.5707963268e+00 -5.6532905757e-01
4.6493362125e-05 1.7139198511e+04 1.5707963268e+00 -5.6783464557e-01
4.6702490275e-05 1.7144338564e+04 1.5707963268e+00 -5.7033873731e-01
4.6911551153e-05 1.7149502665e+04 1.5707963268e+00 -5.7284132708e-01
4.7120544529e-05 1.7154690817e+04 1.5707963268e+00 -5.7534240923e-01
4.7329470173e-05 1.7159903023e+04 1.5707963268e+00 -5.7784197810e-01
4.7538327857e-05 1.7165139287e+04 1.5707963268e+00 -5.8034002805e-01
4.7747117352e-05 1.7170399612e+04 1.5707963268e+00 -5.8283655347e-01
4.7955838431e-05 1.7175684002e+04 1.5707963268e+00 -5.8533154875e-01
4.8164490869e-05 1.7180992459e+04 1.5707963268e+00 -5.8782500830e-01
4.8373074441e-05 1.7186324987e+04 1.5707963268e+00 -5.9031692655e-01
4.8581588923e-05 1.7191681589e+04 1.5707963268e+00 -5.9280729795e-01
4.8790034091e-05 1.7197062268e+04 1.5707963268e+00 -5.9529611696e-01
4.8998409725e-05 1.7202467028e+04 1.5707963268e+00 -5.9778337806e-01
4.9206715603e-05 1.7207895871e+04 1.5707963268e+00 -6.0026907575e-01
4.9414951504e-05 1.7213348801e+04 1.5707963268e+00 -6.0275320454e-01
4.9623117211e-05 1.7218825821e+04 1.5707963268e+00 -6.0523575897e-01
4.9831212506e-05 1.7224326934e+04 1.5707963268e+00 -6.0771673357e-01
5.0039237170e-05 1.7229852143e+04 1.5707963268e+00 -6.1019612292e-01
5.0247190988e-05 1.7235401452e+04 1.5707963268e+00 -6.1267392159e-01
5.0455073746e-05 1.7240974862e+04 1.5707963268e+00 -6.1515012419e-01
5.0662885229e-05 1.7246572378e+04 1.5707963268e+00 -6.1762472533e-01
5.0870625225e-05 1.7252194002e+04 1.5707963268e+00 -6.2009771964e-01
5.1078293521e-05 1.7257839736e+04 1.5707963268e+00 -6.2256910178e-01
5.1285889906e-05 1.7263509585e+04 1.5707963268e+00 -6.2503886641e-01
5.1493414171e-05 1.7269203551e+04 1.5707963268e+00 -6.2750700822e-01
5.1700866106e-05 1.7274921637e+04 1.5707963268e+00 -6.2997352192e-01
5.1908245504e-05 1.7280663845e+04 1.5707963268e+00 -6.3243840221e-01
5.2115552158e-05 1.7286430178e+04 1.5707963268e+00 -6.3490164385e-01
5.2322785862e-05 1.7292220640e+04 1.5707963268e+00 -6.3736324158e-01
5.2529946410e-05 1.7298035233e+04 1.5707963268e+00 -6.3982319018e-01
5.2737033600e-05 1.7303873960e+04 1.5707963268e+00 -6.4228148445e-01
5.2944047227e-05 1.7309736823e+04 1.5707963268e+00 -6.4473811918e-01
5.3150987091e-05 1.7315623825e+04 1.5707963268e+00 -6.4719308921e-01
5.3357852991e-05 1.7321534969e+04 1.5707963268e+00 -6.4964638938e-01
5.3564644726e-05 1.7327470257e+04 1.5707963268e+00 -6.5209801455e-01
5.3771362099e-05 1.7333429692e+04 1.5707963268e+00 -6.5454795961e-01
5.3978004910e-05 1.7339413277e+04 1.5707963268e+00 -6.5699621944e-01
5.4184572964e-05 1.7345421014e+04 1.5707963268e+00 -6.5944278898e-01
5.4391066065e-05 1.7351452905e+04 1.5707963268e+00 -6.6188766315e-01
5.4597484018e-05 1.7357508953e+04 1.5707963268e+00 -6.6433083690e-01
5.4803826629e-05 1.7363589161e+04 1.5707963268e+00 -6.6677230520e-01
5.5010093706e-05 1.7369693530e+04 1.5707963268e+00 -6.6921206305e-01
5.5216285057e-05 1.7375822064e+04 1.5707963268e+00 -6.7165010545e-01
5.5422400492e-05 1.7381974764e+04 1.5707963268e+00 -6.7408642742e-01
5.5628439820e-05 1.7388151633e+04 1.5707963268e+00 -6.7652102401e-01
5.5834402854e-05 1.7394352673e+04 1.5707963268e+00 -6.7895389028e-01
5.6040289407e-05 1.7400577887e+04 1.5707963268e+00 -6.8138502132e-01
5.6246099290e-05 1.7406827275e+04 1.5707963268e+00 -6.8381441221e-01
5.6451832320e-05 1.7413100842e+04 1.5707963268e+00 -6.8624205808e-01
5.6657488312e-05 1.7419398588e+04 1.5707963268e+00 -6.8866795406e-01
5.6863067081e-05 1.7425720517e+04 1.5707963268e+00 -6.9109209531e-01
5.7068568447e-05 1.7432066629e+04 1.5707963268e+00 -6.9351447700e-01
5.7273992228e-05 1.7438436927e+04 1.5707963268e+00 -6.9593509431e-01
5.7479338243e-05 1.7444831413e+04 1.5707963268e+00 -6.9835394247e-01
5.7684606313e-05 1.7451250088e+04 1.5707963268e+00 -7.0077101670e-01
5.7889796260e-05 1.7457692956e+04 1.5707963268e+00 -7.0318631224e-01
5.8094907907e-05 1.7464160017e+04 1.5707963268e+00 -7.0559982437e-01
5.8299941078e-05 1.7470651274e+04 1.5707963268e+00 -7.0801154836e-01
5.8504895598e-05 1.7477166728e+04 1.5707963268e+00 -7.1042147953e-01
5.8709771292e-05 1.7483706381e+04 1.5707963268e+00 -7.1282961319e-01
5.8914567988e-05 1.7490270234e+04 1.5707963268e+00 -7.1523594469e-01
5.9119285513e-05 1.7496858290e+04 1.5707963268e+00 -7.1764046938e-01
5.9323923698e-05 1.7503470550e+04 1.5707963268e+00 -7.2004318265e-01
5.9528482371e-05 1.7510107016e+04 1.5707963268e+00 -7.2244407990e-01
5.9732961363e-05 1.7516767689e+04 1.5707963268e+00 -7.2484315654e-01
5.9937360509e-05 1.7523452570e+04 1.5707963268e+00 -7.2724040800e-01
6.0141679639e-05 1.7530161662e+04 1.5707963268e+00 -7.2963582976e-01
6.0345918589e-05 1.7536894965e+04 1.5707963268e+00 -7.3202941727e-01
6.0550077194e-05 1.7543652481e+04 1.5707963268e+00 -7.3442116604e-01
6.0754155291e-05 1.7550434212e+04 1.5707963268e+00 -7.3681107158e-01
6.0958152715e-05 1.7557240158e+04 1.5707963268e+00 -7.3919912941e-01
6.1162069308e-05 1.7564070321e+04 1.5707963268e+00 -7.4158533510e-01
6.1365904906e-05 1.7570924702e+04 1.5707963268e+00 -7.4396968422e-01
6.1569659352e-05 1.7577803302e+04 1.5707963268e+00 -7.4635217235e-01
6.1773332486e-05 1.7584706123e+04 1.5707963268e+00 -7.4873279510e-01
6.1976924151e-05 1.7591633165e+04 1.5707963268e+00 -7.5111154811e-01
6.2180434191e-05 1.7598584430e+04 1.5707963268e+00 -7.5348842702e-01
6.2383862451e-05 1.7605559918e+04 1.5707963268e+00 -7.5586342751e-01
6.2587208776e-05 1.7612559631e+04 1.5707963268e+00 -7.5823654525e-01
6.2790473012e-05 1.7619583569e+04 1.5707963268e+00 -7.6060777596e-01
6.2993655008e-05 1.7626631734e+04 1.5707963268e+00 -7.6297711536e-01
6.3196754613e-05 1.7633704125e+04 1.5707963268e+00 -7.6534455920e-01
6.3399771676e-05 1.7640800744e+04 1.5707963268e+00 -7.6771010324e-01
6.3602706048e-05 1.7647921592e+04 1.5707963268e+00 -7.7007374328e-01
6.3805557581e-05 1.7655066669e+04 1.5707963268e+00 -7.7243547511e-01
6.4008326129e-05 1.7662235976e+04 1.5707963268e+00 -7.7479529457e-01
6.4211011544e-05 1.7669429513e+04 1.5707963268e+00 -7.7715319749e-01
6.4413613683e-05 1.7676647281e+04 1.5707963268e+00 -7.7950917974e-01
6.4616132400e-05 1.7683889281e+04 1.5707963268e+00 -7.8186323721e-01
6.4818567554e-05 1.7691155512e+04 1.5707963268e+00 -7.8421536579e-01
6.5020919003e-05 1.7698445976e+04 1.5707963268e+00 -7.8656556141e-01
6.5223186605e-05 1.7705760672e+04 1.5707963268e+00 -7.8891382002e-01
6.5425370220e-05 1.7713099601e+04 1.5707963268e+00 -7.9126013758e-01
6.5627469711e-05 1.7720462763e+04 1.5707963268e+00 -7.9360451007e-01
6.5829484940e-05 1.7727850159e+04 1.5707963268e+00 -7.9594693349e-01
6.6031415768e-05 1.7735261788e+04 1.5707963268e+00 -7.9828740388e-01
6.6233262062e-05 1.7742697650e+04 1.5707963268e+00 -8.0062591726e-01
6.6435023687e-05 1.7750157746e+04 1.5707963268e+00 -8.0296246970e-01
6.6636700508e-05 1.7757642076e+04 1.5707963268e+00 -8.0529705729e-01
6.6838292393e-05 1.7765150639e+04 1.5707963268e+00 -8.0762967613e-01
6.7039799211e-05 1.7772683435e+04 1.5707963268e+00 -8.0996032234e-01
6.7241220832e-05 1.7780240465e+04 1.5707963268e+00 -8.1228899207e-01
6.7442557125e-05 1.7787821727e+04 1.5707963268e+00 -8.1461568147e-01
6.7643807962e-05 1.7795427223e+04 1.5707963268e+00 -8.1694038674e-01
6.7844973216e-05 1.7803056950e+04 1.5707963268e+00 -8.1926310406e-01
6.8046052760e-05 1.7810710910e+04 1.5707963268e+00 -8.2158382967e-01
6.8247046470e-05 1.7818389101e+04 1.5707963268e+00 -8.2390255981e-01
6.8447954220e-05 1.7826091523e+04 1.5707963268e+00 -8.2621929075e-01
6.8648775888e-05 1.7833818175e+04 1.5707963268e+00 -8.2853401876e-01
6.8849511351e-05 1.7841569058e+04 1.5707963268e+00 -8.3084674015e-01
6.9050160488e-05 1.7849344170e+04 1.5707963268e+00 -8.3315745124e-01
6.9250723178e-05 1.7857143510e+04 1.5707963268e+00 -8.3546614838e-01
6.9451199302e-05 1.7864967078e+04 1.5707963268e+00 -8.3777282793e-01
6.9651588743e-05 1.7872814873e+04 1.5707963268e+00 -8.4007748628e-01
6.9851891382e-05 1.7880686894e+04 1.5707963268e+00 -8.4238011983e-01
7.0052107104e-05 1.7888583141e+04 1.5707963268e+00 -8.4468072500e-01
7.0252235794e-05 1.7896503611e+04 1.5707963268e+00 -8.4697929824e-01
7.0452277337e-05 1.7904448305e+04 1.5707963268e+00 -8.4927583603e-01
7.0652231620e-05 1.7912417221e+04 1.5707963268e+00 -8.5157033483e-01
7.0852098531e-05 1.7920410357e+04 1.5707963268e+00 -8.5386279116e-01
7.1051877959e-05 1.7928427714e+04 1.5707963268e+00 -8.5615320154e-01
7.1251569793e-05 1.7936469288e+04 1.5707963268e+00 -8.5844156253e-01
7.1451173926e-05 1.7944535080e+04 1.5707963268e+00 -8.6072787068e-01
7.1650690248e-05 1.7952625088e+04 1.5707963268e+00 -8.6301212259e-01
7.1850118652e-05 1.7960739309e+04 1.5707963268e+00 -8.6529431487e-01
7.2049459033e-05 1.7968877744e+04 1.5707963268e+00 -8.6757444413e-01
7.2248711285e-05 1.7977040390e+04 1.5707963268e+00 -8.6985250703e-01
7.2447875304e-05 1.7985227245e+04 1.5707963268e+00 -8.7212850024e-01
7.2646950987e-05 1.7993438308e+04 1.5707963268e+00 -8.7440242045e-01
7.2845938233e-05 1.8001673578e+04 1.5707963268e+00 -8.7667426436e-01
7.3044836939e-05 1.8009933052e+04 1.5707963268e+00 -8.7894402871e-01
7.3243647006e-05 1.8018216728e+04 1.5707963268e+00 -8.8121171025e-01
7.3442368334e-05 1.8026524605e+04 1.5707963268e+00 -8.8347730575e-01
7.3641000826e-05 1.8034856681e+04 1.5707963268e+00 -8.8574081199e-01
7.3839544385e-05 1.8043212953e+04 1.5707963268e+00 -8.8800222580e-01
7.4037998913e-05 1.8051593420e+04 1.5707963268e+00 -8.9026154400e-01
7.4236364317e-05 1.8059998079e+04 1.5707963268e+00 -8.9251876344e-01
7.4434640502e-05 1.8068426929e+04 1.5707963268e+00 -8.9477388100e-01
7.4632827375e-05 1.8076879966e+04 1.5707963268e+00 -8.9702689357e-01
7.4830924844e-05 1.8085357189e+04 1.5707963268e+00 -8.9927779807e-01
7.5028932816e-05 1.8093858595e+04 1.5707963268e+00 -9.0152659143e-01
7.5226851204e-05 1.8102384182e+04 1.5707963268e+00 -9.0377327060e-01
7.5424679916e-05 1.8110933946e+04 1.5707963268e+00 -9.0601783256e-01
7.5622418864e-05 1.8119507887e+04 1.5707963268e+00 -9.0826027430e-01
7.5820067962e-05 1.8128106000e+04 1.5707963268e+00 -9.1050059285e-01
7.6017627124e-05 1.8136728284e+04 1.5707963268e+00 -9.1273878523e-01
7.6215096263e-05 1.8145374735e+04 1.5707963268e+00 -9.1497484850e-01
7.6412475295e-05 1.8154045350e+04 1.5707963268e+00 -9.1720877975e-01
7.6609764137e-05 1.8162740128e+04 1.5707963268e+00 -9.1944057607e-01
7.6806962707e-05 1.8171459064e+04 1.5707963268e+00 -9.2167023457e-01
7.7004070923e-05 1.8180202155e+04 1.5707963268e+00 -9.2389775240e-01
7.7201088704e-05 1.8188969400e+04 1.5707963268e+00 -9.2612312672e-01
7.7398015972e-05 1.8197760794e+04 1.5707963268e+00 -9.2834635470e-01
7.7594852646e-05 1.8206576334e+04 1.5707963268e+00 -9.3056743355e-01
7.7791598651e-05 1.8215416017e+04 1.5707963268e+00 -9.3278636048e-01
7.7988253909e-05 1.8224279840e+04 1.5707963268e+00 -9.3500313274e-01
7.8184818344e-05 1.8233167799e+04 1.5707963268e+00 -9.3721774758e-01
7.8381291882e-05 1.8242079891e+04 1.5707963268e+00 -9.3943020230e-01
7.8577674448e-05 1.8251016112e+04 1.5707963268e+00 -9.4164049419e-01
7.8773965971e-05 1.8259976459e+04 1.5707963268e+00 -9.4384862058e-01
7.8970166377e-05 1.8268960927e+04 1.5707963268e+00 -9.4605457880e-01
7.9166275597e-05 1.8277969514e+04 1.5707963268e+00 -9.4825836622e-01
7.9362293559e-05 1.8287002216e+04 1.5707963268e+00 -9.5045998023e-01
7.9558220196e-05 1.8296059027e+04 1.5707963268e+00 -9.5265941823e-01
7.9754055438e-05 1.8305139946e+04 1.5707963268e+00 -9.5485667765e-01
7.9949799219e-05 1.8314244967e+04 1.5707963268e+00 -9.5705175592e-01
8.0145451472e-05 1.8323374087e+04 1.5707963268e+00 -9.5924465053e-01
8.0341012132e-05 1.8332527301e+04 1.5707963268e+00 -9.6143535894e-01
8.0536481134e-05 1.8341704605e+04 1.5707963268e+00 -9.6362387867e-01
8.0731858416e-05 1.8350905995e+04 1.5707963268e+00 -9.6581020724e-01
8.0927143913e-05 1.8360131467e+04 1.5707963268e+00 -9.6799434221e-01
8.1122337566e-05 1.8369381016e+04 1.5707963268e+00 -9.7017628113e-01
8.1317439313e-05 1.8378654638e+04 1.5707963268e+00 -9.7235602160e-01
8.1512449094e-05 1.8387952329e+04 1.5707963268e+00 -9.7453356122e-01
8.1707366850e-05 1.8397274083e+04 1.5707963268e+00 -9.7670889763e-01
8.1902192524e-05 1.8406619895e+04 1.5707963268e+00 -9.7888202847e-01
8.2096926059e-05 1.8415989763e+04 1.5707963268e+00 -9.8105295140e-01
8.2291567397e-05 1.8425383679e+04 1.5707963268e+00 -9.8322166413e-01
8.2486116485e-05 1.8434801641e+04 1.5707963268e+00 -9.8538816435e-01
8.2680573267e-05 1.8444243642e+04 1.5707963268e+00 -9.8755244980e-01
8.2874937691e-05 1.8453709677e+04 1.5707963268e+00 -9.8971451823e-01
8.3069209703e-05 1.8463199743e+04 1.5707963268e+00 -9.9187436740e-01
8.3263389252e-05 1.8472713832e+04 1.5707963268e+00 -9.9403199512e-01
8.3457476288e-05 1.8482251941e+04 1.5707963268e+00 -9.9618739918e-01
8.3651470760e-05 1.8491814064e+04 1.5707963268e+00 -9.9834057742e-01
8.3845372620e-05 1.8501400196e+04 1.5707963268e+00 -1.0004915277e+00
8.4039181820e-05 1.8511010331e+04 1.5707963268e+00 -1.0026402479e+00
8.4232898312e-05 1.8520644463e+04 1.5707963268e+00 -1.0047867358e+00
8.4426522050e-05 1.8530302588e+04 1.5707963268e+00 -1.0069309895e+00
8.4620052989e-05 1.8539984700e+04 1.5707963268e+00 -1.0090730068e+00
8.4813491084e-05 1.8549690792e+04 1.5707963268e+00 -1.0112127857e+00
8.5006836292e-05 1.8559420860e+04 1.5707963268e+00 -1.0133503241e+00
8.5200088569e-05 1.8569174896e+04 1.5707963268e+00 -1.0154856201e+00
8.5393247875e-05 1.8578952897e+04 1.5707963268e+00 -1.0176186716e+00
8.5586314168e-05 1.8588754855e+04 1.5707963268e+00 -1.0197494768e+00
8.5779287407e-05 1.8598580764e+04 1.5707963268e+00 -1.0218780336e+00
8.5972167554e-05 1.8608430618e+04 1.5707963268e+00 -1.0240043401e+00
8.6164954571e-05 1.8618304412e+04 1.5707963268e+00 -1.0261283944e+00
8.6357648418e-05 1.8628202139e+04 1.5707963268e+00 -1.0282501946e+00
8.6550249061e-05 1.8638123792e+04 1.5707963268e+00 -1.0303697389e+00
8.6742756463e-05 1.8648069366e+04 1.5707963268e+00 -1.0324870253e+00
8.6935170589e-05 1.8658038853e+04 1.5707963268e+00 -1.0346020522e+00
8.7127491405e-05 1.8668032248e+04 1.5707963268e+00 -1.0367148176e+00
8.7319718878e-05 1.8678049543e+04 1.5707963268e+00 -1.0388253197e+00
8.7511852975e-05 1.8688090733e+04 1.5707963268e+00 -1.0409335569e+00
8.7703893664e-05 1.8698155809e+04 1.5707963268e+00 -1.0430395273e+00
8.7895840916e-05 1.8708244767e+04 1.5707963268e+00 -1.0451432293e+00
8.8087694699e-05 1.8718357598e+04 1.5707963268e+00 -1.0472446610e+00
8.8279454986e-05 1.8728494295e+04 1.5707963268e+00 -1.0493438209e+00
8.8471121747e-05 1.8738654853e+04 1.5707963268e+00 -1.0514407073e+00
8.8662694955e-05 1.8748839263e+04 1.5707963268e+00 -1.0535353184e+00
8.8854174585e-05 1.8759047518e+04 1.5707963268e+00 -1.0556276527e+00
8.9045560609e-05 1.8769279612e+04 1.5707963268e+00 -1.0577177086e+00
8.9236853003e-05 1.8779535537e+04 1.5707963268e+00 -1.0598054844e+00
8.9428051743e-05 1.8789815285e+04 1.5707963268e+00 -1.0618909786e+00
8.9619156805e-05 1.8800118849e+04 1.5707963268e+00 -1.0639741897e+00
8.9810168168e-05 1.8810446223e+04 1.5707963268e+00 -1.0660551160e+00
9.0001085809e-05 1.8820797397e+04 1.5707963268e+00 -1.0681337562e+00
9.0191909707e-05 1.8831172365e+04 1.5707963268e+00 -1.0702101086e+00
9.0382639843e-05 1.8841571119e+04 1.5707963268e+00 -1.0722841719e+00
9.0573276197e-05 1.8851993650e+04 1.5707963268e+00 -1.0743559445e+00
9.0763818751e-05 1.8862439952e+04 1.5707963268e+00 -1.0764254251e+00
9.0954267487e-05 1.8872910016e+04 1.5707963268e+00 -1.0784926121e+00
9.1144622389e-05 1.8883403834e+04 1.5707963268e+00 -1.0805575043e+00
9.1334883439e-05 1.8893921399e+04 1.5707963268e+00 -1.0826201002e+00
9.1525050624e-05 1.8904462701e+04 1.5707963268e+00 -1.0846803985e+00
9.1715123928e-05 1.8915027733e+04 1.5707963268e+00 -1.0867383979e+00
9.1905103337e-05 1.8925616487e+04 1.5707963268e+00 -1.0887940969e+00
9.2094988840e-05 1.8936228954e+04 1.5707963268e+00 -1.0908474944e+00
9.2284780423e-05 1.8946865126e+04 1.5707963268e+00 -1.0928985890e+00
9.2474478075e-05 1.8957524994e+04 1.5707963268e+00 -1.0949473794e+00
9.2664081786e-05 1.8968208550e+04 1.5707963268e+00 -1.0969938645e+00
9.2853591546e-05 1.8978915785e+04 1.5707963268e+00 -1.0990380430e+00
9.3043007345e-05 1.8989646690e+04 1.5707963268e+00 -1.1010799136e+00
9.3232329176e-05 1.9000401257e+04 1.5707963268e+00 -1.1031194753e+00
9.3421557031e-05 1.9011179477e+04 1.5707963268e+00 -1.1051567268e+00
9.3610690903e-05 1.9021981341e+04 1.5707963268e+00 -1.1071916670e+00
9.3799730787e-05 1.9032806840e+04 1.5707963268e+00 -1.1092242948e+00
9.3988676676e-05 1.9043655965e+04 1.5707963268e+00 -1.1112546090e+00
9.4177528566e-05 1.9054528706e+04 1.5707963268e+00 -1.1132826085e+00
9.4366286455e-05 1.9065425055e+04 1.5707963268e+00 -1.1153082923e+00
9.4554950337e-05 1.9076345002e+04 1.5707963268e+00 -1.1173316594e+00
9.4743520213e-05 1.9087288539e+04 1.5707963268e+00 -1.1193527086e+00
9.4931996078e-05 1.9098255655e+04 1.5707963268e+00 -1.1213714390e+00
9.5120377934e-05 1.9109246341e+04 1.5707963268e+00 -1.1233878496e+00
9.5308665780e-05 1.9120260587e+04 1.5707963268e+00 -1.1254019393e+00
9.5496859617e-05 1.9131298385e+04 1.5707963268e+00 -1.1274137073e+00
9.5684959445e-05 1.9142359723e+04 1.5707963268e+00 -1.1294231525e+00
9.5872965267e-05 1.9153444594e+04 1.5707963268e+00 -1.1314302742e+00
9.6060877087e-05 1.9164552986e+04 1.5707963268e+00 -1.1334350712e+00
9.6248694907e-05 1.9175684889e+04 1.5707963268e+00 -1.1354375428e+00
9.6436418731e-05 1.9186840295e+04 1.5707963268e+00 -1.1374376882e+00
9.6624048565e-05 1.9198019192e+04 1.5707963268e+00 -1.1394355063e+00
9.6811584415e-05 1.9209221572e+04 1.5707963268e+00 -1.1414309965e+00
9.6999026287e-05 1.9220447422e+04 1.5707963268e+00 -1.1434241579e+00
9.7186374187e-05 1.9231696734e+04 1.5707963268e+00 -1.1454149896e+00
9.7373628124e-05 1.9242969497e+04 1.5707963268e+00 -1.1474034910e+00
9.7560788106e-05 1.9254265701e+04 1.5707963268e+00 -1.1493896612e+00
9.7747854143e-05 1.9265585334e+04 1.5707963268e+00 -1.1513734996e+00
9.7934826244e-05 1.9276928388e+04 1.5707963268e+00 -1.1533550053e+00
9.8121704420e-05 1.9288294850e+04 1.5707963268e+00 -1.1553341778e+00
9.8308488683e-05 1.9299684711e+04 1.5707963268e+00 -1.1573110162e+00
9.8495179043e-05 1.9311097959e+04 1.5707963268e+00 -1.1592855200e+00
9.8681775514e-05 1.9322534584e+04 1.5707963268e+00 -1.1612576884e+00
9.8868278109e-05 1.9333994575e+04 1.5707963268e+00 -1.1632275209e+00
9.9054686843e-05 1.9345477922e+04 1.5707963268e+00 -1.1651950168e+00
9.9241001729e-05 1.9356984612e+04 1.5707963268e+00 -1.1671601755e+00
9.9427222783e-05 1.9368514635e+04 1.5707963268e+00 -1.1691229965e+00
9.9613350021e-05 1.9380067980e+04 1.5707963268e+00 -1.1710834792e+00
9.9799383459e-05 1.9391644636e+04 1.5707963268e+00 -1.1730416230e+00
9.9985323116e-05 1.9403244591e+04 1.5707963268e+00 -1.1749974274e+00
1.0017116901e-04 1.9414867834e+04 1.5707963268e+00 -1.1769508919e+00
1.0035692116e-04 1.9426514353e+04 1.5707963268e+00 -1.1789020160e+00
1.0054257958e-04 1.9438184138e+04 1.5707963268e+00 -1.1808507993e+00
1.0072814429e-04 1.9449877176e+04 1.5707963268e+00 -1.1827972412e+00
1.0091361532e-04 1.9461593456e+04 1.5707963268e+00 -1.1847413414e+00
1.0109899269e-04 1.9473332966e+04 1.5707963268e+00 -1.1866830994e+00
1.0128427641e-04 1.9485095694e+04 1.5707963268e+00 -1.1886225147e+00
1.0146946651e-04 1.9496881629e+04 1.5707963268e+00 -1.1905595872e+00
1.0165456302e-04 1.9508690759e+04 1.5707963268e+00 -1.1924943162e+00
1.0183956595e-04 1.9520523072e+04 1.5707963268e+00 -1.1944267016e+00
1.0202447533e-04 1.9532378555e+04 1.5707963268e+00 -1.1963567429e+00
1.0220929119e-04 1.9544257197e+04 1.5707963268e+00 -1.1982844398e+00
1.0239401356e-04 1.9556158986e+04 1.5707963268e+00 -1.2002097921e+00
1.0257864245e-04 1.9568083909e+04 1.5707963268e+00 -1.2021327995e+00
1.0276317789e-04 1.9580031953e+04 1.5707963268e+00 -1.2040534616e+00
1.0294761992e-04 1.9592003107e+04 1.5707963268e+00 -1.2059717783e+00
1.0313196856e-04 1.9603997359e+04 1.5707963268e+00 -1.2078877492e+00
1.0331622383e-04 1.9616014695e+04 1.5707963268e+00 -1.2098013742e+00
1.0350038578e-04 1.9628055103e+04 1.5707963268e+00 -1.2117126532e+00
1.0368445442e-04 1.9640118570e+04 1.5707963268e+00 -1.2136215858e+00
1.0386842980e-04 1.9652205084e+04 1.5707963268e+00 -1.2155281719e+00
1.0405231193e-04 1.9664314632e+04 1.5707963268e+00 -1.2174324114e+00
1.0423610085e-04 1.9676447202e+04 1.5707963268e+00 -1.2193343042e+00
1.0441979660e-04 1.9688602779e+04 1.5707963268e+00 -1.2212338501e+00
1.0460339921e-04 1.9700781352e+04 1.5707963268e+00 -1.2231310490e+00
1.0478690870e-04 1.9712982907e+04 1.5707963268e+00 -1.2250259008e+00
1.0497032512e-04 1.9725207431e+04 1.5707963268e+00 -1.2269184055e+00
1.0515364850e-04 1.9737454911e+04 1.5707963268e+00 -1.2288085631e+00
1.0533687887e-04 1.9749725333e+04 1.5707963268e+00 -1.2306963734e+00
1.0552001627e-04 1.9762018686e+04 1.5707963268e+00 -1.2325818364e+00
1.0570306074e-04 1.9774334954e+04 1.5707963268e+00 -1.2344649523e+00
1.0588601231e-04 1.9786674125e+04 1.5707963268e+00 -1.2363457209e+00
1.0606887102e-04 1.9799036185e+04 1.5707963268e+00 -1.2382241423e+00
1.0625163691e-04 1.9811421121e+04 1.5707963268e+00 -1.2401002166e+00
1.0643431002e-04 1.9823828918e+04 1.5707963268e+00 -1.2419739438e+00
1.0661689038e-04 1.9836259564e+04 1.5707963268e+00 -1.2438453239e+00
1.0679937804e-04 1.9848713045e+04 1.5707963268e+00 -1.2457143572e+00
1.0698177303e-04 1.9861189346e+04 1.5707963268e+00 -1.2475810436e+00
1.0716407540e-04 1.9873688455e+04 1.5707963268e+00 -1.2494453834e+00
1.0734628519e-04 1.9886210356e+04 1.5707963268e+00 -1.2513073766e+00
1.0752840243e-04 1.9898755036e+04 1.5707963268e+00 -1.2531670234e+00
1.0771042718e-04 1.9911322481e+04 1.5707963268e+00 -1.2550243240e+00
1.0789235948e-04 1.9923912677e+04 1.5707963268e+00 -1.2568792786e+00
1.0807419936e-04 1.9936525610e+04 1.5707963268e+00 -1.2587318873e+00
1.0825594687e-04 1.9949161264e+04 1.5707963268e+00 -1.2605821505e+00
1.0843760206e-04 1.9961819627e+04 1.5707963268e+00 -1.2624300682e+00
1.0861916497e-04 1.9974500683e+04 1.5707963268e+00 -1.2642756409e+00
1.0880063565e-04 1.9987204419e+04 1.5707963268e+00 -1.2661188687e+00
1.0898201414e-04 1.9999930819e+04 1.5707963268e+00 -1.2679597519e+00
1.0916330050e-04 2.0012679869e+04 1.5707963268e+00 -1.2697982908e+00
1.0934449475e-04 2.0025451555e+04 1.5707963268e+00 -1.2716344858e+00
1.0952559697e-04 2.0038245862e+04 1.5707963268e+00 -1.2734683371e+00
1.0970660718e-04 2.0051062774e+04 1.5707963268e+00 -1.2752998451e+00
1.0988752545e-04 2.0063902278e+04 1.5707963268e+00 -1.2771290102e+00
1.1006835181e-04 2.0076764358e+04 1.5707963268e+00 -1.2789558326e+00
1.1024908632e-04 2.0089649000e+04 1.5707963268e+00 -1.2807803129e+00
1.1042972904e-04 2.0102556187e+04 1.5707963268e+00 -1.2826024515e+00
1.1061028000e-04 2.0115485907e+04 1.5707963268e+00 -1.2844222486e+00
1.1079073926e-04 2.0128438142e+04 1.5707963268e+00 -1.2862397048e+00
1.1097110688e-04 2.0141412879e+04 1.5707963268e+00 -1.2880548205e+00
1.1115138290e-04 2.0154410101e+04 1.5707963268e+00 -1.2898675961e+00
1.1133156738e-04 2.0167429794e+04 1.5707963268e+00 -1.2916780322e+00
1.1151166036e-04 2.0180471942e+04 1.5707963268e+00 -1.2934861293e+00
1.1169166191e-04 2.0193536530e+04 1.5707963268e+00 -1.2952918877e+00
1.1187157208e-04 2.0206623542e+04 1.5707963268e+00 -1.2970953081e+00
1.1205139092e-04 2.0219732963e+04 1.5707963268e+00 -1.2988963910e+00
1.1223111848e-04 2.0232864776e+04 1.5707963268e+00 -1.3006951369e+00
1.1241075483e-04 2.0246018968e+04 1.5707963268e+00 -1.3024915464e+00
1.1259030001e-04 2.0259195521e+04 1.5707963268e+00 -1.3042856201e+00
1.1276975408e-04 2.0272394420e+04 1.5707963268e+00 -1.3060773585e+00
1.1294911710e-04 2.0285615649e+04 1.5707963268e+00 -1.3078667623e+00
1.1312838913e-04 2.0298859192e+04 1.5707963268e+00 -1.3096538320e+00
1.1330757023e-04 2.0312125034e+04 1.5707963268e+00 -1.3114385684e+00
1.1348666044e-04 2.0325413158e+04 1.5707963268e+00 -1.3132209720e+00
1.1366565984e-04 2.0338723549e+04 1.5707963268e+00 -1.3150010435e+00
1.1384456847e-04 2.0352056189e+04 1.5707963268e+00 -1.3167787837e+00
1.1402338641e-04 2.0365411063e+04 1.5707963268e+00 -1.3185541931e+00
1.1420211370e-04 2.0378788155e+04 1.5707963268e+00 -1.3203272725e+00
1.1438075041e-04 2.0392187449e+04 1.5707963268e+00 -1.3220980225e+00
1.1455929660e-04 2.0405608928e+04 1.5707963268e+00 -1.3238664440e+00
1.1473775232e-04 2.0419052575e+04 1.5707963268e+00 -1.3256325377e+00
1.1491611765e-04 2.0432518374e+04 1.5707963268e+00 -1.3273963043e+00
1.1509439264e-04 2.0446006310e+04 1.5707963268e+00 -1.3291577445e+00
1.1527257736e-04 2.0459516364e+04 1.5707963268e+00 -1.3309168593e+00
1.1545067186e-04 2.0473048521e+04 1.5707963268e+00 -1.3326736493e+00
1.1562867621e-04 2.0486602763e+04 1.5707963268e+00 -1.3344281154e+00
1.1580659048e-04 2.0500179075e+04 1.5707963268e+00 -1.3361802584e+00
1.1598441473e-04 2.0513777439e+04 1.5707963268e+00 -1.3379300791e+00
1.1616214901e-04 2.0527397839e+04 1.5707963268e+00 -1.3396775784e+00
1.1633979341e-04 2.0541040257e+04 1.5707963268e+00 -1.3414227572e+00
1.1651734797e-04 2.0554704677e+04 1.5707963268e+00 -1.3431656162e+00
1.1669481277e-04 2.0568391081e+04 1.5707963268e+00 -1.3449061565e+00
1.1687218788e-04 2.0582099453e+04 1.5707963268e+00 -1.3466443789e+00
1.1704947335e-04 2.0595829775e+04 1.5707963268e+00 -1.3483802844e+00
1.1722666926e-04 2.0609582030e+04 1.5707963268e+00 -1.3501138738e+00
1.1740377567e-04 2.0623356202e+04 1.5707963268e+00 -1.3518451481e+00
1.1758079265e-04 2.0637152272e+04 1.5707963268e+00 -1.3535741082e+00
1.1775772027e-04 2.0650970224e+04 1.5707963268e+00 -1.3553007551e+00
1.1793455859e-04 2.0664810040e+04 1.5707963268e+00 -1.3570250899e+00
1.1811130769e-04 2.0678671702e+04 1.5707963268e+00 -1.3587471134e+00
1.1828796763e-04 2.0692555193e+04 1.5707963268e+00 -1.3604668267e+00
1.1846453848e-04 2.0706460497e+04 1.5707963268e+00 -1.3621842308e+00
1.1864102032e-04 2.0720387594e+04 1.5707963268e+00 -1.3638993267e+00
1.1881741320e-04 2.0734336467e+04 1.5707963268e+00 -1.3656121155e+00
1.1899371721e-04 2.0748307099e+04 1.5707963268e+00 -1.3673225982e+00
1.1916993240e-04 2.0762299473e+04 1.5707963268e+00 -1.3690307758e+00
1.1934605886e-04 2.0776313569e+04 1.5707963268e+00 -1.3707366496e+00
1.1952209666e-04 2.0790349370e+04 1.5707963268e+00 -1.3724402204e+00
1.1969804586e-04 2.0804406860e+04 1.5707963268e+00 -1.3741414896e+00
1.1987390654e-04 2.0818486018e+04 1.5707963268e+00 -1.3758404580e+00
1.2004967877e-04 2.0832586828e+04 1.5707963268e+00 -1.3775371270e+00
1.2022536262e-04 2.0846709272e+04 1.5707963268e+00 -1.3792314976e+00
1.2040095817e-04 2.0860853331e+04 1.5707963268e+00 -1.3809235710e+00
1.2057646549e-04 2.0875018987e+04 1.5707963268e+00 -1.3826133482e+00
1.2075188465e-04 2.0889206222e+04 1.5707963268e+00 -1.3843008306e+00
1.2092721573e-04 2.0903415018e+04 1.5707963268e+00 -1.3859860193e+00
1.2110245880e-04 2.0917645357e+04 1.5707963268e+00 -1.3876689154e+00
1.2127761393e-04 2.0931897219e+04 1.5707963268e+00 -1.3893495202e+00
1.2145268121e-04 2.0946170588e+04 1.5707963268e+00 -1.3910278349e+00
1.2162766070e-04 2.0960465444e+04 1.5707963268e+00 -1.3927038608e+00
1.2180255248e-04 2.0974781769e+04 1.5707963268e+00 -1.3943775990e+00
1.2197735664e-04 2.0989119544e+04 1.5707963268e+00 -1.3960490508e+00
1.2215207323e-04 2.1003478752e+04 1.5707963268e+00 -1.3977182176e+00
1.2232670235e-04 2.1017859372e+04 1.5707963268e+00 -1.3993851004e+00
1.2250124406e-04 2.1032261387e+04 1.5707963268e+00 -1.4010497008e+00
1.2267569845e-04 2.1046684778e+04 1.5707963268e+00 -1.4027120198e+00
1.2285006559e-04 2.1061129526e+04 1.5707963268e+00 -1.4043720589e+00
1.2302434556e-04 2.1075595613e+04 1.5707963268e+00 -1.4060298194e+00
1.2319853844e-04 2.1090083019e+04 1.5707963268e+00 -1.4076853026e+00
1.2337264430e-04 2.1104591725e+04 1.5707963268e+00 -1.4093385098e+00
1.2354666323e-04 2.1119121713e+04 1.5707963268e+00 -1.4109894424e+00
1.2372059530e-04 2.1133672964e+04 1.5707963268e+00 -1.4126381017e+00
1.2389444059e-04 2.1148245459e+04 1.5707963268e+00 -1.4142844892e+00
1.2406819919e-04 2.1162839178e+04 1.5707963268e+00 -1.4159286061e+00
1.2424187116e-04 2.1177454103e+04 1.5707963268e+00 -1.4175704540e+00
1.2441545660e-04 2.1192090214e+04 1.5707963268e+00 -1.4192100342e+00
1.2458895558e-04 2.1206747492e+04 1.5707963268e+00 -1.4208473480e+00
1.2476236819e-04 2.1221425918e+04 1.5707963268e+00 -1.4224823971e+00
1.2493569450e-04 2.1236125473e+04 1.5707963268e+00 -1.4241151826e+00
1.2510893459e-04 2.1250846137e+04 1.5707963268e+00 -1.4257457063e+00
1.2528208855e-04 2.1265587891e+04 1.5707963268e+00 -1.4273739693e+00
1.2545515646e-04 2.1280350716e+04 1.5707963268e+00 -1.4289999734e+00
1.2562813839e-04 2.1295134591e+04 1.5707963268e+00 -1.4306237198e+00
1.2580103444e-04 2.1309939499e+04 1.5707963268e+00 -1.4322452102e+00
1.2597384468e-04 2.1324765418e+04 1.5707963268e+00 -1.4338644459e+00
1.2614656920e-04 2.1339612330e+04 1.5707963268e+00 -1.4354814285e+00
1.2631920808e-04 2.1354480215e+04 1.5707963268e+00 -1.4370961596e+00
1.2649176140e-04 2.1369369053e+04 1.5707963268e+00 -1.4387086406e+00
1.2666422925e-04 2.1384278824e+04 1.5707963268e+00 -1.4403188731e+00
1.2683661171e-04 2.1399209509e+04 1.5707963268e+00 -1.4419268587e+00
1.2700890886e-04 2.1414161089e+04 1.5707963268e+00 -1.4435325988e+00
1.2718112079e-04 2.1429133542e+04 1.5707963268e+00 -1.4451360950e+00
1.2735324758e-04 2.1444126850e+04 1.5707963268e+00 -1.4467373490e+00
1.2752528932e-04 2.1459140993e+04 1.5707963268e+00 -1.4483363623e+00
1.2769724609e-04 2.1474175950e+04 1.5707963268e+00 -1.4499331365e+00
1.2786911798e-04 2.1489231701e+04 1.5707963268e+00 -1.4515276731e+00
1.2804090508e-04 2.1504308227e+04 1.5707963268e+00 -1.4531199739e+00
1.2821260745e-04 2.1519405508e+04 1.5707963268e+00 -1.4547100404e+00
1.2838422521e-04 2.1534523523e+04 1.5707963268e+00 -1.4562978743e+00
1.2855575842e-04 2.1549662252e+04 1.5707963268e+00 -1.4578834772e+00
1.2872720718e-04 2.1564821676e+04 1.5707963268e+00 -1.4594668507e+00
1.2889857157e-04 2.1580001773e+04 1.5707963268e+00 -1.4610479965e+00
1.2906985168e-04 2.1595202524e+04 1.5707963268e+00 -1.4626269163e+00
1.2924104759e-04 2.1610423909e+04 1.5707963268e+00 -1.4642036118e+00
1.2941215940e-04 2.1625665907e+04 1.5707963268e+00 -1.4657780845e+00
1.2958318719e-04 2.1640928497e+04 1.5707963268e+00 -1.4673503363e+00
1.2975413105e-04 2.1656211660e+04 1.5707963268e+00 -1.4689203689e+00
1.2992499106e-04 2.1671515375e+04 1.5707963268e+00 -1.4704881838e+00
1.3009576731e-04 2.1686839621e+04 1.5707963268e+00 -1.4720537830e+00
1.3026645990e-04 2.1702184379e+04 1.5707963268e+00 -1.4736171680e+00
1.3043706890e-04 2.1717549627e+04 1.5707963268e+00 -1.4751783406e+00
1.3060759441e-04 2.1732935345e+04 1.5707963268e+00 -1.4767373026e+00
1.3077803652e-04 2.1748341513e+04 1.5707963268e+00 -1.4782940557e+00
1.3094839532e-04 2.1763768109e+04 1.5707963268e+00 -1.4798486017e+00
1.3111867089e-04 2.1779215114e+04 1.5707963268e+00 -1.4814009423e+00
1.3128886332e-04 2.1794682506e+04 1.5707963268e+00 -1.4829510794e+00
1.3145897271e-04 2.1810170265e+04 1.5707963268e+00 -1.4844990147e+00
1.3162899914e-04 2.1825678369e+04 1.5707963268e+00 -1.4860447500e+00
1.3179894270e-04 2.1841206799e+04 1.5707963268e+00 -1.4875882871e+00
1.3196880348e-04 2.1856755534e+04 1.5707963268e+00 -1.4891296278e+00
1.3213858158e-04 2.1872324551e+04 1.5707963268e+00 -1.4906687740e+00
1.3230827708e-04 2.1887913832e+04 1.5707963268e+00 -1.4922057274e+00
1.3247789008e-04 2.1903523354e+04 1.5707963268e+00 -1.4937404899e+00
1.3264742065e-04 2.1919153097e+04 1.5707963268e+00 -1.4952730634e+00
1.3281686891e-04 2.1934803040e+04 1.5707963268e+00 -1.4968034497e+00
1.3298623493e-04 2.1950473162e+04 1.5707963268e+00 -1.4983316507e+00
1.3315551880e-04 2.1966163441e+04 1.5707963268e+00 -1.4998576681e+00
1.3332472063e-04 2.1981873857e+04 1.5707963268e+00 -1.5013815040e+00
1.3349384049e-04 2.1997604389e+04 1.5707963268e+00 -1.5029031601e+00
1.3366287849e-04 2.2013355015e+04 1.5707963268e+00 -1.5044226384e+00
1.3383183471e-04 2.2029125714e+04 1.5707963268e+00 -1.5059399407e+00
1.3400070924e-04 2.2044916466e+04 1.5707963268e+00 -1.5074550691e+00
1.3416950218e-04 2.2060727248e+04 1.5707963268e+00 -1.5089680253e+00
1.3433821363e-04 2.2076558040e+04 1.5707963268e+00 -1.5104788112e+00
1.3450684366e-04 2.2092408821e+04 1.5707963268e+00 -1.5119874289e+00
1.3467539238e-04 2.2108279568e+04 1.5707963268e+00 -1.5134938803e+00
1.3484385988e-04 2.2124170262e+04 1.5707963268e+00 -1.5149981672e+00
1.3501224624e-04 2.2140080879e+04 1.5707963268e+00 -1.5165002917e+00
1.3518055157e-04 2.2156011400e+04 1.5707963268e+00 -1.5180002557e+00
1.3534877596e-04 2.2171961802e+04 1.5707963268e+00 -1.5194980611e+00
1.3551691950e-04 2.2187932065e+04 1.5707963268e+00 -1.5209937100e+00
1.3568498227e-04 2.2203922166e+04 1.5707963268e+00 -1.5224872042e+00
1.3585296439e-04 2.2219932084e+04 1.5707963268e+00 -1.5239785458e+00
1.3602086593e-04 2.2235961798e+04 1.5707963268e+00 -1.5254677368e+00
1.3618868700e-04 2.2252011286e+04 1.5707963268e+00 -1.5269547791e+00
1.3635642769e-04 2.2268080526e+04 1.5707963268e+00 -1.5284396749e+00
1.3652408809e-04 2.2284169498e+04 1.5707963268e+00 -1.5299224259e+00
1.3669166830e-04 2.2300278178e+04 1.5707963268e+00 -1.5314030344e+00
1.3685916840e-04 2.2316406547e+04 1.5707963268e+00 -1.5328815023e+00
1.3702658850e-04 2.2332554581e+04 1.5707963268e+00 -1.5343578316e+00
1.3719392869e-04 2.2348722260e+04 1.5707963268e+00 -1.5358320244e+00
1.3736118907e-04 2.2364909561e+04 1.5707963268e+00 -1.5373040827e+00
1.3752836972e-04 2.2381116463e+04 1.5707963268e+00 -1.5387740085e+00
1.3769547075e-04 2.2397342945e+04 1.5707963268e+00 -1.5402418040e+00
1.3786249224e-04 2.2413588983e+04 1.5707963268e+00 -1.5417074711e+00
1.3802943430e-04 2.2429854557e+04 1.5707963268e+00 -1.5431710120e+00
1.3819629702e-04 2.2446139644e+04 1.5707963268e+00 -1.5446324287e+00
1.3836308049e-04 2.2462444223e+04 1.5707963268e+00 -1.5460917233e+00
1.3852978481e-04 2.2478768272e+04 1.5707963268e+00 -1.5475488979e+00
1.3869641008e-04 2.2495111769e+04 1.5707963268e+00 -1.5490039545e+00
1.3886295639e-04 2.2511474692e+04 1.5707963268e+00 -1.5504568953e+00
1.3902942383e-04 2.2527857019e+04 1.5707963268e+00 -1.5519077224e+00
1.3919581251e-04 2.2544258728e+04 1.5707963268e+00 -1.5533564378e+00
1.3936212252e-04 2.2560679797e+04 1.5707963268e+00 -1.5548030437e+00
1.3952835394e-04 2.2577120205e+04 1.5707963268e+00 -1.5562475422e+00
1.3969450689e-04 2.2593579928e+04 1.5707963268e+00 -1.5576899355e+00
1.3986058146e-04 2.2610058945e+04 1.5707963268e+00 -1.5591302256e+00
1.4002657774e-04 2.2626557234e+04 1.5707963268e+00 -1.5605684147e+00
1.4019249583e-04 2.2643074773e+04 1.5707963268e+00 -1.5620045050e+00
1.4035833583e-04 2.2659611539e+04 1.5707963268e+00 -1.5634384985e+00
1.4052409782e-04 2.2676167512e+04 1.5707963268e+00 -1.5648703975e+00
1.4068978192e-04 2.2692742667e+04 1.5707963268e+00 -1.5663002041e+00
1.4085538821e-04 2.2709336984e+04 1.5707963268e+00 -1.5677279204e+00
1.4102091679e-04 2.2725950439e+04 1.5707963268e+00 -1.5691535487e+00
1.4118636777e-04 2.2742583012e+04 1.5707963268e+00 -1.5705770911e+00
1.4135174123e-04 2.2759234679e+04 1.5707963268e+00 -1.5719985498e+00
1.4151703727e-04 2.2775905418e+04 1.5707963268e+00 -1.5734179269e+00
1.4168225600e-04 2.2792595207e+04 1.5707963268e+00 -1.5748352248e+00
1.4184739750e-04 2.2809304024e+04 1.5707963268e+00 -1.5762504454e+00
1.4201246187e-04 2.2826031847e+04 1.5707963268e+00 -1.5776635912e+00
1.4217744922e-04 2.2842778652e+04 1.5707963268e+00 -1.5790746642e+00
1.4234235964e-04 2.2859544419e+04 1.5707963268e+00 -1.5804836666e+00
1.4250719322e-04 2.2876329123e+04 1.5707963268e+00 -1.5818906008e+00
1.4267195007e-04 2.2893132744e+04 1.5707963268e+00 -1.5832954688e+00
1.4283663029e-04 2.2909955259e+04 1.5707963268e+00 -1.5846982730e+00
1.4300123396e-04 2.2926796644e+04 1.5707963268e+00 -1.5860990156e+00
1.4316576119e-04 2.2943656879e+04 1.5707963268e+00 -1.5874976987e+00
1.4333021207e-04 2.2960535940e+04 1.5707963268e+00 -1.5888943247e+00
1.4349458671e-04 2.2977433805e+04 1.5707963268e+00 -1.5902888958e+00
1.4365888519e-04 2.2994350451e+04 1.5707963268e+00 -1.5916814141e+00
1.4382310763e-04 2.3011285856e+04 1.5707963268e+00 -1.5930718821e+00
1.4398725411e-04 2.3028239998e+04 1.5707963268e+00 -1.5944603019e+00
1.4415132474e-04 2.3045212854e+04 1.5707963268e+00 -1.5958466758e+00
1.4431531961e-04 2.3062204401e+04 1.5707963268e+00 -1.5972310060e+00
1.4447923882e-04 2.3079214618e+04 1.5707963268e+00 -1.5986132949e+00
1.4464308247e-04 2.3096243480e+04 1.5707963268e+00 -1.5999935447e+00
1.4480685066e-04 2.3113290967e+04 1.5707963268e+00 -1.6013717576e+00
1.4497054348e-04 2.3130357054e+04 1.5707963268e+00 -1.6027479360e+00
1.4513416104e-04 2.3147441720e+04 1.5707963268e+00 -1.6041220822e+00
1.4529770343e-04 2.3164544943e+04 1.5707963268e+00 -1.6054941984e+00
1.4546117075e-04 2.3181666698e+04 1.5707963268e+00 -1.6068642870e+00
1.4562456310e-04 2.3198806965e+04 1.5707963268e+00 -1.6082323501e+00
1.4578788058e-04 2.3215965719e+04 1.5707963268e+00 -1.6095983903e+00
1.4595112328e-04 2.3233142939e+04 1.5707963268e+00 -1.6109624096e+00
1.4611429131e-04 2.3250338602e+04 1.5707963268e+00 -1.6123244106e+00
1.4627738475e-04 2.3267552685e+04 1.5707963268e+00 -1.6136843953e+00
1.4644040373e-04 2.3284785166e+04 1.5707963268e+00 -1.6150423663e+00
1.4660334832e-04 2.3302036021e+04 1.5707963268e+00 -1.6163983258e+00
1.4676621863e-04 2.3319305228e+04 1.5707963268e+00 -1.6177522762e+00
1.4692901476e-04 2.3336592764e+04 1.5707963268e+00 -1.6191042197e+00
1.4709173680e-04 2.3353898608e+04 1.5707963268e+00 -1.6204541587e+00
1.4725438486e-04 2.3371222734e+04 1.5707963268e+00 -1.6218020955e+00
1.4741695903e-04 2.3388565122e+04 1.5707963268e+00 -1.6231480325e+00
1.4757945942e-04 2.3405925749e+04 1.5707963268e+00 -1.6244919720e+00
1.4774188612e-04 2.3423304591e+04 1.5707963268e+00 -1.6258339165e+00
1.4790423922e-04 2.3440701625e+04 1.5707963268e+00 -1.6271738681e+00
1.4806651884e-04 2.3458116830e+04 1.5707963268e+00 -1.6285118293e+00
1.4822872506e-04 2.3475550182e+04 1.5707963268e+00 -1.6298478024e+00
1.4839085799e-04 2.3493001658e+04 1.5707963268e+00 -1.6311817898e+00
1.4855291773e-04 2.3510471236e+04 1.5707963268e+00 -1.6325137939e+00
1.4871490437e-04 2.3527958892e+04 1.5707963268e+00 -1.6338438170e+00
1.4887681801e-04 2.3545464604e+04 1.5707963268e+00 -1.6351718615e+00
1.4903865876e-04 2.3562988350e+04 1.5707963268e+00 -1.6364979297e+00
1.4920042671e-04 2.3580530106e+04 1.5707963268e+00 -1.6378220241e+00
1.4936212196e-04 2.3598089849e+04 1.5707963268e+00 -1.6391441471e+00
1.4952374460e-04 2.3615667556e+04 1.5707963268e+00 -1.6404643009e+00
1.4968529475e-04 2.3633263205e+04 1.5707963268e+00 -1.6417824880e+00
1.4984677249e-04 2.3650876773e+04 1.5707963268e+00 -1.6430987108e+00
1.5000817793e-04 2.3668508237e+04 1.5707963268e+00 -1.6444129717e+00
1.5016951116e-04 2.3686157574e+04 1.5707963268e+00 -1.6457252730e+00
1.5033077229e-04 2.3703824761e+04 1.5707963268e+00 -1.6470356172e+00
1.5049196141e-04 2.3721509775e+04 1.5707963268e+00 -1.6483440067e+00
1.5065307862e-04 2.3739212593e+04 1.5707963268e+00 -1.6496504439e+00
1.5081412402e-04 2.3756933193e+04 1.5707963268e+00 -1.6509549311e+00
1.5097509771e-04 2.3774671551e+04 1.5707963268e+00 -1.6522574707e+00
1.5113599979e-04 2.3792427645e+04 1.5707963268e+00 -1.6535580653e+00
1.5129683036e-04 2.3810201451e+04 1.5707963268e+00 -1.6548567172e+00
1.5145758952e-04 2.3827992947e+04 1.5707963268e+00 -1.6561534288e+00
1.5161827736e-04 2.3845802110e+04 1.5707963268e+00 -1.6574482025e+00
1.5177889398e-04 2.3863628917e+04 1.5707963268e+00 -1.6587410408e+00
1.5193943949e-04 2.3881473344e+04 1.5707963268e+00 -1.6600319461e+00
1.5209991399e-04 2.3899335370e+04 1.5707963268e+00 -1.6613209208e+00
1.5226031756e-04 2.3917214970e+04 1.5707963268e+00 -1.6626079673e+00
1.5242065031e-04 2.3935112122e+04 1.5707963268e+00 -1.6638930881e+00
1.5258091234e-04 2.3953026804e+04 1.5707963268e+00 -1.6651762856e+00
1.5274110375e-04 2.3970958992e+04 1.5707963268e+00 -1.6664575623e+00
1.5290122464e-04 2.3988908662e+04 1.5707963268e+00 -1.6677369204e+00
1.5306127510e-04 2.4006875793e+04 1.5707963268e+00 -1.6690143627e+00
1.5322125524e-04 2.4024860361e+04 1.5707963268e+00 -1.6702898913e+00
1.5338116515e-04 2.4042862344e+04 1.5707963268e+00 -1.6715635089e+00
1.5354100493e-04 2.4060881717e+04 1.5707963268e+00 -1.6728352178e+00
1.5370077468e-04 2.4078918459e+04 1.5707963268e+00 -1.6741050204e+00
1.5386047451e-04 2.4096972547e+04 1.5707963268e+00 -1.6753729194e+00
1.5402010450e-04 2.4115043956e+04 1.5707963268e+00 -1.6766389170e+00
1.5417966475e-04 2.4133132665e+04 1.5707963268e+00 -1.6779030157e+00
1.5433915538e-04 2.4151238651e+04 1.5707963268e+00 -1.6791652181e+00
1.5449857646e-04 2.4169361889e+04 1.5707963268e+00 -1.6804255265e+00
1.5465792811e-04 2.4187502359e+04 1.5707963268e+00 -1.6816839434e+00
1.5481721042e-04 2.4205660035e+04 1.5707963268e+00 -1.6829404713e+00
1.5497642349e-04 2.4223834896e+04 1.5707963268e+00 -1.6841951126e+00
1.5513556742e-04 2.4242026919e+04 1.5707963268e+00 -1.6854478698e+00
1.5529464231e-04 2.4260236080e+04 1.5707963268e+00 -1.6866987454e+00
1.5545364825e-04 2.4278462357e+04 1.5707963268e+00 -1.6879477418e+00
1.5561258535e-04 2.4296705726e+04 1.5707963268e+00 -1.6891948616e+00
1.5577145370e-04 2.4314966164e+04 1.5707963268e+00 -1.6904401071e+00
1.5593025340e-04 2.4333243650e+04 1.5707963268e+00 -1.6916834808e+00
1.5608898454e-04 2.4351538159e+04 1.5707963268e+00 -1.6929249853e+00
1.5624764724e-04 2.4369849668e+04 1.5707963268e+00 -1.6941646229e+00
1.5640624158e-04 2.4388178155e+04 1.5707963268e+00 -1.6954023963e+00
1.5656476766e-04 2.4406523597e+04 1.5707963268e+00 -1.6966383078e+00
1.5672322559e-04 2.4424885971e+04 1.5707963268e+00 -1.6978723599e+00
1.5688161545e-04 2.4443265253e+04 1.5707963268e+00 -1.6991045551e+00
1.5703993736e-04 2.4461661421e+04 1.5707963268e+00 -1.7003348959e+00
1.5719819140e-04 2.4480074452e+04 1.5707963268e+00 -1.7015633848e+00
1.5735637767e-04 2.4498504322e+04 1.5707963268e+00 -1.7027900243e+00
1.5751449628e-04 2.4516951010e+04 1.5707963268e+00 -1.7040148167e+00
1.5767254732e-04 2.4535414491e+04 1.5707963268e+00 -1.7052377648e+00
1.5783053088e-04 2.4553894744e+04 1.5707963268e+00 -1.7064588708e+00
1.5798844707e-04 2.4572391744e+04 1.5707963268e+00 -1.7076781374e+00
1.5814629599e-04 2.4590905470e+04 1.5707963268e+00 -1.7088955669e+00
1.5830407772e-04 2.4609435897e+04 1.5707963268e+00 -1.7101111619e+00
1.5846179238e-04 2.4627983004e+04 1.5707963268e+00 -1.7113249250e+00
1.5861944005e-04 2.4646546767e+04 1.5707963268e+00 -1.7125368584e+00
1.5877702084e-04 2.4665127163e+04 1.5707963268e+00 -1.7137469649e+00
1.5893453483e-04 2.4683724170e+04 1.5707963268e+00 -1.7149552468e+00
1.5909198214e-04 2.4702337764e+04 1.5707963268e+00 -1.7161617067e+00
1.5924936286e-04 2.4720967922e+04 1.5707963268e+00 -1.7173663471e+00
1.5940667707e-04 2.4739614623e+04 1.5707963268e+00 -1.7185691704e+00
1.5956392489e-04 2.4758277842e+04 1.5707963268e+00 -1.7197701791e+00
1.5972110641e-04 2.4776957556e+04 1.5707963268e+00 -1.7209693758e+00
1.5987822173e-04 2.4795653744e+04 1.5707963268e+00 -1.7221667630e+00
1.6003527094e-04 2.4814366381e+04 1.5707963268e+00 -1.7233623431e+00
1.6019225414e-04 2.4833095446e+04 1.5707963268e+00 -1.7245561186e+00
1.6034917142e-04 2.4851840915e+04 1.5707963268e+00 -1.7257480921e+00
1.6050602289e-04 2.4870602765e+04 1.5707963268e+00 -1.7269382661e+00
1.6066280865e-04 2.4889380974e+04 1.5707963268e+00 -1.7281266430e+00
1.6081952878e-04 2.4908175518e+04 1.5707963268e+00 -1.7293132254e+00
1.6097618338e-04 2.4926986375e+04 1.5707963268e+00 -1.7304980158e+00
1.6113277256e-04 2.4945813522e+04 1.5707963268e+00 -1.7316810166e+00
1.6128929641e-04 2.4964656936e+04 1.5707963268e+00 -1.7328622304e+00
1.6144575502e-04 2.4983516594e+04 1.5707963268e+00 -1.7340416597e+00
1.6160214850e-04 2.5002392474e+04 1.5707963268e+00 -1.7352193070e+00
1.6175847693e-04 2.5021284552e+04 1.5707963268e+00 -1.7363951748e+00
1.6191474042e-04 2.5040192806e+04 1.5707963268e+00 -1.7375692656e+00
1.6207093905e-04 2.5059117213e+04 1.5707963268e+00 -1.7387415819e+00
1.6222707294e-04 2.5078057749e+04 1.5707963268e+00 -1.7399121262e+00
1.6238314217e-04 2.5097014393e+04 1.5707963268e+00 -1.7410809011e+00
1.6253914684e-04 2.5115987122e+04 1.5707963268e+00 -1.7422479089e+00
1.6269508705e-04 2.5134975912e+04 1.5707963268e+00 -1.7434131524e+00
1.6285096289e-04 2.5153980742e+04 1.5707963268e+00 -1.7445766338e+00
1.6300677446e-04 2.5173001587e+04 1.5707963268e+00 -1.7457383558e+00
1.6316252185e-04 2.5192038426e+04 1.5707963268e+00 -1.7468983209e+00
1.6331820516e-04 2.5211091236e+04 1.5707963268e+00 -1.7480565316e+00
1.6347382449e-04 2.5230159994e+04 1.5707963268e+00 -1.7492129903e+00
1.6362937992e-04 2.5249244676e+04 1.5707963268e+00 -1.7503676997e+00
1.6378487157e-04 2.5268345262e+04 1.5707963268e+00 -1.7515206621e+00
1.6394029952e-04 2.5287461727e+04 1.5707963268e+00 -1.7526718802e+00
1.6409566387e-04 2.5306594049e+04 1.5707963268e+00 -1.7538213564e+00
1.6425096471e-04 2.5325742206e+04 1.5707963268e+00 -1.7549690932e+00
1.6440620214e-04 2.5344906174e+04 1.5707963268e+00 -1.7561150931e+00
1.6456137625e-04 2.5364085932e+04 1.5707963268e+00 -1.7572593587e+00
1.6471648715e-04 2.5383281456e+04 1.5707963268e+00 -1.7584018924e+00
1.6487153492e-04 2.5402492723e+04 1.5707963268e+00 -1.7595426968e+00
1.6502651965e-04 2.5421719712e+04 1.5707963268e+00 -1.7606817744e+00
1.6518144146e-04 2.5440962399e+04 1.5707963268e+00 -1.7618191277e+00
1.6533630042e-04 2.5460220762e+04 1.5707963268e+00 -1.7629547591e+00
1.6549109664e-04 2.5479494778e+04 1.5707963268e+00 -1.7640886712e+00
1.6564583020e-04 2.5498784425e+04 1.5707963268e+00 -1.7652208666e+00
1.6580050121e-04 2.5518089680e+04 1.5707963268e+00 -1.7663513476e+00
1.6595510976e-04 2.5537410520e+04 1.5707963268e+00 -1.7674801169e+00
1.6610965594e-04 2.5556746923e+04 1.5707963268e+00 -1.7686071768e+00
1.6626413985e-04 2.5576098867e+04 1.5707963268e+00 -1.7697325300e+00
1.6641856158e-04 2.5595466328e+04 1.5707963268e+00 -1.7708561790e+00
1.6657292123e-04 2.5614849285e+04 1.5707963268e+00 -1.7719781261e+00
1.6672721888e-04 2.5634247714e+04 1.5707963268e+00 -1.7730983740e+00
1.6688145464e-04 2.5653661594e+04 1.5707963268e+00 -1.7742169252e+00
1.6703562860e-04 2.5673090901e+04 1.5707963268e+00 -1.7753337821e+00
1.6718974085e-04 2.5692535614e+04 1.5707963268e+00 -1.7764489473e+00
1.6734379148e-04 2.5711995709e+04 1.5707963268e+00 -1.7775624232e+00
1.6749778060e-04 2.5731471165e+04 1.5707963268e+00 -1.7786742124e+00
1.6765170829e-04 2.5750961958e+04 1.5707963268e+00 -1.7797843173e+00
1.6780557464e-04 2.5770468067e+04 1.5707963268e+00 -1.7808927405e+00
1.6795937976e-04 2.5789989469e+04 1.5707963268e+00 -1.7819994844e+00
1.6811312373e-04 2.5809526141e+04 1.5707963268e+00 -1.7831045517e+00
1.6826680665e-04 2.5829078062e+04 1.5707963268e+00 -1.7842079446e+00
1.6842042860e-04 2.5848645208e+04 1.5707963268e+00 -1.7853096658e+00
1.6857398969e-04 2.5868227558e+04 1.5707963268e+00 -1.7864097178e+00
1.6872749001e-04 2.5887825089e+04 1.5707963268e+00 -1.7875081031e+00
1.6888092965e-04 2.5907437779e+04 1.5707963268e+00 -1.7886048240e+00
1.6903430869e-04 2.5927065605e+04 1.5707963268e+00 -1.7896998833e+00
1.6918762725e-04 2.5946708545e+04 1.5707963268e+00 -1.7907932832e+00
1.6934088540e-04 2.5966366577e+04 1.5707963268e+00 -1.7918850264e+00
1.6949408324e-04 2.5986039679e+04 1.5707963268e+00 -1.7929751153e+00
1.6964722087e-04 2.6005727828e+04 1.5707963268e+00 -1.7940635524e+00
1.6980029837e-04 2.6025431001e+04 1.5707963268e+00 -1.7951503403e+00
1.6995331583e-04 2.6045149178e+04 1.5707963268e+00 -1.7962354813e+00
1.7010627336e-04 2.6064882335e+04 1.5707963268e+00 -1.7973189780e+00
1.7025917104e-04 2.6084630450e+04 1.5707963268e+00 -1.7984008329e+00
1.7041200897e-04 2.6104393501e+04 1.5707963268e+00 -1.7994810484e+00
1.7056478723e-04 2.6124171466e+04 1.5707963268e+00 -1.8005596271e+00
1.7071750591e-04 2.6143964323e+04 1.5707963268e+00 -1.8016365715e+00
1.7087016512e-04 2.6163772049e+04 1.5707963268e+00 -1.8027118839e+00
1.7102276494e-04 2.6183594623e+04 1.5707963268e+00 -1.8037855669e+00
1.7117530546e-04 2.6203432021e+04 1.5707963268e+00 -1.8048576231e+00
1.7132778678e-04 2.6223284224e+04 1.5707963268e+00 -1.8059280548e+00
1.7148020898e-04 2.6243151207e+04 1.5707963268e+00 -1.8069968645e+00
1.7163257216e-04 2.6263032949e+04 1.5707963268e+00 -1.8080640547e+00
1.7178487641e-04 2.6282929428e+04 1.5707963268e+00 -1.8091296280e+00
1.7193712181e-04 2.6302840622e+04 1.5707963268e+00 -1.8101935867e+00
1.7208930847e-04 2.6322766508e+04 1.5707963268e+00 -1.8112559334e+00
1.7224143647e-04 2.6342707066e+04 1.5707963268e+00 -1.8123166705e+00
1.7239350590e-04 2.6362662272e+04 1.5707963268e+00 -1.8133758005e+00
1.7254551685e-04 2.6382632105e+04 1.5707963268e+00 -1.8144333258e+00
1.7269746942e-04 2.6402616543e+04 1.5707963268e+00 -1.8154892490e+00
1.7284936369e-04 2.6422615564e+04 1.5707963268e+00 -1.8165435726e+00
1.7300119976e-04 2.6442629145e+04 1.5707963268e+00 -1.8175962988e+00
1.7315297770e-04 2.6462657266e+04 1.5707963268e+00 -1.8186474304e+00
1.7330469763e-04 2.6482699904e+04 1.5707963268e+00 -1.8196969696e+00
1.7345635962e-04 2.6502757037e+04 1.5707963268e+00 -1.8207449190e+00
1.7360796376e-04 2.6522828643e+04 1.5707963268e+00 -1.8217912811e+00
1.7375951015e-04 2.6542914701e+04 1.5707963268e+00 -1.8228360582e+00
1.7391099887e-04 2.6563015189e+04 1.5707963268e+00 -1.8238792529e+00
1.7406243002e-04 2.6583130084e+04 1.5707963268e+00 -1.8249208676e+00
1.7421380368e-04 2.6603259366e+04 1.5707963268e+00 -1.8259609048e+00
1.7436511995e-04 2.6623403012e+04 1.5707963268e+00 -1.8269993669e+00
1.7451637890e-04 2.6643561000e+04 1.5707963268e+00 -1.8280362564e+00
1.7466758064e-04 2.6663733309e+04 1.5707963268e+00 -1.8290715758e+00
1.7481872526e-04 2.6683919917e+04 1.5707963268e+00 -1.8301053274e+00
1.7496981283e-04 2.6704120802e+04 1.5707963268e+00 -1.8311375137e+00
1.7512084345e-04 2.6724335943e+04 1.5707963268e+00 -1.8321681372e+00
1.7527181720e-04 2.6744565317e+04 1.5707963268e+00 -1.8331972004e+00
1.7542273419e-04 2.6764808904e+04 1.5707963268e+00 -1.8342247056e+00
1.7557359449e-04 2.6785066682e+04 1.5707963268e+00 -1.8352506553e+00
1.7572439820e-04 2.6805338629e+04 1.5707963268e+00 -1.8362750520e+00
1.7587514539e-04 2.6825624723e+04 1.5707963268e+00 -1.8372978981e+00
1.7602583617e-04 2.6845924942e+04 1.5707963268e+00 -1.8383191960e+00
1.7617647062e-04 2.6866239266e+04 1.5707963268e+00 -1.8393389482e+00
1.7632704882e-04 2.6886567673e+04 1.5707963268e+00 -1.8403571571e+00
1.7647757087e-04 2.6906910140e+04 1.5707963268e+00 -1.8413738251e+00
1.7662803686e-04 2.6927266648e+04 1.5707963268e+00 -1.8423889547e+00
1.7677844686e-04 2.6947637173e+04 1.5707963268e+00 -1.8434025483e+00
1.7692880097e-04 2.6968021695e+04 1.5707963268e+00 -1.8444146083e+00
1.7707909928e-04 2.6988420193e+04 1.5707963268e+00 -1.8454251372e+00
1.7722934188e-04 2.7008832644e+04 1.5707963268e+00 -1.8464341374e+00
1.7737952884e-04 2.7029259027e+04 1.5707963268e+00 -1.8474416113e+00
1.7752966026e-04 2.7049699321e+04 1.5707963268e+00 -1.8484475613e+00
1.7767973623e-04 2.7070153505e+04 1.5707963268e+00 -1.8494519898e+00
1.7782975683e-04 2.7090621557e+04 1.5707963268e+00 -1.8504548993e+00
1.7797972215e-04 2.7111103456e+04 1.5707963268e+00 -1.8514562922e+00
1.7812963228e-04 2.7131599180e+04 1.5707963268e+00 -1.8524561709e+00
1.7827948730e-04 2.7152108709e+04 1.5707963268e+00 -1.8534545378e+00
1.7842928730e-04 2.7172632020e+04 1.5707963268e+00 -1.8544513953e+00
1.7857903237e-04 2.7193169093e+04 1.5707963268e+00 -1.8554467458e+00
1.7872872259e-04 2.7213719907e+04 1.5707963268e+00 -1.8564405917e+00
1.7887835804e-04 2.7234284439e+04 1.5707963268e+00 -1.8574329355e+00
1.7902793883e-04 2.7254862670e+04 1.5707963268e+00 -1.8584237795e+00
1.7917746502e-04 2.7275454578e+04 1.5707963268e+00 -1.8594131261e+00
1.7932693671e-04 2.7296060141e+04 1.5707963268e+00 -1.8604009778e+00
1.7947635399e-04 2.7316679338e+04 1.5707963268e+00 -1.8613873369e+00
1.7962571693e-04 2.7337312149e+04 1.5707963268e+00 -1.8623722059e+00
1.7977502563e-04 2.7357958553e+04 1.5707963268e+00 -1.8633555870e+00
1.7992428017e-04 2.7378618527e+04 1.5707963268e+00 -1.8643374828e+00
1.8007348063e-04 2.7399292052e+04 1.5707963268e+00 -1.8653178956e+00
1.8022262710e-04 2.7419979105e+04 1.5707963268e+00 -1.8662968277e+00
1.8037171967e-04 2.7440679667e+04 1.5707963268e+00 -1.8672742816e+00
1.8052075842e-04 2.7461393716e+04 1.5707963268e+00 -1.8682502597e+00
1.8066974344e-04 2.7482121230e+04 1.5707963268e+00 -1.8692247643e+00
1.8081867480e-04 2.7502862190e+04 1.5707963268e+00 -1.8701977978e+00
1.8096755260e-04 2.7523616575e+04 1.5707963268e+00 -1.8711693626e+00
1.8111637693e-04 2.7544384362e+04 1.5707963268e+00 -1.8721394611e+00
1.8126514785e-04 2.7565165532e+04 1.5707963268e+00 -1.8731080956e+00
1.8141386547e-04 2.7585960063e+04 1.5707963268e+00 -1.8740752685e+00
1.8156252985e-04 2.7606767935e+04 1.5707963268e+00 -1.8750409822e+00
1.8171114110e-04 2.7627589126e+04 1.5707963268e+00 -1.8760052391e+00
1.8185969929e-04 2.7648423617e+04 1.5707963268e+00 -1.8769680414e+00
1.8200820450e-04 2.7669271386e+04 1.5707963268e+00 -1.8779293916e+00
1.8215665682e-04 2.7690132412e+04 1.5707963268e+00 -1.8788892920e+00
1.8230505633e-04 2.7711006675e+04 1.5707963268e+00 -1.8798477450e+00
1.8245340312e-04 2.7731894154e+04 1.5707963268e+00 -1.8808047529e+00
1.8260169727e-04 2.7752794828e+04 1.5707963268e+00 -1.8817603182e+00
1.8274993886e-04 2.7773708677e+04 1.5707963268e+00 -1.8827144430e+00
1.8289812798e-04 2.7794635679e+04 1.5707963268e+00 -1.8836671299e+00
1.8304626471e-04 2.7815575815e+04 1.5707963268e+00 -1.8846183811e+00
1.8319434913e-04 2.7836529064e+04 1.5707963268e+00 -1.8855681990e+00
1.8334238133e-04 2.7857495404e+04 1.5707963268e+00 -1.8865165858e+00
1.8349036139e-04 2.7878474816e+04 1.5707963268e+00 -1.8874635441e+00
1.8363828938e-04 2.7899467279e+04 1.5707963268e+00 -1.8884090760e+00
1.8378616540e-04 2.7920472773e+04 1.5707963268e+00 -1.8893531840e+00
1.8393398953e-04 2.7941491276e+04 1.5707963268e+00 -1.8902958703e+00
1.8408176184e-04 2.7962522769e+04 1.5707963268e+00 -1.8912371374e+00
1.8422948242e-04 2.7983567230e+04 1.5707963268e+00 -1.8921769874e+00
1.8437715136e-04 2.8004624640e+04 1.5707963268e+00 -1.8931154228e+00
1.8452476873e-04 2.8025694979e+04 1.5707963268e+00 -1.8940524459e+00
1.8467233462e-04 2.8046778224e+04 1.5707963268e+00 -1.8949880589e+00
1.8481984911e-04 2.8067874358e+04 1.5707963268e+00 -1.8959222643e+00
1.8496731227e-04 2.8088983358e+04 1.5707963268e+00 -1.8968550643e+00
1.8511472420e-04 2.8110105205e+04 1.5707963268e+00 -1.8977864612e+00
1.8526208497e-04 2.8131239878e+04 1.5707963268e+00 -1.8987164574e+00
1.8540939466e-04 2.8152387357e+04 1.5707963268e+00 -1.8996450552e+00
1.8555665336e-04 2.8173547622e+04 1.5707963268e+00 -1.9005722568e+00
1.8570386114e-04 2.8194720652e+04 1.5707963268e+00 -1.9014980645e+00
1.8585101810e-04 2.8215906428e+04 1.5707963268e+00 -1.9024224808e+00
1.8599812430e-04 2.8237104929e+04 1.5707963268e+00 -1.9033455078e+00
1.8614517982e-04 2.8258316135e+04 1.5707963268e+00 -1.9042671479e+00
1.8629218476e-04 2.8279540026e+04 1.5707963268e+00 -1.9051874033e+00
1.8643913919e-04 2.8300776581e+04 1.5707963268e+00 -1.9061062764e+00
1.8658604319e-04 2.8322025781e+04 1.5707963268e+00 -1.9070237695e+00
1.8673289683e-04 2.8343287606e+04 1.5707963268e+00 -1.9079398847e+00
1.8687970021e-04 2.8364562035e+04 1.5707963268e+00 -1.9088546245e+00
1.8702645340e-04 2.8385849048e+04 1.5707963268e+00 -1.9097679911e+00
1.8717315648e-04 2.8407148626e+04 1.5707963268e+00 -1.9106799867e+00
1.8731980953e-04 2.8428460748e+04 1.5707963268e+00 -1.9115906137e+00
1.8746641262e-04 2.8449785395e+04 1.5707963268e+00 -1.9124998744e+00
1.8761296585e-04 2.8471122546e+04 1.5707963268e+00 -1.9134077709e+00
1.8775946929e-04 2.8492472182e+04 1.5707963268e+00 -1.9143143056e+00
1.8790592301e-04 2.8513834283e+04 1.5707963268e+00 -1.9152194807e+00
1.8805232710e-04 2.8535208828e+04 1.5707963268e+00 -1.9161232985e+00
1.8819868164e-04 2.8556595799e+04 1.5707963268e+00 -1.9170257613e+00
1.8834498670e-04 2.8577995175e+04 1.5707963268e+00 -1.9179268713e+00
1.8849124236e-04 2.8599406936e+04 1.5707963268e+00 -1.9188266308e+00
1.8863744871e-04 2.8620831063e+04 1.5707963268e+00 -1.9197250420e+00
1.8878360582e-04 2.8642267535e+04 1.5707963268e+00 -1.9206221072e+00
1.8892971377e-04 2.8663716334e+04 1.5707963268e+00 -1.9215178286e+00
1.8907577264e-04 2.8685177439e+04 1.5707963268e+00 -1.9224122085e+00
1.8922178250e-04 2.8706650831e+04 1.5707963268e+00 -1.9233052491e+00
1.8936774344e-04 2.8728136491e+04 1.5707963268e+00 -1.9241969527e+00
1.8951365553e-04 2.8749634397e+04 1.5707963268e+00 -1.9250873215e+00
1.8965951885e-04 2.8771144532e+04 1.5707963268e+00 -1.9259763577e+00
1.8980533347e-04 2.8792666874e+04 1.5707963268e+00 -1.9268640636e+00
1.8995109949e-04 2.8814201406e+04 1.5707963268e+00 -1.9277504413e+00
1.9009681696e-04 2.8835748107e+04 1.5707963268e+00 -1.9286354932e+00
1.9024248598e-04 2.8857306957e+04 1.5707963268e+00 -1.9295192215e+00
1.9038810661e-04 2.8878877938e+04 1.5707963268e+00 -1.9304016283e+00
1.9053367894e-04 2.8900461029e+04 1.5707963268e+00 -1.9312827159e+00
1.9067920304e-04 2.8922056212e+04 1.5707963268e+00 -1.9321624866e+00
1.9082467899e-04 2.8943663466e+04 1.5707963268e+00 -1.9330409424e+00
1.9097010687e-04 2.8965282773e+04 1.5707963268e+00 -1.9339180857e+00
1.9111548675e-04 2.8986914113e+04 1.5707963268e+00 -1.9347939186e+00
1.9126081871e-04 2.9008557467e+04 1.5707963268e+00 -1.9356684434e+00
1.9140610282e-04 2.9030212816e+04 1.5707963268e+00 -1.9365416623e+00
1.9155133916e-04 2.9051880139e+04 1.5707963268e+00 -1.9374135774e+00
1.9169652782e-04 2.9073559419e+04 1.5707963268e+00 -1.9382841909e+00
1.9184166885e-04 2.9095250635e+04 1.5707963268e+00 -1.9391535051e+00
1.9198676235e-04 2.9116953768e+04 1.5707963268e+00 -1.9400215221e+00
1.9213180838e-04 2.9138668800e+04 1.5707963268e+00 -1.9408882442e+00
1.9227680703e-04 2.9160395711e+04 1.5707963268e+00 -1.9417536735e+00
1.9242175836e-04 2.9182134482e+04 1.5707963268e+00 -1.9426178122e+00
1.9256666246e-04 2.9203885093e+04 1.5707963268e+00 -1.9434806625e+00
1.9271151939e-04 2.9225647526e+04 1.5707963268e+00 -1.9443422266e+00
1.9285632924e-04 2.9247421762e+04 1.5707963268e+00 -1.9452025066e+00
1.9300109207e-04 2.9269207782e+04 1.5707963268e+00 -1.9460615047e+00
1.9314580797e-04 2.9291005566e+04 1.5707963268e+00 -1.9469192231e+00
1.9329047701e-04 2.9312815095e+04 1.5707963268e+00 -1.9477756640e+00
1.9343509926e-04 2.9334636351e+04 1.5707963268e+00 -1.9486308294e+00
1.9357967480e-04 2.9356469315e+04 1.5707963268e+00 -1.9494847217e+00
1.9372420370e-04 2.9378313967e+04 1.5707963268e+00 -1.9503373429e+00
1.9386868604e-04 2.9400170290e+04 1.5707963268e+00 -1.9511886952e+00
1.9401312189e-04 2.9422038263e+04 1.5707963268e+00 -1.9520387808e+00
1.9415751133e-04 2.9443917868e+04 1.5707963268e+00 -1.9528876017e+00
1.9430185443e-04 2.9465809086e+04 1.5707963268e+00 -1.9537351603e+00
1.9444615126e-04 2.9487711899e+04 1.5707963268e+00 -1.9545814585e+00
1.9459040190e-04 2.9509626288e+04 1.5707963268e+00 -1.9554264985e+00
1.9473460642e-04 2.9531552233e+04 1.5707963268e+00 -1.9562702826e+00
1.9487876489e-04 2.9553489716e+04 1.5707963268e+00 -1.9571128128e+00
1.9502287740e-04 2.9575438719e+04 1.5707963268e+00 -1.9579540912e+00
1.9516694400e-04 2.9597399223e+04 1.5707963268e+00 -1.9587941200e+00
1.9531096478e-04 2.9619371209e+04 1.5707963268e+00 -1.9596329013e+00
1.9545493981e-04 2.9641354659e+04 1.5707963268e+00 -1.9604704373e+00
1.9559886916e-04 2.9663349553e+04 1.5707963268e+00 -1.9613067300e+00
1.9574275291e-04 2.9685355874e+04 1.5707963268e+00 -1.9621417816e+00
1.9588659112e-04 2.9707373602e+04 1.5707963268e+00 -1.9629755942e+00
1.9603038387e-04 2.9729402720e+04 1.5707963268e+00 -1.9638081699e+00
1.9617413124e-04 2.9751443209e+04 1.5707963268e+00 -1.9646395109e+00
1.9631783329e-04 2.9773495049e+04 1.5707963268e+00 -1.9654696192e+00
1.9646149009e-04 2.9795558224e+04 1.5707963268e+00 -1.9662984969e+00
1.9660510173e-04 2.9817632714e+04 1.5707963268e+00 -1.9671261462e+00
1.9674866827e-04 2.9839718501e+04 1.5707963268e+00 -1.9679525692e+00
1.9689218978e-04 2.9861815566e+04 1.5707963268e+00 -1.9687777678e+00
1.9703566634e-04 2.9883923892e+04 1.5707963268e+00 -1.9696017443e+00
1.9717909801e-04 2.9906043460e+04 1.5707963268e+00 -1.9704245008e+00
1.9732248487e-04 2.9928174251e+04 1.5707963268e+00 -1.9712460393e+00
1.9746582699e-04 2.9950316248e+04 1.5707963268e+00 -1.9720663618e+00
1.9760912445e-04 2.9972469431e+04 1.5707963268e+00 -1.9728854706e+00
1.9775237731e-04 2.9994633784e+04 1.5707963268e+00 -1.9737033676e+00
1.9789558564e-04 3.0016809287e+04 1.5707963268e+00 -1.9745200550e+00
1.9803874951e-04 3.0038995923e+04 1.5707963268e+00 -1.9753355348e+00
1.9818186901e-04 3.0061193673e+04 1.5707963268e+00 -1.9761498091e+00
1.9832494419e-04 3.0083402520e+04 1.5707963268e+00 -1.9769628799e+00
1.9846797512e-04 3.0105622444e+04 1.5707963268e+00 -1.9777747494e+00
1.9861096189e-04 3.0127853428e+04 1.5707963268e+00 -1.9785854196e+00
1.9875390455e-04 3.0150095455e+04 1.5707963268e+00 -1.9793948925e+00
1.9889680319e-04 3.0172348505e+04 1.5707963268e+00 -1.9802031702e+00
1.9903965786e-04 3.0194612562e+04 1.5707963268e+00 -1.9810102548e+00
1.9918246864e-04 3.0216887606e+04 1.5707963268e+00 -1.9818161483e+00
1.9932523560e-04 3.0239173620e+04 1.5707963268e+00 -1.9826208527e+00
1.9946795881e-04 3.0261470587e+04 1.5707963268e+00 -1.9834243702e+00
1.9961063834e-04 3.0283778488e+04 1.5707963268e+00 -1.9842267027e+00
1.9975327426e-04 3.0306097305e+04 1.5707963268e+00 -1.9850278523e+00
1.9989586663e-04 3.0328427020e+04 1.5707963268e+00 -1.9858278210e+00
2.0003841554e-04 3.0350767616e+04 1.5707963268e+00 -1.9866266108e+00
2.0018092104e-04 3.0373119075e+04 1.5707963268e+00 -1.9874242239e+00
2.0032338320e-04 3.0395481380e+04 1.5707963268e+00 -1.9882206622e+00
2.0046580210e-04 3.0417854511e+04 1.5707963268e+00 -1.9890159277e+00
2.0060817781e-04 3.0440238452e+04 1.5707963268e+00 -1.9898100224e+00
2.0075051039e-04 3.0462633185e+04 1.5707963268e+00 -1.9906029485e+00
2.0089279991e-04 3.0485038693e+04 1.5707963268e+00 -1.9913947078e+00
2.0103504644e-04 3.0507454957e+04 1.5707963268e+00 -1.9921853025e+00
2.0117725005e-04 3.0529881960e+04 1.5707963268e+00 -1.9929747345e+00
2.0131941080e-04 3.0552319684e+04 1.5707963268e+00 -1.9937630058e+00
2.0146152877e-04 3.0574768112e+04 1.5707963268e+00 -1.9945501184e+00
2.0160360403e-04 3.0597227227e+04 1.5707963268e+00 -1.9953360744e+00
2.0174563664e-04 3.0619697010e+04 1.5707963268e+00 -1.9961208757e+00
2.0188762666e-04 3.0642177445e+04 1.5707963268e+00 -1.9969045243e+00
2.0202957418e-04 3.0664668513e+04 1.5707963268e+00 -1.9976870222e+00
2.0217147924e-04 3.0687170198e+04 1.5707963268e+00 -1.9984683715e+00
2.0231334194e-04 3.0709682481e+04 1.5707963268e+00 -1.9992485740e+00
2.0245516232e-04 3.0732205347e+04 1.5707963268e+00 -2.0000276318e+00
2.0259694046e-04 3.0754738776e+04 1.5707963268e+00 -2.0008055469e+00
2.0273867642e-04 3.0777282753e+04 1.5707963268e+00 -2.0015823212e+00
2.0288037027e-04 3.0799837259e+04 1.5707963268e+00 -2.0023579567e+00
2.0302202209e-04 3.0822402277e+04 1.5707963268e+00 -2.0031324554e+00
2.0316363193e-04 3.0844977790e+04 1.5707963268e+00 -2.0039058193e+00
2.0330519986e-04 3.0867563781e+04 1.5707963268e+00 -2.0046780503e+00
2.0344672595e-04 3.0890160232e+04 1.5707963268e+00 -2.0054491503e+00
2.0358821026e-04 3.0912767127e+04 1.5707963268e+00 -2.0062191214e+00
2.0372965287e-04 3.0935384448e+04 1.5707963268e+00 -2.0069879655e+00
2.0387105384e-04 3.0958012178e+04 1.5707963268e+00 -2.0077556846e+00
2.0401241323e-04 3.0980650300e+04 1.5707963268e+00 -2.0085222805e+00
2.0415373111e-04 3.1003298797e+04 1.5707963268e+00 -2.0092877553e+00
2.0429500755e-04 3.1025957652e+04 1.5707963268e+00 -2.0100521109e+00
2.0443624261e-04 3.1048626847e+04 1.5707963268e+00 -2.0108153492e+00
2.0457743636e-04 3.1071306366e+04 1.5707963268e+00 -2.0115774722e+00
2.0471858886e-04 3.1093996192e+04 1.5707963268e+00 -2.0123384818e+00
2.0485970019e-04 3.1116696308e+04 1.5707963268e+00 -2.0130983800e+00
2.0500077039e-04 3.1139406697e+04 1.5707963268e+00 -2.0138571686e+00
2.0514179955e-04 3.1162127342e+04 1.5707963268e+00 -2.0146148497e+00
2.0528278772e-04 3.1184858225e+04 1.5707963268e+00 -2.0153714250e+00
2.0542373498e-04 3.1207599331e+04 1.5707963268e+00 -2.0161268967e+00
2.0556464138e-04 3.1230350643e+04 1.5707963268e+00 -2.0168812664e+00
2.0570550699e-04 3.1253112143e+04 1.5707963268e+00 -2.0176345363e+00
2.0584633187e-04 3.1275883814e+04 1.5707963268e+00 -2.0183867081e+00
2.0598711610e-04 3.1298665641e+04 1.5707963268e+00 -2.0191377839e+00
2.0612785972e-04 3.1321457607e+04 1.5707963268e+00 -2.0198877655e+00
2.0626856282e-04 3.1344259693e+04 1.5707963268e+00 -2.0206366548e+00
2.0640922545e-04 3.1367071885e+04 1.5707963268e+00 -2.0213844537e+00
2.0654984768e-04 3.1389894165e+04 1.5707963268e+00 -2.0221311641e+00
2.0669042957e-04 3.1412726517e+04 1.5707963268e+00 -2.0228767879e+00
2.0683097118e-04 3.1435568924e+04 1.5707963268e+00 -2.0236213270e+00
2.0697147258e-04 3.1458421369e+04 1.5707963268e+00 -2.0243647833e+00
2.0711193384e-04 3.1481283836e+04 1.5707963268e+00 -2.0251071587e+00
2.0725235501e-04 3.1504156309e+04 1.5707963268e+00 -2.0258484550e+00
2.0739273616e-04 3.1527038770e+04 1.5707963268e+00 -2.0265886741e+00
2.0753307735e-04 3.1549931204e+04 1.5707963268e+00 -2.0273278180e+00
2.0767337865e-04 3.1572833594e+04 1.5707963268e+00 -2.0280658885e+00
2.0781364012e-04 3.1595745923e+04 1.5707963268e+00 -2.0288028874e+00
2.0795386183e-04 3.1618668176e+04 1.5707963268e+00 -2.0295388166e+00
2.0809404383e-04 3.1641600335e+04 1.5707963268e+00 -2.0302736780e+00
2.0823418618e-04 3.1664542385e+04 1.5707963268e+00 -2.0310074735e+00
2.0837428896e-04 3.1687494309e+04 1.5707963268e+00 -2.0317402049e+00
2.0851435223e-04 3.1710456090e+04 1.5707963268e+00 -2.0324718740e+00
2.0865437604e-04 3.1733427714e+04 1.5707963268e+00 -2.0332024828e+00
2.0879436046e-04 3.1756409162e+04 1.5707963268e+00 -2.0339320330e+00
2.0893430555e-04 3.1779400420e+04 1.5707963268e+00 -2.0346605266e+00
2.0907421137e-04 3.1802401470e+04 1.5707963268e+00 -2.0353879653e+00
2.0921407799e-04 3.1825412297e+04 1.5707963268e+00 -2.0361143510e+00
2.0935390547e-04 3.1848432884e+04 1.5707963268e+00 -2.0368396855e+00
2.0949369387e-04 3.1871463216e+04 1.5707963268e+00 -2.0375639708e+00
2.0963344324e-04 3.1894503277e+04 1.5707963268e+00 -2.0382872085e+00
2.0977315366e-04 3.1917553049e+04 1.5707963268e+00 -2.0390094005e+00
2.0991282519e-04 3.1940612518e+04 1.5707963268e+00 -2.0397305487e+00
2.1005245788e-04 3.1963681666e+04 1.5707963268e+00 -2.0404506550e+00
2.1019205180e-04 3.1986760479e+04 1.5707963268e+00 -2.0411697210e+00
2.1033160701e-04 3.2009848941e+04 1.5707963268e+00 -2.0418877486e+00
2.1047112356e-04 3.2032947034e+04 1.5707963268e+00 -2.0426047397e+00
2.1061060153e-04 3.2056054744e+04 1.5707963268e+00 -2.0433206960e+00
2.1075004097e-04 3.2079172054e+04 1.5707963268e+00 -2.0440356193e+00
2.1088944194e-04 3.2102298949e+04 1.5707963268e+00 -2.0447495116e+00
2.1102880450e-04 3.2125435412e+04 1.5707963268e+00 -2.0454623745e+00
2.1116812872e-04 3.2148581428e+04 1.5707963268e+00 -2.0461742098e+00
2.1130741465e-04 3.2171736982e+04 1.5707963268e+00 -2.0468850195e+00
2.1144666236e-04 3.2194902056e+04 1.5707963268e+00 -2.0475948051e+00
2.1158587190e-04 3.2218076637e+04 1.5707963268e+00 -2.0483035687e+00
2.1172504333e-04 3.2241260707e+04 1.5707963268e+00 -2.0490113118e+00
2.1186417672e-04 3.2264454251e+04 1.5707963268e+00 -2.0497180364e+00
2.1200327213e-04 3.2287657254e+04 1.5707963268e+00 -2.0504237442e+00
2.1214232961e-04 3.2310869699e+04 1.5707963268e+00 -2.0511284369e+00
2.1228134922e-04 3.2334091572e+04 1.5707963268e+00 -2.0518321164e+00
2.1242033103e-04 3.2357322857e+04 1.5707963268e+00 -2.0525347845e+00
2.1255927509e-04 3.2380563537e+04 1.5707963268e+00 -2.0532364428e+00
2.1269818147e-04 3.2403813598e+04 1.5707963268e+00 -2.0539370932e+00
2.1283705021e-04 3.2427073024e+04 1.5707963268e+00 -2.0546367375e+00
2.1297588139e-04 3.2450341799e+04 1.5707963268e+00 -2.0553353773e+00
2.1311467506e-04 3.2473619909e+04 1.5707963268e+00 -2.0560330145e+00
2.1325343127e-04 3.2496907337e+04 1.5707963268e+00 -2.0567296508e+00
2.1339215010e-04 3.2520204068e+04 1.5707963268e+00 -2.0574252879e+00
2.1353083159e-04 3.2543510087e+04 1.5707963268e+00 -2.0581199277e+00
2.1366947581e-04 3.2566825378e+04 1.5707963268e+00 -2.0588135718e+00
2.1380808281e-04 3.2590149926e+04 1.5707963268e+00 -2.0595062220e+00
2.1394665266e-04 3.2613483716e+04 1.5707963268e+00 -2.0601978800e+00
2.1408518541e-04 3.2636826732e+04 1.5707963268e+00 -2.0608885476e+00
2.1422368111e-04 3.2660178959e+04 1.5707963268e+00 -2.0615782266e+00
2.1436213984e-04 3.2683540383e+04 1.5707963268e+00 -2.0622669186e+00
2.1450056164e-04 3.2706910986e+04 1.5707963268e+00 -2.0629546253e+00
2.1463894657e-04 3.2730290756e+04 1.5707963268e+00 -2.0636413486e+00
2.1477729469e-04 3.2753679675e+04 1.5707963268e+00 -2.0643270901e+00
2.1491560606e-04 3.2777077730e+04 1.5707963268e+00 -2.0650118515e+00
2.1505388074e-04 3.2800484905e+04 1.5707963268e+00 -2.0656956346e+00
2.1519211879e-04 3.2823901184e+04 1.5707963268e+00 -2.0663784410e+00
2.1533032025e-04 3.2847326553e+04 1.5707963268e+00 -2.0670602726e+00
2.1546848520e-04 3.2870760998e+04 1.5707963268e+00 -2.0677411309e+00
2.1560661368e-04 3.2894204501e+04 1.5707963268e+00 -2.0684210178e+00
2.1574470575e-04 3.2917657050e+04 1.5707963268e+00 -2.0690999348e+00
2.1588276148e-04 3.2941118628e+04 1.5707963268e+00 -2.0697778838e+00
2.1602078091e-04 3.2964589221e+04 1.5707963268e+00 -2.0704548664e+00
2.1615876410e-04 3.2988068814e+04 1.5707963268e+00 -2.0711308842e+00
2.1629671112e-04 3.3011557392e+04 1.5707963268e+00 -2.0718059391e+00
2.1643462201e-04 3.3035054940e+04 1.5707963268e+00 -2.0724800326e+00
2.1657249684e-04 3.3058561443e+04 1.5707963268e+00 -2.0731531665e+00
2.1671033566e-04 3.3082076886e+04 1.5707963268e+00 -2.0738253425e+00
2.1684813852e-04 3.3105601256e+04 1.5707963268e+00 -2.0744965622e+00
2.1698590549e-04 3.3129134535e+04 1.5707963268e+00 -2.0751668272e+00
2.1712363661e-04 3.3152676711e+04 1.5707963268e+00 -2.0758361394e+00
2.1726133195e-04 3.3176227768e+04 1.5707963268e+00 -2.0765045003e+00
2.1739899157e-04 3.3199787692e+04 1.5707963268e+00 -2.0771719116e+00
2.1753661550e-04 3.3223356468e+04 1.5707963268e+00 -2.0778383750e+00
2.1767420382e-04 3.3246934081e+04 1.5707963268e+00 -2.0785038921e+00
2.1781175658e-04 3.3270520516e+04 1.5707963268e+00 -2.0791684647e+00
2.1794927383e-04 3.3294115760e+04 1.5707963268e+00 -2.0798320943e+00
2.1808675563e-04 3.3317719796e+04 1.5707963268e+00 -2.0804947826e+00
2.1822420203e-04 3.3341332612e+04 1.5707963268e+00 -2.0811565313e+00
2.1836161309e-04 3.3364954192e+04 1.5707963268e+00 -2.0818173420e+00
2.1849898887e-04 3.3388584522e+04 1.5707963268e+00 -2.0824772164e+00
2.1863632941e-04 3.3412223587e+04 1.5707963268e+00 -2.0831361561e+00
2.1877363478e-04 3.3435871372e+04 1.5707963268e+00 -2.0837941627e+00
2.1891090503e-04 3.3459527864e+04 1.5707963268e+00 -2.0844512379e+00
2.1904814021e-04 3.3483193048e+04 1.5707963268e+00 -2.0851073833e+00
2.1918534038e-04 3.3506866910e+04 1.5707963268e+00 -2.0857626006e+00
2.1932250559e-04 3.3530549435e+04 1.5707963268e+00 -2.0864168913e+00
2.1945963590e-04 3.3554240608e+04 1.5707963268e+00 -2.0870702572e+00
2.1959673136e-04 3.3577940416e+04 1.5707963268e+00 -2.0877226997e+00
2.1973379203e-04 3.3601648844e+04 1.5707963268e+00 -2.0883742206e+00
2.1987081795e-04 3.3625365879e+04 1.5707963268e+00 -2.0890248215e+00
2.2000780919e-04 3.3649091504e+04 1.5707963268e+00 -2.0896745039e+00
2.2014476580e-04 3.3672825708e+04 1.5707963268e+00 -2.0903232695e+00
2.2028168782e-04 3.3696568474e+04 1.5707963268e+00 -2.0909711199e+00
2.2041857533e-04 3.3720319789e+04 1.5707963268e+00 -2.0916180568e+00
2.2055542836e-04 3.3744079640e+04 1.5707963268e+00 -2.0922640816e+00
2.2069224697e-04 3.3767848011e+04 1.5707963268e+00 -2.0929091960e+00
2.2082903122e-04 3.3791624889e+04 1.5707963268e+00 -2.0935534016e+00
2.2096578115e-04 3.3815410259e+04 1.5707963268e+00 -2.0941967000e+00
2.2110249683e-04 3.3839204108e+04 1.5707963268e+00 -2.0948390928e+00
2.2123917831e-04 3.3863006421e+04 1.5707963268e+00 -2.0954805816e+00
2.2137582563e-04 3.3886817184e+04 1.5707963268e+00 -2.0961211679e+00
2.2151243885e-04 3.3910636384e+04 1.5707963268e+00 -2.0967608534e+00
2.2164901803e-04 3.3934464007e+04 1.5707963268e+00 -2.0973996396e+00
2.2178556321e-04 3.3958300038e+04 1.5707963268e+00 -2.0980375281e+00
2.2192207446e-04 3.3982144464e+04 1.5707963268e+00 -2.0986745204e+00
2.2205855181e-04 3.4005997270e+04 1.5707963268e+00 -2.0993106183e+00
2.2219499533e-04 3.4029858443e+04 1.5707963268e+00 -2.0999458231e+00
2.2233140506e-04 3.4053727969e+04 1.5707963268e+00 -2.1005801365e+00
2.2246778107e-04 3.4077605835e+04 1.5707963268e+00 -2.1012135601e+00
2.2260412339e-04 3.4101492025e+04 1.5707963268e+00 -2.1018460954e+00
2.2274043209e-04 3.4125386527e+04 1.5707963268e+00 -2.1024777439e+00
2.2287670722e-04 3.4149289327e+04 1.5707963268e+00 -2.1031085073e+00
2.2301294882e-04 3.4173200411e+04 1.5707963268e+00 -2.1037383871e+00
2.2314915694e-04 3.4197119766e+04 1.5707963268e+00 -2.1043673847e+00
2.2328533165e-04 3.4221047377e+04 1.5707963268e+00 -2.1049955019e+00
2.2342147299e-04 3.4244983231e+04 1.5707963268e+00 -2.1056227401e+00
2.2355758102e-04 3.4268927314e+04 1.5707963268e+00 -2.1062491008e+00
2.2369365578e-04 3.4292879614e+04 1.5707963268e+00 -2.1068745856e+00
2.2382969732e-04 3.4316840115e+04 1.5707963268e+00 -2.1074991961e+00
2.2396570571e-04 3.4340808805e+04 1.5707963268e+00 -2.1081229337e+00
2.2410168098e-04 3.4364785670e+04 1.5707963268e+00 -2.1087458000e+00
2.2423762319e-04 3.4388770696e+04 1.5707963268e+00 -2.1093677965e+00
2.2437353239e-04 3.4412763871e+04 1.5707963268e+00 -2.1099889248e+00
2.2450940863e-04 3.4436765180e+04 1.5707963268e+00 -2.1106091864e+00
2.2464525196e-04 3.4460774610e+04 1.5707963268e+00 -2.1112285828e+00
2.2478106244e-04 3.4484792148e+04 1.5707963268e+00 -2.1118471154e+00
2.2491684011e-04 3.4508817780e+04 1.5707963268e+00 -2.1124647859e+00
2.2505258503e-04 3.4532851493e+04 1.5707963268e+00 -2.1130815958e+00
2.2518829723e-04 3.4556893273e+04 1.5707963268e+00 -2.1136975464e+00
2.2532397678e-04 3.4580943107e+04 1.5707963268e+00 -2.1143126395e+00
2.2545962373e-04 3.4605000982e+04 1.5707963268e+00 -2.1149268763e+00
2.2559523812e-04 3.4629066885e+04 1.5707963268e+00 -2.1155402586e+00
2.2573082001e-04 3.4653140802e+04 1.5707963268e+00 -2.1161527877e+00
2.2586636944e-04 3.4677222720e+04 1.5707963268e+00 -2.1167644651e+00
2.2600188646e-04 3.4701312626e+04 1.5707963268e+00 -2.1173752924e+00
2.2613737113e-04 3.4725410506e+04 1.5707963268e+00 -2.1179852710e+00
2.2627282349e-04 3.4749516348e+04 1.5707963268e+00 -2.1185944024e+00
2.2640824360e-04 3.4773630138e+04 1.5707963268e+00 -2.1192026881e+00
2.2654363150e-04 3.4797751863e+04 1.5707963268e+00 -2.1198101296e+00
2.2667898724e-04 3.4821881510e+04 1.5707963268e+00 -2.1204167283e+00
2.2681431087e-04 3.4846019066e+04 1.5707963268e+00 -2.1210224858e+00
2.2694960244e-04 3.4870164518e+04 1.5707963268e+00 -2.1216274036e+00
2.2708486200e-04 3.4894317853e+04 1.5707963268e+00 -2.1222314829e+00
2.2722008960e-04 3.4918479057e+04 1.5707963268e+00 -2.1228347255e+00
2.2735528529e-04 3.4942648118e+04 1.5707963268e+00 -2.1234371326e+00
2.2749044911e-04 3.4966825023e+04 1.5707963268e+00 -2.1240387059e+00
2.2762558112e-04 3.4991009758e+04 1.5707963268e+00 -2.1246394467e+00
2.2776068136e-04 3.5015202312e+04 1.5707963268e+00 -2.1252393564e+00
2.2789574989e-04 3.5039402670e+04 1.5707963268e+00 -2.1258384367e+00
2.2803078674e-04 3.5063610821e+04 1.5707963268e+00 -2.1264366888e+00
2.2816579198e-04 3.5087826751e+04 1.5707963268e+00 -2.1270341143e+00
2.2830076564e-04 3.5112050447e+04 1.5707963268e+00 -2.1276307146e+00
2.2843570778e-04 3.5136281897e+04 1.5707963268e+00 -2.1282264911e+00
2.2857061844e-04 3.5160521087e+04 1.5707963268e+00 -2.1288214454e+00
2.2870549767e-04 3.5184768006e+04 1.5707963268e+00 -2.1294155787e+00
2.2884034553e-04 3.5209022640e+04 1.5707963268e+00 -2.1300088926e+00
2.2897516205e-04 3.5233284976e+04 1.5707963268e+00 -2.1306013885e+00
2.2910994728e-04 3.5257555002e+04 1.5707963268e+00 -2.1311930679e+00
2.2924470128e-04 3.5281832705e+04 1.5707963268e+00 -2.1317839321e+00
2.2937942409e-04 3.5306118073e+04 1.5707963268e+00 -2.1323739826e+00
2.2951411576e-04 3.5330411092e+04 1.5707963268e+00 -2.1329632208e+00
2.2964877633e-04 3.5354711751e+04 1.5707963268e+00 -2.1335516481e+00
2.2978340585e-04 3.5379020036e+04 1.5707963268e+00 -2.1341392659e+00
2.2991800438e-04 3.5403335935e+04 1.5707963268e+00 -2.1347260758e+00
2.3005257195e-04 3.5427659435e+04 1.5707963268e+00 -2.1353120790e+00
2.3018710862e-04 3.5451990525e+04 1.5707963268e+00 -2.1358972770e+00
2.3032161442e-04 3.5476329191e+04 1.5707963268e+00 -2.1364816711e+00
