0.0000000000e+00 1.6320442719e+04 1.5707963268e+00 0.0000000000e+00
2.1894381560e-07 1.6320442719e+04 1.5707963268e+00 -2.7173913043e-03
4.3788763121e-07 1.6320464988e+04 1.5707963268e+00 -5.4347826087e-03
6.5683109116e-07 1.6320509525e+04 1.5707963268e+00 -8.1521664974e-03
8.7577383983e-07 1.6320576332e+04 1.5707963268e+00 -1.0869535555e-02
1.0947155216e-06 1.6320665407e+04 1.5707963268e+00 -1.3586882366e-02
1.3136557808e-06 1.6320776752e+04 1.5707963268e+00 -1.6304199515e-02
1.5325942618e-06 1.6320910366e+04 1.5707963268e+00 -1.9021479587e-02
1.7515306092e-06 1.6321066250e+04 1.5707963268e+00 -2.1738715168e-02
1.9704644673e-06 1.6321244404e+04 1.5707963268e+00 -2.4455898843e-02
2.1893954807e-06 1.6321444827e+04 1.5707963268e+00 -2.7173023200e-02
2.4083232939e-06 1.6321667522e+04 1.5707963268e+00 -2.9890080824e-02
2.6272475514e-06 1.6321912487e+04 1.5707963268e+00 -3.2607064303e-02
2.8461678980e-06 1.6322179723e+04 1.5707963268e+00 -3.5323966226e-02
3.0650839784e-06 1.6322469232e+04 1.5707963268e+00 -3.8040779183e-02
3.2839954373e-06 1.6322781013e+04 1.5707963268e+00 -4.0757495762e-02
3.5029019195e-06 1.6323115067e+04 1.5707963268e+00 -4.3474108556e-02
3.7218030701e-06 1.6323471394e+04 1.5707963268e+00 -4.6190610156e-02
3.9406985340e-06 1.6323849996e+04 1.5707963268e+00 -4.8906993155e-02
4.1595879563e-06 1.6324250872e+04 1.5707963268e+00 -5.1623250149e-02
4.3784709822e-06 1.6324674025e+04 1.5707963268e+00 -5.4339373732e-02
4.5973472570e-06 1.6325119454e+04 1.5707963268e+00 -5.7055356502e-02
4.8162164261e-06 1.6325587160e+04 1.5707963268e+00 -5.9771191058e-02
5.0350781350e-06 1.6326077144e+04 1.5707963268e+00 -6.2486869999e-02
5.2539320294e-06 1.6326589408e+04 1.5707963268e+00 -6.5202385928e-02
5.4727777550e-06 1.6327123951e+04 1.5707963268e+00 -6.7917731447e-02
5.6916149576e-06 1.6327680776e+04 1.5707963268e+00 -7.0632899161e-02
5.9104432834e-06 1.6328259883e+04 1.5707963268e+00 -7.3347881678e-02
6.1292623784e-06 1.6328861273e+04 1.5707963268e+00 -7.6062671606e-02
6.3480718890e-06 1.6329484947e+04 1.5707963268e+00 -7.8777261556e-02
6.5668714615e-06 1.6330130906e+04 1.5707963268e+00 -8.1491644140e-02
6.7856607428e-06 1.6330799153e+04 1.5707963268e+00 -8.4205811974e-02
7.0044393794e-06 1.6331489687e+04 1.5707963268e+00 -8.6919757675e-02
7.2232070183e-06 1.6332202511e+04 1.5707963268e+00 -8.9633473862e-02
7.4419633067e-06 1.6332937625e+04 1.5707963268e+00 -9.2346953156e-02
7.6607078919e-06 1.6333695031e+04 1.5707963268e+00 -9.5060188183e-02
7.8794404213e-06 1.6334474731e+04 1.5707963268e+00 -9.7773171568e-02
8.0981605426e-06 1.6335276725e+04 1.5707963268e+00 -1.0048589594e-01
8.3168679037e-06 1.6336101015e+04 1.5707963268e+00 -1.0319835394e-01
8.5355621526e-06 1.6336947604e+04 1.5707963268e+00 -1.0591053818e-01
8.7542429376e-06 1.6337816492e+04 1.5707963268e+00 -1.0862244132e-01
8.9729099073e-06 1.6338707681e+04 1.5707963268e+00 -1.1133405600e-01
9.1915627102e-06 1.6339621172e+04 1.5707963268e+00 -1.1404537484e-01
9.4102009954e-06 1.6340556968e+04 1.5707963268e+00 -1.1675639051e-01
9.6288244121e-06 1.6341515071e+04 1.5707963268e+00 -1.1946709566e-01
9.8474326095e-06 1.6342495481e+04 1.5707963268e+00 -1.2217748292e-01
1.0066025237e-05 1.6343498201e+04 1.5707963268e+00 -1.2488754497e-01
1.0284601946e-05 1.6344523232e+04 1.5707963268e+00 -1.2759727445e-01
1.0503162384e-05 1.6345570577e+04 1.5707963268e+00 -1.3030666404e-01
1.0721706204e-05 1.6346640238e+04 1.5707963268e+00 -1.3301570640e-01
1.0940233055e-05 1.6347732216e+04 1.5707963268e+00 -1.3572439420e-01
1.1158742588e-05 1.6348846514e+04 1.5707963268e+00 -1.3843272010e-01
1.1377234456e-05 1.6349983133e+04 1.5707963268e+00 -1.4114067680e-01
1.1595708308e-05 1.6351142076e+04 1.5707963268e+00 -1.4384825697e-01
1.1814163797e-05 1.6352323344e+04 1.5707963268e+00 -1.4655545329e-01
1.2032600575e-05 1.6353526941e+04 1.5707963268e+00 -1.4926225845e-01
1.2251018295e-05 1.6354752868e+04 1.5707963268e+00 -1.5196866515e-01
1.2469416608e-05 1.6356001127e+04 1.5707963268e+00 -1.5467466609e-01
1.2687795168e-05 1.6357271721e+04 1.5707963268e+00 -1.5738025396e-01
1.2906153628e-05 1.6358564653e+04 1.5707963268e+00 -1.6008542147e-01
1.3124491643e-05 1.6359879923e+04 1.5707963268e+00 -1.6279016133e-01
1.3342808864e-05 1.6361217536e+04 1.5707963268e+00 -1.6549446625e-01
1.3561104948e-05 1.6362577493e+04 1.5707963268e+00 -1.6819832896e-01
1.3779379548e-05 1.6363959797e+04 1.5707963268e+00 -1.7090174217e-01
1.3997632320e-05 1.6365364450e+04 1.5707963268e+00 -1.7360469861e-01
1.4215862918e-05 1.6366791455e+04 1.5707963268e+00 -1.7630719102e-01
1.4434070998e-05 1.6368240815e+04 1.5707963268e+00 -1.7900921214e-01
1.4652256216e-05 1.6369712532e+04 1.5707963268e+00 -1.8171075470e-01
1.4870418229e-05 1.6371206608e+04 1.5707963268e+00 -1.8441181145e-01
1.5088556694e-05 1.6372723047e+04 1.5707963268e+00 -1.8711237515e-01
1.5306671266e-05 1.6374261852e+04 1.5707963268e+00 -1.8981243855e-01
1.5524761604e-05 1.6375823025e+04 1.5707963268e+00 -1.9251199441e-01
1.5742827365e-05 1.6377406568e+04 1.5707963268e+00 -1.9521103551e-01
1.5960868209e-05 1.6379012486e+04 1.5707963268e+00 -1.9790955461e-01
1.6178883792e-05 1.6380640780e+04 1.5707963268e+00 -2.0060754449e-01
1.6396873775e-05 1.6382291454e+04 1.5707963268e+00 -2.0330499795e-01
1.6614837816e-05 1.6383964510e+04 1.5707963268e+00 -2.0600190775e-01
1.6832775576e-05 1.6385659952e+04 1.5707963268e+00 -2.0869826671e-01
1.7050686714e-05 1.6387377782e+04 1.5707963268e+00 -2.1139406762e-01
1.7268570892e-05 1.6389118005e+04 1.5707963268e+00 -2.1408930329e-01
1.7486427770e-05 1.6390880622e+04 1.5707963268e+00 -2.1678396653e-01
1.7704257010e-05 1.6392665637e+04 1.5707963268e+00 -2.1947805016e-01
1.7922058273e-05 1.6394473053e+04 1.5707963268e+00 -2.2217154700e-01
1.8139831223e-05 1.6396302873e+04 1.5707963268e+00 -2.2486444989e-01
1.8357575521e-05 1.6398155101e+04 1.5707963268e+00 -2.2755675165e-01
1.8575290832e-05 1.6400029740e+04 1.5707963268e+00 -2.3024844513e-01
1.8792976818e-05 1.6401926793e+04 1.5707963268e+00 -2.3293952319e-01
1.9010633145e-05 1.6403846264e+04 1.5707963268e+00 -2.3562997867e-01
1.9228259476e-05 1.6405788155e+04 1.5707963268e+00 -2.3831980444e-01
1.9445855476e-05 1.6407752471e+04 1.5707963268e+00 -2.4100899337e-01
1.9663420812e-05 1.6409739214e+04 1.5707963268e+00 -2.4369753832e-01
1.9880955149e-05 1.6411748389e+04 1.5707963268e+00 -2.4638543219e-01
2.0098458155e-05 1.6413779999e+04 1.5707963268e+00 -2.4907266785e-01
2.0315929494e-05 1.6415834046e+04 1.5707963268e+00 -2.5175923821e-01
2.0533368837e-05 1.6417910536e+04 1.5707963268e+00 -2.5444513617e-01
2.0750775849e-05 1.6420009471e+04 1.5707963268e+00 -2.5713035463e-01
2.0968150201e-05 1.6422130855e+04 1.5707963268e+00 -2.5981488651e-01
2.1185491560e-05 1.6424274692e+04 1.5707963268e+00 -2.6249872474e-01
2.1402799597e-05 1.6426440986e+04 1.5707963268e+00 -2.6518186224e-01
2.1620073982e-05 1.6428629739e+04 1.5707963268e+00 -2.6786429195e-01
2.1837314384e-05 1.6430840957e+04 1.5707963268e+00 -2.7054600681e-01
2.2054520476e-05 1.6433074642e+04 1.5707963268e+00 -2.7322699978e-01
2.2271691929e-05 1.6435330798e+04 1.5707963268e+00 -2.7590726382e-01
2.2488828414e-05 1.6437609431e+04 1.5707963268e+00 -2.7858679189e-01
2.2705929606e-05 1.6439910542e+04 1.5707963268e+00 -2.8126557698e-01
2.2922995176e-05 1.6442234136e+04 1.5707963268e+00 -2.8394361205e-01
2.3140024800e-05 1.6444580218e+04 1.5707963268e+00 -2.8662089010e-01
2.3357018150e-05 1.6446948791e+04 1.5707963268e+00 -2.8929740413e-01
2.3573974903e-05 1.6449339859e+04 1.5707963268e+00 -2.9197314714e-01
2.3790894734e-05 1.6451753425e+04 1.5707963268e+00 -2.9464811215e-01
2.4007777318e-05 1.6454189495e+04 1.5707963268e+00 -2.9732229218e-01
2.4224622333e-05 1.6456648072e+04 1.5707963268e+00 -2.9999568026e-01
2.4441429456e-05 1.6459129161e+04 1.5707963268e+00 -3.0266826943e-01
2.4658198364e-05 1.6461632764e+04 1.5707963268e+00 -3.0534005273e-01
2.4874928736e-05 1.6464158888e+04 1.5707963268e+00 -3.0801102322e-01
2.5091620252e-05 1.6466707535e+04 1.5707963268e+00 -3.1068117395e-01
2.5308272590e-05 1.6469278710e+04 1.5707963268e+00 -3.1335049802e-01
2.5524885430e-05 1.6471872417e+04 1.5707963268e+00 -3.1601898848e-01
2.5741458455e-05 1.6474488661e+04 1.5707963268e+00 -3.1868663844e-01
2.5957991344e-05 1.6477127445e+04 1.5707963268e+00 -3.2135344099e-01
2.6174483781e-05 1.6479788774e+04 1.5707963268e+00 -3.2401938923e-01
2.6390935447e-05 1.6482472653e+04 1.5707963268e+00 -3.2668447628e-01
2.6607346027e-05 1.6485179085e+04 1.5707963268e+00 -3.2934869527e-01
2.6823715204e-05 1.6487908076e+04 1.5707963268e+00 -3.3201203932e-01
2.7040042662e-05 1.6490659629e+04 1.5707963268e+00 -3.3467450158e-01
2.7256328088e-05 1.6493433749e+04 1.5707963268e+00 -3.3733607520e-01
2.7472571166e-05 1.6496230440e+04 1.5707963268e+00 -3.3999675335e-01
2.7688771583e-05 1.6499049707e+04 1.5707963268e+00 -3.4265652918e-01
2.7904929027e-05 1.6501891554e+04 1.5707963268e+00 -3.4531539588e-01
2.8121043185e-05 1.6504755986e+04 1.5707963268e+00 -3.4797334664e-01
2.8337113746e-05 1.6507643008e+04 1.5707963268e+00 -3.5063037466e-01
2.8553140399e-05 1.6510552623e+04 1.5707963268e+00 -3.5328647313e-01
2.8769122834e-05 1.6513484837e+04 1.5707963268e+00 -3.5594163529e-01
2.8985060741e-05 1.6516439654e+04 1.5707963268e+00 -3.5859585435e-01
2.9200953811e-05 1.6519417079e+04 1.5707963268e+00 -3.6124912355e-01
2.9416801737e-05 1.6522417116e+04 1.5707963268e+00 -3.6390143614e-01
2.9632604210e-05 1.6525439770e+04 1.5707963268e+00 -3.6655278538e-01
2.9848360925e-05 1.6528485046e+04 1.5707963268e+00 -3.6920316453e-01
3.0064071574e-05 1.6531552949e+04 1.5707963268e+00 -3.7185256686e-01
3.0279735854e-05 1.6534643482e+04 1.5707963268e+00 -3.7450098566e-01
3.0495353458e-05 1.6537756651e+04 1.5707963268e+00 -3.7714841424e-01
3.0710924083e-05 1.6540892461e+04 1.5707963268e+00 -3.7979484589e-01
3.0926447426e-05 1.6544050916e+04 1.5707963268e+00 -3.8244027393e-01
3.1141923185e-05 1.6547232022e+04 1.5707963268e+00 -3.8508469170e-01
3.1357351056e-05 1.6550435782e+04 1.5707963268e+00 -3.8772809252e-01
3.1572730741e-05 1.6553662202e+04 1.5707963268e+00 -3.9037046975e-01
3.1788061937e-05 1.6556911287e+04 1.5707963268e+00 -3.9301181674e-01
3.2003344346e-05 1.6560183041e+04 1.5707963268e+00 -3.9565212687e-01
3.2218577669e-05 1.6563477470e+04 1.5707963268e+00 -3.9829139351e-01
3.2433761607e-05 1.6566794578e+04 1.5707963268e+00 -4.0092961006e-01
3.2648895863e-05 1.6570134370e+04 1.5707963268e+00 -4.0356676991e-01
3.2863980140e-05 1.6573496852e+04 1.5707963268e+00 -4.0620286649e-01
3.3079014143e-05 1.6576882027e+04 1.5707963268e+00 -4.0883789321e-01
3.3293997576e-05 1.6580289901e+04 1.5707963268e+00 -4.1147184351e-01
3.3508930146e-05 1.6583720479e+04 1.5707963268e+00 -4.1410471083e-01
3.3723811558e-05 1.6587173766e+04 1.5707963268e+00 -4.1673648864e-01
3.3938641519e-05 1.6590649767e+04 1.5707963268e+00 -4.1936717040e-01
3.4153419738e-05 1.6594148487e+04 1.5707963268e+00 -4.2199674959e-01
3.4368145923e-05 1.6597669931e+04 1.5707963268e+00 -4.2462521970e-01
3.4582819784e-05 1.6601214104e+04 1.5707963268e+00 -4.2725257424e-01
3.4797441031e-05 1.6604781010e+04 1.5707963268e+00 -4.2987880671e-01
3.5012009375e-05 1.6608370656e+04 1.5707963268e+00 -4.3250391065e-01
3.5226524528e-05 1.6611983046e+04 1.5707963268e+00 -4.3512787960e-01
3.5440986202e-05 1.6615618184e+04 1.5707963268e+00 -4.3775070709e-01
3.5655394112e-05 1.6619276078e+04 1.5707963268e+00 -4.4037238670e-01
3.5869747970e-05 1.6622956730e+04 1.5707963268e+00 -4.4299291199e-01
3.6084047492e-05 1.6626660147e+04 1.5707963268e+00 -4.4561227656e-01
3.6298292395e-05 1.6630386333e+04 1.5707963268e+00 -4.4823047399e-01
3.6512482394e-05 1.6634135294e+04 1.5707963268e+00 -4.5084749789e-01
3.6726617208e-05 1.6637907035e+04 1.5707963268e+00 -4.5346334190e-01
3.6940696554e-05 1.6641701560e+04 1.5707963268e+00 -4.5607799963e-01
3.7154720151e-05 1.6645518876e+04 1.5707963268e+00 -4.5869146474e-01
3.7368687720e-05 1.6649358987e+04 1.5707963268e+00 -4.6130373089e-01
3.7582598981e-05 1.6653221898e+04 1.5707963268e+00 -4.6391479173e-01
3.7796453656e-05 1.6657107615e+04 1.5707963268e+00 -4.6652464097e-01
3.8010251468e-05 1.6661016142e+04 1.5707963268e+00 -4.6913327228e-01
3.8223992138e-05 1.6664947485e+04 1.5707963268e+00 -4.7174067939e-01
3.8437675393e-05 1.6668901649e+04 1.5707963268e+00 -4.7434685600e-01
3.8651300956e-05 1.6672878640e+04 1.5707963268e+00 -4.7695179585e-01
3.8864868553e-05 1.6676878461e+04 1.5707963268e+00 -4.7955549270e-01
3.9078377911e-05 1.6680901120e+04 1.5707963268e+00 -4.8215794029e-01
3.9291828758e-05 1.6684946620e+04 1.5707963268e+00 -4.8475913240e-01
3.9505220822e-05 1.6689014967e+04 1.5707963268e+00 -4.8735906281e-01
3.9718553832e-05 1.6693106167e+04 1.5707963268e+00 -4.8995772532e-01
3.9931827517e-05 1.6697220223e+04 1.5707963268e+00 -4.9255511375e-01
4.0145041610e-05 1.6701357143e+04 1.5707963268e+00 -4.9515122190e-01
4.0358195842e-05 1.6705516930e+04 1.5707963268e+00 -4.9774604363e-01
4.0571289946e-05 1.6709699590e+04 1.5707963268e+00 -5.0033957278e-01
4.0784323655e-05 1.6713905128e+04 1.5707963268e+00 -5.0293180322e-01
4.0997296703e-05 1.6718133550e+04 1.5707963268e+00 -5.0552272882e-01
4.1210208826e-05 1.6722384861e+04 1.5707963268e+00 -5.0811234347e-01
4.1423059761e-05 1.6726659065e+04 1.5707963268e+00 -5.1070064107e-01
4.1635849243e-05 1.6730956169e+04 1.5707963268e+00 -5.1328761555e-01
4.1848577012e-05 1.6735276177e+04 1.5707963268e+00 -5.1587326084e-01
4.2061242806e-05 1.6739619094e+04 1.5707963268e+00 -5.1845757088e-01
4.2273846365e-05 1.6743984927e+04 1.5707963268e+00 -5.2104053962e-01
4.2486387429e-05 1.6748373679e+04 1.5707963268e+00 -5.2362216104e-01
4.2698865740e-05 1.6752785356e+04 1.5707963268e+00 -5.2620242913e-01
4.2911281041e-05 1.6757219964e+04 1.5707963268e+00 -5.2878133789e-01
4.3123633075e-05 1.6761677507e+04 1.5707963268e+00 -5.3135888133e-01
4.3335921586e-05 1.6766157991e+04 1.5707963268e+00 -5.3393505347e-01
4.3548146319e-05 1.6770661422e+04 1.5707963268e+00 -5.3650984837e-01
4.3760307021e-05 1.6775187803e+04 1.5707963268e+00 -5.3908326008e-01
4.3972403439e-05 1.6779737141e+04 1.5707963268e+00 -5.4165528266e-01
4.4184435320e-05 1.6784309440e+04 1.5707963268e+00 -5.4422591021e-01
4.4396402413e-05 1.6788904706e+04 1.5707963268e+00 -5.4679513682e-01
4.4608304469e-05 1.6793522943e+04 1.5707963268e+00 -5.4936295661e-01
4.4820141237e-05 1.6798164158e+04 1.5707963268e+00 -5.5192936370e-01
4.5031912470e-05 1.6802828355e+04 1.5707963268e+00 -5.5449435224e-01
4.5243617921e-05 1.6807515540e+04 1.5707963268e+00 -5.5705791639e-01
4.5455257341e-05 1.6812225717e+04 1.5707963268e+00 -5.5962005031e-01
4.5666830487e-05 1.6816958891e+04 1.5707963268e+00 -5.6218074819e-01
4.5878337114e-05 1.6821715069e+04 1.5707963268e+00 -5.6474000424e-01
4.6089776977e-05 1.6826494254e+04 1.5707963268e+00 -5.6729781267e-01
4.6301149834e-05 1.6831296452e+04 1.5707963268e+00 -5.6985416772e-01
4.6512455443e-05 1.6836121669e+04 1.5707963268e+00 -5.7240906362e-01
4.6723693564e-05 1.6840969908e+04 1.5707963268e+00 -5.7496249464e-01
4.6934863957e-05 1.6845841176e+04 1.5707963268e+00 -5.7751445505e-01
4.7145966382e-05 1.6850735478e+04 1.5707963268e+00 -5.8006493915e-01
4.7357000602e-05 1.6855652817e+04 1.5707963268e+00 -5.8261394124e-01
4.7567966380e-05 1.6860593201e+04 1.5707963268e+00 -5.8516145564e-01
4.7778863479e-05 1.6865556632e+04 1.5707963268e+00 -5.8770747670e-01
4.7989691665e-05 1.6870543118e+04 1.5707963268e+00 -5.9025199875e-01
4.8200450703e-05 1.6875552661e+04 1.5707963268e+00 -5.9279501618e-01
4.8411140360e-05 1.6880585269e+04 1.5707963268e+00 -5.9533652335e-01
4.8621760404e-05 1.6885640945e+04 1.5707963268e+00 -5.9787651468e-01
4.8832310604e-05 1.6890719694e+04 1.5707963268e+00 -6.0041498457e-01
4.9042790729e-05 1.6895821522e+04 1.5707963268e+00 -6.0295192745e-01
4.9253200551e-05 1.6900946433e+04 1.5707963268e+00 -6.0548733776e-01
4.9463539840e-05 1.6906094433e+04 1.5707963268e+00 -6.0802120998e-01
4.9673808370e-05 1.6911265526e+04 1.5707963268e+00 -6.1055353857e-01
4.9884005914e-05 1.6916459717e+04 1.5707963268e+00 -6.1308431802e-01
5.0094132247e-05 1.6921677011e+04 1.5707963268e+00 -6.1561354285e-01
5.0304187144e-05 1.6926917413e+04 1.5707963268e+00 -6.1814120757e-01
5.0514170382e-05 1.6932180928e+04 1.5707963268e+00 -6.2066730673e-01
5.0724081738e-05 1.6937467560e+04 1.5707963268e+00 -6.2319183489e-01
5.0933920992e-05 1.6942777315e+04 1.5707963268e+00 -6.2571478660e-01
5.1143687922e-05 1.6948110197e+04 1.5707963268e+00 -6.2823615647e-01
5.1353382309e-05 1.6953466212e+04 1.5707963268e+00 -6.3075593909e-01
5.1563003935e-05 1.6958845362e+04 1.5707963268e+00 -6.3327412909e-01
5.1772552581e-05 1.6964247655e+04 1.5707963268e+00 -6.3579072110e-01
5.1982028033e-05 1.6969673093e+04 1.5707963268e+00 -6.3830570977e-01
5.2191430073e-05 1.6975121683e+04 1.5707963268e+00 -6.4081908978e-01
5.2400758488e-05 1.6980593428e+04 1.5707963268e+00 -6.4333085580e-01
5.2610013064e-05 1.6986088333e+04 1.5707963268e+00 -6.4584100255e-01
5.2819193589e-05 1.6991606403e+04 1.5707963268e+00 -6.4834952473e-01
5.3028299851e-05 1.6997147643e+04 1.5707963268e+00 -6.5085641708e-01
5.3237331639e-05 1.7002712057e+04 1.5707963268e+00 -6.5336167435e-01
5.3446288745e-05 1.7008299650e+04 1.5707963268e+00 -6.5586529132e-01
5.3655170959e-05 1.7013910426e+04 1.5707963268e+00 -6.5836726276e-01
5.3863978074e-05 1.7019544389e+04 1.5707963268e+00 -6.6086758348e-01
5.4072709883e-05 1.7025201545e+04 1.5707963268e+00 -6.6336624829e-01
5.4281366182e-05 1.7030881898e+04 1.5707963268e+00 -6.6586325203e-01
5.4489946766e-05 1.7036585452e+04 1.5707963268e+00 -6.6835858955e-01
5.4698451431e-05 1.7042312211e+04 1.5707963268e+00 -6.7085225572e-01
5.4906879975e-05 1.7048062181e+04 1.5707963268e+00 -6.7334424543e-01
5.5115232196e-05 1.7053835365e+04 1.5707963268e+00 -6.7583455357e-01
5.5323507894e-05 1.7059631767e+04 1.5707963268e+00 -6.7832317506e-01
5.5531706870e-05 1.7065451393e+04 1.5707963268e+00 -6.8081010485e-01
5.5739828925e-05 1.7071294247e+04 1.5707963268e+00 -6.8329533789e-01
5.5947873862e-05 1.7077160332e+04 1.5707963268e+00 -6.8577886914e-01
5.6155841484e-05 1.7083049653e+04 1.5707963268e+00 -6.8826069360e-01
5.6363731597e-05 1.7088962214e+04 1.5707963268e+00 -6.9074080626e-01
5.6571544006e-05 1.7094898019e+04 1.5707963268e+00 -6.9321920216e-01
5.6779278517e-05 1.7100857073e+04 1.5707963268e+00 -6.9569587633e-01
5.6986934939e-05 1.7106839380e+04 1.5707963268e+00 -6.9817082382e-01
5.7194513080e-05 1.7112844943e+04 1.5707963268e+00 -7.0064403972e-01
5.7402012751e-05 1.7118873767e+04 1.5707963268e+00 -7.0311551912e-01
5.7609433761e-05 1.7124925856e+04 1.5707963268e+00 -7.0558525712e-01
5.7816775923e-05 1.7131001214e+04 1.5707963268e+00 -7.0805324885e-01
5.8024039049e-05 1.7137099845e+04 1.5707963268e+00 -7.1051948946e-01
5.8231222954e-05 1.7143221753e+04 1.5707963268e+00 -7.1298397410e-01
5.8438327453e-05 1.7149366941e+04 1.5707963268e+00 -7.1544669797e-01
5.8645352361e-05 1.7155535414e+04 1.5707963268e+00 -7.1790765625e-01
5.8852297495e-05 1.7161727176e+04 1.5707963268e+00 -7.2036684416e-01
5.9059162674e-05 1.7167942230e+04 1.5707963268e+00 -7.2282425693e-01
5.9265947716e-05 1.7174180580e+04 1.5707963268e+00 -7.2527988982e-01
5.9472652443e-05 1.7180442229e+04 1.5707963268e+00 -7.2773373810e-01
5.9679276673e-05 1.7186727183e+04 1.5707963268e+00 -7.3018579704e-01
5.9885820231e-05 1.7193035444e+04 1.5707963268e+00 -7.3263606196e-01
6.0092282939e-05 1.7199367015e+04 1.5707963268e+00 -7.3508452817e-01
6.0298664621e-05 1.7205721901e+04 1.5707963268e+00 -7.3753119102e-01
6.0504965102e-05 1.7212100106e+04 1.5707963268e+00 -7.3997604587e-01
6.0711184210e-05 1.7218501632e+04 1.5707963268e+00 -7.4241908809e-01
6.0917321770e-05 1.7224926483e+04 1.5707963268e+00 -7.4486031308e-01
6.1123377612e-05 1.7231374663e+04 1.5707963268e+00 -7.4729971624e-01
6.1329351565e-05 1.7237846175e+04 1.5707963268e+00 -7.4973729302e-01
6.1535243460e-05 1.7244341023e+04 1.5707963268e+00 -7.5217303886e-01
6.1741053127e-05 1.7250859209e+04 1.5707963268e+00 -7.5460694922e-01
6.1946780399e-05 1.7257400738e+04 1.5707963268e+00 -7.5703901960e-01
6.2152425110e-05 1.7263965612e+04 1.5707963268e+00 -7.5946924549e-01
6.2357987095e-05 1.7270553835e+04 1.5707963268e+00 -7.6189762242e-01
6.2563466188e-05 1.7277165410e+04 1.5707963268e+00 -7.6432414594e-01
6.2768862228e-05 1.7283800340e+04 1.5707963268e+00 -7.6674881159e-01
6.2974175050e-05 1.7290458628e+04 1.5707963268e+00 -7.6917161496e-01
6.3179404495e-05 1.7297140278e+04 1.5707963268e+00 -7.7159255164e-01
6.3384550401e-05 1.7303845292e+04 1.5707963268e+00 -7.7401161725e-01
6.3589612610e-05 1.7310573674e+04 1.5707963268e+00 -7.7642880742e-01
6.3794590963e-05 1.7317325425e+04 1.5707963268e+00 -7.7884411781e-01
6.3999485304e-05 1.7324100551e+04 1.5707963268e+00 -7.8125754407e-01
6.4204295476e-05 1.7330899052e+04 1.5707963268e+00 -7.8366908191e-01
6.4409021323e-05 1.7337720933e+04 1.5707963268e+00 -7.8607872703e-01
6.4613662693e-05 1.7344566195e+04 1.5707963268e+00 -7.8848647515e-01
6.4818219432e-05 1.7351434842e+04 1.5707963268e+00 -7.9089232202e-01
6.5022691388e-05 1.7358326877e+04 1.5707963268e+00 -7.9329626341e-01
6.5227078410e-05 1.7365242301e+04 1.5707963268e+00 -7.9569829509e-01
6.5431380349e-05 1.7372181119e+04 1.5707963268e+00 -7.9809841287e-01
6.5635597055e-05 1.7379143331e+04 1.5707963268e+00 -8.0049661257e-01
6.5839728380e-05 1.7386128941e+04 1.5707963268e+00 -8.0289289003e-01
6.6043774179e-05 1.7393137952e+04 1.5707963268e+00 -8.0528724110e-01
6.6247734304e-05 1.7400170365e+04 1.5707963268e+00 -8.0767966166e-01
6.6451608612e-05 1.7407226183e+04 1.5707963268e+00 -8.1007014761e-01
6.6655396959e-05 1.7414305409e+04 1.5707963268e+00 -8.1245869486e-01
6.6859099202e-05 1.7421408045e+04 1.5707963268e+00 -8.1484529935e-01
6.7062715199e-05 1.7428534093e+04 1.5707963268e+00 -8.1722995703e-01
6.7266244810e-05 1.7435683555e+04 1.5707963268e+00 -8.1961266387e-01
6.7469687895e-05 1.7442856433e+04 1.5707963268e+00 -8.2199341586e-01
6.7673044316e-05 1.7450052731e+04 1.5707963268e+00 -8.2437220901e-01
6.7876313936e-05 1.7457272448e+04 1.5707963268e+00 -8.2674903935e-01
6.8079496617e-05 1.7464515589e+04 1.5707963268e+00 -8.2912390293e-01
6.8282592225e-05 1.7471782155e+04 1.5707963268e+00 -8.3149679582e-01
6.8485600625e-05 1.7479072147e+04 1.5707963268e+00 -8.3386771410e-01
6.8688521683e-05 1.7486385567e+04 1.5707963268e+00 -8.3623665387e-01
6.8891355268e-05 1.7493722418e+04 1.5707963268e+00 -8.3860361127e-01
6.9094101248e-05 1.7501082701e+04 1.5707963268e+00 -8.4096858244e-01
6.9296759493e-05 1.7508466418e+04 1.5707963268e+00 -8.4333156354e-01
6.9499329873e-05 1.7515873571e+04 1.5707963268e+00 -8.4569255075e-01
6.9701812261e-05 1.7523304161e+04 1.5707963268e+00 -8.4805154028e-01
6.9904206528e-05 1.7530758190e+04 1.5707963268e+00 -8.5040852835e-01
7.0106512549e-05 1.7538235659e+04 1.5707963268e+00 -8.5276351119e-01
7.0308730200e-05 1.7545736570e+04 1.5707963268e+00 -8.5511648507e-01
7.0510859354e-05 1.7553260924e+04 1.5707963268e+00 -8.5746744627e-01
7.0712899890e-05 1.7560808723e+04 1.5707963268e+00 -8.5981639109e-01
7.0914851686e-05 1.7568379967e+04 1.5707963268e+00 -8.6216331584e-01
7.1116714620e-05 1.7575974660e+04 1.5707963268e+00 -8.6450821687e-01
7.1318488571e-05 1.7583592800e+04 1.5707963268e+00 -8.6685109052e-01
7.1520173423e-05 1.7591234390e+04 1.5707963268e+00 -8.6919193318e-01
7.1721769055e-05 1.7598899431e+04 1.5707963268e+00 -8.7153074125e-01
7.1923275351e-05 1.7606587924e+04 1.5707963268e+00 -8.7386751113e-01
7.2124692196e-05 1.7614299870e+04 1.5707963268e+00 -8.7620223927e-01
7.2326019474e-05 1.7622035269e+04 1.5707963268e+00 -8.7853492212e-01
7.2527257071e-05 1.7629794124e+04 1.5707963268e+00 -8.8086555615e-01
7.2728404874e-05 1.7637576434e+04 1.5707963268e+00 -8.8319413786e-01
7.2929462772e-05 1.7645382200e+04 1.5707963268e+00 -8.8552066376e-01
7.3130430653e-05 1.7653211423e+04 1.5707963268e+00 -8.8784513038e-01
7.3331308407e-05 1.7661064104e+04 1.5707963268e+00 -8.9016753428e-01
7.3532095926e-05 1.7668940243e+04 1.5707963268e+00 -8.9248787203e-01
7.3732793102e-05 1.7676839842e+04 1.5707963268e+00 -8.9480614023e-01
7.3933399827e-05 1.7684762899e+04 1.5707963268e+00 -8.9712233547e-01
7.4133915996e-05 1.7692709417e+04 1.5707963268e+00 -8.9943645440e-01
7.4334341504e-05 1.7700679395e+04 1.5707963268e+00 -9.0174849366e-01
7.4534676247e-05 1.7708672834e+04 1.5707963268e+00 -9.0405844993e-01
7.4734920122e-05 1.7716689733e+04 1.5707963268e+00 -9.0636631990e-01
7.4935073027e-05 1.7724730094e+04 1.5707963268e+00 -9.0867210028e-01
7.5135134862e-05 1.7732793917e+04 1.5707963268e+00 -9.1097578779e-01
7.5335105526e-05 1.7740881200e+04 1.5707963268e+00 -9.1327737918e-01
7.5534984921e-05 1.7748991945e+04 1.5707963268e+00 -9.1557687124e-01
7.5734772948e-05 1.7757126152e+04 1.5707963268e+00 -9.1787426073e-01
7.5934469511e-05 1.7765283820e+04 1.5707963268e+00 -9.2016954448e-01
7.6134074513e-05 1.7773464950e+04 1.5707963268e+00 -9.2246271931e-01
7.6333587860e-05 1.7781669540e+04 1.5707963268e+00 -9.2475378208e-01
7.6533009458e-05 1.7789897592e+04 1.5707963268e+00 -9.2704272964e-01
7.6732339214e-05 1.7798149104e+04 1.5707963268e+00 -9.2932955888e-01
7.6931577036e-05 1.7806424076e+04 1.5707963268e+00 -9.3161426672e-01
7.7130722832e-05 1.7814722508e+04 1.5707963268e+00 -9.3389685009e-01
7.7329776513e-05 1.7823044399e+04 1.5707963268e+00 -9.3617730592e-01
7.7528737990e-05 1.7831389750e+04 1.5707963268e+00 -9.3845563118e-01
7.7727607175e-05 1.7839758558e+04 1.5707963268e+00 -9.4073182287e-01
7.7926383980e-05 1.7848150824e+04 1.5707963268e+00 -9.4300587799e-01
7.8125068319e-05 1.7856566546e+04 1.5707963268e+00 -9.4527779356e-01
7.8323660108e-05 1.7865005725e+04 1.5707963268e+00 -9.4754756664e-01
7.8522159262e-05 1.7873468359e+04 1.5707963268e+00 -9.4981519428e-01
7.8720565698e-05 1.7881954447e+04 1.5707963268e+00 -9.5208067358e-01
7.8918879334e-05 1.7890463988e+04 1.5707963268e+00 -9.5434400164e-01
7.9117100088e-05 1.7898996981e+04 1.5707963268e+00 -9.5660517559e-01
7.9315227881e-05 1.7907553426e+04 1.5707963268e+00 -9.5886419256e-01
7.9513262632e-05 1.7916133320e+04 1.5707963268e+00 -9.6112104974e-01
7.9711204263e-05 1.7924736663e+04 1.5707963268e+00 -9.6337574429e-01
7.9909052698e-05 1.7933363454e+04 1.5707963268e+00 -9.6562827344e-01
8.0106807859e-05 1.7942013691e+04 1.5707963268e+00 -9.6787863439e-01
8.0304469671e-05 1.7950687372e+04 1.5707963268e+00 -9.7012682441e-01
8.0502038060e-05 1.7959384497e+04 1.5707963268e+00 -9.7237284074e-01
8.0699512951e-05 1.7968105063e+04 1.5707963268e+00 -9.7461668068e-01
8.0896894273e-05 1.7976849069e+04 1.5707963268e+00 -9.7685834153e-01
8.1094181953e-05 1.7985616513e+04 1.5707963268e+00 -9.7909782062e-01
8.1291375921e-05 1.7994407395e+04 1.5707963268e+00 -9.8133511528e-01
8.1488476107e-05 1.8003221711e+04 1.5707963268e+00 -9.8357022289e-01
8.1685482443e-05 1.8012059459e+04 1.5707963268e+00 -9.8580314082e-01
8.1882394859e-05 1.8020920639e+04 1.5707963268e+00 -9.8803386648e-01
8.2079213290e-05 1.8029805248e+04 1.5707963268e+00 -9.9026239730e-01
8.2275937668e-05 1.8038713284e+04 1.5707963268e+00 -9.9248873070e-01
8.2472567930e-05 1.8047644745e+04 1.5707963268e+00 -9.9471286417e-01
8.2669104011e-05 1.8056599628e+04 1.5707963268e+00 -9.9693479518e-01
8.2865545848e-05 1.8065577932e+04 1.5707963268e+00 -9.9915452123e-01
8.3061893377e-05 1.8074579653e+04 1.5707963268e+00 -1.0013720399e+00
8.3258146539e-05 1.8083604790e+04 1.5707963268e+00 -1.0035873486e+00
8.3454305272e-05 1.8092653341e+04 1.5707963268e+00 -1.0058004450e+00
8.3650369517e-05 1.8101725302e+04 1.5707963268e+00 -1.0080113266e+00
8.3846339216e-05 1.8110820671e+04 1.5707963268e+00 -1.0102199911e+00
8.4042214310e-05 1.8119939446e+04 1.5707963268e+00 -1.0124264361e+00
8.4237994742e-05 1.8129081623e+04 1.5707963268e+00 -1.0146306592e+00
8.4433680458e-05 1.8138247200e+04 1.5707963268e+00 -1.0168326581e+00
8.4629271402e-05 1.8147436174e+04 1.5707963268e+00 -1.0190324304e+00
8.4824767519e-05 1.8156648542e+04 1.5707963268e+00 -1.0212299739e+00
8.5020168757e-05 1.8165884302e+04 1.5707963268e+00 -1.0234252862e+00
8.5215475064e-05 1.8175143449e+04 1.5707963268e+00 -1.0256183652e+00
8.5410686388e-05 1.8184425981e+04 1.5707963268e+00 -1.0278092086e+00
8.5605802679e-05 1.8193731895e+04 1.5707963268e+00 -1.0299978141e+00
8.5800823887e-05 1.8203061187e+04 1.5707963268e+00 -1.0321841796e+00
8.5995749963e-05 1.8212413855e+04 1.5707963268e+00 -1.0343683028e+00
8.6190580861e-05 1.8221789894e+04 1.5707963268e+00 -1.0365501816e+00
8.6385316532e-05 1.8231189301e+04 1.5707963268e+00 -1.0387298139e+00
8.6579956931e-05 1.8240612073e+04 1.5707963268e+00 -1.0409071976e+00
8.6774502014e-05 1.8250058206e+04 1.5707963268e+00 -1.0430823305e+00
8.6968951734e-05 1.8259527696e+04 1.5707963268e+00 -1.0452552106e+00
8.7163306051e-05 1.8269020540e+04 1.5707963268e+00 -1.0474258357e+00
8.7357564920e-05 1.8278536733e+04 1.5707963268e+00 -1.0495942039e+00
8.7551728301e-05 1.8288076273e+04 1.5707963268e+00 -1.0517603132e+00
8.7745796152e-05 1.8297639154e+04 1.5707963268e+00 -1.0539241614e+00
8.7939768435e-05 1.8307225374e+04 1.5707963268e+00 -1.0560857467e+00
8.8133645109e-05 1.8316834927e+04 1.5707963268e+00 -1.0582450671e+00
8.8327426138e-05 1.8326467810e+04 1.5707963268e+00 -1.0604021206e+00
8.8521111483e-05 1.8336124018e+04 1.5707963268e+00 -1.0625569053e+00
8.8714701108e-05 1.8345803547e+04 1.5707963268e+00 -1.0647094193e+00
8.8908194979e-05 1.8355506393e+04 1.5707963268e+00 -1.0668596606e+00
8.9101593060e-05 1.8365232552e+04 1.5707963268e+00 -1.0690076276e+00
8.9294895317e-05 1.8374982018e+04 1.5707963268e+00 -1.0711533182e+00
8.9488101718e-05 1.8384754787e+04 1.5707963268e+00 -1.0732967306e+00
8.9681212230e-05 1.8394550855e+04 1.5707963268e+00 -1.0754378631e+00
8.9874226823e-05 1.8404370217e+04 1.5707963268e+00 -1.0775767139e+00
9.0067145466e-05 1.8414212867e+04 1.5707963268e+00 -1.0797132811e+00
9.0259968130e-05 1.8424078802e+04 1.5707963268e+00 -1.0818475630e+00
9.0452694785e-05 1.8433968016e+04 1.5707963268e+00 -1.0839795580e+00
9.0645325404e-05 1.8443880504e+04 1.5707963268e+00 -1.0861092642e+00
9.0837859960e-05 1.8453816261e+04 1.5707963268e+00 -1.0882366801e+00
9.1030298427e-05 1.8463775282e+04 1.5707963268e+00 -1.0903618038e+00
9.1222640779e-05 1.8473757562e+04 1.5707963268e+00 -1.0924846338e+00
9.1414886992e-05 1.8483763095e+04 1.5707963268e+00 -1.0946051684e+00
9.1607037043e-05 1.8493791877e+04 1.5707963268e+00 -1.0967234060e+00
9.1799090908e-05 1.8503843901e+04 1.5707963268e+00 -1.0988393451e+00
9.1991048565e-05 1.8513919162e+04 1.5707963268e+00 -1.1009529839e+00
9.2182909993e-05 1.8524017654e+04 1.5707963268e+00 -1.1030643210e+00
9.2374675172e-05 1.8534139373e+04 1.5707963268e+00 -1.1051733549e+00
9.2566344082e-05 1.8544284311e+04 1.5707963268e+00 -1.1072800839e+00
9.2757916704e-05 1.8554452464e+04 1.5707963268e+00 -1.1093845067e+00
9.2949393021e-05 1.8564643826e+04 1.5707963268e+00 -1.1114866216e+00
9.3140773015e-05 1.8574858390e+04 1.5707963268e+00 -1.1135864274e+00
9.3332056669e-05 1.8585096151e+04 1.5707963268e+00 -1.1156839224e+00
9.3523243969e-05 1.8595357102e+04 1.5707963268e+00 -1.1177791053e+00
9.3714334899e-05 1.8605641237e+04 1.5707963268e+00 -1.1198719747e+00
9.3905329445e-05 1.8615948551e+04 1.5707963268e+00 -1.1219625291e+00
9.4096227595e-05 1.8626279036e+04 1.5707963268e+00 -1.1240507673e+00
9.4287029335e-05 1.8636632687e+04 1.5707963268e+00 -1.1261366878e+00
9.4477734655e-05 1.8647009497e+04 1.5707963268e+00 -1.1282202894e+00
9.4668343542e-05 1.8657409460e+04 1.5707963268e+00 -1.1303015707e+00
9.4858855988e-05 1.8667832568e+04 1.5707963268e+00 -1.1323805304e+00
9.5049271983e-05 1.8678278816e+04 1.5707963268e+00 -1.1344571672e+00
9.5239591519e-05 1.8688748196e+04 1.5707963268e+00 -1.1365314799e+00
9.5429814587e-05 1.8699240702e+04 1.5707963268e+00 -1.1386034673e+00
9.5619941181e-05 1.8709756327e+04 1.5707963268e+00 -1.1406731281e+00
9.5809971294e-05 1.8720295064e+04 1.5707963268e+00 -1.1427404612e+00
9.5999904921e-05 1.8730856906e+04 1.5707963268e+00 -1.1448054653e+00
9.6189742058e-05 1.8741441846e+04 1.5707963268e+00 -1.1468681392e+00
9.6379482700e-05 1.8752049877e+04 1.5707963268e+00 -1.1489284820e+00
9.6569126844e-05 1.8762680991e+04 1.5707963268e+00 -1.1509864923e+00
9.6758674488e-05 1.8773335181e+04 1.5707963268e+00 -1.1530421691e+00
9.6948125631e-05 1.8784012440e+04 1.5707963268e+00 -1.1550955113e+00
9.7137480271e-05 1.8794712760e+04 1.5707963268e+00 -1.1571465179e+00
9.7326738407e-05 1.8805436135e+04 1.5707963268e+00 -1.1591951878e+00
9.7515900042e-05 1.8816182555e+04 1.5707963268e+00 -1.1612415199e+00
9.7704965175e-05 1.8826952015e+04 1.5707963268e+00 -1.1632855132e+00
9.7893933809e-05 1.8837744505e+04 1.5707963268e+00 -1.1653271668e+00
9.8082805947e-05 1.8848560018e+04 1.5707963268e+00 -1.1673664796e+00
9.8271581592e-05 1.8859398547e+04 1.5707963268e+00 -1.1694034508e+00
9.8460260749e-05 1.8870260082e+04 1.5707963268e+00 -1.1714380792e+00
9.8648843422e-05 1.8881144618e+04 1.5707963268e+00 -1.1734703642e+00
9.8837329617e-05 1.8892052144e+04 1.5707963268e+00 -1.1755003046e+00
9.9025719340e-05 1.8902982653e+04 1.5707963268e+00 -1.1775278997e+00
9.9214012599e-05 1.8913936138e+04 1.5707963268e+00 -1.1795531485e+00
9.9402209401e-05 1.8924912588e+04 1.5707963268e+00 -1.1815760502e+00
9.9590309755e-05 1.8935911997e+04 1.5707963268e+00 -1.1835966040e+00
9.9778313670e-05 1.8946934356e+04 1.5707963268e+00 -1.1856148091e+00
9.9966221156e-05 1.8957979656e+04 1.5707963268e+00 -1.1876306646e+00
1.0015403222e-04 1.8969047888e+04 1.5707963268e+00 -1.1896441698e+00
1.0034174688e-04 1.8980139044e+04 1.5707963268e+00 -1.1916553239e+00
1.0052936515e-04 1.8991253116e+04 1.5707963268e+00 -1.1936641261e+00
1.0071688703e-04 1.9002390094e+04 1.5707963268e+00 -1.1956705758e+00
1.0090431255e-04 1.9013549969e+04 1.5707963268e+00 -1.1976746723e+00
1.0109164171e-04 1.9024732733e+04 1.5707963268e+00 -1.1996764147e+00
1.0127887453e-04 1.9035938377e+04 1.5707963268e+00 -1.2016758026e+00
1.0146601102e-04 1.9047166891e+04 1.5707963268e+00 -1.2036728351e+00
1.0165305121e-04 1.9058418266e+04 1.5707963268e+00 -1.2056675117e+00
1.0183999510e-04 1.9069692494e+04 1.5707963268e+00 -1.2076598318e+00
1.0202684272e-04 1.9080989564e+04 1.5707963268e+00 -1.2096497946e+00
1.0221359408e-04 1.9092309468e+04 1.5707963268e+00 -1.2116373998e+00
1.0240024921e-04 1.9103652196e+04 1.5707963268e+00 -1.2136226466e+00
1.0258680812e-04 1.9115017738e+04 1.5707963268e+00 -1.2156055346e+00
1.0277327083e-04 1.9126406086e+04 1.5707963268e+00 -1.2175860631e+00
1.0295963736e-04 1.9137817228e+04 1.5707963268e+00 -1.2195642318e+00
1.0314590774e-04 1.9149251156e+04 1.5707963268e+00 -1.2215400400e+00
1.0333208199e-04 1.9160707860e+04 1.5707963268e+00 -1.2235134873e+00
1.0351816012e-04 1.9172187330e+04 1.5707963268e+00 -1.2254845732e+00
1.0370414217e-04 1.9183689556e+04 1.5707963268e+00 -1.2274532974e+00
1.0389002815e-04 1.9195214527e+04 1.5707963268e+00 -1.2294196593e+00
1.0407581809e-04 1.9206762235e+04 1.5707963268e+00 -1.2313836585e+00
1.0426151202e-04 1.9218332668e+04 1.5707963268e+00 -1.2333452947e+00
1.0444710997e-04 1.9229925817e+04 1.5707963268e+00 -1.2353045674e+00
1.0463261195e-04 1.9241541671e+04 1.5707963268e+00 -1.2372614763e+00
1.0481801800e-04 1.9253180220e+04 1.5707963268e+00 -1.2392160211e+00
1.0500332814e-04 1.9264841453e+04 1.5707963268e+00 -1.2411682014e+00
1.0518854241e-04 1.9276525361e+04 1.5707963268e+00 -1.2431180170e+00
1.0537366083e-04 1.9288231932e+04 1.5707963268e+00 -1.2450654674e+00
1.0555868342e-04 1.9299961155e+04 1.5707963268e+00 -1.2470105525e+00
1.0574361023e-04 1.9311713021e+04 1.5707963268e+00 -1.2489532720e+00
1.0592844129e-04 1.9323487518e+04 1.5707963268e+00 -1.2508936256e+00
1.0611317661e-04 1.9335284636e+04 1.5707963268e+00 -1.2528316131e+00
1.0629781624e-04 1.9347104363e+04 1.5707963268e+00 -1.2547672343e+00
1.0648236021e-04 1.9358946689e+04 1.5707963268e+00 -1.2567004890e+00
1.0666680856e-04 1.9370811602e+04 1.5707963268e+00 -1.2586313770e+00
1.0685116130e-04 1.9382699092e+04 1.5707963268e+00 -1.2605598981e+00
1.0703541849e-04 1.9394609147e+04 1.5707963268e+00 -1.2624860523e+00
1.0721958015e-04 1.9406541756e+04 1.5707963268e+00 -1.2644098393e+00
1.0740364633e-04 1.9418496907e+04 1.5707963268e+00 -1.2663312591e+00
1.0758761705e-04 1.9430474591e+04 1.5707963268e+00 -1.2682503116e+00
1.0777149236e-04 1.9442474793e+04 1.5707963268e+00 -1.2701669967e+00
1.0795527228e-04 1.9454497505e+04 1.5707963268e+00 -1.2720813143e+00
1.0813895687e-04 1.9466542713e+04 1.5707963268e+00 -1.2739932643e+00
1.0832254615e-04 1.9478610406e+04 1.5707963268e+00 -1.2759028468e+00
1.0850604017e-04 1.9490700572e+04 1.5707963268e+00 -1.2778100618e+00
1.0868943897e-04 1.9502813201e+04 1.5707963268e+00 -1.2797149091e+00
1.0887274258e-04 1.9514948278e+04 1.5707963268e+00 -1.2816173889e+00
1.0905595106e-04 1.9527105794e+04 1.5707963268e+00 -1.2835175012e+00
1.0923906443e-04 1.9539285735e+04 1.5707963268e+00 -1.2854152460e+00
1.0942208274e-04 1.9551488091e+04 1.5707963268e+00 -1.2873106233e+00
1.0960500603e-04 1.9563712847e+04 1.5707963268e+00 -1.2892036333e+00
1.0978783435e-04 1.9575959993e+04 1.5707963268e+00 -1.2910942761e+00
1.0997056774e-04 1.9588229517e+04 1.5707963268e+00 -1.2929825517e+00
1.1015320625e-04 1.9600521405e+04 1.5707963268e+00 -1.2948684604e+00
1.1033574991e-04 1.9612835646e+04 1.5707963268e+00 -1.2967520021e+00
1.1051819878e-04 1.9625172226e+04 1.5707963268e+00 -1.2986331772e+00
1.1070055289e-04 1.9637531134e+04 1.5707963268e+00 -1.3005119857e+00
1.1088281230e-04 1.9649912357e+04 1.5707963268e+00 -1.3023884279e+00
1.1106497705e-04 1.9662315883e+04 1.5707963268e+00 -1.3042625039e+00
1.1124704720e-04 1.9674741697e+04 1.5707963268e+00 -1.3061342140e+00
1.1142902278e-04 1.9687189789e+04 1.5707963268e+00 -1.3080035583e+00
1.1161090384e-04 1.9699660144e+04 1.5707963268e+00 -1.3098705373e+00
1.1179269044e-04 1.9712152750e+04 1.5707963268e+00 -1.3117351510e+00
1.1197438262e-04 1.9724667594e+04 1.5707963268e+00 -1.3135973999e+00
1.1215598044e-04 1.9737204663e+04 1.5707963268e+00 -1.3154572842e+00
1.1233748394e-04 1.9749763944e+04 1.5707963268e+00 -1.3173148041e+00
1.1251889317e-04 1.9762345424e+04 1.5707963268e+00 -1.3191699601e+00
1.1270020819e-04 1.9774949089e+04 1.5707963268e+00 -1.3210227524e+00
1.1288142905e-04 1.9787574926e+04 1.5707963268e+00 -1.3228731815e+00
1.1306255580e-04 1.9800222922e+04 1.5707963268e+00 -1.3247212477e+00
1.1324358849e-04 1.9812893063e+04 1.5707963268e+00 -1.3265669513e+00
1.1342452717e-04 1.9825585336e+04 1.5707963268e+00 -1.3284102928e+00
1.1360537191e-04 1.9838299727e+04 1.5707963268e+00 -1.3302512726e+00
1.1378612275e-04 1.9851036222e+04 1.5707963268e+00 -1.3320898911e+00
1.1396677975e-04 1.9863794809e+04 1.5707963268e+00 -1.3339261487e+00
1.1414734296e-04 1.9876575473e+04 1.5707963268e+00 -1.3357600460e+00
1.1432781245e-04 1.9889378200e+04 1.5707963268e+00 -1.3375915834e+00
1.1450818826e-04 1.9902202977e+04 1.5707963268e+00 -1.3394207613e+00
1.1468847045e-04 1.9915049790e+04 1.5707963268e+00 -1.3412475803e+00
1.1486865908e-04 1.9927918624e+04 1.5707963268e+00 -1.3430720409e+00
1.1504875421e-04 1.9940809465e+04 1.5707963268e+00 -1.3448941436e+00
1.1522875589e-04 1.9953722300e+04 1.5707963268e+00 -1.3467138890e+00
1.1540866419e-04 1.9966657114e+04 1.5707963268e+00 -1.3485312776e+00
1.1558847916e-04 1.9979613893e+04 1.5707963268e+00 -1.3503463099e+00
1.1576820087e-04 1.9992592623e+04 1.5707963268e+00 -1.3521589867e+00
1.1594782936e-04 2.0005593290e+04 1.5707963268e+00 -1.3539693084e+00
1.1612736471e-04 2.0018615878e+04 1.5707963268e+00 -1.3557772757e+00
1.1630680697e-04 2.0031660373e+04 1.5707963268e+00 -1.3575828893e+00
1.1648615621e-04 2.0044726762e+04 1.5707963268e+00 -1.3593861497e+00
1.1666541248e-04 2.0057815028e+04 1.5707963268e+00 -1.3611870576e+00
1.1684457585e-04 2.0070925159e+04 1.5707963268e+00 -1.3629856136e+00
1.1702364637e-04 2.0084057138e+04 1.5707963268e+00 -1.3647818186e+00
1.1720262413e-04 2.0097210951e+04 1.5707963268e+00 -1.3665756731e+00
1.1738150917e-04 2.0110386584e+04 1.5707963268e+00 -1.3683671779e+00
1.1756030155e-04 2.0123584021e+04 1.5707963268e+00 -1.3701563337e+00
1.1773900136e-04 2.0136803247e+04 1.5707963268e+00 -1.3719431412e+00
1.1791760864e-04 2.0150044248e+04 1.5707963268e+00 -1.3737276012e+00
1.1809612346e-04 2.0163307008e+04 1.5707963268e+00 -1.3755097145e+00
1.1827454590e-04 2.0176591512e+04 1.5707963268e+00 -1.3772894818e+00
1.1845287601e-04 2.0189897745e+04 1.5707963268e+00 -1.3790669038e+00
1.1863111386e-04 2.0203225692e+04 1.5707963268e+00 -1.3808419816e+00
1.1880925952e-04 2.0216575337e+04 1.5707963268e+00 -1.3826147157e+00
1.1898731306e-04 2.0229946665e+04 1.5707963268e+00 -1.3843851071e+00
1.1916527453e-04 2.0243339661e+04 1.5707963268e+00 -1.3861531567e+00
1.1934314402e-04 2.0256754309e+04 1.5707963268e+00 -1.3879188652e+00
1.1952092159e-04 2.0270190593e+04 1.5707963268e+00 -1.3896822335e+00
1.1969860730e-04 2.0283648498e+04 1.5707963268e+00 -1.3914432626e+00
1.1987620123e-04 2.0297128009e+04 1.5707963268e+00 -1.3932019532e+00
1.2005370344e-04 2.0310629109e+04 1.5707963268e+00 -1.3949583064e+00
1.2023111401e-04 2.0324151784e+04 1.5707963268e+00 -1.3967123231e+00
1.2040843301e-04 2.0337696016e+04 1.5707963268e+00 -1.3984640041e+00
1.2058566050e-04 2.0351261790e+04 1.5707963268e+00 -1.4002133504e+00
1.2076279656e-04 2.0364849090e+04 1.5707963268e+00 -1.4019603630e+00
1.2093984125e-04 2.0378457901e+04 1.5707963268e+00 -1.4037050429e+00
1.2111679466e-04 2.0392088206e+04 1.5707963268e+00 -1.4054473910e+00
1.2129365684e-04 2.0405739989e+04 1.5707963268e+00 -1.4071874083e+00
1.2147042788e-04 2.0419413233e+04 1.5707963268e+00 -1.4089250959e+00
1.2164710785e-04 2.0433107924e+04 1.5707963268e+00 -1.4106604547e+00
1.2182369682e-04 2.0446824044e+04 1.5707963268e+00 -1.4123934859e+00
1.2200019486e-04 2.0460561577e+04 1.5707963268e+00 -1.4141241903e+00
1.2217660204e-04 2.0474320506e+04 1.5707963268e+00 -1.4158525692e+00
1.2235291845e-04 2.0488100817e+04 1.5707963268e+00 -1.4175786235e+00
1.2252914415e-04 2.0501902490e+04 1.5707963268e+00 -1.4193023544e+00
1.2270527923e-04 2.0515725512e+04 1.5707963268e+00 -1.4210237629e+00
1.2288132374e-04 2.0529569864e+04 1.5707963268e+00 -1.4227428502e+00
1.2305727778e-04 2.0543435530e+04 1.5707963268e+00 -1.4244596173e+00
1.2323314142e-04 2.0557322493e+04 1.5707963268e+00 -1.4261740654e+00
1.2340891473e-04 2.0571230737e+04 1.5707963268e+00 -1.4278861956e+00
1.2358459779e-04 2.0585160245e+04 1.5707963268e+00 -1.4295960092e+00
1.2376019067e-04 2.0599111000e+04 1.5707963268e+00 -1.4313035072e+00
1.2393569346e-04 2.0613082985e+04 1.5707963268e+00 -1.4330086908e+00
1.2411110623e-04 2.0627076184e+04 1.5707963268e+00 -1.4347115612e+00
1.2428642905e-04 2.0641090578e+04 1.5707963268e+00 -1.4364121196e+00
1.2446166201e-04 2.0655126152e+04 1.5707963268e+00 -1.4381103673e+00
1.2463680519e-04 2.0669182888e+04 1.5707963268e+00 -1.4398063054e+00
1.2481185866e-04 2.0683260768e+04 1.5707963268e+00 -1.4414999351e+00
1.2498682251e-04 2.0697359777e+04 1.5707963268e+00 -1.4431912578e+00
1.2516169681e-04 2.0711479895e+04 1.5707963268e+00 -1.4448802747e+00
1.2533648164e-04 2.0725621107e+04 1.5707963268e+00 -1.4465669870e+00
1.2551117708e-04 2.0739783395e+04 1.5707963268e+00 -1.4482513961e+00
1.2568578321e-04 2.0753966741e+04 1.5707963268e+00 -1.4499335031e+00
1.2586030011e-04 2.0768171128e+04 1.5707963268e+00 -1.4516133095e+00
1.2603472787e-04 2.0782396539e+04 1.5707963268e+00 -1.4532908164e+00
1.2620906657e-04 2.0796642955e+04 1.5707963268e+00 -1.4549660254e+00
1.2638331627e-04 2.0810910360e+04 1.5707963268e+00 -1.4566389376e+00
1.2655747708e-04 2.0825198735e+04 1.5707963268e+00 -1.4583095544e+00
1.2673154907e-04 2.0839508064e+04 1.5707963268e+00 -1.4599778772e+00
1.2690553232e-04 2.0853838328e+04 1.5707963268e+00 -1.4616439073e+00
1.2707942691e-04 2.0868189509e+04 1.5707963268e+00 -1.4633076461e+00
1.2725323293e-04 2.0882561590e+04 1.5707963268e+00 -1.4649690950e+00
1.2742695046e-04 2.0896954552e+04 1.5707963268e+00 -1.4666282555e+00
1.2760057959e-04 2.0911368379e+04 1.5707963268e+00 -1.4682851288e+00
1.2777412039e-04 2.0925803051e+04 1.5707963268e+00 -1.4699397165e+00
1.2794757296e-04 2.0940258552e+04 1.5707963268e+00 -1.4715920198e+00
1.2812093737e-04 2.0954734862e+04 1.5707963268e+00 -1.4732420404e+00
1.2829421371e-04 2.0969231964e+04 1.5707963268e+00 -1.4748897796e+00
1.2846740207e-04 2.0983749839e+04 1.5707963268e+00 -1.4765352389e+00
1.2864050252e-04 2.0998288470e+04 1.5707963268e+00 -1.4781784198e+00
1.2881351517e-04 2.1012847838e+04 1.5707963268e+00 -1.4798193237e+00
1.2898644008e-04 2.1027427925e+04 1.5707963268e+00 -1.4814579521e+00
1.2915927735e-04 2.1042028713e+04 1.5707963268e+00 -1.4830943066e+00
1.2933202706e-04 2.1056650182e+04 1.5707963268e+00 -1.4847283886e+00
1.2950468930e-04 2.1071292315e+04 1.5707963268e+00 -1.4863601996e+00
1.2967726416e-04 2.1085955094e+04 1.5707963268e+00 -1.4879897412e+00
1.2984975171e-04 2.1100638499e+04 1.5707963268e+00 -1.4896170150e+00
1.3002215206e-04 2.1115342513e+04 1.5707963268e+00 -1.4912420224e+00
1.3019446528e-04 2.1130067116e+04 1.5707963268e+00 -1.4928647650e+00
1.3036669147e-04 2.1144812290e+04 1.5707963268e+00 -1.4944852444e+00
1.3053883071e-04 2.1159578017e+04 1.5707963268e+00 -1.4961034622e+00
1.3071088309e-04 2.1174364277e+04 1.5707963268e+00 -1.4977194199e+00
1.3088284869e-04 2.1189171052e+04 1.5707963268e+00 -1.4993331192e+00
1.3105472761e-04 2.1203998324e+04 1.5707963268e+00 -1.5009445616e+00
1.3122651994e-04 2.1218846072e+04 1.5707963268e+00 -1.5025537488e+00
1.3139822576e-04 2.1233714279e+04 1.5707963268e+00 -1.5041606824e+00
1.3156984516e-04 2.1248602925e+04 1.5707963268e+00 -1.5057653640e+00
1.3174137823e-04 2.1263511992e+04 1.5707963268e+00 -1.5073677952e+00
1.3191282506e-04 2.1278441460e+04 1.5707963268e+00 -1.5089679778e+00
1.3208418575e-04 2.1293391311e+04 1.5707963268e+00 -1.5105659133e+00
1.3225546037e-04 2.1308361525e+04 1.5707963268e+00 -1.5121616035e+00
1.3242664903e-04 2.1323352083e+04 1.5707963268e+00 -1.5137550500e+00
1.3259775181e-04 2.1338362966e+04 1.5707963268e+00 -1.5153462545e+00
1.3276876879e-04 2.1353394155e+04 1.5707963268e+00 -1.5169352186e+00
1.3293970008e-04 2.1368445631e+04 1.5707963268e+00 -1.5185219442e+00
1.3311054577e-04 2.1383517374e+04 1.5707963268e+00 -1.5201064329e+00
1.3328130594e-04 2.1398609365e+04 1.5707963268e+00 -1.5216886865e+00
1.3345198068e-04 2.1413721585e+04 1.5707963268e+00 -1.5232687066e+00
1.3362257009e-04 2.1428854014e+04 1.5707963268e+00 -1.5248464950e+00
1.3379307426e-04 2.1444006633e+04 1.5707963268e+00 -1.5264220534e+00
1.3396349328e-04 2.1459179423e+04 1.5707963268e+00 -1.5279953837e+00
1.3413382724e-04 2.1474372363e+04 1.5707963268e+00 -1.5295664875e+00
1.3430407624e-04 2.1489585435e+04 1.5707963268e+00 -1.5311353667e+00
1.3447424036e-04 2.1504818618e+04 1.5707963268e+00 -1.5327020229e+00
1.3464431971e-04 2.1520071894e+04 1.5707963268e+00 -1.5342664581e+00
1.3481431437e-04 2.1535345242e+04 1.5707963268e+00 -1.5358286740e+00
1.3498422443e-04 2.1550638643e+04 1.5707963268e+00 -1.5373886724e+00
1.3515404999e-04 2.1565952077e+04 1.5707963268e+00 -1.5389464552e+00
1.3532379115e-04 2.1581285525e+04 1.5707963268e+00 -1.5405020241e+00
1.3549344799e-04 2.1596638966e+04 1.5707963268e+00 -1.5420553809e+00
1.3566302061e-04 2.1612012381e+04 1.5707963268e+00 -1.5436065276e+00
1.3583250911e-04 2.1627405750e+04 1.5707963268e+00 -1.5451554659e+00
1.3600191357e-04 2.1642819053e+04 1.5707963268e+00 -1.5467021977e+00
1.3617123409e-04 2.1658252270e+04 1.5707963268e+00 -1.5482467249e+00
1.3634047077e-04 2.1673705381e+04 1.5707963268e+00 -1.5497890493e+00
1.3650962370e-04 2.1689178366e+04 1.5707963268e+00 -1.5513291728e+00
1.3667869297e-04 2.1704671206e+04 1.5707963268e+00 -1.5528670974e+00
1.3684767869e-04 2.1720183879e+04 1.5707963268e+00 -1.5544028248e+00
1.3701658093e-04 2.1735716367e+04 1.5707963268e+00 -1.5559363570e+00
1.3718539981e-04 2.1751268648e+04 1.5707963268e+00 -1.5574676959e+00
1.3735413542e-04 2.1766840703e+04 1.5707963268e+00 -1.5589968433e+00
1.3752278784e-04 2.1782432511e+04 1.5707963268e+00 -1.5605238013e+00
1.3769135718e-04 2.1798044053e+04 1.5707963268e+00 -1.5620485718e+00
1.3785984353e-04 2.1813675308e+04 1.5707963268e+00 -1.5635711566e+00
1.3802824699e-04 2.1829326256e+04 1.5707963268e+00 -1.5650915578e+00
1.3819656765e-04 2.1844996876e+04 1.5707963268e+00 -1.5666097772e+00
1.3836480561e-04 2.1860687148e+04 1.5707963268e+00 -1.5681258169e+00
1.3853296097e-04 2.1876397052e+04 1.5707963268e+00 -1.5696396788e+00
1.3870103382e-04 2.1892126567e+04 1.5707963268e+00 -1.5711513648e+00
1.3886902425e-04 2.1907875673e+04 1.5707963268e+00 -1.5726608770e+00
1.3903693237e-04 2.1923644350e+04 1.5707963268e+00 -1.5741682173e+00
1.3920475828e-04 2.1939432576e+04 1.5707963268e+00 -1.5756733877e+00
1.3937250206e-04 2.1955240332e+04 1.5707963268e+00 -1.5771763902e+00
1.3954016382e-04 2.1971067597e+04 1.5707963268e+00 -1.5786772269e+00
1.3970774365e-04 2.1986914350e+04 1.5707963268e+00 -1.5801758996e+00
1.3987524165e-04 2.2002780571e+04 1.5707963268e+00 -1.5816724106e+00
1.4004265792e-04 2.2018666239e+04 1.5707963268e+00 -1.5831667617e+00
1.4020999256e-04 2.2034571333e+04 1.5707963268e+00 -1.5846589550e+00
1.4037724565e-04 2.2050495833e+04 1.5707963268e+00 -1.5861489925e+00
1.4054441731e-04 2.2066439718e+04 1.5707963268e+00 -1.5876368763e+00
1.4071150763e-04 2.2082402967e+04 1.5707963268e+00 -1.5891226085e+00
1.4087851670e-04 2.2098385560e+04 1.5707963268e+00 -1.5906061910e+00
1.4104544462e-04 2.2114387475e+04 1.5707963268e+00 -1.5920876260e+00
1.4121229150e-04 2.2130408692e+04 1.5707963268e+00 -1.5935669156e+00
1.4137905743e-04 2.2146449190e+04 1.5707963268e+00 -1.5950440617e+00
1.4154574251e-04 2.2162508949e+04 1.5707963268e+00 -1.5965190665e+00
1.4171234683e-04 2.2178587946e+04 1.5707963268e+00 -1.5979919321e+00
1.4187887050e-04 2.2194686162e+04 1.5707963268e+00 -1.5994626605e+00
1.4204531361e-04 2.2210803575e+04 1.5707963268e+00 -1.6009312539e+00
1.4221167627e-04 2.2226940165e+04 1.5707963268e+00 -1.6023977143e+00
1.4237795857e-04 2.2243095909e+04 1.5707963268e+00 -1.6038620440e+00
1.4254416061e-04 2.2259270789e+04 1.5707963268e+00 -1.6053242449e+00
1.4271028249e-04 2.2275464781e+04 1.5707963268e+00 -1.6067843192e+00
1.4287632431e-04 2.2291677866e+04 1.5707963268e+00 -1.6082422691e+00
1.4304228617e-04 2.2307910022e+04 1.5707963268e+00 -1.6096980966e+00
1.4320816816e-04 2.2324161228e+04 1.5707963268e+00 -1.6111518040e+00
1.4337397039e-04 2.2340431462e+04 1.5707963268e+00 -1.6126033933e+00
1.4353969296e-04 2.2356720705e+04 1.5707963268e+00 -1.6140528668e+00
1.4370533597e-04 2.2373028934e+04 1.5707963268e+00 -1.6155002265e+00
1.4387089950e-04 2.2389356128e+04 1.5707963268e+00 -1.6169454746e+00
1.4403638368e-04 2.2405702266e+04 1.5707963268e+00 -1.6183886134e+00
1.4420178859e-04 2.2422067327e+04 1.5707963268e+00 -1.6198296449e+00
1.4436711433e-04 2.2438451290e+04 1.5707963268e+00 -1.6212685714e+00
1.4453236101e-04 2.2454854133e+04 1.5707963268e+00 -1.6227053950e+00
1.4469752873e-04 2.2471275834e+04 1.5707963268e+00 -1.6241401179e+00
1.4486261757e-04 2.2487716374e+04 1.5707963268e+00 -1.6255727423e+00
1.4502762766e-04 2.2504175729e+04 1.5707963268e+00 -1.6270032705e+00
1.4519255908e-04 2.2520653879e+04 1.5707963268e+00 -1.6284317045e+00
1.4535741193e-04 2.2537150803e+04 1.5707963268e+00 -1.6298580467e+00
1.4552218632e-04 2.2553666479e+04 1.5707963268e+00 -1.6312822992e+00
1.4568688234e-04 2.2570200885e+04 1.5707963268e+00 -1.6327044643e+00
1.4585150010e-04 2.2586754001e+04 1.5707963268e+00 -1.6341245442e+00
1.4601603970e-04 2.2603325804e+04 1.5707963268e+00 -1.6355425411e+00
1.4618050124e-04 2.2619916273e+04 1.5707963268e+00 -1.6369584572e+00
1.4634488481e-04 2.2636525387e+04 1.5707963268e+00 -1.6383722948e+00
1.4650919052e-04 2.2653153123e+04 1.5707963268e+00 -1.6397840561e+00
1.4667341847e-04 2.2669799462e+04 1.5707963268e+00 -1.6411937434e+00
1.4683756877e-04 2.2686464380e+04 1.5707963268e+00 -1.6426013590e+00
1.4700164150e-04 2.2703147857e+04 1.5707963268e+00 -1.6440069050e+00
1.4716563677e-04 2.2719849870e+04 1.5707963268e+00 -1.6454103837e+00
1.4732955469e-04 2.2736570399e+04 1.5707963268e+00 -1.6468117975e+00
1.4749339535e-04 2.2753309421e+04 1.5707963268e+00 -1.6482111485e+00
1.4765715886e-04 2.2770066914e+04 1.5707963268e+00 -1.6496084391e+00
1.4782084531e-04 2.2786842858e+04 1.5707963268e+00 -1.6510036715e+00
1.4798445481e-04 2.2803637231e+04 1.5707963268e+00 -1.6523968480e+00
1.4814798745e-04 2.2820450010e+04 1.5707963268e+00 -1.6537879709e+00
1.4831144335e-04 2.2837281174e+04 1.5707963268e+00 -1.6551770426e+00
1.4847482259e-04 2.2854130701e+04 1.5707963268e+00 -1.6565640652e+00
1.4863812529e-04 2.2870998570e+04 1.5707963268e+00 -1.6579490410e+00
1.4880135154e-04 2.2887884759e+04 1.5707963268e+00 -1.6593319725e+00
1.4896450144e-04 2.2904789246e+04 1.5707963268e+00 -1.6607128619e+00
1.4912757510e-04 2.2921712009e+04 1.5707963268e+00 -1.6620917115e+00
1.4929057262e-04 2.2938653026e+04 1.5707963268e+00 -1.6634685236e+00
1.4945349409e-04 2.2955612275e+04 1.5707963268e+00 -1.6648433006e+00
1.4961633963e-04 2.2972589736e+04 1.5707963268e+00 -1.6662160447e+00
1.4977910932e-04 2.2989585385e+04 1.5707963268e+00 -1.6675867584e+00
1.4994180328e-04 2.3006599201e+04 1.5707963268e+00 -1.6689554438e+00
1.5010442160e-04 2.3023631162e+04 1.5707963268e+00 -1.6703221035e+00
1.5026696439e-04 2.3040681247e+04 1.5707963268e+00 -1.6716867396e+00
1.5042943175e-04 2.3057749432e+04 1.5707963268e+00 -1.6730493546e+00
1.5059182377e-04 2.3074835697e+04 1.5707963268e+00 -1.6744099508e+00
1.5075414056e-04 2.3091940020e+04 1.5707963268e+00 -1.6757685305e+00
1.5091638223e-04 2.3109062378e+04 1.5707963268e+00 -1.6771250961e+00
1.5107854887e-04 2.3126202749e+04 1.5707963268e+00 -1.6784796499e+00
1.5124064058e-04 2.3143361112e+04 1.5707963268e+00 -1.6798321944e+00
1.5140265747e-04 2.3160537444e+04 1.5707963268e+00 -1.6811827318e+00
1.5156459964e-04 2.3177731724e+04 1.5707963268e+00 -1.6825312646e+00
1.5172646719e-04 2.3194943930e+04 1.5707963268e+00 -1.6838777951e+00
1.5188826022e-04 2.3212174039e+04 1.5707963268e+00 -1.6852223257e+00
1.5204997883e-04 2.3229422029e+04 1.5707963268e+00 -1.6865648587e+00
1.5221162313e-04 2.3246687879e+04 1.5707963268e+00 -1.6879053966e+00
1.5237319322e-04 2.3263971567e+04 1.5707963268e+00 -1.6892439417e+00
1.5253468919e-04 2.3281273069e+04 1.5707963268e+00 -1.6905804964e+00
1.5269611116e-04 2.3298592366e+04 1.5707963268e+00 -1.6919150631e+00
1.5285745922e-04 2.3315929433e+04 1.5707963268e+00 -1.6932476442e+00
1.5301873347e-04 2.3333284249e+04 1.5707963268e+00 -1.6945782421e+00
1.5317993401e-04 2.3350656792e+04 1.5707963268e+00 -1.6959068591e+00
1.5334106095e-04 2.3368047041e+04 1.5707963268e+00 -1.6972334978e+00
1.5350211440e-04 2.3385454972e+04 1.5707963268e+00 -1.6985581604e+00
1.5366309444e-04 2.3402880564e+04 1.5707963268e+00 -1.6998808494e+00
1.5382400118e-04 2.3420323794e+04 1.5707963268e+00 -1.7012015673e+00
1.5398483473e-04 2.3437784641e+04 1.5707963268e+00 -1.7025203163e+00
1.5414559518e-04 2.3455263082e+04 1.5707963268e+00 -1.7038370990e+00
1.5430628264e-04 2.3472759095e+04 1.5707963268e+00 -1.7051519178e+00
1.5446689721e-04 2.3490272658e+04 1.5707963268e+00 -1.7064647750e+00
1.5462743899e-04 2.3507803749e+04 1.5707963268e+00 -1.7077756731e+00
1.5478790808e-04 2.3525352345e+04 1.5707963268e+00 -1.7090846145e+00
1.5494830459e-04 2.3542918425e+04 1.5707963268e+00 -1.7103916017e+00
1.5510862861e-04 2.3560501966e+04 1.5707963268e+00 -1.7116966371e+00
1.5526888025e-04 2.3578102946e+04 1.5707963268e+00 -1.7129997230e+00
1.5542905960e-04 2.3595721343e+04 1.5707963268e+00 -1.7143008620e+00
1.5558916678e-04 2.3613357134e+04 1.5707963268e+00 -1.7156000565e+00
1.5574920188e-04 2.3631010298e+04 1.5707963268e+00 -1.7168973090e+00
1.5590916500e-04 2.3648680812e+04 1.5707963268e+00 -1.7181926218e+00
1.5606905625e-04 2.3666368654e+04 1.5707963268e+00 -1.7194859974e+00
1.5622887572e-04 2.3684073802e+04 1.5707963268e+00 -1.7207774382e+00
1.5638862352e-04 2.3701796234e+04 1.5707963268e+00 -1.7220669468e+00
1.5654829975e-04 2.3719535926e+04 1.5707963268e+00 -1.7233545256e+00
1.5670790451e-04 2.3737292858e+04 1.5707963268e+00 -1.7246401769e+00
1.5686743791e-04 2.3755067006e+04 1.5707963268e+00 -1.7259239033e+00
1.5702690003e-04 2.3772858348e+04 1.5707963268e+00 -1.7272057073e+00
1.5718629099e-04 2.3790666863e+04 1.5707963268e+00 -1.7284855912e+00
1.5734561089e-04 2.3808492528e+04 1.5707963268e+00 -1.7297635576e+00
1.5750485982e-04 2.3826335321e+04 1.5707963268e+00 -1.7310396089e+00
1.5766403790e-04 2.3844195219e+04 1.5707963268e+00 -1.7323137476e+00
1.5782314521e-04 2.3862072200e+04 1.5707963268e+00 -1.7335859761e+00
1.5798218186e-04 2.3879966242e+04 1.5707963268e+00 -1.7348562969e+00
1.5814114796e-04 2.3897877323e+04 1.5707963268e+00 -1.7361247126e+00
1.5830004360e-04 2.3915805420e+04 1.5707963268e+00 -1.7373912254e+00
1.5845886889e-04 2.3933750511e+04 1.5707963268e+00 -1.7386558381e+00
1.5861762392e-04 2.3951712574e+04 1.5707963268e+00 -1.7399185529e+00
1.5877630879e-04 2.3969691586e+04 1.5707963268e+00 -1.7411793724e+00
1.5893492362e-04 2.3987687526e+04 1.5707963268e+00 -1.7424382991e+00
1.5909346849e-04 2.4005700370e+04 1.5707963268e+00 -1.7436953354e+00
1.5925194351e-04 2.4023730097e+04 1.5707963268e+00 -1.7449504839e+00
1.5941034879e-04 2.4041776684e+04 1.5707963268e+00 -1.7462037470e+00
1.5956868441e-04 2.4059840110e+04 1.5707963268e+00 -1.7474551271e+00
1.5972695049e-04 2.4077920351e+04 1.5707963268e+00 -1.7487046269e+00
1.5988514712e-04 2.4096017385e+04 1.5707963268e+00 -1.7499522488e+00
1.6004327440e-04 2.4114131190e+04 1.5707963268e+00 -1.7511979952e+00
1.6020133244e-04 2.4132261745e+04 1.5707963268e+00 -1.7524418686e+00
1.6035932133e-04 2.4150409025e+04 1.5707963268e+00 -1.7536838717e+00
1.6051724117e-04 2.4168573010e+04 1.5707963268e+00 -1.7549240067e+00
1.6067509208e-04 2.4186753677e+04 1.5707963268e+00 -1.7561622763e+00
1.6083287414e-04 2.4204951004e+04 1.5707963268e+00 -1.7573986830e+00
1.6099058745e-04 2.4223164967e+04 1.5707963268e+00 -1.7586332292e+00
1.6114823213e-04 2.4241395546e+04 1.5707963268e+00 -1.7598659174e+00
1.6130580826e-04 2.4259642718e+04 1.5707963268e+00 -1.7610967502e+00
1.6146331595e-04 2.4277906459e+04 1.5707963268e+00 -1.7623257300e+00
1.6162075529e-04 2.4296186749e+04 1.5707963268e+00 -1.7635528593e+00
1.6177812640e-04 2.4314483565e+04 1.5707963268e+00 -1.7647781407e+00
1.6193542936e-04 2.4332796885e+04 1.5707963268e+00 -1.7660015766e+00
1.6209266428e-04 2.4351126685e+04 1.5707963268e+00 -1.7672231695e+00
1.6224983127e-04 2.4369472945e+04 1.5707963268e+00 -1.7684429221e+00
1.6240693040e-04 2.4387835641e+04 1.5707963268e+00 -1.7696608367e+00
1.6256396180e-04 2.4406214752e+04 1.5707963268e+00 -1.7708769158e+00
1.6272092556e-04 2.4424610254e+04 1.5707963268e+00 -1.7720911621e+00
1.6287782177e-04 2.4443022127e+04 1.5707963268e+00 -1.7733035779e+00
1.6303465054e-04 2.4461450347e+04 1.5707963268e+00 -1.7745141658e+00
1.6319141197e-04 2.4479894892e+04 1.5707963268e+00 -1.7757229284e+00
1.6334810616e-04 2.4498355741e+04 1.5707963268e+00 -1.7769298681e+00
1.6350473320e-04 2.4516832870e+04 1.5707963268e+00 -1.7781349874e+00
1.6366129320e-04 2.4535326257e+04 1.5707963268e+00 -1.7793382889e+00
1.6381778625e-04 2.4553835881e+04 1.5707963268e+00 -1.7805397750e+00
1.6397421246e-04 2.4572361719e+04 1.5707963268e+00 -1.7817394483e+00
1.6413057192e-04 2.4590903748e+04 1.5707963268e+00 -1.7829373113e+00
1.6428686474e-04 2.4609461947e+04 1.5707963268e+00 -1.7841333666e+00
1.6444309100e-04 2.4628036293e+04 1.5707963268e+00 -1.7853276165e+00
1.6459925082e-04 2.4646626764e+04 1.5707963268e+00 -1.7865200637e+00
1.6475534430e-04 2.4665233338e+04 1.5707963268e+00 -1.7877107107e+00
1.6491137152e-04 2.4683855992e+04 1.5707963268e+00 -1.7888995599e+00
1.6506733258e-04 2.4702494705e+04 1.5707963268e+00 -1.7900866139e+00
1.6522322760e-04 2.4721149454e+04 1.5707963268e+00 -1.7912718753e+00
1.6537905666e-04 2.4739820216e+04 1.5707963268e+00 -1.7924553465e+00
1.6553481987e-04 2.4758506970e+04 1.5707963268e+00 -1.7936370300e+00
1.6569051732e-04 2.4777209694e+04 1.5707963268e+00 -1.7948169285e+00
1.6584614911e-04 2.4795928365e+04 1.5707963268e+00 -1.7959950443e+00
1.6600171535e-04 2.4814662960e+04 1.5707963268e+00 -1.7971713800e+00
1.6615721612e-04 2.4833413459e+04 1.5707963268e+00 -1.7983459382e+00
1.6631265153e-04 2.4852179839e+04 1.5707963268e+00 -1.7995187213e+00
1.6646802167e-04 2.4870962076e+04 1.5707963268e+00 -1.8006897319e+00
1.6662332665e-04 2.4889760151e+04 1.5707963268e+00 -1.8018589725e+00
1.6677856656e-04 2.4908574039e+04 1.5707963268e+00 -1.8030264457e+00
1.6693374150e-04 2.4927403719e+04 1.5707963268e+00 -1.8041921538e+00
1.6708885157e-04 2.4946249170e+04 1.5707963268e+00 -1.8053560995e+00
1.6724389686e-04 2.4965110368e+04 1.5707963268e+00 -1.8065182854e+00
1.6739887748e-04 2.4983987291e+04 1.5707963268e+00 -1.8076787138e+00
1.6755379352e-04 2.5002879918e+04 1.5707963268e+00 -1.8088373873e+00
1.6770864507e-04 2.5021788227e+04 1.5707963268e+00 -1.8099943085e+00
1.6786343225e-04 2.5040712194e+04 1.5707963268e+00 -1.8111494798e+00
1.6801815513e-04 2.5059651799e+04 1.5707963268e+00 -1.8123029039e+00
1.6817281383e-04 2.5078607019e+04 1.5707963268e+00 -1.8134545831e+00
1.6832740844e-04 2.5097577832e+04 1.5707963268e+00 -1.8146045201e+00
1.6848193905e-04 2.5116564215e+04 1.5707963268e+00 -1.8157527174e+00
1.6863640577e-04 2.5135566148e+04 1.5707963268e+00 -1.8168991774e+00
1.6879080869e-04 2.5154583607e+04 1.5707963268e+00 -1.8180439027e+00
1.6894514790e-04 2.5173616571e+04 1.5707963268e+00 -1.8191868958e+00
1.6909942351e-04 2.5192665018e+04 1.5707963268e+00 -1.8203281592e+00
1.6925363560e-04 2.5211728925e+04 1.5707963268e+00 -1.8214676955e+00
1.6940778429e-04 2.5230808271e+04 1.5707963268e+00 -1.8226055072e+00
1.6956186966e-04 2.5249903033e+04 1.5707963268e+00 -1.8237415967e+00
1.6971589181e-04 2.5269013190e+04 1.5707963268e+00 -1.8248759667e+00
1.6986985084e-04 2.5288138720e+04 1.5707963268e+00 -1.8260086195e+00
1.7002374684e-04 2.5307279600e+04 1.5707963268e+00 -1.8271395579e+00
1.7017757991e-04 2.5326435809e+04 1.5707963268e+00 -1.8282687841e+00
1.7033135015e-04 2.5345607324e+04 1.5707963268e+00 -1.8293963009e+00
1.7048505765e-04 2.5364794124e+04 1.5707963268e+00 -1.8305221107e+00
1.7063870251e-04 2.5383996187e+04 1.5707963268e+00 -1.8316462159e+00
1.7079228483e-04 2.5403213490e+04 1.5707963268e+00 -1.8327686192e+00
1.7094580469e-04 2.5422446013e+04 1.5707963268e+00 -1.8338893230e+00
1.7109926220e-04 2.5441693732e+04 1.5707963268e+00 -1.8350083299e+00
1.7125265745e-04 2.5460956627e+04 1.5707963268e+00 -1.8361256423e+00
1.7140599054e-04 2.5480234674e+04 1.5707963268e+00 -1.8372412629e+00
1.7155926156e-04 2.5499527853e+04 1.5707963268e+00 -1.8383551940e+00
1.7171247061e-04 2.5518836142e+04 1.5707963268e+00 -1.8394674382e+00
1.7186561779e-04 2.5538159517e+04 1.5707963268e+00 -1.8405779980e+00
1.7201870318e-04 2.5557497959e+04 1.5707963268e+00 -1.8416868760e+00
1.7217172689e-04 2.5576851444e+04 1.5707963268e+00 -1.8427940745e+00
1.7232468900e-04 2.5596219952e+04 1.5707963268e+00 -1.8438995963e+00
1.7247758962e-04 2.5615603459e+04 1.5707963268e+00 -1.8450034436e+00
1.7263042884e-04 2.5635001945e+04 1.5707963268e+00 -1.8461056192e+00
1.7278320675e-04 2.5654415388e+04 1.5707963268e+00 -1.8472061254e+00
1.7293592345e-04 2.5673843765e+04 1.5707963268e+00 -1.8483049647e+00
1.7308857903e-04 2.5693287056e+04 1.5707963268e+00 -1.8494021398e+00
1.7324117359e-04 2.5712745238e+04 1.5707963268e+00 -1.8504976530e+00
1.7339370722e-04 2.5732218289e+04 1.5707963268e+00 -1.8515915069e+00
1.7354618002e-04 2.5751706188e+04 1.5707963268e+00 -1.8526837040e+00
1.7369859208e-04 2.5771208914e+04 1.5707963268e+00 -1.8537742467e+00
1.7385094349e-04 2.5790726444e+04 1.5707963268e+00 -1.8548631376e+00
1.7400323435e-04 2.5810258756e+04 1.5707963268e+00 -1.8559503793e+00
1.7415546475e-04 2.5829805830e+04 1.5707963268e+00 -1.8570359741e+00
1.7430763479e-04 2.5849367643e+04 1.5707963268e+00 -1.8581199246e+00
1.7445974455e-04 2.5868944173e+04 1.5707963268e+00 -1.8592022332e+00
1.7461179414e-04 2.5888535400e+04 1.5707963268e+00 -1.8602829025e+00
1.7476378365e-04 2.5908141301e+04 1.5707963268e+00 -1.8613619350e+00
1.7491571317e-04 2.5927761856e+04 1.5707963268e+00 -1.8624393331e+00
1.7506758278e-04 2.5947397041e+04 1.5707963268e+00 -1.8635150994e+00
1.7521939260e-04 2.5967046836e+04 1.5707963268e+00 -1.8645892363e+00
1.7537114270e-04 2.5986711219e+04 1.5707963268e+00 -1.8656617464e+00
1.7552283319e-04 2.6006390169e+04 1.5707963268e+00 -1.8667326320e+00
1.7567446415e-04 2.6026083664e+04 1.5707963268e+00 -1.8678018958e+00
1.7582603568e-04 2.6045791682e+04 1.5707963268e+00 -1.8688695402e+00
1.7597754788e-04 2.6065514202e+04 1.5707963268e+00 -1.8699355676e+00
1.7612900082e-04 2.6085251203e+04 1.5707963268e+00 -1.8709999806e+00
1.7628039461e-04 2.6105002663e+04 1.5707963268e+00 -1.8720627816e+00
1.7643172934e-04 2.6124768560e+04 1.5707963268e+00 -1.8731239731e+00
1.7658300510e-04 2.6144548873e+04 1.5707963268e+00 -1.8741835576e+00
1.7673422198e-04 2.6164343581e+04 1.5707963268e+00 -1.8752415376e+00
1.7688538007e-04 2.6184152663e+04 1.5707963268e+00 -1.8762979156e+00
1.7703647947e-04 2.6203976096e+04 1.5707963268e+00 -1.8773526940e+00
1.7718752027e-04 2.6223813859e+04 1.5707963268e+00 -1.8784058753e+00
1.7733850256e-04 2.6243665932e+04 1.5707963268e+00 -1.8794574619e+00
1.7748942643e-04 2.6263532292e+04 1.5707963268e+00 -1.8805074564e+00
1.7764029198e-04 2.6283412918e+04 1.5707963268e+00 -1.8815558612e+00
1.7779109928e-04 2.6303307790e+04 1.5707963268e+00 -1.8826026788e+00
1.7794184845e-04 2.6323216885e+04 1.5707963268e+00 -1.8836479117e+00
1.7809253956e-04 2.6343140183e+04 1.5707963268e+00 -1.8846915623e+00
1.7824317271e-04 2.6363077661e+04 1.5707963268e+00 -1.8857336330e+00
1.7839374799e-04 2.6383029300e+04 1.5707963268e+00 -1.8867741264e+00
1.7854426548e-04 2.6402995077e+04 1.5707963268e+00 -1.8878130449e+00
1.7869472529e-04 2.6422974972e+04 1.5707963268e+00 -1.8888503910e+00
1.7884512750e-04 2.6442968962e+04 1.5707963268e+00 -1.8898861671e+00
1.7899547220e-04 2.6462977028e+04 1.5707963268e+00 -1.8909203757e+00
1.7914575948e-04 2.6482999147e+04 1.5707963268e+00 -1.8919530192e+00
1.7929598944e-04 2.6503035299e+04 1.5707963268e+00 -1.8929841001e+00
1.7944616216e-04 2.6523085462e+04 1.5707963268e+00 -1.8940136208e+00
1.7959627773e-04 2.6543149616e+04 1.5707963268e+00 -1.8950415838e+00
1.7974633624e-04 2.6563227739e+04 1.5707963268e+00 -1.8960679915e+00
1.7989633779e-04 2.6583319810e+04 1.5707963268e+00 -1.8970928465e+00
1.8004628246e-04 2.6603425808e+04 1.5707963268e+00 -1.8981161510e+00
1.8019617034e-04 2.6623545711e+04 1.5707963268e+00 -1.8991379076e+00
1.8034600152e-04 2.6643679500e+04 1.5707963268e+00 -1.9001581188e+00
1.8049577609e-04 2.6663827153e+04 1.5707963268e+00 -1.9011767869e+00
1.8064549414e-04 2.6683988648e+04 1.5707963268e+00 -1.9021939143e+00
1.8079515577e-04 2.6704163965e+04 1.5707963268e+00 -1.9032095036e+00
1.8094476105e-04 2.6724353083e+04 1.5707963268e+00 -1.9042235572e+00
1.8109431008e-04 2.6744555981e+04 1.5707963268e+00 -1.9052360775e+00
1.8124380294e-04 2.6764772638e+04 1.5707963268e+00 -1.9062470668e+00
1.8139323973e-04 2.6785003033e+04 1.5707963268e+00 -1.9072565278e+00
1.8154262053e-04 2.6805247145e+04 1.5707963268e+00 -1.9082644627e+00
1.8169194544e-04 2.6825504953e+04 1.5707963268e+00 -1.9092708740e+00
1.8184121454e-04 2.6845776437e+04 1.5707963268e+00 -1.9102757641e+00
1.8199042791e-04 2.6866061575e+04 1.5707963268e+00 -1.9112791355e+00
1.8213958565e-04 2.6886360347e+04 1.5707963268e+00 -1.9122809906e+00
1.8228868785e-04 2.6906672732e+04 1.5707963268e+00 -1.9132813317e+00
1.8243773459e-04 2.6926998709e+04 1.5707963268e+00 -1.9142801614e+00
1.8258672597e-04 2.6947338257e+04 1.5707963268e+00 -1.9152774820e+00
1.8273566206e-04 2.6967691355e+04 1.5707963268e+00 -1.9162732959e+00
1.8288454295e-04 2.6988057983e+04 1.5707963268e+00 -1.9172676055e+00
1.8303336874e-04 2.7008438121e+04 1.5707963268e+00 -1.9182604133e+00
1.8318213952e-04 2.7028831746e+04 1.5707963268e+00 -1.9192517217e+00
1.8333085536e-04 2.7049238840e+04 1.5707963268e+00 -1.9202415330e+00
1.8347951635e-04 2.7069659380e+04 1.5707963268e+00 -1.9212298496e+00
1.8362812259e-04 2.7090093347e+04 1.5707963268e+00 -1.9222166741e+00
1.8377667416e-04 2.7110540719e+04 1.5707963268e+00 -1.9232020086e+00
1.8392517114e-04 2.7131001476e+04 1.5707963268e+00 -1.9241858558e+00
1.8407361363e-04 2.7151475598e+04 1.5707963268e+00 -1.9251682179e+00
1.8422200170e-04 2.7171963064e+04 1.5707963268e+00 -1.9261490973e+00
1.8437033546e-04 2.7192463854e+04 1.5707963268e+00 -1.9271284965e+00
1.8451861497e-04 2.7212977946e+04 1.5707963268e+00 -1.9281064178e+00
1.8466684034e-04 2.7233505320e+04 1.5707963268e+00 -1.9290828636e+00
1.8481501163e-04 2.7254045957e+04 1.5707963268e+00 -1.9300578362e+00
1.8496312895e-04 2.7274599834e+04 1.5707963268e+00 -1.9310313382e+00
1.8511119238e-04 2.7295166933e+04 1.5707963268e+00 -1.9320033718e+00
1.8525920199e-04 2.7315747232e+04 1.5707963268e+00 -1.9329739394e+00
1.8540715789e-04 2.7336340712e+04 1.5707963268e+00 -1.9339430434e+00
1.8555506015e-04 2.7356947350e+04 1.5707963268e+00 -1.9349106862e+00
1.8570290885e-04 2.7377567129e+04 1.5707963268e+00 -1.9358768702e+00
1.8585070409e-04 2.7398200026e+04 1.5707963268e+00 -1.9368415977e+00
1.8599844595e-04 2.7418846022e+04 1.5707963268e+00 -1.9378048710e+00
1.8614613452e-04 2.7439505096e+04 1.5707963268e+00 -1.9387666926e+00
1.8629376987e-04 2.7460177228e+04 1.5707963268e+00 -1.9397270648e+00
1.8644135210e-04 2.7480862398e+04 1.5707963268e+00 -1.9406859900e+00
1.8658888128e-04 2.7501560585e+04 1.5707963268e+00 -1.9416434705e+00
1.8673635751e-04 2.7522271770e+04 1.5707963268e+00 -1.9425995086e+00
1.8688378087e-04 2.7542995932e+04 1.5707963268e+00 -1.9435541068e+00
1.8703115143e-04 2.7563733050e+04 1.5707963268e+00 -1.9445072674e+00
1.8717846930e-04 2.7584483106e+04 1.5707963268e+00 -1.9454589927e+00
1.8732573454e-04 2.7605246077e+04 1.5707963268e+00 -1.9464092851e+00
1.8747294725e-04 2.7626021946e+04 1.5707963268e+00 -1.9473581469e+00
1.8762010750e-04 2.7646810690e+04 1.5707963268e+00 -1.9483055805e+00
1.8776721539e-04 2.7667612291e+04 1.5707963268e+00 -1.9492515882e+00
1.8791427099e-04 2.7688426728e+04 1.5707963268e+00 -1.9501961723e+00
1.8806127439e-04 2.7709253981e+04 1.5707963268e+00 -1.9511393352e+00
1.8820822568e-04 2.7730094030e+04 1.5707963268e+00 -1.9520810792e+00
1.8835512493e-04 2.7750946856e+04 1.5707963268e+00 -1.9530214066e+00
1.8850197222e-04 2.7771812437e+04 1.5707963268e+00 -1.9539603198e+00
1.8864876765e-04 2.7792690755e+04 1.5707963268e+00 -1.9548978210e+00
1.8879551129e-04 2.7813581788e+04 1.5707963268e+00 -1.9558339127e+00
1.8894220323e-04 2.7834485518e+04 1.5707963268e+00 -1.9567685971e+00
1.8908884355e-04 2.7855401925e+04 1.5707963268e+00 -1.9577018766e+00
1.8923543233e-04 2.7876330988e+04 1.5707963268e+00 -1.9586337534e+00
1.8938196966e-04 2.7897272687e+04 1.5707963268e+00 -1.9595642299e+00
1.8952845561e-04 2.7918227004e+04 1.5707963268e+00 -1.9604933084e+00
1.8967489027e-04 2.7939193918e+04 1.5707963268e+00 -1.9614209912e+00
1.8982127373e-04 2.7960173408e+04 1.5707963268e+00 -1.9623472805e+00
1.8996760605e-04 2.7981165457e+04 1.5707963268e+00 -1.9632721788e+00
1.9011388733e-04 2.8002170043e+04 1.5707963268e+00 -1.9641956883e+00
1.9026011765e-04 2.8023187147e+04 1.5707963268e+00 -1.9651178113e+00
1.9040629709e-04 2.8044216749e+04 1.5707963268e+00 -1.9660385500e+00
1.9055242572e-04 2.8065258830e+04 1.5707963268e+00 -1.9669579069e+00
1.9069850364e-04 2.8086313370e+04 1.5707963268e+00 -1.9678758841e+00
1.9084453091e-04 2.8107380350e+04 1.5707963268e+00 -1.9687924840e+00
1.9099050763e-04 2.8128459749e+04 1.5707963268e+00 -1.9697077089e+00
1.9113643388e-04 2.8149551548e+04 1.5707963268e+00 -1.9706215610e+00
1.9128230973e-04 2.8170655728e+04 1.5707963268e+00 -1.9715340426e+00
1.9142813526e-04 2.8191772269e+04 1.5707963268e+00 -1.9724451560e+00
1.9157391056e-04 2.8212901151e+04 1.5707963268e+00 -1.9733549035e+00
1.9171963571e-04 2.8234042356e+04 1.5707963268e+00 -1.9742632874e+00
1.9186531078e-04 2.8255195863e+04 1.5707963268e+00 -1.9751703098e+00
1.9201093586e-04 2.8276361653e+04 1.5707963268e+00 -1.9760759731e+00
1.9215651103e-04 2.8297539706e+04 1.5707963268e+00 -1.9769802796e+00
1.9230203637e-04 2.8318730004e+04 1.5707963268e+00 -1.9778832315e+00
1.9244751195e-04 2.8339932527e+04 1.5707963268e+00 -1.9787848310e+00
1.9259293786e-04 2.8361147255e+04 1.5707963268e+00 -1.9796850805e+00
1.9273831418e-04 2.8382374170e+04 1.5707963268e+00 -1.9805839821e+00
1.9288364098e-04 2.8403613251e+04 1.5707963268e+00 -1.9814815382e+00
1.9302891834e-04 2.8424864480e+04 1.5707963268e+00 -1.9823777510e+00
1.9317414636e-04 2.8446127837e+04 1.5707963268e+00 -1.9832726227e+00
1.9331932509e-04 2.8467403302e+04 1.5707963268e+00 -1.9841661556e+00
1.9346445463e-04 2.8488690858e+04 1.5707963268e+00 -1.9850583519e+00
1.9360953505e-04 2.8509990485e+04 1.5707963268e+00 -1.9859492138e+00
1.9375456643e-04 2.8531302162e+04 1.5707963268e+00 -1.9868387436e+00
1.9389954884e-04 2.8552625872e+04 1.5707963268e+00 -1.9877269436e+00
1.9404448238e-04 2.8573961595e+04 1.5707963268e+00 -1.9886138159e+00
1.9418936711e-04 2.8595309312e+04 1.5707963268e+00 -1.9894993628e+00
1.9433420312e-04 2.8616669004e+04 1.5707963268e+00 -1.9903835865e+00
1.9447899048e-04 2.8638040651e+04 1.5707963268e+00 -1.9912664892e+00
1.9462372926e-04 2.8659424235e+04 1.5707963268e+00 -1.9921480732e+00
1.9476841956e-04 2.8680819737e+04 1.5707963268e+00 -1.9930283407e+00
1.9491306144e-04 2.8702227138e+04 1.5707963268e+00 -1.9939072938e+00
1.9505765499e-04 2.8723646419e+04 1.5707963268e+00 -1.9947849349e+00
1.9520220028e-04 2.8745077560e+04 1.5707963268e+00 -1.9956612660e+00
1.9534669738e-04 2.8766520543e+04 1.5707963268e+00 -1.9965362895e+00
1.9549114638e-04 2.8787975349e+04 1.5707963268e+00 -1.9974100075e+00
1.9563554736e-04 2.8809441959e+04 1.5707963268e+00 -1.9982824222e+00
1.9577990038e-04 2.8830920355e+04 1.5707963268e+00 -1.9991535358e+00
1.9592420553e-04 2.8852410516e+04 1.5707963268e+00 -2.0000233505e+00
1.9606846289e-04 2.8873912426e+04 1.5707963268e+00 -2.0008918685e+00
1.9621267253e-04 2.8895426064e+04 1.5707963268e+00 -2.0017590920e+00
1.9635683452e-04 2.8916951412e+04 1.5707963268e+00 -2.0026250232e+00
1.9650094895e-04 2.8938488451e+04 1.5707963268e+00 -2.0034896643e+00
1.9664501589e-04 2.8960037163e+04 1.5707963268e+00 -2.0043530174e+00
1.9678903541e-04 2.8981597529e+04 1.5707963268e+00 -2.0052150848e+00
1.9693300760e-04 2.9003169530e+04 1.5707963268e+00 -2.0060758685e+00
1.9707693252e-04 2.9024753147e+04 1.5707963268e+00 -2.0069353708e+00
1.9722081026e-04 2.9046348363e+04 1.5707963268e+00 -2.0077935939e+00
1.9736464089e-04 2.9067955157e+04 1.5707963268e+00 -2.0086505399e+00
1.9750842448e-04 2.9089573513e+04 1.5707963268e+00 -2.0095062110e+00
1.9765216111e-04 2.9111203410e+04 1.5707963268e+00 -2.0103606093e+00
1.9779585086e-04 2.9132844831e+04 1.5707963268e+00 -2.0112137370e+00
1.9793949381e-04 2.9154497757e+04 1.5707963268e+00 -2.0120655963e+00
1.9808309001e-04 2.9176162170e+04 1.5707963268e+00 -2.0129161893e+00
1.9822663956e-04 2.9197838052e+04 1.5707963268e+00 -2.0137655182e+00
1.9837014253e-04 2.9219525382e+04 1.5707963268e+00 -2.0146135851e+00
1.9851359899e-04 2.9241224145e+04 1.5707963268e+00 -2.0154603921e+00
1.9865700901e-04 2.9262934320e+04 1.5707963268e+00 -2.0163059415e+00
1.9880037267e-04 2.9284655889e+04 1.5707963268e+00 -2.0171502352e+00
1.9894369005e-04 2.9306388835e+04 1.5707963268e+00 -2.0179932756e+00
1.9908696122e-04 2.9328133139e+04 1.5707963268e+00 -2.0188350647e+00
1.9923018625e-04 2.9349888783e+04 1.5707963268e+00 -2.0196756046e+00
1.9937336522e-04 2.9371655748e+04 1.5707963268e+00 -2.0205148975e+00
1.9951649820e-04 2.9393434016e+04 1.5707963268e+00 -2.0213529455e+00
1.9965958526e-04 2.9415223569e+04 1.5707963268e+00 -2.0221897507e+00
1.9980262649e-04 2.9437024389e+04 1.5707963268e+00 -2.0230253153e+00
1.9994562194e-04 2.9458836457e+04 1.5707963268e+00 -2.0238596413e+00
2.0008857170e-04 2.9480659755e+04 1.5707963268e+00 -2.0246927309e+00
2.0023147584e-04 2.9502494266e+04 1.5707963268e+00 -2.0255245861e+00
2.0037433443e-04 2.9524339971e+04 1.5707963268e+00 -2.0263552092e+00
2.0051714755e-04 2.9546196852e+04 1.5707963268e+00 -2.0271846022e+00
2.0065991526e-04 2.9568064892e+04 1.5707963268e+00 -2.0280127671e+00
2.0080263764e-04 2.9589944071e+04 1.5707963268e+00 -2.0288397062e+00
2.0094531477e-04 2.9611834372e+04 1.5707963268e+00 -2.0296654214e+00
2.0108794672e-04 2.9633735777e+04 1.5707963268e+00 -2.0304899150e+00
2.0123053355e-04 2.9655648269e+04 1.5707963268e+00 -2.0313131889e+00
2.0137307535e-04 2.9677571828e+04 1.5707963268e+00 -2.0321352453e+00
2.0151557217e-04 2.9699506438e+04 1.5707963268e+00 -2.0329560863e+00
2.0165802410e-04 2.9721452080e+04 1.5707963268e+00 -2.0337757139e+00
2.0180043121e-04 2.9743408737e+04 1.5707963268e+00 -2.0345941302e+00
2.0194279357e-04 2.9765376390e+04 1.5707963268e+00 -2.0354113373e+00
2.0208511125e-04 2.9787355022e+04 1.5707963268e+00 -2.0362273372e+00
2.0222738433e-04 2.9809344615e+04 1.5707963268e+00 -2.0370421321e+00
2.0236961286e-04 2.9831345152e+04 1.5707963268e+00 -2.0378557241e+00
2.0251179693e-04 2.9853356614e+04 1.5707963268e+00 -2.0386681150e+00
2.0265393661e-04 2.9875378984e+04 1.5707963268e+00 -2.0394793072e+00
2.0279603197e-04 2.9897412244e+04 1.5707963268e+00 -2.0402893025e+00
2.0293808307e-04 2.9919456377e+04 1.5707963268e+00 -2.0410981030e+00
2.0308009000e-04 2.9941511365e+04 1.5707963268e+00 -2.0419057109e+00
2.0322205281e-04 2.9963577190e+04 1.5707963268e+00 -2.0427121281e+00
2.0336397159e-04 2.9985653834e+04 1.5707963268e+00 -2.0435173567e+00
2.0350584640e-04 3.0007741281e+04 1.5707963268e+00 -2.0443213987e+00
2.0364767731e-04 3.0029839512e+04 1.5707963268e+00 -2.0451242563e+00
2.0378946439e-04 3.0051948510e+04 1.5707963268e+00 -2.0459259313e+00
2.0393120772e-04 3.0074068258e+04 1.5707963268e+00 -2.0467264259e+00
2.0407290735e-04 3.0096198738e+04 1.5707963268e+00 -2.0475257421e+00
2.0421456337e-04 3.0118339933e+04 1.5707963268e+00 -2.0483238820e+00
2.0435617585e-04 3.0140491825e+04 1.5707963268e+00 -2.0491208475e+00
2.0449774484e-04 3.0162654397e+04 1.5707963268e+00 -2.0499166406e+00
2.0463927043e-04 3.0184827631e+04 1.5707963268e+00 -2.0507112634e+00
2.0478075268e-04 3.0207011510e+04 1.5707963268e+00 -2.0515047180e+00
2.0492219166e-04 3.0229206017e+04 1.5707963268e+00 -2.0522970063e+00
2.0506358744e-04 3.0251411135e+04 1.5707963268e+00 -2.0530881303e+00
2.0520494009e-04 3.0273626846e+04 1.5707963268e+00 -2.0538780920e+00
2.0534624968e-04 3.0295853133e+04 1.5707963268e+00 -2.0546668935e+00
2.0548751627e-04 3.0318089979e+04 1.5707963268e+00 -2.0554545368e+00
2.0562873994e-04 3.0340337366e+04 1.5707963268e+00 -2.0562410238e+00
2.0576992076e-04 3.0362595278e+04 1.5707963268e+00 -2.0570263566e+00
2.0591105879e-04 3.0384863697e+04 1.5707963268e+00 -2.0578105371e+00
2.0605215410e-04 3.0407142606e+04 1.5707963268e+00 -2.0585935674e+00
2.0619320675e-04 3.0429431988e+04 1.5707963268e+00 -2.0593754494e+00
2.0633421683e-04 3.0451731826e+04 1.5707963268e+00 -2.0601561851e+00
2.0647518440e-04 3.0474042103e+04 1.5707963268e+00 -2.0609357765e+00
2.0661610951e-04 3.0496362802e+04 1.5707963268e+00 -2.0617142256e+00
2.0675699225e-04 3.0518693906e+04 1.5707963268e+00 -2.0624915343e+00
2.0689783268e-04 3.0541035398e+04 1.5707963268e+00 -2.0632677046e+00
2.0703863087e-04 3.0563387261e+04 1.5707963268e+00 -2.0640427386e+00
2.0717938688e-04 3.0585749477e+04 1.5707963268e+00 -2.0648166381e+00
2.0732010078e-04 3.0608122031e+04 1.5707963268e+00 -2.0655894051e+00
2.0746077264e-04 3.0630504905e+04 1.5707963268e+00 -2.0663610416e+00
2.0760140253e-04 3.0652898083e+04 1.5707963268e+00 -2.0671315496e+00
2.0774199052e-04 3.0675301547e+04 1.5707963268e+00 -2.0679009309e+00
2.0788253666e-04 3.0697715281e+04 1.5707963268e+00 -2.0686691877e+00
2.0802304103e-04 3.0720139268e+04 1.5707963268e+00 -2.0694363217e+00
2.0816350370e-04 3.0742573491e+04 1.5707963268e+00 -2.0702023350e+00
2.0830392472e-04 3.0765017933e+04 1.5707963268e+00 -2.0709672294e+00
2.0844430417e-04 3.0787472579e+04 1.5707963268e+00 -2.0717310070e+00
2.0858464212e-04 3.0809937410e+04 1.5707963268e+00 -2.0724936697e+00
2.0872493862e-04 3.0832412411e+04 1.5707963268e+00 -2.0732552194e+00
2.0886519375e-04 3.0854897565e+04 1.5707963268e+00 -2.0740156581e+00
2.0900540758e-04 3.0877392855e+04 1.5707963268e+00 -2.0747749876e+00
2.0914558016e-04 3.0899898265e+04 1.5707963268e+00 -2.0755332099e+00
2.0928571156e-04 3.0922413777e+04 1.5707963268e+00 -2.0762903269e+00
2.0942580185e-04 3.0944939376e+04 1.5707963268e+00 -2.0770463405e+00
2.0956585110e-04 3.0967475046e+04 1.5707963268e+00 -2.0778012528e+00
2.0970585937e-04 3.0990020769e+04 1.5707963268e+00 -2.0785550654e+00
2.0984582672e-04 3.1012576528e+04 1.5707963268e+00 -2.0793077805e+00
2.0998575322e-04 3.1035142309e+04 1.5707963268e+00 -2.0800593999e+00
2.1012563894e-04 3.1057718094e+04 1.5707963268e+00 -2.0808099254e+00
2.1026548394e-04 3.1080303866e+04 1.5707963268e+00 -2.0815593590e+00
2.1040528828e-04 3.1102899611e+04 1.5707963268e+00 -2.0823077027e+00
2.1054505204e-04 3.1125505310e+04 1.5707963268e+00 -2.0830549582e+00
2.1068477527e-04 3.1148120948e+04 1.5707963268e+00 -2.0838011275e+00
2.1082445803e-04 3.1170746509e+04 1.5707963268e+00 -2.0845462125e+00
2.1096410041e-04 3.1193381976e+04 1.5707963268e+00 -2.0852902151e+00
2.1110370245e-04 3.1216027333e+04 1.5707963268e+00 -2.0860331370e+00
2.1124326422e-04 3.1238682564e+04 1.5707963268e+00 -2.0867749804e+00
2.1138278579e-04 3.1261347652e+04 1.5707963268e+00 -2.0875157469e+00
2.1152226721e-04 3.1284022583e+04 1.5707963268e+00 -2.0882554385e+00
2.1166170857e-04 3.1306707338e+04 1.5707963268e+00 -2.0889940570e+00
2.1180110991e-04 3.1329401903e+04 1.5707963268e+00 -2.0897316044e+00
2.1194047130e-04 3.1352106260e+04 1.5707963268e+00 -2.0904680825e+00
2.1207979280e-04 3.1374820395e+04 1.5707963268e+00 -2.0912034931e+00
2.1221907449e-04 3.1397544291e+04 1.5707963268e+00 -2.0919378381e+00
2.1235831641e-04 3.1420277932e+04 1.5707963268e+00 -2.0926711194e+00
2.1249751864e-04 3.1443021302e+04 1.5707963268e+00 -2.0934033389e+00
2.1263668124e-04 3.1465774385e+04 1.5707963268e+00 -2.0941344983e+00
2.1277580427e-04 3.1488537165e+04 1.5707963268e+00 -2.0948645995e+00
2.1291488779e-04 3.1511309626e+04 1.5707963268e+00 -2.0955936444e+00
2.1305393187e-04 3.1534091753e+04 1.5707963268e+00 -2.0963216348e+00
2.1319293657e-04 3.1556883528e+04 1.5707963268e+00 -2.0970485725e+00
2.1333190195e-04 3.1579684938e+04 1.5707963268e+00 -2.0977744595e+00
2.1347082807e-04 3.1602495965e+04 1.5707963268e+00 -2.0984992974e+00
2.1360971500e-04 3.1625316594e+04 1.5707963268e+00 -2.0992230882e+00
2.1374856279e-04 3.1648146810e+04 1.5707963268e+00 -2.0999458337e+00
2.1388737152e-04 3.1670986596e+04 1.5707963268e+00 -2.1006675357e+00
2.1402614124e-04 3.1693835936e+04 1.5707963268e+00 -2.1013881961e+00
2.1416487201e-04 3.1716694815e+04 1.5707963268e+00 -2.1021078165e+00
2.1430356390e-04 3.1739563218e+04 1.5707963268e+00 -2.1028263990e+00
2.1444221696e-04 3.1762441129e+04 1.5707963268e+00 -2.1035439452e+00
2.1458083127e-04 3.1785328531e+04 1.5707963268e+00 -2.1042604570e+00
2.1471940687e-04 3.1808225410e+04 1.5707963268e+00 -2.1049759362e+00
2.1485794383e-04 3.1831131750e+04 1.5707963268e+00 -2.1056903845e+00
2.1499644222e-04 3.1854047535e+04 1.5707963268e+00 -2.1064038039e+00
2.1513490209e-04 3.1876972750e+04 1.5707963268e+00 -2.1071161961e+00
2.1527332351e-04 3.1899907379e+04 1.5707963268e+00 -2.1078275628e+00
2.1541170653e-04 3.1922851407e+04 1.5707963268e+00 -2.1085379060e+00
2.1555005122e-04 3.1945804818e+04 1.5707963268e+00 -2.1092472273e+00
2.1568835764e-04 3.1968767598e+04 1.5707963268e+00 -2.1099555285e+00
2.1582662584e-04 3.1991739729e+04 1.5707963268e+00 -2.1106628115e+00
2.1596485589e-04 3.2014721198e+04 1.5707963268e+00 -2.1113690781e+00
2.1610304785e-04 3.2037711989e+04 1.5707963268e+00 -2.1120743299e+00
2.1624120178e-04 3.2060712086e+04 1.5707963268e+00 -2.1127785688e+00
2.1637931773e-04 3.2083721474e+04 1.5707963268e+00 -2.1134817965e+00
2.1651739577e-04 3.2106740137e+04 1.5707963268e+00 -2.1141840149e+00
2.1665543597e-04 3.2129768062e+04 1.5707963268e+00 -2.1148852256e+00
2.1679343837e-04 3.2152805231e+04 1.5707963268e+00 -2.1155854305e+00
2.1693140303e-04 3.2175851631e+04 1.5707963268e+00 -2.1162846312e+00
2.1706933003e-04 3.2198907246e+04 1.5707963268e+00 -2.1169828297e+00
2.1720721941e-04 3.2221972060e+04 1.5707963268e+00 -2.1176800275e+00
2.1734507124e-04 3.2245046059e+04 1.5707963268e+00 -2.1183762265e+00
2.1748288557e-04 3.2268129228e+04 1.5707963268e+00 -2.1190714284e+00
2.1762066247e-04 3.2291221550e+04 1.5707963268e+00 -2.1197656350e+00
2.1775840199e-04 3.2314323013e+04 1.5707963268e+00 -2.1204588480e+00
2.1789610419e-04 3.2337433599e+04 1.5707963268e+00 -2.1211510691e+00
2.1803376914e-04 3.2360553295e+04 1.5707963268e+00 -2.1218423000e+00
2.1817139688e-04 3.2383682084e+04 1.5707963268e+00 -2.1225325426e+00
2.1830898748e-04 3.2406819954e+04 1.5707963268e+00 -2.1232217985e+00
2.1844654100e-04 3.2429966887e+04 1.5707963268e+00 -2.1239100695e+00
2.1858405750e-04 3.2453122870e+04 1.5707963268e+00 -2.1245973573e+00
2.1872153703e-04 3.2476287887e+04 1.5707963268e+00 -2.1252836636e+00
2.1885897965e-04 3.2499461924e+04 1.5707963268e+00 -2.1259689901e+00
2.1899638542e-04 3.2522644966e+04 1.5707963268e+00 -2.1266533386e+00
2.1913375439e-04 3.2545836997e+04 1.5707963268e+00 -2.1273367107e+00
2.1927108664e-04 3.2569038004e+04 1.5707963268e+00 -2.1280191082e+00
2.1940838220e-04 3.2592247971e+04 1.5707963268e+00 -2.1287005328e+00
2.1954564115e-04 3.2615466883e+04 1.5707963268e+00 -2.1293809861e+00
2.1968286354e-04 3.2638694727e+04 1.5707963268e+00 -2.1300604699e+00
2.1982004942e-04 3.2661931486e+04 1.5707963268e+00 -2.1307389859e+00
2.1995719885e-04 3.2685177147e+04 1.5707963268e+00 -2.1314165358e+00
2.2009431190e-04 3.2708431695e+04 1.5707963268e+00 -2.1320931213e+00
2.2023138862e-04 3.2731695114e+04 1.5707963268e+00 -2.1327687440e+00
2.2036842905e-04 3.2754967392e+04 1.5707963268e+00 -2.1334434057e+00
2.2050543327e-04 3.2778248512e+04 1.5707963268e+00 -2.1341171079e+00
2.2064240133e-04 3.2801538460e+04 1.5707963268e+00 -2.1347898525e+00
2.2077933329e-04 3.2824837223e+04 1.5707963268e+00 -2.1354616411e+00
2.2091622919e-04 3.2848144784e+04 1.5707963268e+00 -2.1361324754e+00
2.2105308911e-04 3.2871461131e+04 1.5707963268e+00 -2.1368023570e+00
2.2118991309e-04 3.2894786248e+04 1.5707963268e+00 -2.1374712876e+00
2.2132670119e-04 3.2918120120e+04 1.5707963268e+00 -2.1381392688e+00
2.2146345346e-04 3.2941462734e+04 1.5707963268e+00 -2.1388063024e+00
2.2160016997e-04 3.2964814075e+04 1.5707963268e+00 -2.1394723900e+00
2.2173685077e-04 3.2988174129e+04 1.5707963268e+00 -2.1401375333e+00
2.2187349592e-04 3.3011542881e+04 1.5707963268e+00 -2.1408017339e+00
2.2201010547e-04 3.3034920317e+04 1.5707963268e+00 -2.1414649934e+00
2.2214667947e-04 3.3058306422e+04 1.5707963268e+00 -2.1421273135e+00
2.2228321798e-04 3.3081701183e+04 1.5707963268e+00 -2.1427886959e+00
2.2241972107e-04 3.3105104585e+04 1.5707963268e+00 -2.1434491423e+00
2.2255618877e-04 3.3128516614e+04 1.5707963268e+00 -2.1441086541e+00
2.2269262116e-04 3.3151937255e+04 1.5707963268e+00 -2.1447672331e+00
2.2282901828e-04 3.3175366495e+04 1.5707963268e+00 -2.1454248810e+00
2.2296538018e-04 3.3198804319e+04 1.5707963268e+00 -2.1460815993e+00
2.2310170693e-04 3.3222250714e+04 1.5707963268e+00 -2.1467373897e+00
2.2323799858e-04 3.3245705664e+04 1.5707963268e+00 -2.1473922538e+00
2.2337425519e-04 3.3269169156e+04 1.5707963268e+00 -2.1480461932e+00
2.2351047680e-04 3.3292641176e+04 1.5707963268e+00 -2.1486992096e+00
2.2364666347e-04 3.3316121710e+04 1.5707963268e+00 -2.1493513045e+00
2.2378281526e-04 3.3339610744e+04 1.5707963268e+00 -2.1500024796e+00
2.2391893222e-04 3.3363108263e+04 1.5707963268e+00 -2.1506527365e+00
2.2405501441e-04 3.3386614254e+04 1.5707963268e+00 -2.1513020769e+00
2.2419106188e-04 3.3410128703e+04 1.5707963268e+00 -2.1519505022e+00
2.2432707468e-04 3.3433651596e+04 1.5707963268e+00 -2.1525980142e+00
2.2446305287e-04 3.3457182919e+04 1.5707963268e+00 -2.1532446144e+00
2.2459899650e-04 3.3480722658e+04 1.5707963268e+00 -2.1538903044e+00
2.2473490563e-04 3.3504270799e+04 1.5707963268e+00 -2.1545350858e+00
2.2487078030e-04 3.3527827328e+04 1.5707963268e+00 -2.1551789602e+00
2.2500662058e-04 3.3551392232e+04 1.5707963268e+00 -2.1558219292e+00
2.2514242652e-04 3.3574965496e+04 1.5707963268e+00 -2.1564639944e+00
2.2527819817e-04 3.3598547108e+04 1.5707963268e+00 -2.1571051574e+00
2.2541393558e-04 3.3622137053e+04 1.5707963268e+00 -2.1577454197e+00
2.2554963880e-04 3.3645735317e+04 1.5707963268e+00 -2.1583847829e+00
2.2568530790e-04 3.3669341887e+04 1.5707963268e+00 -2.1590232487e+00
2.2582094291e-04 3.3692956749e+04 1.5707963268e+00 -2.1596608185e+00
2.2595654391e-04 3.3716579890e+04 1.5707963268e+00 -2.1602974940e+00
2.2609211093e-04 3.3740211295e+04 1.5707963268e+00 -2.1609332767e+00
2.2622764403e-04 3.3763850952e+04 1.5707963268e+00 -2.1615681681e+00
2.2636314327e-04 3.3787498846e+04 1.5707963268e+00 -2.1622021700e+00
2.2649860869e-04 3.3811154964e+04 1.5707963268e+00 -2.1628352837e+00
2.2663404035e-04 3.3834819292e+04 1.5707963268e+00 -2.1634675108e+00
2.2676943830e-04 3.3858491818e+04 1.5707963268e+00 -2.1640988530e+00
2.2690480259e-04 3.3882172527e+04 1.5707963268e+00 -2.1647293118e+00
2.2704013328e-04 3.3905861406e+04 1.5707963268e+00 -2.1653588886e+00
2.2717543042e-04 3.3929558442e+04 1.5707963268e+00 -2.1659875851e+00
2.2731069405e-04 3.3953263620e+04 1.5707963268e+00 -2.1666154029e+00
2.2744592424e-04 3.3976976928e+04 1.5707963268e+00 -2.1672423433e+00
2.2758112103e-04 3.4000698353e+04 1.5707963268e+00 -2.1678684080e+00
2.2771628447e-04 3.4024427880e+04 1.5707963268e+00 -2.1684935986e+00
2.2785141462e-04 3.4048165498e+04 1.5707963268e+00 -2.1691179165e+00
2.2798651153e-04 3.4071911191e+04 1.5707963268e+00 -2.1697413632e+00
2.2812157525e-04 3.4095664947e+04 1.5707963268e+00 -2.1703639404e+00
2.2825660582e-04 3.4119426753e+04 1.5707963268e+00 -2.1709856495e+00
2.2839160331e-04 3.4143196596e+04 1.5707963268e+00 -2.1716064920e+00
2.2852656776e-04 3.4166974461e+04 1.5707963268e+00 -2.1722264695e+00
2.2866149922e-04 3.4190760337e+04 1.5707963268e+00 -2.1728455834e+00
2.2879639775e-04 3.4214554210e+04 1.5707963268e+00 -2.1734638353e+00
2.2893126339e-04 3.4238356066e+04 1.5707963268e+00 -2.1740812268e+00
2.2906609620e-04 3.4262165892e+04 1.5707963268e+00 -2.1746977592e+00
2.2920089622e-04 3.4285983677e+04 1.5707963268e+00 -2.1753134342e+00
2.2933566351e-04 3.4309809405e+04 1.5707963268e+00 -2.1759282532e+00
2.2947039812e-04 3.4333643065e+04 1.5707963268e+00 -2.1765422176e+00
2.2960510010e-04 3.4357484642e+04 1.5707963268e+00 -2.1771553291e+00
2.2973976949e-04 3.4381334125e+04 1.5707963268e+00 -2.1777675891e+00
2.2987440635e-04 3.4405191501e+04 1.5707963268e+00 -2.1783789991e+00
2.3000901073e-04 3.4429056755e+04 1.5707963268e+00 -2.1789895605e+00
2.3014358268e-04 3.4452929876e+04 1.5707963268e+00 -2.1795992750e+00
2.3027812224e-04 3.4476810849e+04 1.5707963268e+00 -2.1802081438e+00
2.3041262948e-04 3.4500699664e+04 1.5707963268e+00 -2.1808161686e+00
2.3054710443e-04 3.4524596305e+04 1.5707963268e+00 -2.1814233508e+00
2.3068154715e-04 3.4548500761e+04 1.5707963268e+00 -2.1820296919e+00
2.3081595768e-04 3.4572413019e+04 1.5707963268e+00 -2.1826351933e+00
2.3095033608e-04 3.4596333066e+04 1.5707963268e+00 -2.1832398566e+00
2.3108468240e-04 3.4620260889e+04 1.5707963268e+00 -2.1838436831e+00
2.3121899668e-04 3.4644196476e+04 1.5707963268e+00 -2.1844466744e+00
2.3135327897e-04 3.4668139812e+04 1.5707963268e+00 -2.1850488319e+00
2.3148752933e-04 3.4692090887e+04 1.5707963268e+00 -2.1856501571e+00
2.3162174779e-04 3.4716049687e+04 1.5707963268e+00 -2.1862506514e+00
2.3175593442e-04 3.4740016199e+04 1.5707963268e+00 -2.1868503163e+00
2.3189008926e-04 3.4763990411e+04 1.5707963268e+00 -2.1874491532e+00
2.3202421236e-04 3.4787972310e+04 1.5707963268e+00 -2.1880471636e+00
2.3215830376e-04 3.4811961883e+04 1.5707963268e+00 -2.1886443490e+00
2.3229236352e-04 3.4835959118e+04 1.5707963268e+00 -2.1892407107e+00
2.3242639168e-04 3.4859964003e+04 1.5707963268e+00 -2.1898362502e+00
2.3256038829e-04 3.4883976524e+04 1.5707963268e+00 -2.1904309689e+00
2.3269435340e-04 3.4907996669e+04 1.5707963268e+00 -2.1910248684e+00
2.3282828706e-04 3.4932024426e+04 1.5707963268e+00 -2.1916179499e+00
2.3296218932e-04 3.4956059782e+04 1.5707963268e+00 -2.1922102150e+00
2.3309606022e-04 3.4980102725e+04 1.5707963268e+00 -2.1928016651e+00
2.3322989981e-04 3.5004153241e+04 1.5707963268e+00 -2.1933923015e+00
2.3336370815e-04 3.5028211320e+04 1.5707963268e+00 -2.1939821258e+00
2.3349748527e-04 3.5052276948e+04 1.5707963268e+00 -2.1945711393e+00
2.3363123123e-04 3.5076350112e+04 1.5707963268e+00 -2.1951593435e+00
2.3376494606e-04 3.5100430802e+04 1.5707963268e+00 -2.1957467397e+00
2.3389862983e-04 3.5124519003e+04 1.5707963268e+00 -2.1963333295e+00
2.3403228258e-04 3.5148614704e+04 1.5707963268e+00 -2.1969191141e+00
2.3416590435e-04 3.5172717893e+04 1.5707963268e+00 -2.1975040950e+00
2.3429949520e-04 3.5196828557e+04 1.5707963268e+00 -2.1980882736e+00
2.3443305516e-04 3.5220946685e+04 1.5707963268e+00 -2.1986716513e+00
2.3456658429e-04 3.5245072262e+04 1.5707963268e+00 -2.1992542295e+00
2.3470008263e-04 3.5269205279e+04 1.5707963268e+00 -2.1998360095e+00
2.3483355023e-04 3.5293345722e+04 1.5707963268e+00 -2.2004169929e+00
2.3496698714e-04 3.5317493579e+04 1.5707963268e+00 -2.2009971810e+00
2.3510039340e-04 3.5341648838e+04 1.5707963268e+00 -2.2015765751e+00
2.3523376906e-04 3.5365811486e+04 1.5707963268e+00 -2.2021551767e+00
2.3536711417e-04 3.5389981513e+04 1.5707963268e+00 -2.2027329871e+00
2.3550042877e-04 3.5414158905e+04 1.5707963268e+00 -2.2033100077e+00
2.3563371291e-04 3.5438343651e+04 1.5707963268e+00 -2.2038862399e+00
2.3576696663e-04 3.5462535738e+04 1.5707963268e+00 -2.2044616851e+00
