0.0000000000e+00 1.0821163107e+04 1.5707963268e+00 0.0000000000e+00
3.4836297348e-07 1.0821163107e+04 1.5707963268e+00 4.0983606557e-03
6.9672594696e-07 1.0821121392e+04 1.5707963268e+00 8.1967213115e-03
1.0450950246e-06 1.0821037962e+04 1.5707963268e+00 1.2295113565e-02
1.3934763111e-06 1.0820912817e+04 1.5707963268e+00 1.6393569015e-02
1.7418759126e-06 1.0820745954e+04 1.5707963268e+00 2.0492119262e-02
2.0902999375e-06 1.0820537369e+04 1.5707963268e+00 2.4590795913e-02
2.4387544979e-06 1.0820287057e+04 1.5707963268e+00 2.8689630578e-02
2.7872457100e-06 1.0819995013e+04 1.5707963268e+00 3.2788654881e-02
3.1357796956e-06 1.0819661228e+04 1.5707963268e+00 3.6887900452e-02
3.4843625827e-06 1.0819285693e+04 1.5707963268e+00 4.0987398938e-02
3.8330005068e-06 1.0818868398e+04 1.5707963268e+00 4.5087181999e-02
4.1816996117e-06 1.0818409331e+04 1.5707963268e+00 4.9187281315e-02
4.5304660503e-06 1.0817908479e+04 1.5707963268e+00 5.3287728581e-02
4.8793059862e-06 1.0817365827e+04 1.5707963268e+00 5.7388555518e-02
5.2282255942e-06 1.0816781361e+04 1.5707963268e+00 6.1489793870e-02
5.5772310614e-06 1.0816155062e+04 1.5707963268e+00 6.5591475404e-02
5.9263285883e-06 1.0815486912e+04 1.5707963268e+00 6.9693631918e-02
6.2755243896e-06 1.0814776892e+04 1.5707963268e+00 7.3796295240e-02
6.6248246958e-06 1.0814024980e+04 1.5707963268e+00 7.7899497229e-02
6.9742357534e-06 1.0813231153e+04 1.5707963268e+00 8.2003269780e-02
7.3237638267e-06 1.0812395388e+04 1.5707963268e+00 8.6107644823e-02
7.6734151983e-06 1.0811517659e+04 1.5707963268e+00 9.0212654329e-02
8.0231961704e-06 1.0810597940e+04 1.5707963268e+00 9.4318330308e-02
8.3731130658e-06 1.0809636202e+04 1.5707963268e+00 9.8424704813e-02
8.7231722292e-06 1.0808632416e+04 1.5707963268e+00 1.0253180995e-01
9.0733800278e-06 1.0807586552e+04 1.5707963268e+00 1.0663967785e-01
9.4237428527e-06 1.0806498577e+04 1.5707963268e+00 1.1074834073e-01
9.7742671200e-06 1.0805368458e+04 1.5707963268e+00 1.1485783082e-01
1.0124959272e-05 1.0804196159e+04 1.5707963268e+00 1.1896818044e-01
1.0475825778e-05 1.0802981645e+04 1.5707963268e+00 1.2307942194e-01
1.0826873135e-05 1.0801724877e+04 1.5707963268e+00 1.2719158774e-01
1.1178107871e-05 1.0800425817e+04 1.5707963268e+00 1.3130471033e-01
1.1529536543e-05 1.0799084423e+04 1.5707963268e+00 1.3541882223e-01
1.1881165741e-05 1.0797700655e+04 1.5707963268e+00 1.3953395606e-01
1.2233002086e-05 1.0796274468e+04 1.5707963268e+00 1.4365014450e-01
1.2585052236e-05 1.0794805818e+04 1.5707963268e+00 1.4776742030e-01
1.2937322882e-05 1.0793294659e+04 1.5707963268e+00 1.5188581626e-01
1.3289820753e-05 1.0791740943e+04 1.5707963268e+00 1.5600536529e-01
1.3642552614e-05 1.0790144621e+04 1.5707963268e+00 1.6012610035e-01
1.3995525271e-05 1.0788505643e+04 1.5707963268e+00 1.6424805450e-01
1.4348745570e-05 1.0786823956e+04 1.5707963268e+00 1.6837126086e-01
1.4702220397e-05 1.0785099508e+04 1.5707963268e+00 1.7249575265e-01
1.5055956683e-05 1.0783332243e+04 1.5707963268e+00 1.7662156318e-01
1.5409961401e-05 1.0781522105e+04 1.5707963268e+00 1.8074872583e-01
1.5764241573e-05 1.0779669037e+04 1.5707963268e+00 1.8487727409e-01
1.6118804264e-05 1.0777772978e+04 1.5707963268e+00 1.8900724153e-01
1.6473656591e-05 1.0775833870e+04 1.5707963268e+00 1.9313866183e-01
1.6828805718e-05 1.0773851648e+04 1.5707963268e+00 1.9727156876e-01
1.7184258860e-05 1.0771826251e+04 1.5707963268e+00 2.0140599619e-01
1.7540023288e-05 1.0769757612e+04 1.5707963268e+00 2.0554197810e-01
1.7896106324e-05 1.0767645664e+04 1.5707963268e+00 2.0967954857e-01
1.8252515347e-05 1.0765490341e+04 1.5707963268e+00 2.1381874179e-01
1.8609257793e-05 1.0763291571e+04 1.5707963268e+00 2.1795959207e-01
1.8966341155e-05 1.0761049284e+04 1.5707963268e+00 2.2210213383e-01
1.9323772990e-05 1.0758763407e+04 1.5707963268e+00 2.2624640159e-01
1.9681560913e-05 1.0756433865e+04 1.5707963268e+00 2.3039243002e-01
2.0039712605e-05 1.0754060583e+04 1.5707963268e+00 2.3454025388e-01
2.0398235812e-05 1.0751643484e+04 1.5707963268e+00 2.3868990808e-01
2.0757138346e-05 1.0749182487e+04 1.5707963268e+00 2.4284142765e-01
2.1116428088e-05 1.0746677514e+04 1.5707963268e+00 2.4699484774e-01
2.1476112990e-05 1.0744128481e+04 1.5707963268e+00 2.5115020365e-01
2.1836201075e-05 1.0741535305e+04 1.5707963268e+00 2.5530753079e-01
2.2196700442e-05 1.0738897900e+04 1.5707963268e+00 2.5946686474e-01
2.2557619265e-05 1.0736216180e+04 1.5707963268e+00 2.6362824120e-01
2.2918965795e-05 1.0733490056e+04 1.5707963268e+00 2.6779169602e-01
2.3280748364e-05 1.0730719437e+04 1.5707963268e+00 2.7195726519e-01
2.3642975386e-05 1.0727904232e+04 1.5707963268e+00 2.7612498487e-01
2.4005655357e-05 1.0725044347e+04 1.5707963268e+00 2.8029489136e-01
2.4368796861e-05 1.0722139687e+04 1.5707963268e+00 2.8446702110e-01
2.4732408569e-05 1.0719190155e+04 1.5707963268e+00 2.8864141071e-01
2.5096499242e-05 1.0716195653e+04 1.5707963268e+00 2.9281809697e-01
2.5461077736e-05 1.0713156079e+04 1.5707963268e+00 2.9699711682e-01
2.5826152997e-05 1.0710071333e+04 1.5707963268e+00 3.0117850738e-01
2.6191734072e-05 1.0706941311e+04 1.5707963268e+00 3.0536230591e-01
2.6557830106e-05 1.0703765906e+04 1.5707963268e+00 3.0954854987e-01
2.6924450345e-05 1.0700545012e+04 1.5707963268e+00 3.1373727690e-01
2.7291604141e-05 1.0697278520e+04 1.5707963268e+00 3.1792852481e-01
2.7659300952e-05 1.0693966320e+04 1.5707963268e+00 3.2212233159e-01
2.8027550344e-05 1.0690608297e+04 1.5707963268e+00 3.2631873543e-01
2.8396361997e-05 1.0687204339e+04 1.5707963268e+00 3.3051777471e-01
2.8765745705e-05 1.0683754329e+04 1.5707963268e+00 3.3471948798e-01
2.9135711379e-05 1.0680258149e+04 1.5707963268e+00 3.3892391403e-01
2.9506269051e-05 1.0676715679e+04 1.5707963268e+00 3.4313109181e-01
2.9877428877e-05 1.0673126798e+04 1.5707963268e+00 3.4734106049e-01
3.0249201138e-05 1.0669491382e+04 1.5707963268e+00 3.5155385946e-01
3.0621596245e-05 1.0665809306e+04 1.5707963268e+00 3.5576952831e-01
3.0994624741e-05 1.0662080442e+04 1.5707963268e+00 3.5998810684e-01
3.1368297305e-05 1.0658304660e+04 1.5707963268e+00 3.6420963508e-01
3.1742624754e-05 1.0654481831e+04 1.5707963268e+00 3.6843415327e-01
3.2117618050e-05 1.0650611820e+04 1.5707963268e+00 3.7266170189e-01
3.2493288298e-05 1.0646694493e+04 1.5707963268e+00 3.7689232164e-01
3.2869646754e-05 1.0642729713e+04 1.5707963268e+00 3.8112605346e-01
3.3246704827e-05 1.0638717340e+04 1.5707963268e+00 3.8536293853e-01
3.3624474080e-05 1.0634657233e+04 1.5707963268e+00 3.8960301825e-01
3.4002966242e-05 1.0630549249e+04 1.5707963268e+00 3.9384633431e-01
3.4382193202e-05 1.0626393243e+04 1.5707963268e+00 3.9809292860e-01
3.4762167019e-05 1.0622189068e+04 1.5707963268e+00 4.0234284330e-01
3.5142899925e-05 1.0617936574e+04 1.5707963268e+00 4.0659612083e-01
3.5524404331e-05 1.0613635610e+04 1.5707963268e+00 4.1085280388e-01
3.5906692825e-05 1.0609286023e+04 1.5707963268e+00 4.1511293540e-01
3.6289778185e-05 1.0604887656e+04 1.5707963268e+00 4.1937655862e-01
3.6673673378e-05 1.0600440351e+04 1.5707963268e+00 4.2364371705e-01
3.7058391566e-05 1.0595943950e+04 1.5707963268e+00 4.2791445445e-01
3.7443946114e-05 1.0591398288e+04 1.5707963268e+00 4.3218881491e-01
3.7830350589e-05 1.0586803202e+04 1.5707963268e+00 4.3646684277e-01
3.8217618770e-05 1.0582158526e+04 1.5707963268e+00 4.4074858267e-01
3.8605764654e-05 1.0577464089e+04 1.5707963268e+00 4.4503407958e-01
3.8994802455e-05 1.0572719721e+04 1.5707963268e+00 4.4932337873e-01
3.9384746619e-05 1.0567925247e+04 1.5707963268e+00 4.5361652569e-01
3.9775611822e-05 1.0563080493e+04 1.5707963268e+00 4.5791356633e-01
4.0167412980e-05 1.0558185279e+04 1.5707963268e+00 4.6221454683e-01
4.0560165253e-05 1.0553239425e+04 1.5707963268e+00 4.6651951371e-01
4.0953884056e-05 1.0548242748e+04 1.5707963268e+00 4.7082851382e-01
4.1348585058e-05 1.0543195061e+04 1.5707963268e+00 4.7514159431e-01
4.1744284196e-05 1.0538096178e+04 1.5707963268e+00 4.7945880271e-01
4.2140997678e-05 1.0532945907e+04 1.5707963268e+00 4.8378018687e-01
4.2538741990e-05 1.0527744056e+04 1.5707963268e+00 4.8810579500e-01
4.2937533906e-05 1.0522490428e+04 1.5707963268e+00 4.9243567567e-01
4.3337390496e-05 1.0517184826e+04 1.5707963268e+00 4.9676987779e-01
4.3738329128e-05 1.0511827049e+04 1.5707963268e+00 5.0110845065e-01
4.4140367484e-05 1.0506416893e+04 1.5707963268e+00 5.0545144391e-01
4.4543523563e-05 1.0500954153e+04 1.5707963268e+00 5.0979890762e-01
4.4947815694e-05 1.0495438620e+04 1.5707963268e+00 5.1415089220e-01
4.5353262539e-05 1.0489870082e+04 1.5707963268e+00 5.1850744847e-01
4.5759883109e-05 1.0484248325e+04 1.5707963268e+00 5.2286862762e-01
4.6167696768e-05 1.0478573132e+04 1.5707963268e+00 5.2723448128e-01
4.6576723248e-05 1.0472844285e+04 1.5707963268e+00 5.3160506148e-01
4.6986982656e-05 1.0467061559e+04 1.5707963268e+00 5.3598042064e-01
4.7398495483e-05 1.0461224730e+04 1.5707963268e+00 5.4036061163e-01
4.7811282621e-05 1.0455333569e+04 1.5707963268e+00 5.4474568775e-01
4.8225365369e-05 1.0449387846e+04 1.5707963268e+00 5.4913570271e-01
4.8640765445e-05 1.0443387325e+04 1.5707963268e+00 5.5353071068e-01
4.9057505002e-05 1.0437331770e+04 1.5707963268e+00 5.5793076628e-01
4.9475606638e-05 1.0431220941e+04 1.5707963268e+00 5.6233592460e-01
4.9895093408e-05 1.0425054595e+04 1.5707963268e+00 5.6674624116e-01
5.0315988841e-05 1.0418832484e+04 1.5707963268e+00 5.7116177198e-01
5.0738316948e-05 1.0412554360e+04 1.5707963268e+00 5.7558257355e-01
5.1162102245e-05 1.0406219970e+04 1.5707963268e+00 5.8000870284e-01
5.1587369762e-05 1.0399829058e+04 1.5707963268e+00 5.8444021733e-01
5.2014145058e-05 1.0393381364e+04 1.5707963268e+00 5.8887717499e-01
5.2442454241e-05 1.0386876627e+04 1.5707963268e+00 5.9331963431e-01
5.2872323984e-05 1.0380314581e+04 1.5707963268e+00 5.9776765429e-01
5.3303781541e-05 1.0373694956e+04 1.5707963268e+00 6.0222129446e-01
5.3736854764e-05 1.0367017481e+04 1.5707963268e+00 6.0668061489e-01
5.4171572126e-05 1.0360281878e+04 1.5707963268e+00 6.1114567618e-01
5.4607962737e-05 1.0353487869e+04 1.5707963268e+00 6.1561653950e-01
5.5046056366e-05 1.0346635171e+04 1.5707963268e+00 6.2009326658e-01
5.5485883459e-05 1.0339723496e+04 1.5707963268e+00 6.2457591972e-01
5.5927475167e-05 1.0332752556e+04 1.5707963268e+00 6.2906456178e-01
5.6370863364e-05 1.0325722055e+04 1.5707963268e+00 6.3355925625e-01
5.6816080672e-05 1.0318631697e+04 1.5707963268e+00 6.3806006717e-01
5.7263160484e-05 1.0311481179e+04 1.5707963268e+00 6.4256705924e-01
5.7712136996e-05 1.0304270197e+04 1.5707963268e+00 6.4708029773e-01
5.8163045225e-05 1.0296998442e+04 1.5707963268e+00 6.5159984859e-01
5.8615921043e-05 1.0289665601e+04 1.5707963268e+00 6.5612577837e-01
5.9070801206e-05 1.0282271356e+04 1.5707963268e+00 6.6065815428e-01
5.9527723380e-05 1.0274815388e+04 1.5707963268e+00 6.6519704421e-01
5.9986726178e-05 1.0267297370e+04 1.5707963268e+00 6.6974251669e-01
6.0447849188e-05 1.0259716974e+04 1.5707963268e+00 6.7429464096e-01
6.0911133013e-05 1.0252073867e+04 1.5707963268e+00 6.7885348694e-01
6.1376619302e-05 1.0244367711e+04 1.5707963268e+00 6.8341912526e-01
6.1844350790e-05 1.0236598163e+04 1.5707963268e+00 6.8799162728e-01
6.2314371336e-05 1.0228764879e+04 1.5707963268e+00 6.9257106505e-01
6.2786725968e-05 1.0220867508e+04 1.5707963268e+00 6.9715751142e-01
6.3261460919e-05 1.0212905694e+04 1.5707963268e+00 7.0175103994e-01
6.3738623679e-05 1.0204879078e+04 1.5707963268e+00 7.0635172496e-01
6.4218263036e-05 1.0196787297e+04 1.5707963268e+00 7.1095964160e-01
6.4700429131e-05 1.0188629981e+04 1.5707963268e+00 7.1557486578e-01
6.5185173505e-05 1.0180406756e+04 1.5707963268e+00 7.2019747421e-01
6.5672549154e-05 1.0172117246e+04 1.5707963268e+00 7.2482754444e-01
6.6162610588e-05 1.0163761067e+04 1.5707963268e+00 7.2946515485e-01
6.6655413888e-05 1.0155337830e+04 1.5707963268e+00 7.3411038465e-01
6.7151016769e-05 1.0146847144e+04 1.5707963268e+00 7.3876331394e-01
6.7649478645e-05 1.0138288611e+04 1.5707963268e+00 7.4342402368e-01
6.8150860699e-05 1.0129661827e+04 1.5707963268e+00 7.4809259573e-01
6.8655225954e-05 1.0120966385e+04 1.5707963268e+00 7.5276911286e-01
6.9162639351e-05 1.0112201871e+04 1.5707963268e+00 7.5745365877e-01
6.9673167825e-05 1.0103367867e+04 1.5707963268e+00 7.6214631809e-01
7.0186880393e-05 1.0094463949e+04 1.5707963268e+00 7.6684717640e-01
7.0703848241e-05 1.0085489687e+04 1.5707963268e+00 7.7155632028e-01
7.1224144817e-05 1.0076444647e+04 1.5707963268e+00 7.7627383729e-01
7.1747845928e-05 1.0067328389e+04 1.5707963268e+00 7.8099981598e-01
7.2275029848e-05 1.0058140465e+04 1.5707963268e+00 7.8573434595e-01
7.2805777424e-05 1.0048880425e+04 1.5707963268e+00 7.9047751783e-01
7.3340172190e-05 1.0039547811e+04 1.5707963268e+00 7.9522942333e-01
7.3878300496e-05 1.0030142159e+04 1.5707963268e+00 7.9999015523e-01
7.4420251628e-05 1.0020663000e+04 1.5707963268e+00 8.0475980740e-01
7.4966117952e-05 1.0011109859e+04 1.5707963268e+00 8.0953847486e-01
7.5515995055e-05 1.0001482253e+04 1.5707963268e+00 8.1432625375e-01
7.6069981899e-05 9.9917796960e+03 1.5707963268e+00 8.1912324138e-01
7.6628180984e-05 9.9820016927e+03 1.5707963268e+00 8.2392953624e-01
7.7190698518e-05 9.9721477431e+03 1.5707963268e+00 8.2874523802e-01
7.7757644602e-05 9.9622173405e+03 1.5707963268e+00 8.3357044766e-01
7.8329133424e-05 9.9522099716e+03 1.5707963268e+00 8.3840526731e-01
7.8905283465e-05 9.9421251165e+03 1.5707963268e+00 8.4324980043e-01
7.9486217718e-05 9.9319622487e+03 1.5707963268e+00 8.4810415176e-01
8.0072063922e-05 9.9217208350e+03 1.5707963268e+00 8.5296842734e-01
8.0662954812e-05 9.9114003354e+03 1.5707963268e+00 8.5784273459e-01
8.1259028382e-05 9.9010002028e+03 1.5707963268e+00 8.6272718228e-01
8.1860428173e-05 9.8905198836e+03 1.5707963268e+00 8.6762188057e-01
8.2467303572e-05 9.8799588166e+03 1.5707963268e+00 8.7252694104e-01
8.3079810135e-05 9.8693164340e+03 1.5707963268e+00 8.7744247673e-01
8.3698109937e-05 9.8585921606e+03 1.5707963268e+00 8.8236860214e-01
8.4322371940e-05 9.8477854140e+03 1.5707963268e+00 8.8730543329e-01
8.4952772391e-05 9.8368956045e+03 1.5707963268e+00 8.9225308769e-01
8.5589495251e-05 9.8259221351e+03 1.5707963268e+00 8.9721168446e-01
8.6232732649e-05 9.8148644014e+03 1.5707963268e+00 9.0218134428e-01
8.6882685380e-05 9.8037217916e+03 1.5707963268e+00 9.0716218944e-01
8.7539563429e-05 9.7924936863e+03 1.5707963268e+00 9.1215434390e-01
8.8203586549e-05 9.7811794586e+03 1.5707963268e+00 9.1715793329e-01
8.8874984875e-05 9.7697784740e+03 1.5707963268e+00 9.2217308496e-01
8.9553999589e-05 9.7582900907e+03 1.5707963268e+00 9.2719992799e-01
9.0240883640e-05 9.7467136590e+03 1.5707963268e+00 9.3223859325e-01
9.0935902527e-05 9.7350485217e+03 1.5707963268e+00 9.3728921343e-01
9.1639335141e-05 9.7232940141e+03 1.5707963268e+00 9.4235192305e-01
9.2351474684e-05 9.7114494639e+03 1.5707963268e+00 9.4742685853e-01
9.3072629665e-05 9.6995141914e+03 1.5707963268e+00 9.5251415820e-01
9.3803124988e-05 9.6874875094e+03 1.5707963268e+00 9.5761396235e-01
9.4543303133e-05 9.6753687232e+03 1.5707963268e+00 9.6272641326e-01
9.5293525447e-05 9.6631571312e+03 1.5707963268e+00 9.6785165524e-01
9.6054173562e-05 9.6508520245e+03 1.5707963268e+00 9.7298983469e-01
9.6825650935e-05 9.6384526871e+03 1.5707963268e+00 9.7814110011e-01
9.7608384550e-05 9.6259583965e+03 1.5707963268e+00 9.8330560213e-01
9.8402826780e-05 9.6133684235e+03 1.5707963268e+00 9.8848349360e-01
9.9209457441e-05 9.6006820330e+03 1.5707963268e+00 9.9367492959e-01
1.0002878606e-04 9.5878984836e+03 1.5707963268e+00 9.9888006746e-01
1.0086135436e-04 9.5750170287e+03 1.5707963268e+00 1.0040990669e+00
1.0170773907e-04 9.5620369166e+03 1.5707963268e+00 1.0093320899e+00
1.0256855495e-04 9.5489573909e+03 1.5707963268e+00 1.0145793009e+00
1.0344445825e-04 9.5357776916e+03 1.5707963268e+00 1.0198408668e+00
1.0433615049e-04 9.5224970554e+03 1.5707963268e+00 1.0251169569e+00
1.0524438275e-04 9.5091147168e+03 1.5707963268e+00 1.0304077433e+00
1.0616996041e-04 9.4956299089e+03 1.5707963268e+00 1.0357134004e+00
1.0711374853e-04 9.4820418645e+03 1.5707963268e+00 1.0410341053e+00
1.0807667787e-04 9.4683498176e+03 1.5707963268e+00 1.0463700378e+00
1.0905975169e-04 9.4545530050e+03 1.5707963268e+00 1.0517213805e+00
1.1006405350e-04 9.4406506675e+03 1.5707963268e+00 1.0570883186e+00
1.1109075576e-04 9.4266420527e+03 1.5707963268e+00 1.0624710402e+00
1.1214112997e-04 9.4125264169e+03 1.5707963268e+00 1.0678697362e+00
1.1321655800e-04 9.3983030279e+03 1.5707963268e+00 1.0732846005e+00
1.1431854530e-04 9.3839711686e+03 1.5707963268e+00 1.0787158297e+00
1.1544873598e-04 9.3695301403e+03 1.5707963268e+00 1.0841636235e+00
1.1660893033e-04 9.3549792676e+03 1.5707963268e+00 1.0896281846e+00
1.1780110521e-04 9.3403179036e+03 1.5707963268e+00 1.0951097185e+00
1.1902743779e-04 9.3255454358e+03 1.5707963268e+00 1.1006084341e+00
1.2029033346e-04 9.3106612940e+03 1.5707963268e+00 1.1061245430e+00
1.2159245878e-04 9.2956649586e+03 1.5707963268e+00 1.1116582601e+00
1.2293678049e-04 9.2805559717e+03 1.5707963268e+00 1.1172098030e+00
1.2432661214e-04 9.2653339492e+03 1.5707963268e+00 1.1227793926e+00
1.2576567006e-04 9.2499985969e+03 1.5707963268e+00 1.1283672528e+00
1.2725814107e-04 9.2345497284e+03 1.5707963268e+00 1.1339736103e+00
1.2880876495e-04 9.2189872887e+03 1.5707963268e+00 1.1395986947e+00
1.3042293575e-04 9.2033113822e+03 1.5707963268e+00 1.1452427383e+00
1.3210682727e-04 9.1875223080e+03 1.5707963268e+00 1.1509059761e+00
1.3386755000e-04 9.1716206044e+03 1.5707963268e+00 1.1565886455e+00
1.3571334943e-04 9.1556071047e+03 1.5707963268e+00 1.1622909859e+00
1.3765385939e-04 9.1394830090e+03 1.5707963268e+00 1.1680132387e+00
1.3970042994e-04 9.1232499780e+03 1.5707963268e+00 1.1737556466e+00
1.4186655738e-04 9.1069102547e+03 1.5707963268e+00 1.1795184532e+00
1.4416845705e-04 9.0904668281e+03 1.5707963268e+00 1.1853019022e+00
1.4662583944e-04 9.0739236538e+03 1.5707963268e+00 1.1911062363e+00
1.4926298219e-04 9.0572859594e+03 1.5707963268e+00 1.1969316963e+00
1.5211024370e-04 9.0405606745e+03 1.5707963268e+00 1.2027785191e+00
1.5520625438e-04 9.0237570509e+03 1.5707963268e+00 1.2086469355e+00
1.5860118241e-04 9.0068875840e+03 1.5707963268e+00 1.2145371671e+00
1.6236176878e-04 8.9899694250e+03 1.5707963268e+00 1.2204494217e+00
1.6657941006e-04 8.9730266305e+03 1.5707963268e+00 1.2263838870e+00
1.7138378046e-04 8.9560939145e+03 1.5707963268e+00 1.2323407208e+00
1.7696721108e-04 8.9392232723e+03 1.5707963268e+00 1.2383200366e+00
1.8363177030e-04 8.9224965310e+03 1.5707963268e+00 1.2443218788e+00
1.9188974292e-04 8.9060514358e+03 1.5707963268e+00 1.2503461820e+00
2.0270985957e-04 8.8901431425e+03 1.5707963268e+00 1.2563926919e+00
2.1825962650e-04 8.8753187034e+03 1.5707963268e+00 1.2624608029e+00
