0.0000000000e+00 1.0998559224e+04 1.5707963268e+00 0.0000000000e+00
3.3625491079e-07 1.0998559224e+04 1.5707963268e+00 4.0322580645e-03
6.7250982158e-07 1.0998521728e+04 1.5707963268e+00 8.0645161290e-03
1.0087695088e-06 1.0998446736e+04 1.5707963268e+00 1.2096801687e-02
1.3450387493e-06 1.0998334248e+04 1.5707963268e+00 1.6129142232e-02
1.6813223207e-06 1.0998184261e+04 1.5707963268e+00 2.0161565259e-02
2.0176250023e-06 1.0997996773e+04 1.5707963268e+00 2.4194098268e-02
2.3539515756e-06 1.0997771779e+04 1.5707963268e+00 2.8226768764e-02
2.6903068253e-06 1.0997509274e+04 1.5707963268e+00 3.2259604259e-02
3.0266955391e-06 1.0997209251e+04 1.5707963268e+00 3.6292632273e-02
3.3631225093e-06 1.0996871703e+04 1.5707963268e+00 4.0325880336e-02
3.6995925331e-06 1.0996496622e+04 1.5707963268e+00 4.4359375992e-02
4.0361104128e-06 1.0996083996e+04 1.5707963268e+00 4.8393146798e-02
4.3726809572e-06 1.0995633816e+04 1.5707963268e+00 5.2427220325e-02
4.7093089818e-06 1.0995146069e+04 1.5707963268e+00 5.6461624162e-02
5.0459993097e-06 1.0994620742e+04 1.5707963268e+00 6.0496385917e-02
5.3827567720e-06 1.0994057820e+04 1.5707963268e+00 6.4531533219e-02
5.7195862086e-06 1.0993457289e+04 1.5707963268e+00 6.8567093717e-02
6.0564924690e-06 1.0992819132e+04 1.5707963268e+00 7.2603095086e-02
6.3934804127e-06 1.0992143330e+04 1.5707963268e+00 7.6639565026e-02
6.7305549101e-06 1.0991429866e+04 1.5707963268e+00 8.0676531263e-02
7.0677208433e-06 1.0990678718e+04 1.5707963268e+00 8.4714021552e-02
7.4049831061e-06 1.0989889867e+04 1.5707963268e+00 8.8752063681e-02
7.7423466057e-06 1.0989063289e+04 1.5707963268e+00 9.2790685468e-02
8.0798162625e-06 1.0988198961e+04 1.5707963268e+00 9.6829914765e-02
8.4173970113e-06 1.0987296859e+04 1.5707963268e+00 1.0086977946e-01
8.7550938019e-06 1.0986356957e+04 1.5707963268e+00 1.0491030748e-01
9.0929115998e-06 1.0985379228e+04 1.5707963268e+00 1.0895152679e-01
9.4308553866e-06 1.0984363643e+04 1.5707963268e+00 1.1299346539e-01
9.7689301614e-06 1.0983310175e+04 1.5707963268e+00 1.1703615134e-01
1.0107140941e-05 1.0982218793e+04 1.5707963268e+00 1.2107961273e-01
1.0445492760e-05 1.0981089464e+04 1.5707963268e+00 1.2512387769e-01
1.0783990674e-05 1.0979922157e+04 1.5707963268e+00 1.2916897442e-01
1.1122639757e-05 1.0978716838e+04 1.5707963268e+00 1.3321493114e-01
1.1461445105e-05 1.0977473471e+04 1.5707963268e+00 1.3726177616e-01
1.1800411834e-05 1.0976192021e+04 1.5707963268e+00 1.4130953780e-01
1.2139545084e-05 1.0974872450e+04 1.5707963268e+00 1.4535824447e-01
1.2478850017e-05 1.0973514720e+04 1.5707963268e+00 1.4940792462e-01
1.2818331820e-05 1.0972118791e+04 1.5707963268e+00 1.5345860677e-01
1.3157995702e-05 1.0970684622e+04 1.5707963268e+00 1.5751031948e-01
1.3497846901e-05 1.0969212171e+04 1.5707963268e+00 1.6156309139e-01
1.3837890679e-05 1.0967701395e+04 1.5707963268e+00 1.6561695121e-01
1.4178132326e-05 1.0966152249e+04 1.5707963268e+00 1.6967192768e-01
1.4518577159e-05 1.0964564688e+04 1.5707963268e+00 1.7372804966e-01
1.4859230524e-05 1.0962938665e+04 1.5707963268e+00 1.7778534605e-01
1.5200097798e-05 1.0961274132e+04 1.5707963268e+00 1.8184384581e-01
1.5541184387e-05 1.0959571039e+04 1.5707963268e+00 1.8590357799e-01
1.5882495729e-05 1.0957829336e+04 1.5707963268e+00 1.8996457173e-01
1.6224037293e-05 1.0956048971e+04 1.5707963268e+00 1.9402685622e-01
1.6565814583e-05 1.0954229891e+04 1.5707963268e+00 1.9809046074e-01
1.6907833135e-05 1.0952372042e+04 1.5707963268e+00 2.0215541466e-01
1.7250098522e-05 1.0950475369e+04 1.5707963268e+00 2.0622174742e-01
1.7592616352e-05 1.0948539815e+04 1.5707963268e+00 2.1028948855e-01
1.7935392269e-05 1.0946565321e+04 1.5707963268e+00 2.1435866767e-01
1.8278431956e-05 1.0944551829e+04 1.5707963268e+00 2.1842931448e-01
1.8621741134e-05 1.0942499278e+04 1.5707963268e+00 2.2250145880e-01
1.8965325564e-05 1.0940407607e+04 1.5707963268e+00 2.2657513049e-01
1.9309191047e-05 1.0938276752e+04 1.5707963268e+00 2.3065035957e-01
1.9653343428e-05 1.0936106649e+04 1.5707963268e+00 2.3472717610e-01
1.9997788593e-05 1.0933897232e+04 1.5707963268e+00 2.3880561027e-01
2.0342532472e-05 1.0931648434e+04 1.5707963268e+00 2.4288569238e-01
2.0687581040e-05 1.0929360188e+04 1.5707963268e+00 2.4696745280e-01
2.1032940318e-05 1.0927032424e+04 1.5707963268e+00 2.5105092203e-01
2.1378616375e-05 1.0924665070e+04 1.5707963268e+00 2.5513613068e-01
2.1724615328e-05 1.0922258055e+04 1.5707963268e+00 2.5922310946e-01
2.2070943343e-05 1.0919811305e+04 1.5707963268e+00 2.6331188920e-01
2.2417606637e-05 1.0917324745e+04 1.5707963268e+00 2.6740250083e-01
2.2764611477e-05 1.0914798300e+04 1.5707963268e+00 2.7149497542e-01
2.3111964187e-05 1.0912231891e+04 1.5707963268e+00 2.7558934413e-01
2.3459671141e-05 1.0909625439e+04 1.5707963268e+00 2.7968563827e-01
2.3807738771e-05 1.0906978865e+04 1.5707963268e+00 2.8378388927e-01
2.4156173565e-05 1.0904292086e+04 1.5707963268e+00 2.8788412865e-01
2.4504982069e-05 1.0901565020e+04 1.5707963268e+00 2.9198638811e-01
2.4854170890e-05 1.0898797583e+04 1.5707963268e+00 2.9609069945e-01
2.5203746692e-05 1.0895989687e+04 1.5707963268e+00 3.0019709460e-01
2.5553716206e-05 1.0893141246e+04 1.5707963268e+00 3.0430560564e-01
2.5904086223e-05 1.0890252172e+04 1.5707963268e+00 3.0841626478e-01
2.6254863601e-05 1.0887322373e+04 1.5707963268e+00 3.1252910438e-01
2.6606055262e-05 1.0884351759e+04 1.5707963268e+00 3.1664415692e-01
2.6957668199e-05 1.0881340237e+04 1.5707963268e+00 3.2076145506e-01
2.7309709473e-05 1.0878287711e+04 1.5707963268e+00 3.2488103158e-01
2.7662186216e-05 1.0875194086e+04 1.5707963268e+00 3.2900291941e-01
2.8015105632e-05 1.0872059265e+04 1.5707963268e+00 3.3312715165e-01
2.8368475001e-05 1.0868883148e+04 1.5707963268e+00 3.3725376155e-01
2.8722301678e-05 1.0865665635e+04 1.5707963268e+00 3.4138278250e-01
2.9076593096e-05 1.0862406625e+04 1.5707963268e+00 3.4551424809e-01
2.9431356766e-05 1.0859106012e+04 1.5707963268e+00 3.4964819203e-01
2.9786600281e-05 1.0855763693e+04 1.5707963268e+00 3.5378464822e-01
3.0142331318e-05 1.0852379561e+04 1.5707963268e+00 3.5792365072e-01
3.0498557637e-05 1.0848953508e+04 1.5707963268e+00 3.6206523378e-01
3.0855287086e-05 1.0845485424e+04 1.5707963268e+00 3.6620943180e-01
3.1212527600e-05 1.0841975197e+04 1.5707963268e+00 3.7035627937e-01
3.1570287207e-05 1.0838422715e+04 1.5707963268e+00 3.7450581126e-01
3.1928574025e-05 1.0834827863e+04 1.5707963268e+00 3.7865806242e-01
3.2287396267e-05 1.0831190525e+04 1.5707963268e+00 3.8281306799e-01
3.2646762246e-05 1.0827510583e+04 1.5707963268e+00 3.8697086330e-01
3.3006680369e-05 1.0823787918e+04 1.5707963268e+00 3.9113148387e-01
3.3367159148e-05 1.0820022408e+04 1.5707963268e+00 3.9529496540e-01
3.3728207196e-05 1.0816213931e+04 1.5707963268e+00 3.9946134382e-01
3.4089833232e-05 1.0812362363e+04 1.5707963268e+00 4.0363065524e-01
3.4452046085e-05 1.0808467576e+04 1.5707963268e+00 4.0780293598e-01
3.4814854693e-05 1.0804529444e+04 1.5707963268e+00 4.1197822256e-01
3.5178268106e-05 1.0800547837e+04 1.5707963268e+00 4.1615655173e-01
3.5542295492e-05 1.0796522622e+04 1.5707963268e+00 4.2033796043e-01
3.5906946134e-05 1.0792453668e+04 1.5707963268e+00 4.2452248584e-01
3.6272229439e-05 1.0788340839e+04 1.5707963268e+00 4.2871016534e-01
3.6638154936e-05 1.0784183998e+04 1.5707963268e+00 4.3290103656e-01
3.7004732280e-05 1.0779983007e+04 1.5707963268e+00 4.3709513733e-01
3.7371971256e-05 1.0775737725e+04 1.5707963268e+00 4.4129250574e-01
3.7739881781e-05 1.0771448011e+04 1.5707963268e+00 4.4549318010e-01
3.8108473906e-05 1.0767113719e+04 1.5707963268e+00 4.4969719894e-01
3.8477757824e-05 1.0762734705e+04 1.5707963268e+00 4.5390460108e-01
3.8847743866e-05 1.0758310820e+04 1.5707963268e+00 4.5811542553e-01
3.9218442508e-05 1.0753841915e+04 1.5707963268e+00 4.6232971160e-01
3.9589864376e-05 1.0749327838e+04 1.5707963268e+00 4.6654749882e-01
3.9962020248e-05 1.0744768434e+04 1.5707963268e+00 4.7076882699e-01
4.0334921054e-05 1.0740163550e+04 1.5707963268e+00 4.7499373618e-01
4.0708577885e-05 1.0735513026e+04 1.5707963268e+00 4.7922226670e-01
4.1083001996e-05 1.0730816704e+04 1.5707963268e+00 4.8345445915e-01
4.1458204805e-05 1.0726074422e+04 1.5707963268e+00 4.8769035441e-01
4.1834197904e-05 1.0721286015e+04 1.5707963268e+00 4.9192999362e-01
4.2210993056e-05 1.0716451319e+04 1.5707963268e+00 4.9617341820e-01
4.2588602204e-05 1.0711570165e+04 1.5707963268e+00 5.0042066987e-01
4.2967037476e-05 1.0706642384e+04 1.5707963268e+00 5.0467179064e-01
4.3346311183e-05 1.0701667804e+04 1.5707963268e+00 5.0892682281e-01
4.3726435831e-05 1.0696646249e+04 1.5707963268e+00 5.1318580897e-01
4.4107424123e-05 1.0691577545e+04 1.5707963268e+00 5.1744879202e-01
4.4489288959e-05 1.0686461512e+04 1.5707963268e+00 5.2171581518e-01
4.4872043451e-05 1.0681297969e+04 1.5707963268e+00 5.2598692198e-01
4.5255700917e-05 1.0676086733e+04 1.5707963268e+00 5.3026215625e-01
4.5640274895e-05 1.0670827620e+04 1.5707963268e+00 5.3454156215e-01
4.6025779143e-05 1.0665520441e+04 1.5707963268e+00 5.3882518419e-01
4.6412227647e-05 1.0660165007e+04 1.5707963268e+00 5.4311306718e-01
4.6799634627e-05 1.0654761125e+04 1.5707963268e+00 5.4740525628e-01
4.7188014541e-05 1.0649308601e+04 1.5707963268e+00 5.5170179700e-01
4.7577382092e-05 1.0643807237e+04 1.5707963268e+00 5.5600273519e-01
4.7967752234e-05 1.0638256835e+04 1.5707963268e+00 5.6030811705e-01
4.8359140181e-05 1.0632657193e+04 1.5707963268e+00 5.6461798915e-01
4.8751561409e-05 1.0627008105e+04 1.5707963268e+00 5.6893239841e-01
4.9145031665e-05 1.0621309366e+04 1.5707963268e+00 5.7325139213e-01
4.9539566977e-05 1.0615560766e+04 1.5707963268e+00 5.7757501797e-01
4.9935183655e-05 1.0609762093e+04 1.5707963268e+00 5.8190332399e-01
5.0331898304e-05 1.0603913133e+04 1.5707963268e+00 5.8623635861e-01
5.0729727831e-05 1.0598013668e+04 1.5707963268e+00 5.9057417068e-01
5.1128689450e-05 1.0592063479e+04 1.5707963268e+00 5.9491680942e-01
5.1528800692e-05 1.0586062344e+04 1.5707963268e+00 5.9926432444e-01
5.1930079414e-05 1.0580010037e+04 1.5707963268e+00 6.0361676581e-01
5.2332543808e-05 1.0573906331e+04 1.5707963268e+00 6.0797418396e-01
5.2736212409e-05 1.0567750995e+04 1.5707963268e+00 6.1233662978e-01
5.3141104105e-05 1.0561543796e+04 1.5707963268e+00 6.1670415459e-01
5.3547238147e-05 1.0555284497e+04 1.5707963268e+00 6.2107681011e-01
5.3954634157e-05 1.0548972860e+04 1.5707963268e+00 6.2545464854e-01
5.4363312143e-05 1.0542608642e+04 1.5707963268e+00 6.2983772252e-01
5.4773292505e-05 1.0536191599e+04 1.5707963268e+00 6.3422608513e-01
5.5184596048e-05 1.0529721483e+04 1.5707963268e+00 6.3861978994e-01
5.5597243994e-05 1.0523198043e+04 1.5707963268e+00 6.4301889095e-01
5.6011257993e-05 1.0516621025e+04 1.5707963268e+00 6.4742344269e-01
5.6426660136e-05 1.0509990173e+04 1.5707963268e+00 6.5183350013e-01
5.6843472967e-05 1.0503305225e+04 1.5707963268e+00 6.5624911876e-01
5.7261719498e-05 1.0496565920e+04 1.5707963268e+00 6.6067035455e-01
5.7681423221e-05 1.0489771990e+04 1.5707963268e+00 6.6509726400e-01
5.8102608121e-05 1.0482923166e+04 1.5707963268e+00 6.6952990411e-01
5.8525298696e-05 1.0476019176e+04 1.5707963268e+00 6.7396833239e-01
5.8949519965e-05 1.0469059742e+04 1.5707963268e+00 6.7841260693e-01
5.9375297489e-05 1.0462044586e+04 1.5707963268e+00 6.8286278631e-01
5.9802657388e-05 1.0454973424e+04 1.5707963268e+00 6.8731892968e-01
6.0231626352e-05 1.0447845971e+04 1.5707963268e+00 6.9178109675e-01
6.0662231667e-05 1.0440661935e+04 1.5707963268e+00 6.9624934780e-01
6.1094501226e-05 1.0433421025e+04 1.5707963268e+00 7.0072374367e-01
6.1528463554e-05 1.0426122942e+04 1.5707963268e+00 7.0520434579e-01
6.1964147822e-05 1.0418767388e+04 1.5707963268e+00 7.0969121619e-01
6.2401583875e-05 1.0411354056e+04 1.5707963268e+00 7.1418441750e-01
6.2840802245e-05 1.0403882640e+04 1.5707963268e+00 7.1868401297e-01
6.3281834180e-05 1.0396352827e+04 1.5707963268e+00 7.2319006645e-01
6.3724711665e-05 1.0388764303e+04 1.5707963268e+00 7.2770264244e-01
6.4169467446e-05 1.0381116747e+04 1.5707963268e+00 7.3222180609e-01
6.4616135053e-05 1.0373409837e+04 1.5707963268e+00 7.3674762319e-01
6.5064748832e-05 1.0365643245e+04 1.5707963268e+00 7.4128016020e-01
6.5515343964e-05 1.0357816641e+04 1.5707963268e+00 7.4581948424e-01
6.5967956503e-05 1.0349929689e+04 1.5707963268e+00 7.5036566314e-01
6.6422623397e-05 1.0341982049e+04 1.5707963268e+00 7.5491876541e-01
6.6879382525e-05 1.0333973378e+04 1.5707963268e+00 7.5947886027e-01
6.7338272726e-05 1.0325903328e+04 1.5707963268e+00 7.6404601766e-01
6.7799333832e-05 1.0317771548e+04 1.5707963268e+00 7.6862030826e-01
6.8262606707e-05 1.0309577680e+04 1.5707963268e+00 7.7320180349e-01
6.8728133280e-05 1.0301321363e+04 1.5707963268e+00 7.7779057551e-01
6.9195956586e-05 1.0293002234e+04 1.5707963268e+00 7.8238669727e-01
6.9666120802e-05 1.0284619921e+04 1.5707963268e+00 7.8699024250e-01
7.0138671294e-05 1.0276174050e+04 1.5707963268e+00 7.9160128570e-01
7.0613654658e-05 1.0267664242e+04 1.5707963268e+00 7.9621990221e-01
7.1091118764e-05 1.0259090114e+04 1.5707963268e+00 8.0084616816e-01
7.1571112809e-05 1.0250451277e+04 1.5707963268e+00 8.0548016055e-01
7.2053687362e-05 1.0241747337e+04 1.5707963268e+00 8.1012195720e-01
7.2538894421e-05 1.0232977896e+04 1.5707963268e+00 8.1477163680e-01
7.3026787464e-05 1.0224142551e+04 1.5707963268e+00 8.1942927893e-01
7.3517421510e-05 1.0215240894e+04 1.5707963268e+00 8.2409496405e-01
7.4010853178e-05 1.0206272510e+04 1.5707963268e+00 8.2876877353e-01
7.4507140753e-05 1.0197236982e+04 1.5707963268e+00 8.3345078968e-01
7.5006344249e-05 1.0188133885e+04 1.5707963268e+00 8.3814109572e-01
7.5508525483e-05 1.0178962791e+04 1.5707963268e+00 8.4283977586e-01
7.6013748144e-05 1.0169723263e+04 1.5707963268e+00 8.4754691526e-01
7.6522077879e-05 1.0160414864e+04 1.5707963268e+00 8.5226260008e-01
7.7033582365e-05 1.0151037146e+04 1.5707963268e+00 8.5698691748e-01
7.7548331402e-05 1.0141589658e+04 1.5707963268e+00 8.6171995565e-01
7.8066397001e-05 1.0132071943e+04 1.5707963268e+00 8.6646180381e-01
7.8587853478e-05 1.0122483539e+04 1.5707963268e+00 8.7121255227e-01
7.9112777557e-05 1.0112823976e+04 1.5707963268e+00 8.7597229240e-01
7.9641248477e-05 1.0103092781e+04 1.5707963268e+00 8.8074111666e-01
8.0173348100e-05 1.0093289472e+04 1.5707963268e+00 8.8551911865e-01
8.0709161034e-05 1.0083413562e+04 1.5707963268e+00 8.9030639309e-01
8.1248774755e-05 1.0073464558e+04 1.5707963268e+00 8.9510303587e-01
8.1792279741e-05 1.0063441962e+04 1.5707963268e+00 8.9990914406e-01
8.2339769610e-05 1.0053345267e+04 1.5707963268e+00 9.0472481593e-01
8.2891341272e-05 1.0043173962e+04 1.5707963268e+00 9.0955015096e-01
8.3447095082e-05 1.0032927527e+04 1.5707963268e+00 9.1438524991e-01
8.4007135009e-05 1.0022605437e+04 1.5707963268e+00 9.1923021476e-01
8.4571568814e-05 1.0012207161e+04 1.5707963268e+00 9.2408514882e-01
8.5140508233e-05 1.0001732159e+04 1.5707963268e+00 9.2895015669e-01
8.5714069181e-05 9.9911798865e+03 1.5707963268e+00 9.3382534434e-01
8.6292371963e-05 9.9805497900e+03 1.5707963268e+00 9.3871081906e-01
8.6875541497e-05 9.9698413100e+03 1.5707963268e+00 9.4360668956e-01
8.7463707560e-05 9.9590538799e+03 1.5707963268e+00 9.4851306597e-01
8.8057005038e-05 9.9481869254e+03 1.5707963268e+00 9.5343005983e-01
8.8655574203e-05 9.9372398654e+03 1.5707963268e+00 9.5835778418e-01
8.9259561003e-05 9.9262121110e+03 1.5707963268e+00 9.6329635355e-01
8.9869117374e-05 9.9151030662e+03 1.5707963268e+00 9.6824588396e-01
9.0484401577e-05 9.9039121271e+03 1.5707963268e+00 9.7320649304e-01
9.1105578548e-05 9.8926386826e+03 1.5707963268e+00 9.7817829996e-01
9.1732820286e-05 9.8812821135e+03 1.5707963268e+00 9.8316142552e-01
9.2366306261e-05 9.8698417931e+03 1.5707963268e+00 9.8815599215e-01
9.3006223855e-05 9.8583170868e+03 1.5707963268e+00 9.9316212396e-01
9.3652768834e-05 9.8467073522e+03 1.5707963268e+00 9.9817994679e-01
9.4306145859e-05 9.8350119389e+03 1.5707963268e+00 1.0032095882e+00
9.4966569031e-05 9.8232301885e+03 1.5707963268e+00 1.0082511775e+00
9.5634262485e-05 9.8113614346e+03 1.5707963268e+00 1.0133048458e+00
9.6309461028e-05 9.7994050027e+03 1.5707963268e+00 1.0183707262e+00
9.6992410824e-05 9.7873602103e+03 1.5707963268e+00 1.0234489534e+00
9.7683370145e-05 9.7752263668e+03 1.5707963268e+00 1.0285396643e+00
9.8382610177e-05 9.7630027733e+03 1.5707963268e+00 1.0336429975e+00
9.9090415895e-05 9.7506887232e+03 1.5707963268e+00 1.0387590939e+00
9.9807087014e-05 9.7382835015e+03 1.5707963268e+00 1.0438880961e+00
1.0053293903e-04 9.7257863852e+03 1.5707963268e+00 1.0490301490e+00
1.0126830434e-04 9.7131966436e+03 1.5707963268e+00 1.0541853994e+00
1.0201353348e-04 9.7005135378e+03 1.5707963268e+00 1.0593539964e+00
1.0276899645e-04 9.6877363214e+03 1.5707963268e+00 1.0645360914e+00
1.0353508422e-04 9.6748642403e+03 1.5707963268e+00 1.0697318377e+00
1.0431221030e-04 9.6618965328e+03 1.5707963268e+00 1.0749413912e+00
1.0510081255e-04 9.6488324303e+03 1.5707963268e+00 1.0801649100e+00
1.0590135506e-04 9.6356711568e+03 1.5707963268e+00 1.0854025544e+00
1.0671433039e-04 9.6224119301e+03 1.5707963268e+00 1.0906544875e+00
1.0754026185e-04 9.6090539612e+03 1.5707963268e+00 1.0959208745e+00
1.0837970616e-04 9.5955964555e+03 1.5707963268e+00 1.1012018832e+00
1.0923325633e-04 9.5820386129e+03 1.5707963268e+00 1.1064976840e+00
1.1010154491e-04 9.5683796285e+03 1.5707963268e+00 1.1118084500e+00
1.1098524753e-04 9.5546186932e+03 1.5707963268e+00 1.1171343567e+00
1.1188508696e-04 9.5407549947e+03 1.5707963268e+00 1.1224755825e+00
1.1280183753e-04 9.5267877180e+03 1.5707963268e+00 1.1278323085e+00
1.1373633018e-04 9.5127160468e+03 1.5707963268e+00 1.1332047186e+00
1.1468945811e-04 9.4985391648e+03 1.5707963268e+00 1.1385929994e+00
1.1566218312e-04 9.4842562566e+03 1.5707963268e+00 1.1439973407e+00
1.1665554279e-04 9.4698665100e+03 1.5707963268e+00 1.1494179349e+00
1.1767065869e-04 9.4553691177e+03 1.5707963268e+00 1.1548549776e+00
1.1870874563e-04 9.4407632792e+03 1.5707963268e+00 1.1603086674e+00
1.1977112226e-04 9.4260482041e+03 1.5707963268e+00 1.1657792060e+00
1.2085922323e-04 9.4112231144e+03 1.5707963268e+00 1.1712667982e+00
1.2197461316e-04 9.3962872488e+03 1.5707963268e+00 1.1767716519e+00
1.2311900275e-04 9.3812398663e+03 1.5707963268e+00 1.1822939783e+00
1.2429426754e-04 9.3660802516e+03 1.5707963268e+00 1.1878339919e+00
1.2550246964e-04 9.3508077207e+03 1.5707963268e+00 1.1933919102e+00
1.2674588326e-04 9.3354216279e+03 1.5707963268e+00 1.1989679542e+00
1.2802702475e-04 9.3199213739e+03 1.5707963268e+00 1.2045623482e+00
1.2934868801e-04 9.3043064161e+03 1.5707963268e+00 1.2101753197e+00
1.3071398672e-04 9.2885762798e+03 1.5707963268e+00 1.2158070996e+00
1.3212640484e-04 9.2727305729e+03 1.5707963268e+00 1.2214579220e+00
1.3358985746e-04 9.2567690031e+03 1.5707963268e+00 1.2271280243e+00
1.3510876458e-04 9.2406913988e+03 1.5707963268e+00 1.2328176470e+00
1.3668814137e-04 9.2244977358e+03 1.5707963268e+00 1.2385270337e+00
1.3833370941e-04 9.2081881686e+03 1.5707963268e+00 1.2442564310e+00
1.4005203504e-04 9.1917630715e+03 1.5707963268e+00 1.2500060883e+00
1.4185070324e-04 9.1752230888e+03 1.5707963268e+00 1.2557762574e+00
1.4373853824e-04 9.1585691999e+03 1.5707963268e+00 1.2615671927e+00
1.4572588710e-04 9.1418028025e+03 1.5707963268e+00 1.2673791501e+00
1.4782498872e-04 9.1249258212e+03 1.5707963268e+00 1.2732123872e+00
1.5005046105e-04 9.1079408508e+03 1.5707963268e+00 1.2790671622e+00
1.5241995485e-04 9.0908513500e+03 1.5707963268e+00 1.2849437331e+00
1.5495504684e-04 9.0736619034e+03 1.5707963268e+00 1.2908423567e+00
1.5768248497e-04 9.0563785894e+03 1.5707963268e+00 1.2967632872e+00
1.6063596542e-04 9.0390095013e+03 1.5707963268e+00 1.3027067738e+00
1.6385873724e-04 9.0215655102e+03 1.5707963268e+00 1.3086730583e+00
1.6740754005e-04 9.0040614128e+03 1.5707963268e+00 1.3146623709e+00
1.7135877938e-04 8.9865177190e+03 1.5707963268e+00 1.3206749250e+00
1.7581864366e-04 8.9689635557e+03 1.5707963268e+00 1.3267109091e+00
1.8094058623e-04 8.9514416264e+03 1.5707963268e+00 1.3327704745e+00
1.8695760890e-04 8.9340172263e+03 1.5707963268e+00 1.3388537160e+00
1.9424719650e-04 8.9167959825e+03 1.5707963268e+00 1.3449606401e+00
2.0347777124e-04 8.8999626397e+03 1.5707963268e+00 1.3510911077e+00
2.1599760063e-04 8.8838793510e+03 1.5707963268e+00 1.3572447218e+00
