0.0000000000e+00 1.3216010680e+04 1.5707963268e+00 0.0000000000e+00
2.5796364694e-07 1.3216010680e+04 1.5707963268e+00 -3.3557046980e-03
5.1592729389e-07 1.3216009681e+04 1.5707963268e+00 -6.7114093960e-03
7.7389098062e-07 1.3216007683e+04 1.5707963268e+00 -1.0067114601e-02
1.0318547469e-06 1.3216004687e+04 1.5707963268e+00 -1.3422820821e-02
1.2898186326e-06 1.3216000692e+04 1.5707963268e+00 -1.6778528562e-02
1.5477826774e-06 1.3215995698e+04 1.5707963268e+00 -2.0134238332e-02
1.8057469212e-06 1.3215989705e+04 1.5707963268e+00 -2.3489950639e-02
2.0637114037e-06 1.3215982712e+04 1.5707963268e+00 -2.6845665988e-02
2.3216761647e-06 1.3215974721e+04 1.5707963268e+00 -3.0201384889e-02
2.5796412440e-06 1.3215965731e+04 1.5707963268e+00 -3.3557107848e-02
2.8376066815e-06 1.3215955742e+04 1.5707963268e+00 -3.6912835372e-02
3.0955725169e-06 1.3215944753e+04 1.5707963268e+00 -4.0268567969e-02
3.3535387901e-06 1.3215932765e+04 1.5707963268e+00 -4.3624306146e-02
3.6115055408e-06 1.3215919777e+04 1.5707963268e+00 -4.6980050412e-02
3.8694728089e-06 1.3215905789e+04 1.5707963268e+00 -5.0335801273e-02
4.1274406343e-06 1.3215890802e+04 1.5707963268e+00 -5.3691559238e-02
4.3854090566e-06 1.3215874815e+04 1.5707963268e+00 -5.7047324813e-02
4.6433781159e-06 1.3215857827e+04 1.5707963268e+00 -6.0403098508e-02
4.9013478519e-06 1.3215839839e+04 1.5707963268e+00 -6.3758880829e-02
5.1593183045e-06 1.3215820851e+04 1.5707963268e+00 -6.7114672286e-02
5.4172895135e-06 1.3215800861e+04 1.5707963268e+00 -7.0470473386e-02
5.6752615189e-06 1.3215779871e+04 1.5707963268e+00 -7.3826284637e-02
5.9332343605e-06 1.3215757880e+04 1.5707963268e+00 -7.7182106548e-02
6.1912080783e-06 1.3215734887e+04 1.5707963268e+00 -8.0537939628e-02
6.4491827120e-06 1.3215710892e+04 1.5707963268e+00 -8.3893784384e-02
6.7071583017e-06 1.3215685895e+04 1.5707963268e+00 -8.7249641327e-02
6.9651348873e-06 1.3215659896e+04 1.5707963268e+00 -9.0605510964e-02
7.2231125087e-06 1.3215632895e+04 1.5707963268e+00 -9.3961393805e-02
7.4810912059e-06 1.3215604890e+04 1.5707963268e+00 -9.7317290360e-02
7.7390710188e-06 1.3215575883e+04 1.5707963268e+00 -1.0067320114e-01
7.9970519874e-06 1.3215545871e+04 1.5707963268e+00 -1.0402912665e-01
8.2550341518e-06 1.3215514857e+04 1.5707963268e+00 -1.0738506740e-01
8.5130175519e-06 1.3215482837e+04 1.5707963268e+00 -1.1074102390e-01
8.7710022277e-06 1.3215449814e+04 1.5707963268e+00 -1.1409699666e-01
9.0289882194e-06 1.3215415785e+04 1.5707963268e+00 -1.1745298620e-01
9.2869755670e-06 1.3215380751e+04 1.5707963268e+00 -1.2080899302e-01
9.5449643104e-06 1.3215344712e+04 1.5707963268e+00 -1.2416501763e-01
9.8029544900e-06 1.3215307666e+04 1.5707963268e+00 -1.2752106055e-01
1.0060946146e-05 1.3215269614e+04 1.5707963268e+00 -1.3087712228e-01
1.0318939318e-05 1.3215230555e+04 1.5707963268e+00 -1.3423320334e-01
1.0576934046e-05 1.3215190489e+04 1.5707963268e+00 -1.3758930424e-01
1.0834930371e-05 1.3215149414e+04 1.5707963268e+00 -1.4094542549e-01
1.1092928333e-05 1.3215107332e+04 1.5707963268e+00 -1.4430156760e-01
1.1350927972e-05 1.3215064241e+04 1.5707963268e+00 -1.4765773108e-01
1.1608929328e-05 1.3215020140e+04 1.5707963268e+00 -1.5101391646e-01
1.1866932441e-05 1.3214975030e+04 1.5707963268e+00 -1.5437012423e-01
1.2124937353e-05 1.3214928909e+04 1.5707963268e+00 -1.5772635492e-01
1.2382944102e-05 1.3214881778e+04 1.5707963268e+00 -1.6108260903e-01
1.2640952730e-05 1.3214833635e+04 1.5707963268e+00 -1.6443888708e-01
1.2898963277e-05 1.3214784481e+04 1.5707963268e+00 -1.6779518959e-01
1.3156975782e-05 1.3214734314e+04 1.5707963268e+00 -1.7115151707e-01
1.3414990287e-05 1.3214683134e+04 1.5707963268e+00 -1.7450787003e-01
1.3673006833e-05 1.3214630940e+04 1.5707963268e+00 -1.7786424898e-01
1.3931025458e-05 1.3214577732e+04 1.5707963268e+00 -1.8122065445e-01
1.4189046205e-05 1.3214523510e+04 1.5707963268e+00 -1.8457708695e-01
1.4447069112e-05 1.3214468272e+04 1.5707963268e+00 -1.8793354699e-01
1.4705094222e-05 1.3214412018e+04 1.5707963268e+00 -1.9129003510e-01
1.4963121574e-05 1.3214354748e+04 1.5707963268e+00 -1.9464655178e-01
1.5221151209e-05 1.3214296460e+04 1.5707963268e+00 -1.9800309755e-01
1.5479183168e-05 1.3214237154e+04 1.5707963268e+00 -2.0135967294e-01
1.5737217491e-05 1.3214176830e+04 1.5707963268e+00 -2.0471627845e-01
1.5995254219e-05 1.3214115486e+04 1.5707963268e+00 -2.0807291461e-01
1.6253293393e-05 1.3214053123e+04 1.5707963268e+00 -2.1142958194e-01
1.6511335053e-05 1.3213989738e+04 1.5707963268e+00 -2.1478628095e-01
1.6769379240e-05 1.3213925332e+04 1.5707963268e+00 -2.1814301216e-01
1.7027425995e-05 1.3213859904e+04 1.5707963268e+00 -2.2149977609e-01
1.7285475360e-05 1.3213793453e+04 1.5707963268e+00 -2.2485657327e-01
1.7543527373e-05 1.3213725979e+04 1.5707963268e+00 -2.2821340421e-01
1.7801582078e-05 1.3213657480e+04 1.5707963268e+00 -2.3157026942e-01
1.8059639514e-05 1.3213587955e+04 1.5707963268e+00 -2.3492716945e-01
1.8317699722e-05 1.3213517405e+04 1.5707963268e+00 -2.3828410480e-01
1.8575762744e-05 1.3213445828e+04 1.5707963268e+00 -2.4164107599e-01
1.8833828620e-05 1.3213373223e+04 1.5707963268e+00 -2.4499808355e-01
1.9091897392e-05 1.3213299589e+04 1.5707963268e+00 -2.4835512801e-01
1.9349969101e-05 1.3213224927e+04 1.5707963268e+00 -2.5171220988e-01
1.9608043787e-05 1.3213149234e+04 1.5707963268e+00 -2.5506932969e-01
1.9866121493e-05 1.3213072510e+04 1.5707963268e+00 -2.5842648796e-01
2.0124202259e-05 1.3212994754e+04 1.5707963268e+00 -2.6178368523e-01
2.0382286127e-05 1.3212915965e+04 1.5707963268e+00 -2.6514092200e-01
2.0640373137e-05 1.3212836143e+04 1.5707963268e+00 -2.6849819881e-01
2.0898463332e-05 1.3212755286e+04 1.5707963268e+00 -2.7185551619e-01
2.1156556752e-05 1.3212673394e+04 1.5707963268e+00 -2.7521287465e-01
2.1414653440e-05 1.3212590465e+04 1.5707963268e+00 -2.7857027474e-01
2.1672753435e-05 1.3212506498e+04 1.5707963268e+00 -2.8192771697e-01
2.1930856781e-05 1.3212421494e+04 1.5707963268e+00 -2.8528520187e-01
2.2188963519e-05 1.3212335449e+04 1.5707963268e+00 -2.8864272997e-01
2.2447073690e-05 1.3212248365e+04 1.5707963268e+00 -2.9200030181e-01
2.2705187335e-05 1.3212160239e+04 1.5707963268e+00 -2.9535791790e-01
2.2963304498e-05 1.3212071071e+04 1.5707963268e+00 -2.9871557879e-01
2.3221425218e-05 1.3211980859e+04 1.5707963268e+00 -3.0207328500e-01
2.3479549539e-05 1.3211889603e+04 1.5707963268e+00 -3.0543103706e-01
2.3737677501e-05 1.3211797302e+04 1.5707963268e+00 -3.0878883550e-01
2.3995809147e-05 1.3211703954e+04 1.5707963268e+00 -3.1214668087e-01
2.4253944519e-05 1.3211609558e+04 1.5707963268e+00 -3.1550457368e-01
2.4512083659e-05 1.3211514114e+04 1.5707963268e+00 -3.1886251447e-01
2.4770226608e-05 1.3211417620e+04 1.5707963268e+00 -3.2222050378e-01
2.5028373410e-05 1.3211320075e+04 1.5707963268e+00 -3.2557854215e-01
2.5286524105e-05 1.3211221479e+04 1.5707963268e+00 -3.2893663010e-01
2.5544678736e-05 1.3211121829e+04 1.5707963268e+00 -3.3229476817e-01
2.5802837345e-05 1.3211021125e+04 1.5707963268e+00 -3.3565295691e-01
2.6060999975e-05 1.3210919365e+04 1.5707963268e+00 -3.3901119684e-01
2.6319166668e-05 1.3210816549e+04 1.5707963268e+00 -3.4236948851e-01
2.6577337466e-05 1.3210712675e+04 1.5707963268e+00 -3.4572783244e-01
2.6835512412e-05 1.3210607742e+04 1.5707963268e+00 -3.4908622919e-01
2.7093691548e-05 1.3210501749e+04 1.5707963268e+00 -3.5244467930e-01
2.7351874917e-05 1.3210394695e+04 1.5707963268e+00 -3.5580318329e-01
2.7610062561e-05 1.3210286578e+04 1.5707963268e+00 -3.5916174172e-01
2.7868254523e-05 1.3210177397e+04 1.5707963268e+00 -3.6252035512e-01
2.8126450845e-05 1.3210067151e+04 1.5707963268e+00 -3.6587902404e-01
2.8384651572e-05 1.3209955839e+04 1.5707963268e+00 -3.6923774901e-01
2.8642856744e-05 1.3209843459e+04 1.5707963268e+00 -3.7259653059e-01
2.8901066405e-05 1.3209730010e+04 1.5707963268e+00 -3.7595536932e-01
2.9159280599e-05 1.3209615491e+04 1.5707963268e+00 -3.7931426574e-01
2.9417499368e-05 1.3209499900e+04 1.5707963268e+00 -3.8267322040e-01
2.9675722754e-05 1.3209383236e+04 1.5707963268e+00 -3.8603223385e-01
2.9933950802e-05 1.3209265499e+04 1.5707963268e+00 -3.8939130663e-01
3.0192183555e-05 1.3209146685e+04 1.5707963268e+00 -3.9275043929e-01
3.0450421054e-05 1.3209026795e+04 1.5707963268e+00 -3.9610963237e-01
3.0708663345e-05 1.3208905826e+04 1.5707963268e+00 -3.9946888644e-01
3.0966910471e-05 1.3208783778e+04 1.5707963268e+00 -4.0282820203e-01
3.1225162473e-05 1.3208660648e+04 1.5707963268e+00 -4.0618757970e-01
3.1483419397e-05 1.3208536436e+04 1.5707963268e+00 -4.0954702000e-01
3.1741681286e-05 1.3208411140e+04 1.5707963268e+00 -4.1290652349e-01
3.1999948183e-05 1.3208284759e+04 1.5707963268e+00 -4.1626609071e-01
3.2258220132e-05 1.3208157291e+04 1.5707963268e+00 -4.1962572223e-01
3.2516497177e-05 1.3208028734e+04 1.5707963268e+00 -4.2298541858e-01
3.2774779362e-05 1.3207899087e+04 1.5707963268e+00 -4.2634518034e-01
3.3033066730e-05 1.3207768350e+04 1.5707963268e+00 -4.2970500806e-01
3.3291359325e-05 1.3207636519e+04 1.5707963268e+00 -4.3306490229e-01
3.3549657192e-05 1.3207503594e+04 1.5707963268e+00 -4.3642486359e-01
3.3807960374e-05 1.3207369573e+04 1.5707963268e+00 -4.3978489252e-01
3.4066268916e-05 1.3207234455e+04 1.5707963268e+00 -4.4314498965e-01
3.4324582862e-05 1.3207098238e+04 1.5707963268e+00 -4.4650515552e-01
3.4582902256e-05 1.3206960920e+04 1.5707963268e+00 -4.4986539071e-01
3.4841227142e-05 1.3206822500e+04 1.5707963268e+00 -4.5322569577e-01
3.5099557565e-05 1.3206682977e+04 1.5707963268e+00 -4.5658607127e-01
3.5357893570e-05 1.3206542348e+04 1.5707963268e+00 -4.5994651777e-01
3.5616235201e-05 1.3206400612e+04 1.5707963268e+00 -4.6330703584e-01
3.5874582503e-05 1.3206257767e+04 1.5707963268e+00 -4.6666762604e-01
3.6132935520e-05 1.3206113813e+04 1.5707963268e+00 -4.7002828893e-01
3.6391294297e-05 1.3205968746e+04 1.5707963268e+00 -4.7338902510e-01
3.6649658879e-05 1.3205822566e+04 1.5707963268e+00 -4.7674983509e-01
3.6908029312e-05 1.3205675270e+04 1.5707963268e+00 -4.8011071949e-01
3.7166405639e-05 1.3205526858e+04 1.5707963268e+00 -4.8347167887e-01
3.7424787907e-05 1.3205377327e+04 1.5707963268e+00 -4.8683271378e-01
3.7683176160e-05 1.3205226676e+04 1.5707963268e+00 -4.9019382482e-01
3.7941570444e-05 1.3205074902e+04 1.5707963268e+00 -4.9355501254e-01
3.8199970803e-05 1.3204922004e+04 1.5707963268e+00 -4.9691627753e-01
3.8458377284e-05 1.3204767981e+04 1.5707963268e+00 -5.0027762036e-01
3.8716789932e-05 1.3204612831e+04 1.5707963268e+00 -5.0363904159e-01
3.8975208793e-05 1.3204456551e+04 1.5707963268e+00 -5.0700054182e-01
3.9233633911e-05 1.3204299140e+04 1.5707963268e+00 -5.1036212162e-01
3.9492065334e-05 1.3204140596e+04 1.5707963268e+00 -5.1372378157e-01
3.9750503106e-05 1.3203980918e+04 1.5707963268e+00 -5.1708552224e-01
4.0008947274e-05 1.3203820103e+04 1.5707963268e+00 -5.2044734422e-01
4.0267397883e-05 1.3203658150e+04 1.5707963268e+00 -5.2380924809e-01
4.0525854980e-05 1.3203495056e+04 1.5707963268e+00 -5.2717123443e-01
4.0784318611e-05 1.3203330820e+04 1.5707963268e+00 -5.3053330382e-01
4.1042788822e-05 1.3203165440e+04 1.5707963268e+00 -5.3389545686e-01
4.1301265660e-05 1.3202998915e+04 1.5707963268e+00 -5.3725769412e-01
4.1559749171e-05 1.3202831241e+04 1.5707963268e+00 -5.4062001620e-01
4.1818239401e-05 1.3202662417e+04 1.5707963268e+00 -5.4398242367e-01
4.2076736397e-05 1.3202492442e+04 1.5707963268e+00 -5.4734491714e-01
4.2335240205e-05 1.3202321313e+04 1.5707963268e+00 -5.5070749719e-01
4.2593750873e-05 1.3202149028e+04 1.5707963268e+00 -5.5407016440e-01
4.2852268448e-05 1.3201975586e+04 1.5707963268e+00 -5.5743291938e-01
4.3110792976e-05 1.3201800983e+04 1.5707963268e+00 -5.6079576272e-01
4.3369324504e-05 1.3201625219e+04 1.5707963268e+00 -5.6415869500e-01
4.3627863080e-05 1.3201448291e+04 1.5707963268e+00 -5.6752171683e-01
4.3886408750e-05 1.3201270198e+04 1.5707963268e+00 -5.7088482880e-01
4.4144961563e-05 1.3201090936e+04 1.5707963268e+00 -5.7424803152e-01
4.4403521565e-05 1.3200910504e+04 1.5707963268e+00 -5.7761132557e-01
4.4662088804e-05 1.3200728901e+04 1.5707963268e+00 -5.8097471156e-01
4.4920663328e-05 1.3200546123e+04 1.5707963268e+00 -5.8433819009e-01
4.5179245184e-05 1.3200362169e+04 1.5707963268e+00 -5.8770176176e-01
4.5437834421e-05 1.3200177036e+04 1.5707963268e+00 -5.9106542718e-01
4.5696431085e-05 1.3199990723e+04 1.5707963268e+00 -5.9442918694e-01
4.5955035226e-05 1.3199803227e+04 1.5707963268e+00 -5.9779304167e-01
4.6213646891e-05 1.3199614546e+04 1.5707963268e+00 -6.0115699195e-01
4.6472266128e-05 1.3199424678e+04 1.5707963268e+00 -6.0452103840e-01
4.6730892986e-05 1.3199233621e+04 1.5707963268e+00 -6.0788518164e-01
4.6989527513e-05 1.3199041372e+04 1.5707963268e+00 -6.1124942226e-01
4.7248169758e-05 1.3198847929e+04 1.5707963268e+00 -6.1461376088e-01
4.7506819769e-05 1.3198653291e+04 1.5707963268e+00 -6.1797819812e-01
4.7765477595e-05 1.3198457454e+04 1.5707963268e+00 -6.2134273459e-01
4.8024143285e-05 1.3198260416e+04 1.5707963268e+00 -6.2470737090e-01
4.8282816888e-05 1.3198062176e+04 1.5707963268e+00 -6.2807210767e-01
4.8541498452e-05 1.3197862731e+04 1.5707963268e+00 -6.3143694552e-01
4.8800188027e-05 1.3197662078e+04 1.5707963268e+00 -6.3480188506e-01
4.9058885662e-05 1.3197460215e+04 1.5707963268e+00 -6.3816692692e-01
4.9317591407e-05 1.3197257141e+04 1.5707963268e+00 -6.4153207172e-01
4.9576305311e-05 1.3197052851e+04 1.5707963268e+00 -6.4489732009e-01
4.9835027423e-05 1.3196847345e+04 1.5707963268e+00 -6.4826267264e-01
5.0093757794e-05 1.3196640620e+04 1.5707963268e+00 -6.5162813000e-01
5.0352496472e-05 1.3196432673e+04 1.5707963268e+00 -6.5499369279e-01
5.0611243508e-05 1.3196223502e+04 1.5707963268e+00 -6.5835936166e-01
5.0869998952e-05 1.3196013105e+04 1.5707963268e+00 -6.6172513722e-01
5.1128762854e-05 1.3195801478e+04 1.5707963268e+00 -6.6509102010e-01
5.1387535264e-05 1.3195588620e+04 1.5707963268e+00 -6.6845701095e-01
5.1646316233e-05 1.3195374528e+04 1.5707963268e+00 -6.7182311039e-01
5.1905105811e-05 1.3195159200e+04 1.5707963268e+00 -6.7518931905e-01
5.2163904048e-05 1.3194942633e+04 1.5707963268e+00 -6.7855563757e-01
5.2422710996e-05 1.3194724825e+04 1.5707963268e+00 -6.8192206660e-01
5.2681526704e-05 1.3194505772e+04 1.5707963268e+00 -6.8528860676e-01
5.2940351225e-05 1.3194285473e+04 1.5707963268e+00 -6.8865525871e-01
5.3199184609e-05 1.3194063926e+04 1.5707963268e+00 -6.9202202307e-01
5.3458026907e-05 1.3193841126e+04 1.5707963268e+00 -6.9538890050e-01
5.3716878170e-05 1.3193617072e+04 1.5707963268e+00 -6.9875589164e-01
5.3975738450e-05 1.3193391761e+04 1.5707963268e+00 -7.0212299713e-01
5.4234607799e-05 1.3193165191e+04 1.5707963268e+00 -7.0549021763e-01
5.4493486268e-05 1.3192937359e+04 1.5707963268e+00 -7.0885755377e-01
5.4752373908e-05 1.3192708262e+04 1.5707963268e+00 -7.1222500622e-01
5.5011270773e-05 1.3192477898e+04 1.5707963268e+00 -7.1559257561e-01
5.5270176912e-05 1.3192246263e+04 1.5707963268e+00 -7.1896026262e-01
5.5529092380e-05 1.3192013356e+04 1.5707963268e+00 -7.2232806788e-01
5.5788017228e-05 1.3191779173e+04 1.5707963268e+00 -7.2569599206e-01
5.6046951508e-05 1.3191543712e+04 1.5707963268e+00 -7.2906403581e-01
5.6305895274e-05 1.3191306970e+04 1.5707963268e+00 -7.3243219980e-01
5.6564848577e-05 1.3191068944e+04 1.5707963268e+00 -7.3580048468e-01
5.6823811470e-05 1.3190829631e+04 1.5707963268e+00 -7.3916889112e-01
5.7082784007e-05 1.3190589029e+04 1.5707963268e+00 -7.4253741977e-01
5.7341766240e-05 1.3190347135e+04 1.5707963268e+00 -7.4590607131e-01
5.7600758223e-05 1.3190103946e+04 1.5707963268e+00 -7.4927484640e-01
5.7859760008e-05 1.3189859459e+04 1.5707963268e+00 -7.5264374571e-01
5.8118771650e-05 1.3189613672e+04 1.5707963268e+00 -7.5601276991e-01
5.8377793201e-05 1.3189366581e+04 1.5707963268e+00 -7.5938191967e-01
5.8636824716e-05 1.3189118183e+04 1.5707963268e+00 -7.6275119567e-01
5.8895866248e-05 1.3188868476e+04 1.5707963268e+00 -7.6612059857e-01
5.9154917851e-05 1.3188617457e+04 1.5707963268e+00 -7.6949012906e-01
5.9413979580e-05 1.3188365123e+04 1.5707963268e+00 -7.7285978781e-01
5.9673051489e-05 1.3188111470e+04 1.5707963268e+00 -7.7622957550e-01
5.9932133631e-05 1.3187856497e+04 1.5707963268e+00 -7.7959949281e-01
6.0191226062e-05 1.3187600199e+04 1.5707963268e+00 -7.8296954043e-01
6.0450328836e-05 1.3187342574e+04 1.5707963268e+00 -7.8633971904e-01
6.0709442007e-05 1.3187083619e+04 1.5707963268e+00 -7.8971002932e-01
6.0968565632e-05 1.3186823331e+04 1.5707963268e+00 -7.9308047197e-01
6.1227699765e-05 1.3186561707e+04 1.5707963268e+00 -7.9645104767e-01
6.1486844460e-05 1.3186298744e+04 1.5707963268e+00 -7.9982175711e-01
6.1745999774e-05 1.3186034438e+04 1.5707963268e+00 -8.0319260099e-01
6.2005165763e-05 1.3185768787e+04 1.5707963268e+00 -8.0656357999e-01
6.2264342480e-05 1.3185501787e+04 1.5707963268e+00 -8.0993469483e-01
6.2523529984e-05 1.3185233436e+04 1.5707963268e+00 -8.1330594619e-01
6.2782728328e-05 1.3184963730e+04 1.5707963268e+00 -8.1667733477e-01
6.3041937570e-05 1.3184692666e+04 1.5707963268e+00 -8.2004886127e-01
6.3301157766e-05 1.3184420240e+04 1.5707963268e+00 -8.2342052641e-01
6.3560388972e-05 1.3184146451e+04 1.5707963268e+00 -8.2679233087e-01
6.3819631245e-05 1.3183871294e+04 1.5707963268e+00 -8.3016427538e-01
6.4078884640e-05 1.3183594766e+04 1.5707963268e+00 -8.3353636063e-01
6.4338149216e-05 1.3183316864e+04 1.5707963268e+00 -8.3690858734e-01
6.4597425029e-05 1.3183037585e+04 1.5707963268e+00 -8.4028095622e-01
6.4856712137e-05 1.3182756925e+04 1.5707963268e+00 -8.4365346798e-01
6.5116010596e-05 1.3182474882e+04 1.5707963268e+00 -8.4702612333e-01
6.5375320464e-05 1.3182191451e+04 1.5707963268e+00 -8.5039892301e-01
6.5634641799e-05 1.3181906630e+04 1.5707963268e+00 -8.5377186771e-01
6.5893974658e-05 1.3181620415e+04 1.5707963268e+00 -8.5714495818e-01
6.6153319099e-05 1.3181332803e+04 1.5707963268e+00 -8.6051819512e-01
6.6412675181e-05 1.3181043790e+04 1.5707963268e+00 -8.6389157926e-01
6.6672042962e-05 1.3180753373e+04 1.5707963268e+00 -8.6726511133e-01
6.6931422500e-05 1.3180461549e+04 1.5707963268e+00 -8.7063879206e-01
6.7190813853e-05 1.3180168315e+04 1.5707963268e+00 -8.7401262218e-01
6.7450217081e-05 1.3179873666e+04 1.5707963268e+00 -8.7738660241e-01
6.7709632242e-05 1.3179577599e+04 1.5707963268e+00 -8.8076073351e-01
6.7969059395e-05 1.3179280111e+04 1.5707963268e+00 -8.8413501619e-01
6.8228498600e-05 1.3178981198e+04 1.5707963268e+00 -8.8750945119e-01
6.8487949916e-05 1.3178680857e+04 1.5707963268e+00 -8.9088403927e-01
6.8747413402e-05 1.3178379085e+04 1.5707963268e+00 -8.9425878116e-01
6.9006889119e-05 1.3178075877e+04 1.5707963268e+00 -8.9763367760e-01
6.9266377125e-05 1.3177771230e+04 1.5707963268e+00 -9.0100872933e-01
6.9525877482e-05 1.3177465141e+04 1.5707963268e+00 -9.0438393712e-01
6.9785390250e-05 1.3177157606e+04 1.5707963268e+00 -9.0775930170e-01
7.0044915488e-05 1.3176848621e+04 1.5707963268e+00 -9.1113482383e-01
7.0304453257e-05 1.3176538183e+04 1.5707963268e+00 -9.1451050426e-01
7.0564003619e-05 1.3176226288e+04 1.5707963268e+00 -9.1788634375e-01
7.0823566633e-05 1.3175912932e+04 1.5707963268e+00 -9.2126234306e-01
7.1083142362e-05 1.3175598112e+04 1.5707963268e+00 -9.2463850294e-01
7.1342730866e-05 1.3175281824e+04 1.5707963268e+00 -9.2801482415e-01
7.1602332207e-05 1.3174964065e+04 1.5707963268e+00 -9.3139130747e-01
7.1861946447e-05 1.3174644829e+04 1.5707963268e+00 -9.3476795366e-01
7.2121573647e-05 1.3174324115e+04 1.5707963268e+00 -9.3814476348e-01
7.2381213869e-05 1.3174001917e+04 1.5707963268e+00 -9.4152173771e-01
7.2640867175e-05 1.3173678232e+04 1.5707963268e+00 -9.4489887711e-01
7.2900533629e-05 1.3173353057e+04 1.5707963268e+00 -9.4827618247e-01
7.3160213291e-05 1.3173026387e+04 1.5707963268e+00 -9.5165365455e-01
7.3419906226e-05 1.3172698219e+04 1.5707963268e+00 -9.5503129415e-01
7.3679612496e-05 1.3172368549e+04 1.5707963268e+00 -9.5840910203e-01
7.3939332164e-05 1.3172037372e+04 1.5707963268e+00 -9.6178707898e-01
7.4199065293e-05 1.3171704686e+04 1.5707963268e+00 -9.6516522579e-01
7.4458811946e-05 1.3171370485e+04 1.5707963268e+00 -9.6854354324e-01
7.4718572189e-05 1.3171034767e+04 1.5707963268e+00 -9.7192203213e-01
7.4978346083e-05 1.3170697526e+04 1.5707963268e+00 -9.7530069324e-01
7.5238133694e-05 1.3170358760e+04 1.5707963268e+00 -9.7867952738e-01
7.5497935085e-05 1.3170018464e+04 1.5707963268e+00 -9.8205853532e-01
7.5757750322e-05 1.3169676633e+04 1.5707963268e+00 -9.8543771788e-01
7.6017579467e-05 1.3169333265e+04 1.5707963268e+00 -9.8881707586e-01
7.6277422588e-05 1.3168988355e+04 1.5707963268e+00 -9.9219661005e-01
7.6537279747e-05 1.3168641899e+04 1.5707963268e+00 -9.9557632127e-01
7.6797151011e-05 1.3168293892e+04 1.5707963268e+00 -9.9895621031e-01
7.7057036445e-05 1.3167944332e+04 1.5707963268e+00 -1.0023362780e+00
7.7316936115e-05 1.3167593212e+04 1.5707963268e+00 -1.0057165251e+00
7.7576850085e-05 1.3167240530e+04 1.5707963268e+00 -1.0090969525e+00
7.7836778423e-05 1.3166886282e+04 1.5707963268e+00 -1.0124775610e+00
7.8096721195e-05 1.3166530462e+04 1.5707963268e+00 -1.0158583514e+00
7.8356678467e-05 1.3166173067e+04 1.5707963268e+00 -1.0192393245e+00
7.8616650305e-05 1.3165814092e+04 1.5707963268e+00 -1.0226204812e+00
7.8876636776e-05 1.3165453534e+04 1.5707963268e+00 -1.0260018222e+00
7.9136637948e-05 1.3165091388e+04 1.5707963268e+00 -1.0293833485e+00
7.9396653887e-05 1.3164727650e+04 1.5707963268e+00 -1.0327650607e+00
7.9656684661e-05 1.3164362315e+04 1.5707963268e+00 -1.0361469599e+00
7.9916730338e-05 1.3163995378e+04 1.5707963268e+00 -1.0395290467e+00
8.0176790986e-05 1.3163626837e+04 1.5707963268e+00 -1.0429113221e+00
8.0436866672e-05 1.3163256686e+04 1.5707963268e+00 -1.0462937869e+00
8.0696957465e-05 1.3162884921e+04 1.5707963268e+00 -1.0496764419e+00
8.0957063433e-05 1.3162511537e+04 1.5707963268e+00 -1.0530592879e+00
8.1217184645e-05 1.3162136531e+04 1.5707963268e+00 -1.0564423259e+00
8.1477321170e-05 1.3161759897e+04 1.5707963268e+00 -1.0598255566e+00
8.1737473077e-05 1.3161381631e+04 1.5707963268e+00 -1.0632089810e+00
8.1997640436e-05 1.3161001729e+04 1.5707963268e+00 -1.0665925998e+00
8.2257823315e-05 1.3160620186e+04 1.5707963268e+00 -1.0699764140e+00
8.2518021786e-05 1.3160236997e+04 1.5707963268e+00 -1.0733604244e+00
8.2778235917e-05 1.3159852159e+04 1.5707963268e+00 -1.0767446318e+00
8.3038465780e-05 1.3159465666e+04 1.5707963268e+00 -1.0801290372e+00
8.3298711444e-05 1.3159077514e+04 1.5707963268e+00 -1.0835136414e+00
8.3558972980e-05 1.3158687698e+04 1.5707963268e+00 -1.0868984452e+00
8.3819250459e-05 1.3158296213e+04 1.5707963268e+00 -1.0902834495e+00
8.4079543953e-05 1.3157903056e+04 1.5707963268e+00 -1.0936686553e+00
8.4339853532e-05 1.3157508220e+04 1.5707963268e+00 -1.0970540634e+00
8.4600179269e-05 1.3157111703e+04 1.5707963268e+00 -1.1004396746e+00
8.4860521235e-05 1.3156713498e+04 1.5707963268e+00 -1.1038254899e+00
8.5120879502e-05 1.3156313601e+04 1.5707963268e+00 -1.1072115102e+00
8.5381254143e-05 1.3155912007e+04 1.5707963268e+00 -1.1105977362e+00
8.5641645229e-05 1.3155508712e+04 1.5707963268e+00 -1.1139841691e+00
8.5902052835e-05 1.3155103710e+04 1.5707963268e+00 -1.1173708095e+00
8.6162477032e-05 1.3154696998e+04 1.5707963268e+00 -1.1207576584e+00
8.6422917895e-05 1.3154288569e+04 1.5707963268e+00 -1.1241447168e+00
8.6683375496e-05 1.3153878419e+04 1.5707963268e+00 -1.1275319855e+00
8.6943849909e-05 1.3153466544e+04 1.5707963268e+00 -1.1309194654e+00
8.7204341209e-05 1.3153052938e+04 1.5707963268e+00 -1.1343071575e+00
8.7464849469e-05 1.3152637596e+04 1.5707963268e+00 -1.1376950626e+00
8.7725374764e-05 1.3152220513e+04 1.5707963268e+00 -1.1410831817e+00
8.7985917169e-05 1.3151801685e+04 1.5707963268e+00 -1.1444715157e+00
8.8246476758e-05 1.3151381107e+04 1.5707963268e+00 -1.1478600654e+00
8.8507053608e-05 1.3150958772e+04 1.5707963268e+00 -1.1512488319e+00
8.8767647792e-05 1.3150534677e+04 1.5707963268e+00 -1.1546378160e+00
8.9028259388e-05 1.3150108816e+04 1.5707963268e+00 -1.1580270188e+00
8.9288888470e-05 1.3149681184e+04 1.5707963268e+00 -1.1614164410e+00
8.9549535116e-05 1.3149251777e+04 1.5707963268e+00 -1.1648060836e+00
8.9810199402e-05 1.3148820588e+04 1.5707963268e+00 -1.1681959477e+00
9.0070881403e-05 1.3148387612e+04 1.5707963268e+00 -1.1715860340e+00
9.0331581199e-05 1.3147952846e+04 1.5707963268e+00 -1.1749763437e+00
9.0592298864e-05 1.3147516282e+04 1.5707963268e+00 -1.1783668775e+00
9.0853034478e-05 1.3147077917e+04 1.5707963268e+00 -1.1817576365e+00
9.1113788118e-05 1.3146637744e+04 1.5707963268e+00 -1.1851486216e+00
9.1374559861e-05 1.3146195759e+04 1.5707963268e+00 -1.1885398338e+00
9.1635349787e-05 1.3145751956e+04 1.5707963268e+00 -1.1919312739e+00
9.1896157973e-05 1.3145306330e+04 1.5707963268e+00 -1.1953229431e+00
9.2156984499e-05 1.3144858875e+04 1.5707963268e+00 -1.1987148422e+00
9.2417829444e-05 1.3144409587e+04 1.5707963268e+00 -1.2021069723e+00
9.2678692886e-05 1.3143958459e+04 1.5707963268e+00 -1.2054993342e+00
9.2939574907e-05 1.3143505487e+04 1.5707963268e+00 -1.2088919290e+00
9.3200475584e-05 1.3143050664e+04 1.5707963268e+00 -1.2122847576e+00
9.3461395000e-05 1.3142593986e+04 1.5707963268e+00 -1.2156778210e+00
9.3722333233e-05 1.3142135447e+04 1.5707963268e+00 -1.2190711202e+00
9.3983290365e-05 1.3141675041e+04 1.5707963268e+00 -1.2224646562e+00
9.4244266478e-05 1.3141212763e+04 1.5707963268e+00 -1.2258584300e+00
9.4505261651e-05 1.3140748608e+04 1.5707963268e+00 -1.2292524425e+00
9.4766275967e-05 1.3140282569e+04 1.5707963268e+00 -1.2326466948e+00
9.5027309508e-05 1.3139814641e+04 1.5707963268e+00 -1.2360411879e+00
9.5288362355e-05 1.3139344819e+04 1.5707963268e+00 -1.2394359227e+00
9.5549434592e-05 1.3138873096e+04 1.5707963268e+00 -1.2428309002e+00
9.5810526300e-05 1.3138399468e+04 1.5707963268e+00 -1.2462261216e+00
9.6071637563e-05 1.3137923928e+04 1.5707963268e+00 -1.2496215877e+00
9.6332768465e-05 1.3137446470e+04 1.5707963268e+00 -1.2530172996e+00
9.6593919088e-05 1.3136967090e+04 1.5707963268e+00 -1.2564132583e+00
9.6855089516e-05 1.3136485781e+04 1.5707963268e+00 -1.2598094649e+00
9.7116279834e-05 1.3136002537e+04 1.5707963268e+00 -1.2632059203e+00
9.7377490127e-05 1.3135517352e+04 1.5707963268e+00 -1.2666026256e+00
9.7638720478e-05 1.3135030221e+04 1.5707963268e+00 -1.2699995818e+00
9.7899970973e-05 1.3134541138e+04 1.5707963268e+00 -1.2733967900e+00
9.8161241698e-05 1.3134050096e+04 1.5707963268e+00 -1.2767942512e+00
9.8422532737e-05 1.3133557091e+04 1.5707963268e+00 -1.2801919664e+00
9.8683844177e-05 1.3133062115e+04 1.5707963268e+00 -1.2835899366e+00
9.8945176105e-05 1.3132565163e+04 1.5707963268e+00 -1.2869881630e+00
9.9206528606e-05 1.3132066230e+04 1.5707963268e+00 -1.2903866466e+00
9.9467901768e-05 1.3131565308e+04 1.5707963268e+00 -1.2937853884e+00
9.9729295678e-05 1.3131062392e+04 1.5707963268e+00 -1.2971843895e+00
9.9990710423e-05 1.3130557475e+04 1.5707963268e+00 -1.3005836510e+00
1.0025214609e-04 1.3130050552e+04 1.5707963268e+00 -1.3039831738e+00
1.0051360277e-04 1.3129541617e+04 1.5707963268e+00 -1.3073829592e+00
1.0077508055e-04 1.3129030663e+04 1.5707963268e+00 -1.3107830081e+00
1.0103657952e-04 1.3128517684e+04 1.5707963268e+00 -1.3141833216e+00
1.0129809976e-04 1.3128002674e+04 1.5707963268e+00 -1.3175839009e+00
1.0155964137e-04 1.3127485627e+04 1.5707963268e+00 -1.3209847469e+00
1.0182120444e-04 1.3126966535e+04 1.5707963268e+00 -1.3243858609e+00
1.0208278906e-04 1.3126445394e+04 1.5707963268e+00 -1.3277872438e+00
1.0234439531e-04 1.3125922197e+04 1.5707963268e+00 -1.3311888968e+00
1.0260602329e-04 1.3125396937e+04 1.5707963268e+00 -1.3345908210e+00
1.0286767309e-04 1.3124869608e+04 1.5707963268e+00 -1.3379930174e+00
1.0312934480e-04 1.3124340204e+04 1.5707963268e+00 -1.3413954872e+00
1.0339103851e-04 1.3123808717e+04 1.5707963268e+00 -1.3447982315e+00
1.0365275431e-04 1.3123275143e+04 1.5707963268e+00 -1.3482012513e+00
1.0391449230e-04 1.3122739473e+04 1.5707963268e+00 -1.3516045479e+00
1.0417625257e-04 1.3122201702e+04 1.5707963268e+00 -1.3550081224e+00
1.0443803521e-04 1.3121661824e+04 1.5707963268e+00 -1.3584119758e+00
1.0469984032e-04 1.3121119830e+04 1.5707963268e+00 -1.3618161092e+00
1.0496166798e-04 1.3120575716e+04 1.5707963268e+00 -1.3652205239e+00
1.0522351830e-04 1.3120029474e+04 1.5707963268e+00 -1.3686252209e+00
1.0548539137e-04 1.3119481098e+04 1.5707963268e+00 -1.3720302015e+00
1.0574728727e-04 1.3118930580e+04 1.5707963268e+00 -1.3754354666e+00
1.0600920612e-04 1.3118377915e+04 1.5707963268e+00 -1.3788410176e+00
1.0627114800e-04 1.3117823095e+04 1.5707963268e+00 -1.3822468555e+00
1.0653311300e-04 1.3117266114e+04 1.5707963268e+00 -1.3856529815e+00
1.0679510123e-04 1.3116706965e+04 1.5707963268e+00 -1.3890593967e+00
1.0705711278e-04 1.3116145641e+04 1.5707963268e+00 -1.3924661023e+00
1.0731914776e-04 1.3115582135e+04 1.5707963268e+00 -1.3958730995e+00
1.0758120624e-04 1.3115016441e+04 1.5707963268e+00 -1.3992803895e+00
1.0784328834e-04 1.3114448551e+04 1.5707963268e+00 -1.4026879733e+00
1.0810539415e-04 1.3113878458e+04 1.5707963268e+00 -1.4060958523e+00
1.0836752377e-04 1.3113306156e+04 1.5707963268e+00 -1.4095040276e+00
1.0862967729e-04 1.3112731638e+04 1.5707963268e+00 -1.4129125003e+00
1.0889185483e-04 1.3112154895e+04 1.5707963268e+00 -1.4163212717e+00
1.0915405647e-04 1.3111575923e+04 1.5707963268e+00 -1.4197303430e+00
1.0941628231e-04 1.3110994712e+04 1.5707963268e+00 -1.4231397153e+00
1.0967853246e-04 1.3110411257e+04 1.5707963268e+00 -1.4265493899e+00
1.0994080702e-04 1.3109825549e+04 1.5707963268e+00 -1.4299593679e+00
1.1020310609e-04 1.3109237583e+04 1.5707963268e+00 -1.4333696506e+00
1.1046542977e-04 1.3108647350e+04 1.5707963268e+00 -1.4367802393e+00
1.1072777815e-04 1.3108054844e+04 1.5707963268e+00 -1.4401911350e+00
1.1099015136e-04 1.3107460056e+04 1.5707963268e+00 -1.4436023391e+00
1.1125254947e-04 1.3106862981e+04 1.5707963268e+00 -1.4470138527e+00
1.1151497261e-04 1.3106263609e+04 1.5707963268e+00 -1.4504256772e+00
1.1177742086e-04 1.3105661935e+04 1.5707963268e+00 -1.4538378137e+00
1.1203989434e-04 1.3105057951e+04 1.5707963268e+00 -1.4572502635e+00
1.1230239316e-04 1.3104451649e+04 1.5707963268e+00 -1.4606630278e+00
1.1256491740e-04 1.3103843021e+04 1.5707963268e+00 -1.4640761079e+00
1.1282746718e-04 1.3103232061e+04 1.5707963268e+00 -1.4674895051e+00
1.1309004261e-04 1.3102618761e+04 1.5707963268e+00 -1.4709032205e+00
1.1335264379e-04 1.3102003113e+04 1.5707963268e+00 -1.4743172555e+00
1.1361527082e-04 1.3101385109e+04 1.5707963268e+00 -1.4777316113e+00
1.1387792382e-04 1.3100764743e+04 1.5707963268e+00 -1.4811462892e+00
1.1414060288e-04 1.3100142006e+04 1.5707963268e+00 -1.4845612905e+00
1.1440330812e-04 1.3099516890e+04 1.5707963268e+00 -1.4879766165e+00
1.1466603965e-04 1.3098889389e+04 1.5707963268e+00 -1.4913922684e+00
1.1492879756e-04 1.3098259494e+04 1.5707963268e+00 -1.4948082475e+00
1.1519158198e-04 1.3097627197e+04 1.5707963268e+00 -1.4982245552e+00
1.1545439301e-04 1.3096992491e+04 1.5707963268e+00 -1.5016411927e+00
1.1571723075e-04 1.3096355367e+04 1.5707963268e+00 -1.5050581614e+00
1.1598009533e-04 1.3095715819e+04 1.5707963268e+00 -1.5084754625e+00
1.1624298684e-04 1.3095073837e+04 1.5707963268e+00 -1.5118930973e+00
1.1650590541e-04 1.3094429415e+04 1.5707963268e+00 -1.5153110673e+00
1.1676885113e-04 1.3093782543e+04 1.5707963268e+00 -1.5187293736e+00
1.1703182413e-04 1.3093133215e+04 1.5707963268e+00 -1.5221480177e+00
1.1729482451e-04 1.3092481422e+04 1.5707963268e+00 -1.5255670008e+00
1.1755785239e-04 1.3091827155e+04 1.5707963268e+00 -1.5289863244e+00
1.1782090788e-04 1.3091170408e+04 1.5707963268e+00 -1.5324059897e+00
1.1808399109e-04 1.3090511171e+04 1.5707963268e+00 -1.5358259980e+00
1.1834710213e-04 1.3089849436e+04 1.5707963268e+00 -1.5392463509e+00
1.1861024113e-04 1.3089185196e+04 1.5707963268e+00 -1.5426670495e+00
1.1887340820e-04 1.3088518442e+04 1.5707963268e+00 -1.5460880953e+00
1.1913660344e-04 1.3087849166e+04 1.5707963268e+00 -1.5495094896e+00
1.1939982698e-04 1.3087177359e+04 1.5707963268e+00 -1.5529312338e+00
1.1966307893e-04 1.3086503013e+04 1.5707963268e+00 -1.5563533294e+00
1.1992635942e-04 1.3085826120e+04 1.5707963268e+00 -1.5597757775e+00
1.2018966854e-04 1.3085146671e+04 1.5707963268e+00 -1.5631985797e+00
1.2045300643e-04 1.3084464658e+04 1.5707963268e+00 -1.5666217374e+00
1.2071637320e-04 1.3083780072e+04 1.5707963268e+00 -1.5700452519e+00
1.2097976897e-04 1.3083092905e+04 1.5707963268e+00 -1.5734691246e+00
1.2124319386e-04 1.3082403148e+04 1.5707963268e+00 -1.5768933570e+00
1.2150664799e-04 1.3081710793e+04 1.5707963268e+00 -1.5803179505e+00
1.2177013147e-04 1.3081015831e+04 1.5707963268e+00 -1.5837429064e+00
1.2203364443e-04 1.3080318253e+04 1.5707963268e+00 -1.5871682262e+00
1.2229718698e-04 1.3079618051e+04 1.5707963268e+00 -1.5905939114e+00
1.2256075926e-04 1.3078915216e+04 1.5707963268e+00 -1.5940199633e+00
1.2282436138e-04 1.3078209738e+04 1.5707963268e+00 -1.5974463834e+00
1.2308799346e-04 1.3077501610e+04 1.5707963268e+00 -1.6008731731e+00
1.2335165562e-04 1.3076790823e+04 1.5707963268e+00 -1.6043003340e+00
1.2361534800e-04 1.3076077367e+04 1.5707963268e+00 -1.6077278674e+00
1.2387907070e-04 1.3075361233e+04 1.5707963268e+00 -1.6111557747e+00
1.2414282386e-04 1.3074642413e+04 1.5707963268e+00 -1.6145840576e+00
1.2440660761e-04 1.3073920898e+04 1.5707963268e+00 -1.6180127174e+00
1.2467042206e-04 1.3073196678e+04 1.5707963268e+00 -1.6214417556e+00
1.2493426734e-04 1.3072469745e+04 1.5707963268e+00 -1.6248711738e+00
1.2519814358e-04 1.3071740089e+04 1.5707963268e+00 -1.6283009733e+00
1.2546205091e-04 1.3071007701e+04 1.5707963268e+00 -1.6317311556e+00
1.2572598945e-04 1.3070272573e+04 1.5707963268e+00 -1.6351617224e+00
1.2598995932e-04 1.3069534694e+04 1.5707963268e+00 -1.6385926750e+00
1.2625396067e-04 1.3068794055e+04 1.5707963268e+00 -1.6420240150e+00
1.2651799361e-04 1.3068050648e+04 1.5707963268e+00 -1.6454557440e+00
1.2678205828e-04 1.3067304463e+04 1.5707963268e+00 -1.6488878633e+00
1.2704615481e-04 1.3066555490e+04 1.5707963268e+00 -1.6523203746e+00
1.2731028332e-04 1.3065803720e+04 1.5707963268e+00 -1.6557532794e+00
1.2757444395e-04 1.3065049144e+04 1.5707963268e+00 -1.6591865792e+00
1.2783863683e-04 1.3064291752e+04 1.5707963268e+00 -1.6626202755e+00
1.2810286208e-04 1.3063531534e+04 1.5707963268e+00 -1.6660543700e+00
1.2836711986e-04 1.3062768482e+04 1.5707963268e+00 -1.6694888641e+00
1.2863141028e-04 1.3062002585e+04 1.5707963268e+00 -1.6729237594e+00
1.2889573347e-04 1.3061233833e+04 1.5707963268e+00 -1.6763590576e+00
1.2916008959e-04 1.3060462217e+04 1.5707963268e+00 -1.6797947601e+00
1.2942447875e-04 1.3059687728e+04 1.5707963268e+00 -1.6832308685e+00
1.2968890109e-04 1.3058910354e+04 1.5707963268e+00 -1.6866673845e+00
1.2995335676e-04 1.3058130088e+04 1.5707963268e+00 -1.6901043095e+00
1.3021784588e-04 1.3057346918e+04 1.5707963268e+00 -1.6935416453e+00
1.3048236860e-04 1.3056560835e+04 1.5707963268e+00 -1.6969793934e+00
1.3074692505e-04 1.3055771829e+04 1.5707963268e+00 -1.7004175554e+00
1.3101151536e-04 1.3054979889e+04 1.5707963268e+00 -1.7038561330e+00
1.3127613969e-04 1.3054185007e+04 1.5707963268e+00 -1.7072951277e+00
1.3154079816e-04 1.3053387171e+04 1.5707963268e+00 -1.7107345412e+00
1.3180549092e-04 1.3052586372e+04 1.5707963268e+00 -1.7141743751e+00
1.3207021811e-04 1.3051782599e+04 1.5707963268e+00 -1.7176146311e+00
1.3233497987e-04 1.3050975843e+04 1.5707963268e+00 -1.7210553107e+00
1.3259977633e-04 1.3050166092e+04 1.5707963268e+00 -1.7244964157e+00
1.3286460765e-04 1.3049353337e+04 1.5707963268e+00 -1.7279379478e+00
1.3312947397e-04 1.3048537568e+04 1.5707963268e+00 -1.7313799085e+00
1.3339437542e-04 1.3047718773e+04 1.5707963268e+00 -1.7348222995e+00
1.3365931216e-04 1.3046896944e+04 1.5707963268e+00 -1.7382651225e+00
1.3392428432e-04 1.3046072068e+04 1.5707963268e+00 -1.7417083793e+00
1.3418929206e-04 1.3045244136e+04 1.5707963268e+00 -1.7451520715e+00
1.3445433552e-04 1.3044413136e+04 1.5707963268e+00 -1.7485962007e+00
1.3471941484e-04 1.3043579060e+04 1.5707963268e+00 -1.7520407687e+00
1.3498453018e-04 1.3042741895e+04 1.5707963268e+00 -1.7554857772e+00
1.3524968167e-04 1.3041901631e+04 1.5707963268e+00 -1.7589312280e+00
1.3551486948e-04 1.3041058258e+04 1.5707963268e+00 -1.7623771227e+00
1.3578009374e-04 1.3040211764e+04 1.5707963268e+00 -1.7658234630e+00
1.3604535461e-04 1.3039362139e+04 1.5707963268e+00 -1.7692702508e+00
1.3631065224e-04 1.3038509371e+04 1.5707963268e+00 -1.7727174877e+00
1.3657598678e-04 1.3037653451e+04 1.5707963268e+00 -1.7761651755e+00
1.3684135837e-04 1.3036794367e+04 1.5707963268e+00 -1.7796133159e+00
1.3710676718e-04 1.3035932108e+04 1.5707963268e+00 -1.7830619108e+00
1.3737221336e-04 1.3035066663e+04 1.5707963268e+00 -1.7865109618e+00
1.3763769706e-04 1.3034198021e+04 1.5707963268e+00 -1.7899604708e+00
1.3790321843e-04 1.3033326170e+04 1.5707963268e+00 -1.7934104396e+00
1.3816877762e-04 1.3032451100e+04 1.5707963268e+00 -1.7968608698e+00
1.3843437481e-04 1.3031572800e+04 1.5707963268e+00 -1.8003117635e+00
1.3870001013e-04 1.3030691257e+04 1.5707963268e+00 -1.8037631222e+00
1.3896568375e-04 1.3029806461e+04 1.5707963268e+00 -1.8072149479e+00
1.3923139582e-04 1.3028918400e+04 1.5707963268e+00 -1.8106672423e+00
1.3949714651e-04 1.3028027064e+04 1.5707963268e+00 -1.8141200074e+00
1.3976293597e-04 1.3027132439e+04 1.5707963268e+00 -1.8175732448e+00
1.4002876436e-04 1.3026234516e+04 1.5707963268e+00 -1.8210269566e+00
1.4029463185e-04 1.3025333281e+04 1.5707963268e+00 -1.8244811444e+00
1.4056053859e-04 1.3024428725e+04 1.5707963268e+00 -1.8279358102e+00
1.4082648474e-04 1.3023520834e+04 1.5707963268e+00 -1.8313909558e+00
1.4109247047e-04 1.3022609598e+04 1.5707963268e+00 -1.8348465832e+00
1.4135849594e-04 1.3021695004e+04 1.5707963268e+00 -1.8383026940e+00
1.4162456132e-04 1.3020777041e+04 1.5707963268e+00 -1.8417592904e+00
1.4189066677e-04 1.3019855697e+04 1.5707963268e+00 -1.8452163741e+00
1.4215681245e-04 1.3018930959e+04 1.5707963268e+00 -1.8486739470e+00
1.4242299853e-04 1.3018002817e+04 1.5707963268e+00 -1.8521320111e+00
1.4268922518e-04 1.3017071257e+04 1.5707963268e+00 -1.8555905682e+00
1.4295549257e-04 1.3016136268e+04 1.5707963268e+00 -1.8590496204e+00
1.4322180086e-04 1.3015197838e+04 1.5707963268e+00 -1.8625091694e+00
1.4348815022e-04 1.3014255954e+04 1.5707963268e+00 -1.8659692173e+00
1.4375454083e-04 1.3013310605e+04 1.5707963268e+00 -1.8694297660e+00
1.4402097284e-04 1.3012361777e+04 1.5707963268e+00 -1.8728908174e+00
1.4428744645e-04 1.3011409460e+04 1.5707963268e+00 -1.8763523735e+00
1.4455396181e-04 1.3010453639e+04 1.5707963268e+00 -1.8798144363e+00
1.4482051910e-04 1.3009494303e+04 1.5707963268e+00 -1.8832770078e+00
1.4508711849e-04 1.3008531440e+04 1.5707963268e+00 -1.8867400899e+00
1.4535376016e-04 1.3007565037e+04 1.5707963268e+00 -1.8902036846e+00
1.4562044428e-04 1.3006595080e+04 1.5707963268e+00 -1.8936677939e+00
1.4588717103e-04 1.3005621559e+04 1.5707963268e+00 -1.8971324199e+00
1.4615394059e-04 1.3004644459e+04 1.5707963268e+00 -1.9005975645e+00
1.4642075313e-04 1.3003663768e+04 1.5707963268e+00 -1.9040632297e+00
1.4668760883e-04 1.3002679473e+04 1.5707963268e+00 -1.9075294177e+00
1.4695450787e-04 1.3001691562e+04 1.5707963268e+00 -1.9109961304e+00
1.4722145043e-04 1.3000700022e+04 1.5707963268e+00 -1.9144633699e+00
1.4748843670e-04 1.2999704839e+04 1.5707963268e+00 -1.9179311382e+00
1.4775546684e-04 1.2998706000e+04 1.5707963268e+00 -1.9213994374e+00
1.4802254106e-04 1.2997703493e+04 1.5707963268e+00 -1.9248682696e+00
1.4828965952e-04 1.2996697304e+04 1.5707963268e+00 -1.9283376369e+00
1.4855682241e-04 1.2995687420e+04 1.5707963268e+00 -1.9318075413e+00
1.4882402992e-04 1.2994673828e+04 1.5707963268e+00 -1.9352779849e+00
1.4909128223e-04 1.2993656514e+04 1.5707963268e+00 -1.9387489699e+00
1.4935857954e-04 1.2992635465e+04 1.5707963268e+00 -1.9422204984e+00
1.4962592202e-04 1.2991610669e+04 1.5707963268e+00 -1.9456925725e+00
1.4989330987e-04 1.2990582110e+04 1.5707963268e+00 -1.9491651942e+00
1.5016074327e-04 1.2989549776e+04 1.5707963268e+00 -1.9526383659e+00
1.5042822241e-04 1.2988513653e+04 1.5707963268e+00 -1.9561120895e+00
1.5069574750e-04 1.2987473727e+04 1.5707963268e+00 -1.9595863674e+00
1.5096331871e-04 1.2986429986e+04 1.5707963268e+00 -1.9630612015e+00
1.5123093624e-04 1.2985382414e+04 1.5707963268e+00 -1.9665365942e+00
1.5149860028e-04 1.2984330998e+04 1.5707963268e+00 -1.9700125475e+00
1.5176631103e-04 1.2983275724e+04 1.5707963268e+00 -1.9734890638e+00
1.5203406869e-04 1.2982216578e+04 1.5707963268e+00 -1.9769661452e+00
1.5230187344e-04 1.2981153547e+04 1.5707963268e+00 -1.9804437938e+00
1.5256972549e-04 1.2980086616e+04 1.5707963268e+00 -1.9839220120e+00
1.5283762504e-04 1.2979015771e+04 1.5707963268e+00 -1.9874008019e+00
1.5310557228e-04 1.2977940997e+04 1.5707963268e+00 -1.9908801658e+00
1.5337356742e-04 1.2976862281e+04 1.5707963268e+00 -1.9943601060e+00
1.5364161065e-04 1.2975779609e+04 1.5707963268e+00 -1.9978406247e+00
1.5390970217e-04 1.2974692965e+04 1.5707963268e+00 -2.0013217241e+00
1.5417784220e-04 1.2973602336e+04 1.5707963268e+00 -2.0048034066e+00
1.5444603093e-04 1.2972507706e+04 1.5707963268e+00 -2.0082856744e+00
1.5471426856e-04 1.2971409062e+04 1.5707963268e+00 -2.0117685298e+00
1.5498255531e-04 1.2970306388e+04 1.5707963268e+00 -2.0152519752e+00
1.5525089138e-04 1.2969199671e+04 1.5707963268e+00 -2.0187360128e+00
1.5551927698e-04 1.2968088895e+04 1.5707963268e+00 -2.0222206450e+00
1.5578771231e-04 1.2966974045e+04 1.5707963268e+00 -2.0257058740e+00
1.5605619758e-04 1.2965855106e+04 1.5707963268e+00 -2.0291917023e+00
1.5632473302e-04 1.2964732065e+04 1.5707963268e+00 -2.0326781322e+00
1.5659331882e-04 1.2963604905e+04 1.5707963268e+00 -2.0361651661e+00
1.5686195519e-04 1.2962473611e+04 1.5707963268e+00 -2.0396528063e+00
1.5713064236e-04 1.2961338169e+04 1.5707963268e+00 -2.0431410551e+00
1.5739938054e-04 1.2960198562e+04 1.5707963268e+00 -2.0466299151e+00
1.5766816994e-04 1.2959054777e+04 1.5707963268e+00 -2.0501193886e+00
1.5793701078e-04 1.2957906797e+04 1.5707963268e+00 -2.0536094781e+00
1.5820590328e-04 1.2956754608e+04 1.5707963268e+00 -2.0571001858e+00
1.5847484765e-04 1.2955598193e+04 1.5707963268e+00 -2.0605915144e+00
1.5874384412e-04 1.2954437537e+04 1.5707963268e+00 -2.0640834661e+00
1.5901289290e-04 1.2953272624e+04 1.5707963268e+00 -2.0675760435e+00
1.5928199422e-04 1.2952103440e+04 1.5707963268e+00 -2.0710692491e+00
1.5955114830e-04 1.2950929967e+04 1.5707963268e+00 -2.0745630852e+00
1.5982035536e-04 1.2949752191e+04 1.5707963268e+00 -2.0780575545e+00
1.6008961563e-04 1.2948570095e+04 1.5707963268e+00 -2.0815526593e+00
1.6035892934e-04 1.2947383663e+04 1.5707963268e+00 -2.0850484022e+00
1.6062829671e-04 1.2946192880e+04 1.5707963268e+00 -2.0885447857e+00
1.6089771797e-04 1.2944997729e+04 1.5707963268e+00 -2.0920418124e+00
1.6116719334e-04 1.2943798194e+04 1.5707963268e+00 -2.0955394847e+00
1.6143672307e-04 1.2942594259e+04 1.5707963268e+00 -2.0990378053e+00
1.6170630738e-04 1.2941385907e+04 1.5707963268e+00 -2.1025367766e+00
1.6197594650e-04 1.2940173123e+04 1.5707963268e+00 -2.1060364012e+00
1.6224564067e-04 1.2938955889e+04 1.5707963268e+00 -2.1095366818e+00
1.6251539012e-04 1.2937734190e+04 1.5707963268e+00 -2.1130376209e+00
1.6278519509e-04 1.2936508008e+04 1.5707963268e+00 -2.1165392211e+00
1.6305505582e-04 1.2935277327e+04 1.5707963268e+00 -2.1200414851e+00
1.6332497254e-04 1.2934042131e+04 1.5707963268e+00 -2.1235444154e+00
1.6359494549e-04 1.2932802401e+04 1.5707963268e+00 -2.1270480147e+00
1.6386497491e-04 1.2931558123e+04 1.5707963268e+00 -2.1305522856e+00
1.6413506106e-04 1.2930309277e+04 1.5707963268e+00 -2.1340572309e+00
1.6440520416e-04 1.2929055849e+04 1.5707963268e+00 -2.1375628531e+00
1.6467540446e-04 1.2927797819e+04 1.5707963268e+00 -2.1410691550e+00
1.6494566221e-04 1.2926535172e+04 1.5707963268e+00 -2.1445761392e+00
1.6521597766e-04 1.2925267890e+04 1.5707963268e+00 -2.1480838084e+00
1.6548635105e-04 1.2923995955e+04 1.5707963268e+00 -2.1515921654e+00
1.6575678263e-04 1.2922719351e+04 1.5707963268e+00 -2.1551012130e+00
1.6602727266e-04 1.2921438059e+04 1.5707963268e+00 -2.1586109537e+00
1.6629782137e-04 1.2920152062e+04 1.5707963268e+00 -2.1621213904e+00
1.6656842904e-04 1.2918861343e+04 1.5707963268e+00 -2.1656325259e+00
1.6683909590e-04 1.2917565883e+04 1.5707963268e+00 -2.1691443629e+00
1.6710982223e-04 1.2916265665e+04 1.5707963268e+00 -2.1726569042e+00
1.6738060826e-04 1.2914960671e+04 1.5707963268e+00 -2.1761701526e+00
1.6765145426e-04 1.2913650884e+04 1.5707963268e+00 -2.1796841110e+00
1.6792236050e-04 1.2912336284e+04 1.5707963268e+00 -2.1831987821e+00
1.6819332722e-04 1.2911016854e+04 1.5707963268e+00 -2.1867141687e+00
1.6846435470e-04 1.2909692576e+04 1.5707963268e+00 -2.1902302738e+00
1.6873544319e-04 1.2908363431e+04 1.5707963268e+00 -2.1937471002e+00
1.6900659295e-04 1.2907029401e+04 1.5707963268e+00 -2.1972646508e+00
1.6927780427e-04 1.2905690468e+04 1.5707963268e+00 -2.2007829284e+00
1.6954907739e-04 1.2904346613e+04 1.5707963268e+00 -2.2043019359e+00
1.6982041260e-04 1.2902997817e+04 1.5707963268e+00 -2.2078216763e+00
1.7009181016e-04 1.2901644062e+04 1.5707963268e+00 -2.2113421525e+00
1.7036327033e-04 1.2900285329e+04 1.5707963268e+00 -2.2148633675e+00
1.7063479340e-04 1.2898921598e+04 1.5707963268e+00 -2.2183853240e+00
1.7090637964e-04 1.2897552852e+04 1.5707963268e+00 -2.2219080253e+00
1.7117802932e-04 1.2896179071e+04 1.5707963268e+00 -2.2254314741e+00
1.7144974272e-04 1.2894800236e+04 1.5707963268e+00 -2.2289556735e+00
1.7172152012e-04 1.2893416327e+04 1.5707963268e+00 -2.2324806266e+00
1.7199336179e-04 1.2892027326e+04 1.5707963268e+00 -2.2360063362e+00
1.7226526803e-04 1.2890633213e+04 1.5707963268e+00 -2.2395328055e+00
1.7253723910e-04 1.2889233969e+04 1.5707963268e+00 -2.2430600375e+00
1.7280927529e-04 1.2887829573e+04 1.5707963268e+00 -2.2465880353e+00
1.7308137690e-04 1.2886420007e+04 1.5707963268e+00 -2.2501168018e+00
1.7335354420e-04 1.2885005251e+04 1.5707963268e+00 -2.2536463403e+00
1.7362577749e-04 1.2883585284e+04 1.5707963268e+00 -2.2571766537e+00
1.7389807705e-04 1.2882160087e+04 1.5707963268e+00 -2.2607077452e+00
1.7417044317e-04 1.2880729640e+04 1.5707963268e+00 -2.2642396180e+00
1.7444287615e-04 1.2879293922e+04 1.5707963268e+00 -2.2677722751e+00
1.7471537629e-04 1.2877852915e+04 1.5707963268e+00 -2.2713057198e+00
1.7498794387e-04 1.2876406596e+04 1.5707963268e+00 -2.2748399551e+00
1.7526057919e-04 1.2874954947e+04 1.5707963268e+00 -2.2783749843e+00
1.7553328256e-04 1.2873497946e+04 1.5707963268e+00 -2.2819108105e+00
1.7580605428e-04 1.2872035573e+04 1.5707963268e+00 -2.2854474370e+00
1.7607889464e-04 1.2870567807e+04 1.5707963268e+00 -2.2889848670e+00
1.7635180395e-04 1.2869094627e+04 1.5707963268e+00 -2.2925231038e+00
1.7662478251e-04 1.2867616014e+04 1.5707963268e+00 -2.2960621505e+00
1.7689783063e-04 1.2866131945e+04 1.5707963268e+00 -2.2996020105e+00
1.7717094863e-04 1.2864642399e+04 1.5707963268e+00 -2.3031426870e+00
1.7744413680e-04 1.2863147357e+04 1.5707963268e+00 -2.3066841833e+00
1.7771739546e-04 1.2861646795e+04 1.5707963268e+00 -2.3102265027e+00
1.7799072493e-04 1.2860140694e+04 1.5707963268e+00 -2.3137696487e+00
1.7826412552e-04 1.2858629032e+04 1.5707963268e+00 -2.3173136244e+00
1.7853759754e-04 1.2857111786e+04 1.5707963268e+00 -2.3208584333e+00
1.7881114132e-04 1.2855588936e+04 1.5707963268e+00 -2.3244040787e+00
1.7908475717e-04 1.2854060460e+04 1.5707963268e+00 -2.3279505641e+00
1.7935844541e-04 1.2852526336e+04 1.5707963268e+00 -2.3314978927e+00
1.7963220637e-04 1.2850986541e+04 1.5707963268e+00 -2.3350460682e+00
1.7990604038e-04 1.2849441055e+04 1.5707963268e+00 -2.3385950938e+00
1.8017994776e-04 1.2847889855e+04 1.5707963268e+00 -2.3421449730e+00
1.8045392883e-04 1.2846332918e+04 1.5707963268e+00 -2.3456957093e+00
1.8072798393e-04 1.2844770223e+04 1.5707963268e+00 -2.3492473062e+00
1.8100211340e-04 1.2843201747e+04 1.5707963268e+00 -2.3527997671e+00
1.8127631755e-04 1.2841627467e+04 1.5707963268e+00 -2.3563530957e+00
1.8155059674e-04 1.2840047361e+04 1.5707963268e+00 -2.3599072953e+00
1.8182495130e-04 1.2838461406e+04 1.5707963268e+00 -2.3634623696e+00
1.8209938156e-04 1.2836869580e+04 1.5707963268e+00 -2.3670183221e+00
1.8237388787e-04 1.2835271858e+04 1.5707963268e+00 -2.3705751565e+00
1.8264847057e-04 1.2833668219e+04 1.5707963268e+00 -2.3741328762e+00
1.8292313000e-04 1.2832058639e+04 1.5707963268e+00 -2.3776914849e+00
1.8319786652e-04 1.2830443095e+04 1.5707963268e+00 -2.3812509863e+00
1.8347268047e-04 1.2828821563e+04 1.5707963268e+00 -2.3848113839e+00
1.8374757219e-04 1.2827194020e+04 1.5707963268e+00 -2.3883726814e+00
1.8402254206e-04 1.2825560442e+04 1.5707963268e+00 -2.3919348826e+00
1.8429759040e-04 1.2823920806e+04 1.5707963268e+00 -2.3954979911e+00
1.8457271759e-04 1.2822275087e+04 1.5707963268e+00 -2.3990620106e+00
1.8484792399e-04 1.2820623263e+04 1.5707963268e+00 -2.4026269449e+00
1.8512320994e-04 1.2818965308e+04 1.5707963268e+00 -2.4061927977e+00
1.8539857582e-04 1.2817301199e+04 1.5707963268e+00 -2.4097595727e+00
1.8567402198e-04 1.2815630912e+04 1.5707963268e+00 -2.4133272738e+00
1.8594954880e-04 1.2813954421e+04 1.5707963268e+00 -2.4168959047e+00
1.8622515664e-04 1.2812271703e+04 1.5707963268e+00 -2.4204654694e+00
1.8650084588e-04 1.2810582733e+04 1.5707963268e+00 -2.4240359715e+00
1.8677661687e-04 1.2808887486e+04 1.5707963268e+00 -2.4276074149e+00
1.8705247001e-04 1.2807185938e+04 1.5707963268e+00 -2.4311798036e+00
1.8732840566e-04 1.2805478063e+04 1.5707963268e+00 -2.4347531415e+00
1.8760442420e-04 1.2803763836e+04 1.5707963268e+00 -2.4383274323e+00
1.8788052601e-04 1.2802043232e+04 1.5707963268e+00 -2.4419026801e+00
1.8815671148e-04 1.2800316226e+04 1.5707963268e+00 -2.4454788888e+00
1.8843298100e-04 1.2798582792e+04 1.5707963268e+00 -2.4490560624e+00
1.8870933494e-04 1.2796842905e+04 1.5707963268e+00 -2.4526342049e+00
1.8898577369e-04 1.2795096539e+04 1.5707963268e+00 -2.4562133201e+00
1.8926229766e-04 1.2793343668e+04 1.5707963268e+00 -2.4597934123e+00
1.8953890722e-04 1.2791584267e+04 1.5707963268e+00 -2.4633744854e+00
1.8981560278e-04 1.2789818309e+04 1.5707963268e+00 -2.4669565434e+00
1.9009238474e-04 1.2788045768e+04 1.5707963268e+00 -2.4705395905e+00
1.9036925350e-04 1.2786266618e+04 1.5707963268e+00 -2.4741236307e+00
1.9064620945e-04 1.2784480833e+04 1.5707963268e+00 -2.4777086682e+00
1.9092325300e-04 1.2782688385e+04 1.5707963268e+00 -2.4812947072e+00
1.9120038456e-04 1.2780889249e+04 1.5707963268e+00 -2.4848817516e+00
1.9147760455e-04 1.2779083397e+04 1.5707963268e+00 -2.4884698058e+00
1.9175491336e-04 1.2777270802e+04 1.5707963268e+00 -2.4920588740e+00
1.9203231142e-04 1.2775451438e+04 1.5707963268e+00 -2.4956489603e+00
1.9230979913e-04 1.2773625277e+04 1.5707963268e+00 -2.4992400690e+00
1.9258737693e-04 1.2771792292e+04 1.5707963268e+00 -2.5028322043e+00
1.9286504523e-04 1.2769952455e+04 1.5707963268e+00 -2.5064253706e+00
1.9314280446e-04 1.2768105739e+04 1.5707963268e+00 -2.5100195721e+00
1.9342065503e-04 1.2766252116e+04 1.5707963268e+00 -2.5136148131e+00
1.9369859739e-04 1.2764391558e+04 1.5707963268e+00 -2.5172110980e+00
1.9397663195e-04 1.2762524038e+04 1.5707963268e+00 -2.5208084312e+00
1.9425475916e-04 1.2760649527e+04 1.5707963268e+00 -2.5244068170e+00
1.9453297945e-04 1.2758767996e+04 1.5707963268e+00 -2.5280062598e+00
1.9481129326e-04 1.2756879418e+04 1.5707963268e+00 -2.5316067641e+00
1.9508970102e-04 1.2754983764e+04 1.5707963268e+00 -2.5352083343e+00
1.9536820319e-04 1.2753081006e+04 1.5707963268e+00 -2.5388109748e+00
1.9564680021e-04 1.2751171113e+04 1.5707963268e+00 -2.5424146903e+00
1.9592549253e-04 1.2749254059e+04 1.5707963268e+00 -2.5460194851e+00
1.9620428060e-04 1.2747329812e+04 1.5707963268e+00 -2.5496253638e+00
1.9648316487e-04 1.2745398345e+04 1.5707963268e+00 -2.5532323310e+00
1.9676214581e-04 1.2743459627e+04 1.5707963268e+00 -2.5568403913e+00
1.9704122386e-04 1.2741513630e+04 1.5707963268e+00 -2.5604495492e+00
1.9732039950e-04 1.2739560323e+04 1.5707963268e+00 -2.5640598094e+00
1.9759967318e-04 1.2737599677e+04 1.5707963268e+00 -2.5676711765e+00
1.9787904538e-04 1.2735631662e+04 1.5707963268e+00 -2.5712836552e+00
1.9815851657e-04 1.2733656247e+04 1.5707963268e+00 -2.5748972502e+00
1.9843808722e-04 1.2731673403e+04 1.5707963268e+00 -2.5785119662e+00
1.9871775780e-04 1.2729683099e+04 1.5707963268e+00 -2.5821278079e+00
1.9899752880e-04 1.2727685304e+04 1.5707963268e+00 -2.5857447802e+00
1.9927740069e-04 1.2725679988e+04 1.5707963268e+00 -2.5893628877e+00
1.9955737397e-04 1.2723667119e+04 1.5707963268e+00 -2.5929821354e+00
1.9983744911e-04 1.2721646668e+04 1.5707963268e+00 -2.5966025280e+00
2.0011762661e-04 1.2719618602e+04 1.5707963268e+00 -2.6002240703e+00
2.0039790697e-04 1.2717582891e+04 1.5707963268e+00 -2.6038467674e+00
2.0067829068e-04 1.2715539502e+04 1.5707963268e+00 -2.6074706241e+00
2.0095877823e-04 1.2713488405e+04 1.5707963268e+00 -2.6110956452e+00
2.0123937014e-04 1.2711429567e+04 1.5707963268e+00 -2.6147218359e+00
2.0152006691e-04 1.2709362957e+04 1.5707963268e+00 -2.6183492010e+00
2.0180086904e-04 1.2707288542e+04 1.5707963268e+00 -2.6219777456e+00
2.0208177705e-04 1.2705206290e+04 1.5707963268e+00 -2.6256074747e+00
2.0236279145e-04 1.2703116169e+04 1.5707963268e+00 -2.6292383933e+00
2.0264391276e-04 1.2701018145e+04 1.5707963268e+00 -2.6328705066e+00
2.0292514151e-04 1.2698912188e+04 1.5707963268e+00 -2.6365038196e+00
2.0320647821e-04 1.2696798262e+04 1.5707963268e+00 -2.6401383375e+00
2.0348792340e-04 1.2694676336e+04 1.5707963268e+00 -2.6437740654e+00
2.0376947760e-04 1.2692546376e+04 1.5707963268e+00 -2.6474110086e+00
2.0405114135e-04 1.2690408348e+04 1.5707963268e+00 -2.6510491722e+00
2.0433291518e-04 1.2688262220e+04 1.5707963268e+00 -2.6546885615e+00
2.0461479965e-04 1.2686107956e+04 1.5707963268e+00 -2.6583291817e+00
2.0489679528e-04 1.2683945524e+04 1.5707963268e+00 -2.6619710382e+00
2.0517890264e-04 1.2681774890e+04 1.5707963268e+00 -2.6656141362e+00
2.0546112226e-04 1.2679596018e+04 1.5707963268e+00 -2.6692584811e+00
2.0574345471e-04 1.2677408875e+04 1.5707963268e+00 -2.6729040784e+00
2.0602590054e-04 1.2675213425e+04 1.5707963268e+00 -2.6765509332e+00
2.0630846032e-04 1.2673009635e+04 1.5707963268e+00 -2.6801990512e+00
2.0659113460e-04 1.2670797468e+04 1.5707963268e+00 -2.6838484378e+00
2.0687392397e-04 1.2668576891e+04 1.5707963268e+00 -2.6874990984e+00
2.0715682898e-04 1.2666347867e+04 1.5707963268e+00 -2.6911510386e+00
2.0743985021e-04 1.2664110361e+04 1.5707963268e+00 -2.6948042639e+00
2.0772298825e-04 1.2661864338e+04 1.5707963268e+00 -2.6984587799e+00
2.0800624368e-04 1.2659609761e+04 1.5707963268e+00 -2.7021145922e+00
2.0828961708e-04 1.2657346594e+04 1.5707963268e+00 -2.7057717064e+00
2.0857310904e-04 1.2655074802e+04 1.5707963268e+00 -2.7094301281e+00
2.0885672016e-04 1.2652794347e+04 1.5707963268e+00 -2.7130898631e+00
2.0914045104e-04 1.2650505193e+04 1.5707963268e+00 -2.7167509171e+00
2.0942430228e-04 1.2648207304e+04 1.5707963268e+00 -2.7204132958e+00
2.0970827447e-04 1.2645900641e+04 1.5707963268e+00 -2.7240770050e+00
2.0999236825e-04 1.2643585169e+04 1.5707963268e+00 -2.7277420505e+00
2.1027658420e-04 1.2641260850e+04 1.5707963268e+00 -2.7314084381e+00
2.1056092297e-04 1.2638927645e+04 1.5707963268e+00 -2.7350761738e+00
2.1084538515e-04 1.2636585518e+04 1.5707963268e+00 -2.7387452634e+00
2.1112997139e-04 1.2634234430e+04 1.5707963268e+00 -2.7424157128e+00
2.1141468231e-04 1.2631874343e+04 1.5707963268e+00 -2.7460875280e+00
2.1169951854e-04 1.2629505219e+04 1.5707963268e+00 -2.7497607150e+00
2.1198448072e-04 1.2627127019e+04 1.5707963268e+00 -2.7534352799e+00
2.1226956950e-04 1.2624739704e+04 1.5707963268e+00 -2.7571112286e+00
2.1255478552e-04 1.2622343236e+04 1.5707963268e+00 -2.7607885673e+00
2.1284012942e-04 1.2619937575e+04 1.5707963268e+00 -2.7644673020e+00
2.1312560187e-04 1.2617522681e+04 1.5707963268e+00 -2.7681474391e+00
2.1341120352e-04 1.2615098516e+04 1.5707963268e+00 -2.7718289845e+00
2.1369693504e-04 1.2612665040e+04 1.5707963268e+00 -2.7755119446e+00
2.1398279709e-04 1.2610222211e+04 1.5707963268e+00 -2.7791963256e+00
2.1426879035e-04 1.2607769991e+04 1.5707963268e+00 -2.7828821338e+00
2.1455491549e-04 1.2605308339e+04 1.5707963268e+00 -2.7865693754e+00
2.1484117319e-04 1.2602837213e+04 1.5707963268e+00 -2.7902580570e+00
2.1512756414e-04 1.2600356574e+04 1.5707963268e+00 -2.7939481848e+00
2.1541408903e-04 1.2597866380e+04 1.5707963268e+00 -2.7976397652e+00
2.1570074856e-04 1.2595366590e+04 1.5707963268e+00 -2.8013328048e+00
2.1598754342e-04 1.2592857162e+04 1.5707963268e+00 -2.8050273100e+00
2.1627447431e-04 1.2590338054e+04 1.5707963268e+00 -2.8087232874e+00
2.1656154195e-04 1.2587809225e+04 1.5707963268e+00 -2.8124207434e+00
2.1684874706e-04 1.2585270632e+04 1.5707963268e+00 -2.8161196848e+00
2.1713609033e-04 1.2582722233e+04 1.5707963268e+00 -2.8198201180e+00
2.1742357252e-04 1.2580163986e+04 1.5707963268e+00 -2.8235220499e+00
2.1771119433e-04 1.2577595846e+04 1.5707963268e+00 -2.8272254871e+00
2.1799895650e-04 1.2575017773e+04 1.5707963268e+00 -2.8309304364e+00
2.1828685977e-04 1.2572429721e+04 1.5707963268e+00 -2.8346369045e+00
2.1857490489e-04 1.2569831647e+04 1.5707963268e+00 -2.8383448982e+00
2.1886309260e-04 1.2567223508e+04 1.5707963268e+00 -2.8420544245e+00
2.1915142366e-04 1.2564605259e+04 1.5707963268e+00 -2.8457654901e+00
2.1943989882e-04 1.2561976857e+04 1.5707963268e+00 -2.8494781021e+00
2.1972851885e-04 1.2559338256e+04 1.5707963268e+00 -2.8531922673e+00
2.2001728452e-04 1.2556689412e+04 1.5707963268e+00 -2.8569079929e+00
2.2030619661e-04 1.2554030280e+04 1.5707963268e+00 -2.8606252858e+00
2.2059525588e-04 1.2551360815e+04 1.5707963268e+00 -2.8643441531e+00
2.2088446313e-04 1.2548680971e+04 1.5707963268e+00 -2.8680646019e+00
2.2117381915e-04 1.2545990702e+04 1.5707963268e+00 -2.8717866395e+00
2.2146332473e-04 1.2543289963e+04 1.5707963268e+00 -2.8755102730e+00
2.2175298069e-04 1.2540578706e+04 1.5707963268e+00 -2.8792355096e+00
2.2204278781e-04 1.2537856887e+04 1.5707963268e+00 -2.8829623567e+00
2.2233274692e-04 1.2535124457e+04 1.5707963268e+00 -2.8866908215e+00
2.2262285884e-04 1.2532381370e+04 1.5707963268e+00 -2.8904209114e+00
2.2291312439e-04 1.2529627579e+04 1.5707963268e+00 -2.8941526339e+00
2.2320354440e-04 1.2526863035e+04 1.5707963268e+00 -2.8978859963e+00
2.2349411971e-04 1.2524087692e+04 1.5707963268e+00 -2.9016210062e+00
2.2378485116e-04 1.2521301501e+04 1.5707963268e+00 -2.9053576711e+00
2.2407573960e-04 1.2518504414e+04 1.5707963268e+00 -2.9090959986e+00
2.2436678589e-04 1.2515696382e+04 1.5707963268e+00 -2.9128359962e+00
2.2465799087e-04 1.2512877356e+04 1.5707963268e+00 -2.9165776717e+00
2.2494935543e-04 1.2510047287e+04 1.5707963268e+00 -2.9203210327e+00
2.2524088043e-04 1.2507206126e+04 1.5707963268e+00 -2.9240660871e+00
2.2553256675e-04 1.2504353823e+04 1.5707963268e+00 -2.9278128425e+00
2.2582441529e-04 1.2501490329e+04 1.5707963268e+00 -2.9315613068e+00
2.2611642692e-04 1.2498615592e+04 1.5707963268e+00 -2.9353114879e+00
2.2640860255e-04 1.2495729562e+04 1.5707963268e+00 -2.9390633937e+00
2.2670094309e-04 1.2492832189e+04 1.5707963268e+00 -2.9428170322e+00
2.2699344944e-04 1.2489923421e+04 1.5707963268e+00 -2.9465724115e+00
2.2728612253e-04 1.2487003207e+04 1.5707963268e+00 -2.9503295395e+00
2.2757896328e-04 1.2484071495e+04 1.5707963268e+00 -2.9540884243e+00
2.2787197262e-04 1.2481128233e+04 1.5707963268e+00 -2.9578490742e+00
2.2816515149e-04 1.2478173370e+04 1.5707963268e+00 -2.9616114974e+00
2.2845850084e-04 1.2475206852e+04 1.5707963268e+00 -2.9653757020e+00
2.2875202162e-04 1.2472228626e+04 1.5707963268e+00 -2.9691416963e+00
2.2904571478e-04 1.2469238640e+04 1.5707963268e+00 -2.9729094889e+00
2.2933958130e-04 1.2466236840e+04 1.5707963268e+00 -2.9766790879e+00
2.2963362216e-04 1.2463223172e+04 1.5707963268e+00 -2.9804505019e+00
2.2992783832e-04 1.2460197582e+04 1.5707963268e+00 -2.9842237393e+00
2.3022223078e-04 1.2457160015e+04 1.5707963268e+00 -2.9879988088e+00
2.3051680054e-04 1.2454110418e+04 1.5707963268e+00 -2.9917757188e+00
2.3081154860e-04 1.2451048734e+04 1.5707963268e+00 -2.9955544780e+00
2.3110647597e-04 1.2447974909e+04 1.5707963268e+00 -2.9993350952e+00
2.3140158367e-04 1.2444888886e+04 1.5707963268e+00 -3.0031175790e+00
2.3169687273e-04 1.2441790611e+04 1.5707963268e+00 -3.0069019383e+00
2.3199234418e-04 1.2438680026e+04 1.5707963268e+00 -3.0106881819e+00
2.3228799906e-04 1.2435557075e+04 1.5707963268e+00 -3.0144763187e+00
2.3258383843e-04 1.2432421701e+04 1.5707963268e+00 -3.0182663576e+00
2.3287986333e-04 1.2429273847e+04 1.5707963268e+00 -3.0220583078e+00
2.3317607485e-04 1.2426113455e+04 1.5707963268e+00 -3.0258521781e+00
2.3347247405e-04 1.2422940467e+04 1.5707963268e+00 -3.0296479778e+00
2.3376906202e-04 1.2419754824e+04 1.5707963268e+00 -3.0334457159e+00
2.3406583985e-04 1.2416556469e+04 1.5707963268e+00 -3.0372454018e+00
2.3436280863e-04 1.2413345342e+04 1.5707963268e+00 -3.0410470448e+00
2.3465996948e-04 1.2410121384e+04 1.5707963268e+00 -3.0448506540e+00
2.3495732351e-04 1.2406884535e+04 1.5707963268e+00 -3.0486562390e+00
2.3525487186e-04 1.2403634735e+04 1.5707963268e+00 -3.0524638091e+00
2.3555261564e-04 1.2400371923e+04 1.5707963268e+00 -3.0562733739e+00
2.3585055601e-04 1.2397096040e+04 1.5707963268e+00 -3.0600849429e+00
2.3614869412e-04 1.2393807023e+04 1.5707963268e+00 -3.0638985258e+00
2.3644703113e-04 1.2390504812e+04 1.5707963268e+00 -3.0677141323e+00
2.3674556822e-04 1.2387189344e+04 1.5707963268e+00 -3.0715317720e+00
2.3704430655e-04 1.2383860558e+04 1.5707963268e+00 -3.0753514547e+00
2.3734324733e-04 1.2380518390e+04 1.5707963268e+00 -3.0791731904e+00
2.3764239174e-04 1.2377162778e+04 1.5707963268e+00 -3.0829969888e+00
2.3794174101e-04 1.2373793658e+04 1.5707963268e+00 -3.0868228601e+00
2.3824129634e-04 1.2370410967e+04 1.5707963268e+00 -3.0906508143e+00
2.3854105896e-04 1.2367014641e+04 1.5707963268e+00 -3.0944808613e+00
2.3884103012e-04 1.2363604614e+04 1.5707963268e+00 -3.0983130115e+00
2.3914121106e-04 1.2360180823e+04 1.5707963268e+00 -3.1021472750e+00
2.3944160304e-04 1.2356743202e+04 1.5707963268e+00 -3.1059836620e+00
2.3974220732e-04 1.2353291686e+04 1.5707963268e+00 -3.1098221831e+00
2.4004302519e-04 1.2349826207e+04 1.5707963268e+00 -3.1136628485e+00
2.4034405793e-04 1.2346346701e+04 1.5707963268e+00 -3.1175056688e+00
2.4064530685e-04 1.2342853099e+04 1.5707963268e+00 -3.1213506544e+00
2.4094677325e-04 1.2339345335e+04 1.5707963268e+00 -3.1251978161e+00
2.4124845845e-04 1.2335823341e+04 1.5707963268e+00 -3.1290471644e+00
2.4155036379e-04 1.2332287049e+04 1.5707963268e+00 -3.1328987102e+00
2.4185249062e-04 1.2328736390e+04 1.5707963268e+00 -3.1367524642e+00
2.4215484027e-04 1.2325171296e+04 1.5707963268e+00 -3.1406084373e+00
2.4245741413e-04 1.2321591696e+04 1.5707963268e+00 -3.1444666405e+00
2.4276021356e-04 1.2317997522e+04 1.5707963268e+00 -3.1483270847e+00
2.4306323995e-04 1.2314388703e+04 1.5707963268e+00 -3.1521897811e+00
2.4336649471e-04 1.2310765169e+04 1.5707963268e+00 -3.1560547409e+00
2.4366997925e-04 1.2307126848e+04 1.5707963268e+00 -3.1599219751e+00
2.4397369498e-04 1.2303473668e+04 1.5707963268e+00 -3.1637914953e+00
2.4427764335e-04 1.2299805558e+04 1.5707963268e+00 -3.1676633126e+00
2.4458182581e-04 1.2296122446e+04 1.5707963268e+00 -3.1715374386e+00
2.4488624381e-04 1.2292424258e+04 1.5707963268e+00 -3.1754138847e+00
2.4519089882e-04 1.2288710922e+04 1.5707963268e+00 -3.1792926627e+00
2.4549579233e-04 1.2284982362e+04 1.5707963268e+00 -3.1831737840e+00
2.4580092585e-04 1.2281238506e+04 1.5707963268e+00 -3.1870572605e+00
2.4610630087e-04 1.2277479278e+04 1.5707963268e+00 -3.1909431040e+00
2.4641191893e-04 1.2273704604e+04 1.5707963268e+00 -3.1948313264e+00
2.4671778156e-04 1.2269914406e+04 1.5707963268e+00 -3.1987219396e+00
2.4702389031e-04 1.2266108610e+04 1.5707963268e+00 -3.2026149558e+00
2.4733024675e-04 1.2262287139e+04 1.5707963268e+00 -3.2065103869e+00
2.4763685245e-04 1.2258449915e+04 1.5707963268e+00 -3.2104082452e+00
2.4794370900e-04 1.2254596861e+04 1.5707963268e+00 -3.2143085431e+00
2.4825081802e-04 1.2250727899e+04 1.5707963268e+00 -3.2182112928e+00
2.4855818111e-04 1.2246842951e+04 1.5707963268e+00 -3.2221165069e+00
2.4886579992e-04 1.2242941936e+04 1.5707963268e+00 -3.2260241978e+00
2.4917367609e-04 1.2239024775e+04 1.5707963268e+00 -3.2299343781e+00
2.4948181129e-04 1.2235091389e+04 1.5707963268e+00 -3.2338470606e+00
2.4979020719e-04 1.2231141697e+04 1.5707963268e+00 -3.2377622580e+00
2.5009886548e-04 1.2227175617e+04 1.5707963268e+00 -3.2416799832e+00
2.5040778788e-04 1.2223193068e+04 1.5707963268e+00 -3.2456002491e+00
2.5071697611e-04 1.2219193967e+04 1.5707963268e+00 -3.2495230688e+00
2.5102643190e-04 1.2215178232e+04 1.5707963268e+00 -3.2534484553e+00
2.5133615701e-04 1.2211145780e+04 1.5707963268e+00 -3.2573764220e+00
2.5164615322e-04 1.2207096526e+04 1.5707963268e+00 -3.2613069820e+00
2.5195642230e-04 1.2203030387e+04 1.5707963268e+00 -3.2652401488e+00
2.5226696606e-04 1.2198947276e+04 1.5707963268e+00 -3.2691759359e+00
2.5257778633e-04 1.2194847110e+04 1.5707963268e+00 -3.2731143567e+00
2.5288888493e-04 1.2190729801e+04 1.5707963268e+00 -3.2770554251e+00
2.5320026372e-04 1.2186595263e+04 1.5707963268e+00 -3.2809991546e+00
2.5351192457e-04 1.2182443408e+04 1.5707963268e+00 -3.2849455592e+00
2.5382386936e-04 1.2178274150e+04 1.5707963268e+00 -3.2888946529e+00
2.5413610001e-04 1.2174087400e+04 1.5707963268e+00 -3.2928464495e+00
2.5444861844e-04 1.2169883068e+04 1.5707963268e+00 -3.2968009634e+00
2.5476142658e-04 1.2165661065e+04 1.5707963268e+00 -3.3007582086e+00
2.5507452640e-04 1.2161421301e+04 1.5707963268e+00 -3.3047181995e+00
2.5538791987e-04 1.2157163686e+04 1.5707963268e+00 -3.3086809506e+00
2.5570160899e-04 1.2152888127e+04 1.5707963268e+00 -3.3126464763e+00
2.5601559578e-04 1.2148594533e+04 1.5707963268e+00 -3.3166147913e+00
2.5632988226e-04 1.2144282811e+04 1.5707963268e+00 -3.3205859103e+00
2.5664447050e-04 1.2139952869e+04 1.5707963268e+00 -3.3245598481e+00
2.5695936256e-04 1.2135604611e+04 1.5707963268e+00 -3.3285366197e+00
2.5727456054e-04 1.2131237945e+04 1.5707963268e+00 -3.3325162400e+00
2.5759006655e-04 1.2126852773e+04 1.5707963268e+00 -3.3364987243e+00
2.5790588274e-04 1.2122449002e+04 1.5707963268e+00 -3.3404840877e+00
2.5822201124e-04 1.2118026534e+04 1.5707963268e+00 -3.3444723456e+00
2.5853845424e-04 1.2113585272e+04 1.5707963268e+00 -3.3484635135e+00
2.5885521393e-04 1.2109125119e+04 1.5707963268e+00 -3.3524576069e+00
2.5917229253e-04 1.2104645976e+04 1.5707963268e+00 -3.3564546415e+00
2.5948969228e-04 1.2100147743e+04 1.5707963268e+00 -3.3604546332e+00
2.5980741545e-04 1.2095630322e+04 1.5707963268e+00 -3.3644575977e+00
2.6012546431e-04 1.2091093612e+04 1.5707963268e+00 -3.3684635511e+00
2.6044384118e-04 1.2086537511e+04 1.5707963268e+00 -3.3724725095e+00
2.6076254839e-04 1.2081961918e+04 1.5707963268e+00 -3.3764844892e+00
2.6108158828e-04 1.2077366729e+04 1.5707963268e+00 -3.3804995065e+00
2.6140096323e-04 1.2072751843e+04 1.5707963268e+00 -3.3845175780e+00
2.6172067565e-04 1.2068117154e+04 1.5707963268e+00 -3.3885387201e+00
2.6204072796e-04 1.2063462558e+04 1.5707963268e+00 -3.3925629496e+00
2.6236112261e-04 1.2058787950e+04 1.5707963268e+00 -3.3965902834e+00
2.6268186208e-04 1.2054093222e+04 1.5707963268e+00 -3.4006207383e+00
2.6300294885e-04 1.2049378269e+04 1.5707963268e+00 -3.4046543316e+00
2.6332438547e-04 1.2044642983e+04 1.5707963268e+00 -3.4086910803e+00
2.6364617447e-04 1.2039887254e+04 1.5707963268e+00 -3.4127310018e+00
2.6396831844e-04 1.2035110974e+04 1.5707963268e+00 -3.4167741136e+00
2.6429081998e-04 1.2030314033e+04 1.5707963268e+00 -3.4208204332e+00
2.6461368172e-04 1.2025496320e+04 1.5707963268e+00 -3.4248699783e+00
2.6493690632e-04 1.2020657722e+04 1.5707963268e+00 -3.4289227669e+00
2.6526049646e-04 1.2015798129e+04 1.5707963268e+00 -3.4329788169e+00
2.6558445487e-04 1.2010917426e+04 1.5707963268e+00 -3.4370381463e+00
2.6590878427e-04 1.2006015500e+04 1.5707963268e+00 -3.4411007734e+00
2.6623348745e-04 1.2001092235e+04 1.5707963268e+00 -3.4451667167e+00
2.6655856720e-04 1.1996147515e+04 1.5707963268e+00 -3.4492359945e+00
2.6688402635e-04 1.1991181226e+04 1.5707963268e+00 -3.4533086257e+00
2.6720986777e-04 1.1986193248e+04 1.5707963268e+00 -3.4573846288e+00
2.6753609435e-04 1.1981183464e+04 1.5707963268e+00 -3.4614640230e+00
2.6786270900e-04 1.1976151754e+04 1.5707963268e+00 -3.4655468273e+00
2.6818971469e-04 1.1971097999e+04 1.5707963268e+00 -3.4696330608e+00
2.6851711439e-04 1.1966022077e+04 1.5707963268e+00 -3.4737227430e+00
2.6884491114e-04 1.1960923868e+04 1.5707963268e+00 -3.4778158934e+00
2.6917310797e-04 1.1955803247e+04 1.5707963268e+00 -3.4819125316e+00
2.6950170797e-04 1.1950660093e+04 1.5707963268e+00 -3.4860126774e+00
2.6983071426e-04 1.1945494279e+04 1.5707963268e+00 -3.4901163509e+00
2.7016013000e-04 1.1940305681e+04 1.5707963268e+00 -3.4942235721e+00
2.7048995836e-04 1.1935094173e+04 1.5707963268e+00 -3.4983343612e+00
2.7082020259e-04 1.1929859627e+04 1.5707963268e+00 -3.5024487388e+00
2.7115086592e-04 1.1924601915e+04 1.5707963268e+00 -3.5065667254e+00
2.7148195166e-04 1.1919320907e+04 1.5707963268e+00 -3.5106883418e+00
2.7181346315e-04 1.1914016474e+04 1.5707963268e+00 -3.5148136088e+00
2.7214540374e-04 1.1908688484e+04 1.5707963268e+00 -3.5189425475e+00
2.7247777686e-04 1.1903336806e+04 1.5707963268e+00 -3.5230751791e+00
2.7281058594e-04 1.1897961305e+04 1.5707963268e+00 -3.5272115251e+00
2.7314383447e-04 1.1892561849e+04 1.5707963268e+00 -3.5313516071e+00
2.7347752598e-04 1.1887138301e+04 1.5707963268e+00 -3.5354954467e+00
2.7381166403e-04 1.1881690525e+04 1.5707963268e+00 -3.5396430658e+00
2.7414625223e-04 1.1876218385e+04 1.5707963268e+00 -3.5437944866e+00
2.7448129424e-04 1.1870721742e+04 1.5707963268e+00 -3.5479497312e+00
2.7481679373e-04 1.1865200456e+04 1.5707963268e+00 -3.5521088222e+00
2.7515275446e-04 1.1859654387e+04 1.5707963268e+00 -3.5562717822e+00
2.7548918019e-04 1.1854083394e+04 1.5707963268e+00 -3.5604386338e+00
2.7582607475e-04 1.1848487334e+04 1.5707963268e+00 -3.5646094002e+00
2.7616344201e-04 1.1842866062e+04 1.5707963268e+00 -3.5687841044e+00
2.7650128588e-04 1.1837219435e+04 1.5707963268e+00 -3.5729627698e+00
2.7683961032e-04 1.1831547306e+04 1.5707963268e+00 -3.5771454200e+00
2.7717841934e-04 1.1825849528e+04 1.5707963268e+00 -3.5813320786e+00
2.7751771700e-04 1.1820125953e+04 1.5707963268e+00 -3.5855227696e+00
2.7785750740e-04 1.1814376431e+04 1.5707963268e+00 -3.5897175171e+00
2.7819779470e-04 1.1808600812e+04 1.5707963268e+00 -3.5939163454e+00
2.7853858309e-04 1.1802798943e+04 1.5707963268e+00 -3.5981192790e+00
2.7887987685e-04 1.1796970672e+04 1.5707963268e+00 -3.6023263426e+00
2.7922168027e-04 1.1791115845e+04 1.5707963268e+00 -3.6065375612e+00
2.7956399772e-04 1.1785234305e+04 1.5707963268e+00 -3.6107529598e+00
2.7990683362e-04 1.1779325896e+04 1.5707963268e+00 -3.6149725638e+00
2.8025019243e-04 1.1773390461e+04 1.5707963268e+00 -3.6191963987e+00
2.8059407867e-04 1.1767427839e+04 1.5707963268e+00 -3.6234244902e+00
2.8093849695e-04 1.1761437871e+04 1.5707963268e+00 -3.6276568644e+00
2.8128345188e-04 1.1755420394e+04 1.5707963268e+00 -3.6318935474e+00
2.8162894818e-04 1.1749375245e+04 1.5707963268e+00 -3.6361345656e+00
2.8197499059e-04 1.1743302259e+04 1.5707963268e+00 -3.6403799456e+00
2.8232158394e-04 1.1737201272e+04 1.5707963268e+00 -3.6446297143e+00
2.8266873312e-04 1.1731072115e+04 1.5707963268e+00 -3.6488838988e+00
2.8301644305e-04 1.1724914620e+04 1.5707963268e+00 -3.6531425263e+00
2.8336471876e-04 1.1718728616e+04 1.5707963268e+00 -3.6574056245e+00
2.8371356531e-04 1.1712513934e+04 1.5707963268e+00 -3.6616732210e+00
2.8406298783e-04 1.1706270399e+04 1.5707963268e+00 -3.6659453439e+00
2.8441299154e-04 1.1699997837e+04 1.5707963268e+00 -3.6702220214e+00
2.8476358170e-04 1.1693696074e+04 1.5707963268e+00 -3.6745032821e+00
2.8511476367e-04 1.1687364931e+04 1.5707963268e+00 -3.6787891546e+00
2.8546654284e-04 1.1681004230e+04 1.5707963268e+00 -3.6830796681e+00
2.8581892472e-04 1.1674613790e+04 1.5707963268e+00 -3.6873748516e+00
2.8617191485e-04 1.1668193431e+04 1.5707963268e+00 -3.6916747348e+00
2.8652551886e-04 1.1661742969e+04 1.5707963268e+00 -3.6959793473e+00
2.8687974248e-04 1.1655262220e+04 1.5707963268e+00 -3.7002887192e+00
2.8723459149e-04 1.1648750996e+04 1.5707963268e+00 -3.7046028808e+00
2.8759007174e-04 1.1642209110e+04 1.5707963268e+00 -3.7089218626e+00
2.8794618919e-04 1.1635636372e+04 1.5707963268e+00 -3.7132456955e+00
2.8830294987e-04 1.1629032592e+04 1.5707963268e+00 -3.7175744105e+00
2.8866035988e-04 1.1622397577e+04 1.5707963268e+00 -3.7219080390e+00
2.8901842541e-04 1.1615731132e+04 1.5707963268e+00 -3.7262466126e+00
2.8937715276e-04 1.1609033060e+04 1.5707963268e+00 -3.7305901633e+00
2.8973654829e-04 1.1602303165e+04 1.5707963268e+00 -3.7349387234e+00
2.9009661845e-04 1.1595541247e+04 1.5707963268e+00 -3.7392923253e+00
2.9045736981e-04 1.1588747103e+04 1.5707963268e+00 -3.7436510018e+00
2.9081880899e-04 1.1581920532e+04 1.5707963268e+00 -3.7480147860e+00
2.9118094274e-04 1.1575061329e+04 1.5707963268e+00 -3.7523837114e+00
2.9154377790e-04 1.1568169286e+04 1.5707963268e+00 -3.7567578116e+00
2.9190732140e-04 1.1561244196e+04 1.5707963268e+00 -3.7611371207e+00
2.9227158026e-04 1.1554285848e+04 1.5707963268e+00 -3.7655216730e+00
2.9263656163e-04 1.1547294030e+04 1.5707963268e+00 -3.7699115032e+00
2.9300227275e-04 1.1540268527e+04 1.5707963268e+00 -3.7743066462e+00
2.9336872096e-04 1.1533209124e+04 1.5707963268e+00 -3.7787071372e+00
2.9373591372e-04 1.1526115604e+04 1.5707963268e+00 -3.7831130120e+00
2.9410385859e-04 1.1518987745e+04 1.5707963268e+00 -3.7875243065e+00
2.9447256325e-04 1.1511825326e+04 1.5707963268e+00 -3.7919410570e+00
2.9484203549e-04 1.1504628124e+04 1.5707963268e+00 -3.7963633000e+00
2.9521228323e-04 1.1497395912e+04 1.5707963268e+00 -3.8007910727e+00
2.9558331450e-04 1.1490128463e+04 1.5707963268e+00 -3.8052244122e+00
2.9595513745e-04 1.1482825546e+04 1.5707963268e+00 -3.8096633563e+00
2.9632776035e-04 1.1475486929e+04 1.5707963268e+00 -3.8141079431e+00
2.9670119162e-04 1.1468112379e+04 1.5707963268e+00 -3.8185582109e+00
2.9707543979e-04 1.1460701657e+04 1.5707963268e+00 -3.8230141984e+00
2.9745051352e-04 1.1453254527e+04 1.5707963268e+00 -3.8274759450e+00
2.9782642162e-04 1.1445770747e+04 1.5707963268e+00 -3.8319434899e+00
2.9820317303e-04 1.1438250074e+04 1.5707963268e+00 -3.8364168733e+00
2.9858077684e-04 1.1430692262e+04 1.5707963268e+00 -3.8408961353e+00
2.9895924227e-04 1.1423097064e+04 1.5707963268e+00 -3.8453813166e+00
2.9933857870e-04 1.1415464231e+04 1.5707963268e+00 -3.8498724583e+00
2.9971879565e-04 1.1407793509e+04 1.5707963268e+00 -3.8543696020e+00
3.0009990280e-04 1.1400084643e+04 1.5707963268e+00 -3.8588727894e+00
3.0048190999e-04 1.1392337378e+04 1.5707963268e+00 -3.8633820629e+00
3.0086482721e-04 1.1384551452e+04 1.5707963268e+00 -3.8678974653e+00
3.0124866463e-04 1.1376726605e+04 1.5707963268e+00 -3.8724190396e+00
3.0163343257e-04 1.1368862571e+04 1.5707963268e+00 -3.8769468295e+00
3.0201914153e-04 1.1360959083e+04 1.5707963268e+00 -3.8814808789e+00
3.0240580219e-04 1.1353015871e+04 1.5707963268e+00 -3.8860212324e+00
3.0279342541e-04 1.1345032664e+04 1.5707963268e+00 -3.8905679348e+00
3.0318202221e-04 1.1337009186e+04 1.5707963268e+00 -3.8951210315e+00
3.0357160384e-04 1.1328945160e+04 1.5707963268e+00 -3.8996805683e+00
3.0396218169e-04 1.1320840305e+04 1.5707963268e+00 -3.9042465915e+00
3.0435376740e-04 1.1312694337e+04 1.5707963268e+00 -3.9088191479e+00
3.0474637276e-04 1.1304506972e+04 1.5707963268e+00 -3.9133982847e+00
3.0514000980e-04 1.1296277920e+04 1.5707963268e+00 -3.9179840496e+00
3.0553469075e-04 1.1288006889e+04 1.5707963268e+00 -3.9225764909e+00
3.0593042806e-04 1.1279693586e+04 1.5707963268e+00 -3.9271756573e+00
3.0632723438e-04 1.1271337712e+04 1.5707963268e+00 -3.9317815980e+00
3.0672512261e-04 1.1262938968e+04 1.5707963268e+00 -3.9363943628e+00
3.0712410587e-04 1.1254497049e+04 1.5707963268e+00 -3.9410140019e+00
3.0752419752e-04 1.1246011650e+04 1.5707963268e+00 -3.9456405661e+00
3.0792541116e-04 1.1237482460e+04 1.5707963268e+00 -3.9502741067e+00
3.0832776062e-04 1.1228909166e+04 1.5707963268e+00 -3.9549146757e+00
3.0873126003e-04 1.1220291454e+04 1.5707963268e+00 -3.9595623255e+00
3.0913592373e-04 1.1211629003e+04 1.5707963268e+00 -3.9642171090e+00
3.0954176636e-04 1.1202921491e+04 1.5707963268e+00 -3.9688790798e+00
3.0994880283e-04 1.1194168592e+04 1.5707963268e+00 -3.9735482921e+00
3.1035704831e-04 1.1185369978e+04 1.5707963268e+00 -3.9782248005e+00
3.1076651827e-04 1.1176525314e+04 1.5707963268e+00 -3.9829086604e+00
3.1117722849e-04 1.1167634266e+04 1.5707963268e+00 -3.9875999277e+00
3.1158919503e-04 1.1158696494e+04 1.5707963268e+00 -3.9922986588e+00
3.1200243427e-04 1.1149711654e+04 1.5707963268e+00 -3.9970049111e+00
3.1241696291e-04 1.1140679400e+04 1.5707963268e+00 -4.0017187421e+00
3.1283279798e-04 1.1131599382e+04 1.5707963268e+00 -4.0064402104e+00
3.1324995683e-04 1.1122471244e+04 1.5707963268e+00 -4.0111693750e+00
3.1366845717e-04 1.1113294630e+04 1.5707963268e+00 -4.0159062956e+00
3.1408831706e-04 1.1104069177e+04 1.5707963268e+00 -4.0206510327e+00
3.1450955491e-04 1.1094794520e+04 1.5707963268e+00 -4.0254036472e+00
3.1493218953e-04 1.1085470289e+04 1.5707963268e+00 -4.0301642009e+00
3.1535624009e-04 1.1076096111e+04 1.5707963268e+00 -4.0349327563e+00
3.1578172617e-04 1.1066671608e+04 1.5707963268e+00 -4.0397093766e+00
3.1620866773e-04 1.1057196398e+04 1.5707963268e+00 -4.0444941256e+00
3.1663708517e-04 1.1047670095e+04 1.5707963268e+00 -4.0492870679e+00
3.1706699931e-04 1.1038092309e+04 1.5707963268e+00 -4.0540882689e+00
3.1749843140e-04 1.1028462647e+04 1.5707963268e+00 -4.0588977948e+00
3.1793140316e-04 1.1018780707e+04 1.5707963268e+00 -4.0637157123e+00
3.1836593677e-04 1.1009046089e+04 1.5707963268e+00 -4.0685420892e+00
3.1880205487e-04 1.0999258383e+04 1.5707963268e+00 -4.0733769938e+00
3.1923978062e-04 1.0989417178e+04 1.5707963268e+00 -4.0782204955e+00
3.1967913766e-04 1.0979522057e+04 1.5707963268e+00 -4.0830726643e+00
3.2012015018e-04 1.0969572597e+04 1.5707963268e+00 -4.0879335711e+00
3.2056284288e-04 1.0959568373e+04 1.5707963268e+00 -4.0928032877e+00
3.2100724103e-04 1.0949508953e+04 1.5707963268e+00 -4.0976818866e+00
3.2145337047e-04 1.0939393902e+04 1.5707963268e+00 -4.1025694413e+00
3.2190125762e-04 1.0929222777e+04 1.5707963268e+00 -4.1074660262e+00
3.2235092951e-04 1.0918995133e+04 1.5707963268e+00 -4.1123717164e+00
3.2280241378e-04 1.0908710519e+04 1.5707963268e+00 -4.1172865883e+00
3.2325573875e-04 1.0898368477e+04 1.5707963268e+00 -4.1222107187e+00
3.2371093336e-04 1.0887968546e+04 1.5707963268e+00 -4.1271441859e+00
3.2416802726e-04 1.0877510258e+04 1.5707963268e+00 -4.1320870687e+00
3.2462705081e-04 1.0866993142e+04 1.5707963268e+00 -4.1370394471e+00
3.2508803508e-04 1.0856416717e+04 1.5707963268e+00 -4.1420014022e+00
3.2555101191e-04 1.0845780501e+04 1.5707963268e+00 -4.1469730158e+00
3.2601601391e-04 1.0835084004e+04 1.5707963268e+00 -4.1519543709e+00
3.2648307449e-04 1.0824326729e+04 1.5707963268e+00 -4.1569455517e+00
3.2695222790e-04 1.0813508177e+04 1.5707963268e+00 -4.1619466431e+00
3.2742350923e-04 1.0802627838e+04 1.5707963268e+00 -4.1669577313e+00
3.2789695449e-04 1.0791685199e+04 1.5707963268e+00 -4.1719789037e+00
3.2837260056e-04 1.0780679742e+04 1.5707963268e+00 -4.1770102486e+00
3.2885048530e-04 1.0769610938e+04 1.5707963268e+00 -4.1820518554e+00
3.2933064756e-04 1.0758478257e+04 1.5707963268e+00 -4.1871038150e+00
3.2981312716e-04 1.0747281158e+04 1.5707963268e+00 -4.1921662192e+00
3.3029796503e-04 1.0736019096e+04 1.5707963268e+00 -4.1972391609e+00
3.3078520314e-04 1.0724691518e+04 1.5707963268e+00 -4.2023227345e+00
3.3127488462e-04 1.0713297866e+04 1.5707963268e+00 -4.2074170355e+00
3.3176705374e-04 1.0701837573e+04 1.5707963268e+00 -4.2125221605e+00
3.3226175600e-04 1.0690310066e+04 1.5707963268e+00 -4.2176382078e+00
3.3275903816e-04 1.0678714764e+04 1.5707963268e+00 -4.2227652765e+00
3.3325894827e-04 1.0667051078e+04 1.5707963268e+00 -4.2279034675e+00
3.3376153574e-04 1.0655318415e+04 1.5707963268e+00 -4.2330528827e+00
3.3426685137e-04 1.0643516172e+04 1.5707963268e+00 -4.2382136256e+00
3.3477494743e-04 1.0631643737e+04 1.5707963268e+00 -4.2433858009e+00
3.3528587770e-04 1.0619700492e+04 1.5707963268e+00 -4.2485695150e+00
3.3579969753e-04 1.0607685811e+04 1.5707963268e+00 -4.2537648755e+00
3.3631646391e-04 1.0595599061e+04 1.5707963268e+00 -4.2589719917e+00
3.3683623551e-04 1.0583439597e+04 1.5707963268e+00 -4.2641909741e+00
3.3735907279e-04 1.0571206770e+04 1.5707963268e+00 -4.2694219351e+00
3.3788503805e-04 1.0558899920e+04 1.5707963268e+00 -4.2746649885e+00
3.3841419548e-04 1.0546518379e+04 1.5707963268e+00 -4.2799202497e+00
3.3894661128e-04 1.0534061470e+04 1.5707963268e+00 -4.2851878357e+00
3.3948235374e-04 1.0521528507e+04 1.5707963268e+00 -4.2904678652e+00
3.4002149330e-04 1.0508918797e+04 1.5707963268e+00 -4.2957604586e+00
3.4056410266e-04 1.0496231633e+04 1.5707963268e+00 -4.3010657380e+00
3.4111025687e-04 1.0483466304e+04 1.5707963268e+00 -4.3063838272e+00
3.4166003347e-04 1.0470622086e+04 1.5707963268e+00 -4.3117148520e+00
3.4221351253e-04 1.0457698247e+04 1.5707963268e+00 -4.3170589398e+00
3.4277077683e-04 1.0444694043e+04 1.5707963268e+00 -4.3224162200e+00
3.4333191193e-04 1.0431608722e+04 1.5707963268e+00 -4.3277868237e+00
3.4389700636e-04 1.0418441521e+04 1.5707963268e+00 -4.3331708843e+00
3.4446615168e-04 1.0405191667e+04 1.5707963268e+00 -4.3385685369e+00
3.4503944268e-04 1.0391858375e+04 1.5707963268e+00 -4.3439799185e+00
3.4561697753e-04 1.0378440852e+04 1.5707963268e+00 -4.3494051686e+00
3.4619885790e-04 1.0364938292e+04 1.5707963268e+00 -4.3548444283e+00
3.4678518916e-04 1.0351349877e+04 1.5707963268e+00 -4.3602978413e+00
3.4737608058e-04 1.0337674780e+04 1.5707963268e+00 -4.3657655530e+00
3.4797164548e-04 1.0323912160e+04 1.5707963268e+00 -4.3712477115e+00
3.4857200147e-04 1.0310061168e+04 1.5707963268e+00 -4.3767444668e+00
3.4917727065e-04 1.0296120939e+04 1.5707963268e+00 -4.3822559715e+00
3.4978757984e-04 1.0282090598e+04 1.5707963268e+00 -4.3877823804e+00
3.5040306085e-04 1.0267969257e+04 1.5707963268e+00 -4.3933238508e+00
3.5102385072e-04 1.0253756017e+04 1.5707963268e+00 -4.3988805424e+00
3.5165009200e-04 1.0239449964e+04 1.5707963268e+00 -4.4044526175e+00
3.5228193308e-04 1.0225050173e+04 1.5707963268e+00 -4.4100402409e+00
3.5291952848e-04 1.0210555705e+04 1.5707963268e+00 -4.4156435801e+00
3.5356303920e-04 1.0195965606e+04 1.5707963268e+00 -4.4212628053e+00
3.5421263310e-04 1.0181278913e+04 1.5707963268e+00 -4.4268980894e+00
3.5486848530e-04 1.0166494644e+04 1.5707963268e+00 -4.4325496081e+00
3.5553077857e-04 1.0151611807e+04 1.5707963268e+00 -4.4382175399e+00
3.5619970382e-04 1.0136629394e+04 1.5707963268e+00 -4.4439020665e+00
3.5687546057e-04 1.0121546382e+04 1.5707963268e+00 -4.4496033722e+00
3.5755825748e-04 1.0106361736e+04 1.5707963268e+00 -4.4553216447e+00
3.5824831294e-04 1.0091074403e+04 1.5707963268e+00 -4.4610570746e+00
3.5894585562e-04 1.0075683318e+04 1.5707963268e+00 -4.4668098559e+00
3.5965112521e-04 1.0060187399e+04 1.5707963268e+00 -4.4725801856e+00
3.6036437308e-04 1.0044585548e+04 1.5707963268e+00 -4.4783682644e+00
3.6108586305e-04 1.0028876654e+04 1.5707963268e+00 -4.4841742960e+00
3.6181587228e-04 1.0013059589e+04 1.5707963268e+00 -4.4899984879e+00
3.6255469212e-04 9.9971332089e+03 1.5707963268e+00 -4.4958410511e+00
3.6330262913e-04 9.9810963537e+03 1.5707963268e+00 -4.5017022002e+00
3.6406000617e-04 9.9649478476e+03 1.5707963268e+00 -4.5075821536e+00
3.6482716351e-04 9.9486864988e+03 1.5707963268e+00 -4.5134811335e+00
3.6560446020e-04 9.9323110989e+03 1.5707963268e+00 -4.5193993659e+00
3.6639227538e-04 9.9158204235e+03 1.5707963268e+00 -4.5253370809e+00
3.6719100988e-04 9.8992132316e+03 1.5707963268e+00 -4.5312945128e+00
3.6800108786e-04 9.8824882663e+03 1.5707963268e+00 -4.5372718999e+00
3.6882295867e-04 9.8656442541e+03 1.5707963268e+00 -4.5432694850e+00
3.6965709890e-04 9.8486799056e+03 1.5707963268e+00 -4.5492875149e+00
3.7050401457e-04 9.8315939155e+03 1.5707963268e+00 -4.5553262413e+00
3.7136424365e-04 9.8143849627e+03 1.5707963268e+00 -4.5613859203e+00
3.7223835881e-04 9.7970517107e+03 1.5707963268e+00 -4.5674668127e+00
3.7312697041e-04 9.7795928081e+03 1.5707963268e+00 -4.5735691840e+00
3.7403072991e-04 9.7620068891e+03 1.5707963268e+00 -4.5796933050e+00
3.7495033367e-04 9.7442925739e+03 1.5707963268e+00 -4.5858394510e+00
3.7588652708e-04 9.7264484696e+03 1.5707963268e+00 -4.5920079029e+00
3.7684010934e-04 9.7084731713e+03 1.5707963268e+00 -4.5981989465e+00
3.7781193872e-04 9.6903652629e+03 1.5707963268e+00 -4.6044128733e+00
3.7880293853e-04 9.6721233187e+03 1.5707963268e+00 -4.6106499801e+00
3.7981410382e-04 9.6537459048e+03 1.5707963268e+00 -4.6169105694e+00
3.8084650901e-04 9.6352315812e+03 1.5707963268e+00 -4.6231949494e+00
3.8190131655e-04 9.6165789038e+03 1.5707963268e+00 -4.6295034342e+00
3.8297978674e-04 9.5977864274e+03 1.5707963268e+00 -4.6358363441e+00
3.8408328900e-04 9.5788527087e+03 1.5707963268e+00 -4.6421940051e+00
3.8521331486e-04 9.5597763097e+03 1.5707963268e+00 -4.6485767499e+00
3.8637149280e-04 9.5405558031e+03 1.5707963268e+00 -4.6549849173e+00
3.8755960552e-04 9.5211897768e+03 1.5707963268e+00 -4.6614188528e+00
3.8877960995e-04 9.5016768405e+03 1.5707963268e+00 -4.6678789082e+00
3.9003366068e-04 9.4820156333e+03 1.5707963268e+00 -4.6743654424e+00
3.9132413734e-04 9.4622048330e+03 1.5707963268e+00 -4.6808788210e+00
3.9265367698e-04 9.4422431666e+03 1.5707963268e+00 -4.6874194164e+00
3.9402521239e-04 9.4221294237e+03 1.5707963268e+00 -4.6939876081e+00
3.9544201784e-04 9.4018624725e+03 1.5707963268e+00 -4.7005837828e+00
3.9690776398e-04 9.3814412787e+03 1.5707963268e+00 -4.7072083342e+00
3.9842658417e-04 9.3608649301e+03 1.5707963268e+00 -4.7138616631e+00
4.0000315524e-04 9.3401326647e+03 1.5707963268e+00 -4.7205441775e+00
4.0164279657e-04 9.3192439078e+03 1.5707963268e+00 -4.7272562926e+00
4.0335159278e-04 9.2981983166e+03 1.5707963268e+00 -4.7339984303e+00
4.0513654688e-04 9.2769958373e+03 1.5707963268e+00 -4.7407710195e+00
4.0700577374e-04 9.2556367770e+03 1.5707963268e+00 -4.7475744954e+00
4.0896874681e-04 9.2341218968e+03 1.5707963268e+00 -4.7544092996e+00
4.1103661712e-04 9.2124525316e+03 1.5707963268e+00 -4.7612758789e+00
4.1322263089e-04 9.1906307484e+03 1.5707963268e+00 -4.7681746854e+00
4.1554268496e-04 9.1686595570e+03 1.5707963268e+00 -4.7751061746e+00
4.1801607796e-04 9.1465431954e+03 1.5707963268e+00 -4.7820708048e+00
4.2066654560e-04 9.1242875238e+03 1.5707963268e+00 -4.7890690347e+00
4.2352371898e-04 9.1019005789e+03 1.5707963268e+00 -4.7961013213e+00
4.2662522980e-04 9.0793933733e+03 1.5707963268e+00 -4.8031681161e+00
4.3001983776e-04 9.0567810788e+03 1.5707963268e+00 -4.8102698605e+00
4.3377223396e-04 9.0340848373e+03 1.5707963268e+00 -4.8174069787e+00
4.3797071632e-04 9.0113346333e+03 1.5707963268e+00 -4.8245798681e+00
4.4274005326e-04 8.9885740667e+03 1.5707963268e+00 -4.8317888840e+00
4.4826434547e-04 8.9658687272e+03 1.5707963268e+00 -4.8390343165e+00
4.5483078142e-04 8.9433219455e+03 1.5707963268e+00 -4.8463163532e+00
4.6292190302e-04 8.9211071939e+03 1.5707963268e+00 -4.8536350147e+00
4.7343786333e-04 8.8995433480e+03 1.5707963268e+00 -4.8609900346e+00
4.8834864839e-04 8.8793033510e+03 1.5707963268e+00 -4.8683806112e+00
