0.0000000000e+00 1.2506426214e+04 1.5707963268e+00 0.0000000000e+00
2.7433488815e-07 1.2506426214e+04 1.5707963268e+00 3.5460992908e-03
5.4866977629e-07 1.2506416176e+04 1.5707963268e+00 7.0921985816e-03
8.2300520150e-07 1.2506396099e+04 1.5707963268e+00 1.0638303565e-02
1.0973417008e-06 1.2506365984e+04 1.5707963268e+00 1.4184419933e-02
1.3716798114e-06 1.2506325831e+04 1.5707963268e+00 1.7730553380e-02
1.6460200703e-06 1.2506275638e+04 1.5707963268e+00 2.1276709597e-02
1.9203630147e-06 1.2506215405e+04 1.5707963268e+00 2.4822894278e-02
2.1947091818e-06 1.2506145132e+04 1.5707963268e+00 2.8369113117e-02
2.4690591092e-06 1.2506064817e+04 1.5707963268e+00 3.1915371810e-02
2.7434133341e-06 1.2505974460e+04 1.5707963268e+00 3.5461676050e-02
3.0177723942e-06 1.2505874059e+04 1.5707963268e+00 3.9008031535e-02
3.2921368273e-06 1.2505763612e+04 1.5707963268e+00 4.2554443963e-02
3.5665071711e-06 1.2505643119e+04 1.5707963268e+00 4.6100919031e-02
3.8408839639e-06 1.2505512577e+04 1.5707963268e+00 4.9647462440e-02
4.1152677438e-06 1.2505371985e+04 1.5707963268e+00 5.3194079890e-02
4.3896590494e-06 1.2505221340e+04 1.5707963268e+00 5.6740777087e-02
4.6640584193e-06 1.2505060640e+04 1.5707963268e+00 6.0287559733e-02
4.9384663926e-06 1.2504889883e+04 1.5707963268e+00 6.3834433536e-02
5.2128835084e-06 1.2504709067e+04 1.5707963268e+00 6.7381404204e-02
5.4873103064e-06 1.2504518188e+04 1.5707963268e+00 7.0928477448e-02
5.7617473262e-06 1.2504317244e+04 1.5707963268e+00 7.4475658981e-02
6.0361951081e-06 1.2504106232e+04 1.5707963268e+00 7.8022954519e-02
6.3106541926e-06 1.2503885148e+04 1.5707963268e+00 8.1570369779e-02
6.5851251203e-06 1.2503653990e+04 1.5707963268e+00 8.5117910482e-02
6.8596084327e-06 1.2503412753e+04 1.5707963268e+00 8.8665582350e-02
7.1341046712e-06 1.2503161435e+04 1.5707963268e+00 9.2213391112e-02
7.4086143778e-06 1.2502900031e+04 1.5707963268e+00 9.5761342495e-02
7.6831380950e-06 1.2502628537e+04 1.5707963268e+00 9.9309442232e-02
7.9576763657e-06 1.2502346950e+04 1.5707963268e+00 1.0285769606e-01
8.2322297332e-06 1.2502055265e+04 1.5707963268e+00 1.0640610972e-01
8.5067987412e-06 1.2501753477e+04 1.5707963268e+00 1.0995468894e-01
8.7813839342e-06 1.2501441583e+04 1.5707963268e+00 1.1350343949e-01
9.0559858569e-06 1.2501119576e+04 1.5707963268e+00 1.1705236711e-01
9.3306050546e-06 1.2500787453e+04 1.5707963268e+00 1.2060147755e-01
9.6052420733e-06 1.2500445208e+04 1.5707963268e+00 1.2415077657e-01
9.8798974595e-06 1.2500092836e+04 1.5707963268e+00 1.2770026994e-01
1.0154571760e-05 1.2499730331e+04 1.5707963268e+00 1.3124996341e-01
1.0429265523e-05 1.2499357688e+04 1.5707963268e+00 1.3479986277e-01
1.0703979296e-05 1.2498974902e+04 1.5707963268e+00 1.3834997380e-01
1.0978713629e-05 1.2498581966e+04 1.5707963268e+00 1.4190030226e-01
1.1253469071e-05 1.2498178874e+04 1.5707963268e+00 1.4545085394e-01
1.1528246172e-05 1.2497765620e+04 1.5707963268e+00 1.4900163465e-01
1.1803045483e-05 1.2497342198e+04 1.5707963268e+00 1.5255265017e-01
1.2077867556e-05 1.2496908600e+04 1.5707963268e+00 1.5610390631e-01
1.2352712944e-05 1.2496464822e+04 1.5707963268e+00 1.5965540886e-01
1.2627582199e-05 1.2496010854e+04 1.5707963268e+00 1.6320716366e-01
1.2902475875e-05 1.2495546692e+04 1.5707963268e+00 1.6675917651e-01
1.3177394528e-05 1.2495072326e+04 1.5707963268e+00 1.7031145323e-01
1.3452338712e-05 1.2494587751e+04 1.5707963268e+00 1.7386399967e-01
1.3727308984e-05 1.2494092958e+04 1.5707963268e+00 1.7741682164e-01
1.4002305901e-05 1.2493587939e+04 1.5707963268e+00 1.8096992501e-01
1.4277330022e-05 1.2493072688e+04 1.5707963268e+00 1.8452331562e-01
1.4552381905e-05 1.2492547195e+04 1.5707963268e+00 1.8807699931e-01
1.4827462110e-05 1.2492011453e+04 1.5707963268e+00 1.9163098196e-01
1.5102571199e-05 1.2491465453e+04 1.5707963268e+00 1.9518526944e-01
1.5377709731e-05 1.2490909187e+04 1.5707963268e+00 1.9873986762e-01
1.5652878271e-05 1.2490342646e+04 1.5707963268e+00 2.0229478238e-01
1.5928077382e-05 1.2489765821e+04 1.5707963268e+00 2.0585001962e-01
1.6203307629e-05 1.2489178704e+04 1.5707963268e+00 2.0940558523e-01
1.6478569577e-05 1.2488581284e+04 1.5707963268e+00 2.1296148512e-01
1.6753863793e-05 1.2487973554e+04 1.5707963268e+00 2.1651772520e-01
1.7029190844e-05 1.2487355502e+04 1.5707963268e+00 2.2007431140e-01
1.7304551301e-05 1.2486727120e+04 1.5707963268e+00 2.2363124964e-01
1.7579945732e-05 1.2486088398e+04 1.5707963268e+00 2.2718854586e-01
1.7855374709e-05 1.2485439325e+04 1.5707963268e+00 2.3074620600e-01
1.8130838803e-05 1.2484779892e+04 1.5707963268e+00 2.3430423603e-01
1.8406338589e-05 1.2484110088e+04 1.5707963268e+00 2.3786264190e-01
1.8681874641e-05 1.2483429902e+04 1.5707963268e+00 2.4142142959e-01
1.8957447534e-05 1.2482739324e+04 1.5707963268e+00 2.4498060507e-01
1.9233057845e-05 1.2482038343e+04 1.5707963268e+00 2.4854017433e-01
1.9508706154e-05 1.2481326948e+04 1.5707963268e+00 2.5210014338e-01
1.9784393038e-05 1.2480605128e+04 1.5707963268e+00 2.5566051821e-01
2.0060119080e-05 1.2479872871e+04 1.5707963268e+00 2.5922130486e-01
2.0335884860e-05 1.2479130166e+04 1.5707963268e+00 2.6278250934e-01
2.0611690963e-05 1.2478377001e+04 1.5707963268e+00 2.6634413768e-01
2.0887537972e-05 1.2477613364e+04 1.5707963268e+00 2.6990619595e-01
2.1163426475e-05 1.2476839243e+04 1.5707963268e+00 2.7346869019e-01
2.1439357058e-05 1.2476054627e+04 1.5707963268e+00 2.7703162647e-01
2.1715330311e-05 1.2475259501e+04 1.5707963268e+00 2.8059501086e-01
2.1991346824e-05 1.2474453854e+04 1.5707963268e+00 2.8415884946e-01
2.2267407188e-05 1.2473637674e+04 1.5707963268e+00 2.8772314836e-01
2.2543511997e-05 1.2472810946e+04 1.5707963268e+00 2.9128791367e-01
2.2819661845e-05 1.2471973659e+04 1.5707963268e+00 2.9485315152e-01
2.3095857329e-05 1.2471125798e+04 1.5707963268e+00 2.9841886802e-01
2.3372099046e-05 1.2470267350e+04 1.5707963268e+00 3.0198506933e-01
2.3648387596e-05 1.2469398302e+04 1.5707963268e+00 3.0555176160e-01
2.3924723579e-05 1.2468518640e+04 1.5707963268e+00 3.0911895098e-01
2.4201107599e-05 1.2467628349e+04 1.5707963268e+00 3.1268664367e-01
2.4477540260e-05 1.2466727416e+04 1.5707963268e+00 3.1625484585e-01
2.4754022166e-05 1.2465815826e+04 1.5707963268e+00 3.1982356372e-01
2.5030553926e-05 1.2464893565e+04 1.5707963268e+00 3.2339280349e-01
2.5307136149e-05 1.2463960618e+04 1.5707963268e+00 3.2696257138e-01
2.5583769446e-05 1.2463016970e+04 1.5707963268e+00 3.3053287365e-01
2.5860454428e-05 1.2462062606e+04 1.5707963268e+00 3.3410371652e-01
2.6137191712e-05 1.2461097510e+04 1.5707963268e+00 3.3767510628e-01
2.6413981913e-05 1.2460121668e+04 1.5707963268e+00 3.4124704920e-01
2.6690825648e-05 1.2459135063e+04 1.5707963268e+00 3.4481955156e-01
2.6967723539e-05 1.2458137680e+04 1.5707963268e+00 3.4839261966e-01
2.7244676206e-05 1.2457129503e+04 1.5707963268e+00 3.5196625984e-01
2.7521684273e-05 1.2456110516e+04 1.5707963268e+00 3.5554047840e-01
2.7798748365e-05 1.2455080702e+04 1.5707963268e+00 3.5911528171e-01
2.8075869111e-05 1.2454040044e+04 1.5707963268e+00 3.6269067611e-01
2.8353047139e-05 1.2452988527e+04 1.5707963268e+00 3.6626666799e-01
2.8630283081e-05 1.2451926132e+04 1.5707963268e+00 3.6984326371e-01
2.8907577571e-05 1.2450852844e+04 1.5707963268e+00 3.7342046970e-01
2.9184931243e-05 1.2449768644e+04 1.5707963268e+00 3.7699829235e-01
2.9462344736e-05 1.2448673515e+04 1.5707963268e+00 3.8057673811e-01
2.9739818688e-05 1.2447567440e+04 1.5707963268e+00 3.8415581341e-01
3.0017353742e-05 1.2446450400e+04 1.5707963268e+00 3.8773552472e-01
3.0294950541e-05 1.2445322378e+04 1.5707963268e+00 3.9131587852e-01
3.0572609732e-05 1.2444183355e+04 1.5707963268e+00 3.9489688129e-01
3.0850331962e-05 1.2443033313e+04 1.5707963268e+00 3.9847853954e-01
3.1128117883e-05 1.2441872234e+04 1.5707963268e+00 4.0206085980e-01
3.1405968146e-05 1.2440700097e+04 1.5707963268e+00 4.0564384860e-01
3.1683883406e-05 1.2439516885e+04 1.5707963268e+00 4.0922751251e-01
3.1961864322e-05 1.2438322579e+04 1.5707963268e+00 4.1281185808e-01
3.2239911552e-05 1.2437117158e+04 1.5707963268e+00 4.1639689191e-01
3.2518025759e-05 1.2435900603e+04 1.5707963268e+00 4.1998262061e-01
3.2796207606e-05 1.2434672895e+04 1.5707963268e+00 4.2356905079e-01
3.3074457761e-05 1.2433434013e+04 1.5707963268e+00 4.2715618910e-01
3.3352776892e-05 1.2432183937e+04 1.5707963268e+00 4.3074404219e-01
3.3631165672e-05 1.2430922647e+04 1.5707963268e+00 4.3433261674e-01
3.3909624774e-05 1.2429650122e+04 1.5707963268e+00 4.3792191944e-01
3.4188154875e-05 1.2428366342e+04 1.5707963268e+00 4.4151195699e-01
3.4466756654e-05 1.2427071285e+04 1.5707963268e+00 4.4510273613e-01
3.4745430793e-05 1.2425764930e+04 1.5707963268e+00 4.4869426359e-01
3.5024177976e-05 1.2424447256e+04 1.5707963268e+00 4.5228654616e-01
3.5302998891e-05 1.2423118241e+04 1.5707963268e+00 4.5587959060e-01
3.5581894227e-05 1.2421777864e+04 1.5707963268e+00 4.5947340372e-01
3.5860864677e-05 1.2420426102e+04 1.5707963268e+00 4.6306799234e-01
3.6139910935e-05 1.2419062933e+04 1.5707963268e+00 4.6666336330e-01
3.6419033700e-05 1.2417688335e+04 1.5707963268e+00 4.7025952346e-01
3.6698233673e-05 1.2416302285e+04 1.5707963268e+00 4.7385647970e-01
3.6977511556e-05 1.2414904761e+04 1.5707963268e+00 4.7745423892e-01
3.7256868057e-05 1.2413495739e+04 1.5707963268e+00 4.8105280803e-01
3.7536303884e-05 1.2412075195e+04 1.5707963268e+00 4.8465219397e-01
3.7815819750e-05 1.2410643108e+04 1.5707963268e+00 4.8825240372e-01
3.8095416370e-05 1.2409199452e+04 1.5707963268e+00 4.9185344423e-01
3.8375094462e-05 1.2407744204e+04 1.5707963268e+00 4.9545532252e-01
3.8654854748e-05 1.2406277340e+04 1.5707963268e+00 4.9905804561e-01
3.8934697952e-05 1.2404798835e+04 1.5707963268e+00 5.0266162054e-01
3.9214624800e-05 1.2403308666e+04 1.5707963268e+00 5.0626605437e-01
3.9494636024e-05 1.2401806806e+04 1.5707963268e+00 5.0987135419e-01
3.9774732357e-05 1.2400293232e+04 1.5707963268e+00 5.1347752711e-01
4.0054914535e-05 1.2398767918e+04 1.5707963268e+00 5.1708458026e-01
4.0335183300e-05 1.2397230839e+04 1.5707963268e+00 5.2069252078e-01
4.0615539394e-05 1.2395681969e+04 1.5707963268e+00 5.2430135587e-01
4.0895983564e-05 1.2394121282e+04 1.5707963268e+00 5.2791109270e-01
4.1176516559e-05 1.2392548752e+04 1.5707963268e+00 5.3152173851e-01
4.1457139134e-05 1.2390964353e+04 1.5707963268e+00 5.3513330054e-01
4.1737852044e-05 1.2389368059e+04 1.5707963268e+00 5.3874578605e-01
4.2018656050e-05 1.2387759842e+04 1.5707963268e+00 5.4235920233e-01
4.2299551916e-05 1.2386139675e+04 1.5707963268e+00 5.4597355670e-01
4.2580540408e-05 1.2384507532e+04 1.5707963268e+00 5.4958885649e-01
4.2861622298e-05 1.2382863385e+04 1.5707963268e+00 5.5320510908e-01
4.3142798359e-05 1.2381207207e+04 1.5707963268e+00 5.5682232184e-01
4.3424069370e-05 1.2379538969e+04 1.5707963268e+00 5.6044050218e-01
4.3705436113e-05 1.2377858643e+04 1.5707963268e+00 5.6405965755e-01
4.3986899372e-05 1.2376166202e+04 1.5707963268e+00 5.6767979541e-01
4.4268459936e-05 1.2374461615e+04 1.5707963268e+00 5.7130092324e-01
4.4550118599e-05 1.2372744856e+04 1.5707963268e+00 5.7492304855e-01
4.4831876157e-05 1.2371015894e+04 1.5707963268e+00 5.7854617889e-01
4.5113733411e-05 1.2369274700e+04 1.5707963268e+00 5.8217032182e-01
4.5395691165e-05 1.2367521246e+04 1.5707963268e+00 5.8579548493e-01
4.5677750227e-05 1.2365755500e+04 1.5707963268e+00 5.8942167584e-01
4.5959911411e-05 1.2363977433e+04 1.5707963268e+00 5.9304890219e-01
4.6242175532e-05 1.2362187015e+04 1.5707963268e+00 5.9667717165e-01
4.6524543411e-05 1.2360384215e+04 1.5707963268e+00 6.0030649193e-01
4.6807015873e-05 1.2358569003e+04 1.5707963268e+00 6.0393687075e-01
4.7089593747e-05 1.2356741348e+04 1.5707963268e+00 6.0756831587e-01
4.7372277865e-05 1.2354901217e+04 1.5707963268e+00 6.1120083506e-01
4.7655069065e-05 1.2353048581e+04 1.5707963268e+00 6.1483443614e-01
4.7937968188e-05 1.2351183407e+04 1.5707963268e+00 6.1846912695e-01
4.8220976081e-05 1.2349305663e+04 1.5707963268e+00 6.2210491535e-01
4.8504093594e-05 1.2347415317e+04 1.5707963268e+00 6.2574180925e-01
4.8787321582e-05 1.2345512336e+04 1.5707963268e+00 6.2937981657e-01
4.9070660904e-05 1.2343596689e+04 1.5707963268e+00 6.3301894527e-01
4.9354112423e-05 1.2341668341e+04 1.5707963268e+00 6.3665920333e-01
4.9637677009e-05 1.2339727259e+04 1.5707963268e+00 6.4030059877e-01
4.9921355534e-05 1.2337773411e+04 1.5707963268e+00 6.4394313964e-01
5.0205148876e-05 1.2335806761e+04 1.5707963268e+00 6.4758683402e-01
5.0489057917e-05 1.2333827278e+04 1.5707963268e+00 6.5123169001e-01
5.0773083546e-05 1.2331834925e+04 1.5707963268e+00 6.5487771575e-01
5.1057226653e-05 1.2329829668e+04 1.5707963268e+00 6.5852491942e-01
5.1341488135e-05 1.2327811473e+04 1.5707963268e+00 6.6217330923e-01
5.1625868896e-05 1.2325780305e+04 1.5707963268e+00 6.6582289339e-01
5.1910369841e-05 1.2323736128e+04 1.5707963268e+00 6.6947368019e-01
5.2194991882e-05 1.2321678906e+04 1.5707963268e+00 6.7312567793e-01
5.2479735937e-05 1.2319608604e+04 1.5707963268e+00 6.7677889493e-01
5.2764602927e-05 1.2317525185e+04 1.5707963268e+00 6.8043333957e-01
5.3049593781e-05 1.2315428614e+04 1.5707963268e+00 6.8408902024e-01
5.3334709430e-05 1.2313318853e+04 1.5707963268e+00 6.8774594538e-01
5.3619950812e-05 1.2311195865e+04 1.5707963268e+00 6.9140412347e-01
5.3905318872e-05 1.2309059614e+04 1.5707963268e+00 6.9506356299e-01
5.4190814557e-05 1.2306910061e+04 1.5707963268e+00 6.9872427249e-01
5.4476438822e-05 1.2304747168e+04 1.5707963268e+00 7.0238626055e-01
5.4762192626e-05 1.2302570899e+04 1.5707963268e+00 7.0604953577e-01
5.5048076935e-05 1.2300381213e+04 1.5707963268e+00 7.0971410679e-01
5.5334092721e-05 1.2298178073e+04 1.5707963268e+00 7.1337998229e-01
5.5620240959e-05 1.2295961440e+04 1.5707963268e+00 7.1704717100e-01
5.5906522632e-05 1.2293731274e+04 1.5707963268e+00 7.2071568166e-01
5.6192938728e-05 1.2291487536e+04 1.5707963268e+00 7.2438552306e-01
5.6479490243e-05 1.2289230185e+04 1.5707963268e+00 7.2805670404e-01
5.6766178175e-05 1.2286959182e+04 1.5707963268e+00 7.3172923345e-01
5.7053003532e-05 1.2284674487e+04 1.5707963268e+00 7.3540312020e-01
5.7339967325e-05 1.2282376058e+04 1.5707963268e+00 7.3907837323e-01
5.7627070573e-05 1.2280063855e+04 1.5707963268e+00 7.4275500152e-01
5.7914314302e-05 1.2277737836e+04 1.5707963268e+00 7.4643301409e-01
5.8201699541e-05 1.2275397959e+04 1.5707963268e+00 7.5011242000e-01
5.8489227329e-05 1.2273044183e+04 1.5707963268e+00 7.5379322833e-01
5.8776898709e-05 1.2270676465e+04 1.5707963268e+00 7.5747544824e-01
5.9064714731e-05 1.2268294763e+04 1.5707963268e+00 7.6115908890e-01
5.9352676453e-05 1.2265899034e+04 1.5707963268e+00 7.6484415953e-01
5.9640784938e-05 1.2263489234e+04 1.5707963268e+00 7.6853066938e-01
5.9929041256e-05 1.2261065321e+04 1.5707963268e+00 7.7221862776e-01
6.0217446485e-05 1.2258627250e+04 1.5707963268e+00 7.7590804401e-01
6.0506001707e-05 1.2256174977e+04 1.5707963268e+00 7.7959892752e-01
6.0794708015e-05 1.2253708458e+04 1.5707963268e+00 7.8329128771e-01
6.1083566505e-05 1.2251227647e+04 1.5707963268e+00 7.8698513405e-01
6.1372578284e-05 1.2248732501e+04 1.5707963268e+00 7.9068047606e-01
6.1661744462e-05 1.2246222972e+04 1.5707963268e+00 7.9437732330e-01
6.1951066159e-05 1.2243699017e+04 1.5707963268e+00 7.9807568536e-01
6.2240544501e-05 1.2241160587e+04 1.5707963268e+00 8.0177557189e-01
6.2530180624e-05 1.2238607638e+04 1.5707963268e+00 8.0547699258e-01
6.2819975668e-05 1.2236040122e+04 1.5707963268e+00 8.0917995716e-01
6.3109930782e-05 1.2233457992e+04 1.5707963268e+00 8.1288447543e-01
6.3400047123e-05 1.2230861201e+04 1.5707963268e+00 8.1659055719e-01
6.3690325856e-05 1.2228249700e+04 1.5707963268e+00 8.2029821234e-01
6.3980768152e-05 1.2225623442e+04 1.5707963268e+00 8.2400745078e-01
6.4271375192e-05 1.2222982379e+04 1.5707963268e+00 8.2771828248e-01
6.4562148163e-05 1.2220326461e+04 1.5707963268e+00 8.3143071747e-01
6.4853088263e-05 1.2217655639e+04 1.5707963268e+00 8.3514476579e-01
6.5144196695e-05 1.2214969863e+04 1.5707963268e+00 8.3886043757e-01
6.5435474672e-05 1.2212269084e+04 1.5707963268e+00 8.4257774296e-01
6.5726923415e-05 1.2209553252e+04 1.5707963268e+00 8.4629669218e-01
6.6018544153e-05 1.2206822316e+04 1.5707963268e+00 8.5001729547e-01
6.6310338124e-05 1.2204076224e+04 1.5707963268e+00 8.5373956316e-01
6.6602306575e-05 1.2201314926e+04 1.5707963268e+00 8.5746350559e-01
6.6894450760e-05 1.2198538370e+04 1.5707963268e+00 8.6118913319e-01
6.7186771944e-05 1.2195746503e+04 1.5707963268e+00 8.6491645641e-01
6.7479271400e-05 1.2192939274e+04 1.5707963268e+00 8.6864548576e-01
6.7771950409e-05 1.2190116629e+04 1.5707963268e+00 8.7237623182e-01
6.8064810263e-05 1.2187278515e+04 1.5707963268e+00 8.7610870521e-01
6.8357852262e-05 1.2184424879e+04 1.5707963268e+00 8.7984291658e-01
6.8651077715e-05 1.2181555667e+04 1.5707963268e+00 8.8357887668e-01
6.8944487943e-05 1.2178670823e+04 1.5707963268e+00 8.8731659629e-01
6.9238084272e-05 1.2175770295e+04 1.5707963268e+00 8.9105608623e-01
6.9531868041e-05 1.2172854025e+04 1.5707963268e+00 8.9479735739e-01
6.9825840599e-05 1.2169921959e+04 1.5707963268e+00 8.9854042074e-01
7.0120003303e-05 1.2166974042e+04 1.5707963268e+00 9.0228528726e-01
7.0414357520e-05 1.2164010215e+04 1.5707963268e+00 9.0603196802e-01
7.0708904630e-05 1.2161030424e+04 1.5707963268e+00 9.0978047413e-01
7.1003646018e-05 1.2158034610e+04 1.5707963268e+00 9.1353081677e-01
7.1298583085e-05 1.2155022716e+04 1.5707963268e+00 9.1728300716e-01
7.1593717239e-05 1.2151994684e+04 1.5707963268e+00 9.2103705661e-01
7.1889049900e-05 1.2148950456e+04 1.5707963268e+00 9.2479297646e-01
7.2184582496e-05 1.2145889973e+04 1.5707963268e+00 9.2855077812e-01
7.2480316470e-05 1.2142813176e+04 1.5707963268e+00 9.3231047306e-01
7.2776253272e-05 1.2139720004e+04 1.5707963268e+00 9.3607207281e-01
7.3072394366e-05 1.2136610399e+04 1.5707963268e+00 9.3983558897e-01
7.3368741226e-05 1.2133484299e+04 1.5707963268e+00 9.4360103318e-01
7.3665295337e-05 1.2130341644e+04 1.5707963268e+00 9.4736841718e-01
7.3962058196e-05 1.2127182372e+04 1.5707963268e+00 9.5113775272e-01
7.4259031311e-05 1.2124006421e+04 1.5707963268e+00 9.5490905167e-01
7.4556216202e-05 1.2120813730e+04 1.5707963268e+00 9.5868232593e-01
7.4853614401e-05 1.2117604235e+04 1.5707963268e+00 9.6245758747e-01
7.5151227452e-05 1.2114377873e+04 1.5707963268e+00 9.6623484832e-01
7.5449056911e-05 1.2111134581e+04 1.5707963268e+00 9.7001412060e-01
7.5747104347e-05 1.2107874295e+04 1.5707963268e+00 9.7379541647e-01
7.6045371339e-05 1.2104596950e+04 1.5707963268e+00 9.7757874817e-01
7.6343859482e-05 1.2101302481e+04 1.5707963268e+00 9.8136412801e-01
7.6642570381e-05 1.2097990823e+04 1.5707963268e+00 9.8515156835e-01
7.6941505655e-05 1.2094661910e+04 1.5707963268e+00 9.8894108165e-01
7.7240666937e-05 1.2091315675e+04 1.5707963268e+00 9.9273268041e-01
7.7540055870e-05 1.2087952052e+04 1.5707963268e+00 9.9652637722e-01
7.7839674114e-05 1.2084570974e+04 1.5707963268e+00 1.0003221847e+00
7.8139523341e-05 1.2081172372e+04 1.5707963268e+00 1.0041201157e+00
7.8439605236e-05 1.2077756178e+04 1.5707963268e+00 1.0079201828e+00
7.8739921498e-05 1.2074322324e+04 1.5707963268e+00 1.0117223990e+00
7.9040473841e-05 1.2070870739e+04 1.5707963268e+00 1.0155267773e+00
7.9341263993e-05 1.2067401355e+04 1.5707963268e+00 1.0193333306e+00
7.9642293695e-05 1.2063914102e+04 1.5707963268e+00 1.0231420721e+00
7.9943564705e-05 1.2060408907e+04 1.5707963268e+00 1.0269530149e+00
8.0245078792e-05 1.2056885700e+04 1.5707963268e+00 1.0307661722e+00
8.0546837743e-05 1.2053344410e+04 1.5707963268e+00 1.0345815574e+00
8.0848843359e-05 1.2049784963e+04 1.5707963268e+00 1.0383991839e+00
8.1151097457e-05 1.2046207288e+04 1.5707963268e+00 1.0422190651e+00
8.1453601868e-05 1.2042611310e+04 1.5707963268e+00 1.0460412147e+00
8.1756358439e-05 1.2038996955e+04 1.5707963268e+00 1.0498656462e+00
8.2059369035e-05 1.2035364150e+04 1.5707963268e+00 1.0536923733e+00
8.2362635533e-05 1.2031712819e+04 1.5707963268e+00 1.0575214099e+00
8.2666159829e-05 1.2028042887e+04 1.5707963268e+00 1.0613527698e+00
8.2969943836e-05 1.2024354277e+04 1.5707963268e+00 1.0651864670e+00
8.3273989482e-05 1.2020646914e+04 1.5707963268e+00 1.0690225156e+00
8.3578298711e-05 1.2016920719e+04 1.5707963268e+00 1.0728609296e+00
8.3882873487e-05 1.2013175615e+04 1.5707963268e+00 1.0767017233e+00
8.4187715789e-05 1.2009411523e+04 1.5707963268e+00 1.0805449110e+00
8.4492827615e-05 1.2005628366e+04 1.5707963268e+00 1.0843905071e+00
8.4798210978e-05 1.2001826063e+04 1.5707963268e+00 1.0882385260e+00
8.5103867912e-05 1.1998004534e+04 1.5707963268e+00 1.0920889823e+00
8.5409800468e-05 1.1994163699e+04 1.5707963268e+00 1.0959418907e+00
8.5716010716e-05 1.1990303477e+04 1.5707963268e+00 1.0997972659e+00
8.6022500742e-05 1.1986423785e+04 1.5707963268e+00 1.1036551228e+00
8.6329272655e-05 1.1982524541e+04 1.5707963268e+00 1.1075154762e+00
8.6636328580e-05 1.1978605662e+04 1.5707963268e+00 1.1113783412e+00
8.6943670662e-05 1.1974667066e+04 1.5707963268e+00 1.1152437329e+00
8.7251301067e-05 1.1970708666e+04 1.5707963268e+00 1.1191116665e+00
8.7559221979e-05 1.1966730379e+04 1.5707963268e+00 1.1229821573e+00
8.7867435604e-05 1.1962732119e+04 1.5707963268e+00 1.1268552207e+00
8.8175944167e-05 1.1958713800e+04 1.5707963268e+00 1.1307308722e+00
8.8484749914e-05 1.1954675335e+04 1.5707963268e+00 1.1346091274e+00
8.8793855113e-05 1.1950616637e+04 1.5707963268e+00 1.1384900019e+00
8.9103262051e-05 1.1946537617e+04 1.5707963268e+00 1.1423735117e+00
8.9412973039e-05 1.1942438188e+04 1.5707963268e+00 1.1462596724e+00
8.9722990409e-05 1.1938318259e+04 1.5707963268e+00 1.1501485003e+00
9.0033316514e-05 1.1934177741e+04 1.5707963268e+00 1.1540400113e+00
9.0343953730e-05 1.1930016542e+04 1.5707963268e+00 1.1579342216e+00
9.0654904457e-05 1.1925834573e+04 1.5707963268e+00 1.1618311477e+00
9.0966171116e-05 1.1921631740e+04 1.5707963268e+00 1.1657308057e+00
9.1277756153e-05 1.1917407951e+04 1.5707963268e+00 1.1696332124e+00
9.1589662037e-05 1.1913163113e+04 1.5707963268e+00 1.1735383843e+00
9.1901891260e-05 1.1908897130e+04 1.5707963268e+00 1.1774463381e+00
9.2214446340e-05 1.1904609910e+04 1.5707963268e+00 1.1813570908e+00
9.2527329818e-05 1.1900301355e+04 1.5707963268e+00 1.1852706592e+00
9.2840544262e-05 1.1895971370e+04 1.5707963268e+00 1.1891870604e+00
9.3154092263e-05 1.1891619858e+04 1.5707963268e+00 1.1931063116e+00
9.3467976439e-05 1.1887246722e+04 1.5707963268e+00 1.1970284301e+00
9.3782199435e-05 1.1882851861e+04 1.5707963268e+00 1.2009534334e+00
9.4096763919e-05 1.1878435179e+04 1.5707963268e+00 1.2048813388e+00
9.4411672590e-05 1.1873996574e+04 1.5707963268e+00 1.2088121642e+00
9.4726928172e-05 1.1869535945e+04 1.5707963268e+00 1.2127459272e+00
9.5042533415e-05 1.1865053192e+04 1.5707963268e+00 1.2166826458e+00
9.5358491100e-05 1.1860548213e+04 1.5707963268e+00 1.2206223379e+00
9.5674804035e-05 1.1856020903e+04 1.5707963268e+00 1.2245650217e+00
9.5991475056e-05 1.1851471160e+04 1.5707963268e+00 1.2285107154e+00
9.6308507028e-05 1.1846898879e+04 1.5707963268e+00 1.2324594375e+00
9.6625902848e-05 1.1842303955e+04 1.5707963268e+00 1.2364112064e+00
9.6943665440e-05 1.1837686281e+04 1.5707963268e+00 1.2403660407e+00
9.7261797760e-05 1.1833045750e+04 1.5707963268e+00 1.2443239593e+00
9.7580302795e-05 1.1828382254e+04 1.5707963268e+00 1.2482849809e+00
9.7899183562e-05 1.1823695686e+04 1.5707963268e+00 1.2522491247e+00
9.8218443111e-05 1.1818985934e+04 1.5707963268e+00 1.2562164098e+00
9.8538084523e-05 1.1814252890e+04 1.5707963268e+00 1.2601868555e+00
9.8858110914e-05 1.1809496442e+04 1.5707963268e+00 1.2641604812e+00
9.9178525431e-05 1.1804716478e+04 1.5707963268e+00 1.2681373065e+00
9.9499331255e-05 1.1799912885e+04 1.5707963268e+00 1.2721173511e+00
9.9820531602e-05 1.1795085548e+04 1.5707963268e+00 1.2761006348e+00
1.0014212972e-04 1.1790234355e+04 1.5707963268e+00 1.2800871777e+00
1.0046412890e-04 1.1785359188e+04 1.5707963268e+00 1.2840769997e+00
1.0078653246e-04 1.1780459932e+04 1.5707963268e+00 1.2880701213e+00
1.0110934375e-04 1.1775536469e+04 1.5707963268e+00 1.2920665629e+00
1.0143256618e-04 1.1770588680e+04 1.5707963268e+00 1.2960663449e+00
1.0175620317e-04 1.1765616448e+04 1.5707963268e+00 1.3000694882e+00
1.0208025819e-04 1.1760619651e+04 1.5707963268e+00 1.3040760135e+00
1.0240473476e-04 1.1755598168e+04 1.5707963268e+00 1.3080859419e+00
1.0272963641e-04 1.1750551877e+04 1.5707963268e+00 1.3120992946e+00
1.0305496674e-04 1.1745480656e+04 1.5707963268e+00 1.3161160930e+00
1.0338072937e-04 1.1740384380e+04 1.5707963268e+00 1.3201363584e+00
1.0370692797e-04 1.1735262924e+04 1.5707963268e+00 1.3241601125e+00
1.0403356625e-04 1.1730116163e+04 1.5707963268e+00 1.3281873771e+00
1.0436064797e-04 1.1724943969e+04 1.5707963268e+00 1.3322181743e+00
1.0468817691e-04 1.1719746214e+04 1.5707963268e+00 1.3362525260e+00
1.0501615692e-04 1.1714522769e+04 1.5707963268e+00 1.3402904547e+00
1.0534459188e-04 1.1709273505e+04 1.5707963268e+00 1.3443319828e+00
1.0567348573e-04 1.1703998290e+04 1.5707963268e+00 1.3483771329e+00
1.0600284242e-04 1.1698696992e+04 1.5707963268e+00 1.3524259277e+00
1.0633266599e-04 1.1693369478e+04 1.5707963268e+00 1.3564783904e+00
1.0666296050e-04 1.1688015614e+04 1.5707963268e+00 1.3605345440e+00
1.0699373007e-04 1.1682635263e+04 1.5707963268e+00 1.3645944118e+00
1.0732497885e-04 1.1677228290e+04 1.5707963268e+00 1.3686580175e+00
1.0765671108e-04 1.1671794558e+04 1.5707963268e+00 1.3727253845e+00
1.0798893100e-04 1.1666333926e+04 1.5707963268e+00 1.3767965369e+00
1.0832164294e-04 1.1660846257e+04 1.5707963268e+00 1.3808714986e+00
1.0865485126e-04 1.1655331408e+04 1.5707963268e+00 1.3849502940e+00
1.0898856039e-04 1.1649789237e+04 1.5707963268e+00 1.3890329473e+00
1.0932277479e-04 1.1644219602e+04 1.5707963268e+00 1.3931194834e+00
1.0965749900e-04 1.1638622357e+04 1.5707963268e+00 1.3972099268e+00
1.0999273760e-04 1.1632997357e+04 1.5707963268e+00 1.4013043028e+00
1.1032849523e-04 1.1627344455e+04 1.5707963268e+00 1.4054026364e+00
1.1066477660e-04 1.1621663504e+04 1.5707963268e+00 1.4095049530e+00
1.1100158645e-04 1.1615954353e+04 1.5707963268e+00 1.4136112783e+00
1.1133892962e-04 1.1610216852e+04 1.5707963268e+00 1.4177216381e+00
1.1167681096e-04 1.1604450850e+04 1.5707963268e+00 1.4218360584e+00
1.1201523542e-04 1.1598656193e+04 1.5707963268e+00 1.4259545654e+00
1.1235420801e-04 1.1592832727e+04 1.5707963268e+00 1.4300771855e+00
1.1269373379e-04 1.1586980296e+04 1.5707963268e+00 1.4342039454e+00
1.1303381788e-04 1.1581098743e+04 1.5707963268e+00 1.4383348719e+00
1.1337446549e-04 1.1575187911e+04 1.5707963268e+00 1.4424699922e+00
1.1371568187e-04 1.1569247638e+04 1.5707963268e+00 1.4466093334e+00
1.1405747237e-04 1.1563277766e+04 1.5707963268e+00 1.4507529233e+00
1.1439984237e-04 1.1557278130e+04 1.5707963268e+00 1.4549007893e+00
1.1474279735e-04 1.1551248567e+04 1.5707963268e+00 1.4590529597e+00
1.1508634286e-04 1.1545188913e+04 1.5707963268e+00 1.4632094625e+00
1.1543048450e-04 1.1539099000e+04 1.5707963268e+00 1.4673703262e+00
1.1577522798e-04 1.1532978660e+04 1.5707963268e+00 1.4715355796e+00
1.1612057906e-04 1.1526827725e+04 1.5707963268e+00 1.4757052514e+00
1.1646654358e-04 1.1520646024e+04 1.5707963268e+00 1.4798793709e+00
1.1681312748e-04 1.1514433383e+04 1.5707963268e+00 1.4840579674e+00
1.1716033674e-04 1.1508189630e+04 1.5707963268e+00 1.4882410706e+00
1.1750817746e-04 1.1501914588e+04 1.5707963268e+00 1.4924287105e+00
1.1785665581e-04 1.1495608081e+04 1.5707963268e+00 1.4966209171e+00
1.1820577803e-04 1.1489269931e+04 1.5707963268e+00 1.5008177209e+00
1.1855555048e-04 1.1482899957e+04 1.5707963268e+00 1.5050191526e+00
1.1890597957e-04 1.1476497979e+04 1.5707963268e+00 1.5092252430e+00
1.1925707183e-04 1.1470063812e+04 1.5707963268e+00 1.5134360235e+00
1.1960883386e-04 1.1463597272e+04 1.5707963268e+00 1.5176515253e+00
1.1996127237e-04 1.1457098173e+04 1.5707963268e+00 1.5218717804e+00
1.2031439416e-04 1.1450566326e+04 1.5707963268e+00 1.5260968207e+00
1.2066820611e-04 1.1444001543e+04 1.5707963268e+00 1.5303266785e+00
1.2102271522e-04 1.1437403631e+04 1.5707963268e+00 1.5345613863e+00
1.2137792859e-04 1.1430772397e+04 1.5707963268e+00 1.5388009772e+00
1.2173385340e-04 1.1424107647e+04 1.5707963268e+00 1.5430454841e+00
1.2209049696e-04 1.1417409184e+04 1.5707963268e+00 1.5472949405e+00
1.2244786667e-04 1.1410676809e+04 1.5707963268e+00 1.5515493803e+00
1.2280597006e-04 1.1403910323e+04 1.5707963268e+00 1.5558088374e+00
1.2316481474e-04 1.1397109524e+04 1.5707963268e+00 1.5600733462e+00
1.2352440846e-04 1.1390274207e+04 1.5707963268e+00 1.5643429413e+00
1.2388475906e-04 1.1383404167e+04 1.5707963268e+00 1.5686176577e+00
1.2424587453e-04 1.1376499197e+04 1.5707963268e+00 1.5728975307e+00
1.2460776295e-04 1.1369559087e+04 1.5707963268e+00 1.5771825959e+00
1.2497043255e-04 1.1362583626e+04 1.5707963268e+00 1.5814728892e+00
1.2533389165e-04 1.1355572600e+04 1.5707963268e+00 1.5857684469e+00
1.2569814873e-04 1.1348525795e+04 1.5707963268e+00 1.5900693055e+00
1.2606321238e-04 1.1341442993e+04 1.5707963268e+00 1.5943755020e+00
1.2642909134e-04 1.1334323974e+04 1.5707963268e+00 1.5986870736e+00
1.2679579448e-04 1.1327168518e+04 1.5707963268e+00 1.6030040580e+00
1.2716333079e-04 1.1319976401e+04 1.5707963268e+00 1.6073264931e+00
1.2753170943e-04 1.1312747398e+04 1.5707963268e+00 1.6116544172e+00
1.2790093969e-04 1.1305481281e+04 1.5707963268e+00 1.6159878689e+00
1.2827103101e-04 1.1298177821e+04 1.5707963268e+00 1.6203268874e+00
1.2864199298e-04 1.1290836785e+04 1.5707963268e+00 1.6246715120e+00
1.2901383534e-04 1.1283457940e+04 1.5707963268e+00 1.6290217824e+00
1.2938656800e-04 1.1276041049e+04 1.5707963268e+00 1.6333777389e+00
1.2976020102e-04 1.1268585874e+04 1.5707963268e+00 1.6377394219e+00
1.3013474462e-04 1.1261092174e+04 1.5707963268e+00 1.6421068724e+00
1.3051020922e-04 1.1253559705e+04 1.5707963268e+00 1.6464801317e+00
1.3088660537e-04 1.1245988223e+04 1.5707963268e+00 1.6508592415e+00
1.3126394381e-04 1.1238377480e+04 1.5707963268e+00 1.6552442438e+00
1.3164223549e-04 1.1230727225e+04 1.5707963268e+00 1.6596351813e+00
1.3202149149e-04 1.1223037206e+04 1.5707963268e+00 1.6640320968e+00
1.3240172312e-04 1.1215307168e+04 1.5707963268e+00 1.6684350337e+00
1.3278294187e-04 1.1207536852e+04 1.5707963268e+00 1.6728440358e+00
1.3316515943e-04 1.1199726000e+04 1.5707963268e+00 1.6772591473e+00
1.3354838767e-04 1.1191874348e+04 1.5707963268e+00 1.6816804129e+00
1.3393263870e-04 1.1183981632e+04 1.5707963268e+00 1.6861078775e+00
1.3431792482e-04 1.1176047582e+04 1.5707963268e+00 1.6905415868e+00
1.3470425855e-04 1.1168071930e+04 1.5707963268e+00 1.6949815868e+00
1.3509165263e-04 1.1160054401e+04 1.5707963268e+00 1.6994279238e+00
1.3548012003e-04 1.1151994721e+04 1.5707963268e+00 1.7038806449e+00
1.3586967395e-04 1.1143892609e+04 1.5707963268e+00 1.7083397975e+00
1.3626032783e-04 1.1135747785e+04 1.5707963268e+00 1.7128054293e+00
1.3665209534e-04 1.1127559964e+04 1.5707963268e+00 1.7172775888e+00
1.3704499042e-04 1.1119328860e+04 1.5707963268e+00 1.7217563248e+00
1.3743902726e-04 1.1111054182e+04 1.5707963268e+00 1.7262416866e+00
1.3783422029e-04 1.1102735637e+04 1.5707963268e+00 1.7307337243e+00
1.3823058425e-04 1.1094372929e+04 1.5707963268e+00 1.7352324880e+00
1.3862813410e-04 1.1085965759e+04 1.5707963268e+00 1.7397380288e+00
1.3902688514e-04 1.1077513826e+04 1.5707963268e+00 1.7442503981e+00
1.3942685291e-04 1.1069016824e+04 1.5707963268e+00 1.7487696479e+00
1.3982805328e-04 1.1060474444e+04 1.5707963268e+00 1.7532958306e+00
1.4023050241e-04 1.1051886375e+04 1.5707963268e+00 1.7578289993e+00
1.4063421677e-04 1.1043252302e+04 1.5707963268e+00 1.7623692078e+00
1.4103921316e-04 1.1034571908e+04 1.5707963268e+00 1.7669165102e+00
1.4144550869e-04 1.1025844870e+04 1.5707963268e+00 1.7714709612e+00
1.4185312083e-04 1.1017070865e+04 1.5707963268e+00 1.7760326163e+00
1.4226206739e-04 1.1008249563e+04 1.5707963268e+00 1.7806015315e+00
1.4267236652e-04 1.0999380634e+04 1.5707963268e+00 1.7851777632e+00
1.4308403676e-04 1.0990463742e+04 1.5707963268e+00 1.7897613687e+00
1.4349709700e-04 1.0981498548e+04 1.5707963268e+00 1.7943524059e+00
1.4391156653e-04 1.0972484710e+04 1.5707963268e+00 1.7989509331e+00
1.4432746503e-04 1.0963421882e+04 1.5707963268e+00 1.8035570094e+00
1.4474481259e-04 1.0954309715e+04 1.5707963268e+00 1.8081706946e+00
1.4516362973e-04 1.0945147854e+04 1.5707963268e+00 1.8127920490e+00
1.4558393737e-04 1.0935935942e+04 1.5707963268e+00 1.8174211338e+00
1.4600575691e-04 1.0926673619e+04 1.5707963268e+00 1.8220580106e+00
1.4642911016e-04 1.0917360519e+04 1.5707963268e+00 1.8267027420e+00
1.4685401945e-04 1.0907996272e+04 1.5707963268e+00 1.8313553910e+00
1.4728050754e-04 1.0898580506e+04 1.5707963268e+00 1.8360160216e+00
1.4770859773e-04 1.0889112844e+04 1.5707963268e+00 1.8406846982e+00
1.4813831379e-04 1.0879592903e+04 1.5707963268e+00 1.8453614863e+00
1.4856968005e-04 1.0870020298e+04 1.5707963268e+00 1.8500464518e+00
1.4900272136e-04 1.0860394640e+04 1.5707963268e+00 1.8547396616e+00
1.4943746313e-04 1.0850715533e+04 1.5707963268e+00 1.8594411834e+00
1.4987393135e-04 1.0840982578e+04 1.5707963268e+00 1.8641510854e+00
1.5031215259e-04 1.0831195374e+04 1.5707963268e+00 1.8688694368e+00
1.5075215405e-04 1.0821353511e+04 1.5707963268e+00 1.8735963077e+00
1.5119396353e-04 1.0811456577e+04 1.5707963268e+00 1.8783317688e+00
1.5163760951e-04 1.0801504155e+04 1.5707963268e+00 1.8830758918e+00
1.5208312112e-04 1.0791495824e+04 1.5707963268e+00 1.8878287491e+00
1.5253052816e-04 1.0781431155e+04 1.5707963268e+00 1.8925904141e+00
1.5297986119e-04 1.0771309719e+04 1.5707963268e+00 1.8973609610e+00
1.5343115146e-04 1.0761131077e+04 1.5707963268e+00 1.9021404650e+00
1.5388443101e-04 1.0750894788e+04 1.5707963268e+00 1.9069290020e+00
1.5433973263e-04 1.0740600406e+04 1.5707963268e+00 1.9117266490e+00
1.5479708996e-04 1.0730247477e+04 1.5707963268e+00 1.9165334838e+00
1.5525653744e-04 1.0719835546e+04 1.5707963268e+00 1.9213495853e+00
1.5571811039e-04 1.0709364149e+04 1.5707963268e+00 1.9261750333e+00
1.5618184502e-04 1.0698832817e+04 1.5707963268e+00 1.9310099085e+00
1.5664777848e-04 1.0688241077e+04 1.5707963268e+00 1.9358542926e+00
1.5711594885e-04 1.0677588450e+04 1.5707963268e+00 1.9407082686e+00
1.5758639521e-04 1.0666874451e+04 1.5707963268e+00 1.9455719202e+00
1.5805915766e-04 1.0656098588e+04 1.5707963268e+00 1.9504453323e+00
1.5853427738e-04 1.0645260364e+04 1.5707963268e+00 1.9553285907e+00
1.5901179661e-04 1.0634359277e+04 1.5707963268e+00 1.9602217827e+00
1.5949175876e-04 1.0623394818e+04 1.5707963268e+00 1.9651249961e+00
1.5997420841e-04 1.0612366472e+04 1.5707963268e+00 1.9700383204e+00
1.6045919135e-04 1.0601273717e+04 1.5707963268e+00 1.9749618460e+00
1.6094675465e-04 1.0590116025e+04 1.5707963268e+00 1.9798956643e+00
1.6143694668e-04 1.0578892862e+04 1.5707963268e+00 1.9848398682e+00
1.6192981719e-04 1.0567603688e+04 1.5707963268e+00 1.9897945516e+00
1.6242541734e-04 1.0556247954e+04 1.5707963268e+00 1.9947598097e+00
1.6292379975e-04 1.0544825106e+04 1.5707963268e+00 1.9997357389e+00
1.6342501858e-04 1.0533334583e+04 1.5707963268e+00 2.0047224369e+00
1.6392912957e-04 1.0521775817e+04 1.5707963268e+00 2.0097200028e+00
1.6443619010e-04 1.0510148232e+04 1.5707963268e+00 2.0147285369e+00
1.6494625929e-04 1.0498451245e+04 1.5707963268e+00 2.0197481408e+00
1.6545939803e-04 1.0486684266e+04 1.5707963268e+00 2.0247789176e+00
1.6597566905e-04 1.0474846697e+04 1.5707963268e+00 2.0298209717e+00
1.6649513705e-04 1.0462937934e+04 1.5707963268e+00 2.0348744089e+00
1.6701786871e-04 1.0450957364e+04 1.5707963268e+00 2.0399393365e+00
1.6754393283e-04 1.0438904364e+04 1.5707963268e+00 2.0450158633e+00
1.6807340040e-04 1.0426778308e+04 1.5707963268e+00 2.0501040995e+00
1.6860634467e-04 1.0414578557e+04 1.5707963268e+00 2.0552041569e+00
1.6914284129e-04 1.0402304467e+04 1.5707963268e+00 2.0603161489e+00
1.6968296840e-04 1.0389955383e+04 1.5707963268e+00 2.0654401903e+00
1.7022680670e-04 1.0377530644e+04 1.5707963268e+00 2.0705763978e+00
1.7077443966e-04 1.0365029579e+04 1.5707963268e+00 2.0757248894e+00
1.7132595353e-04 1.0352451508e+04 1.5707963268e+00 2.0808857850e+00
1.7188143756e-04 1.0339795743e+04 1.5707963268e+00 2.0860592063e+00
1.7244098410e-04 1.0327061586e+04 1.5707963268e+00 2.0912452765e+00
1.7300468872e-04 1.0314248330e+04 1.5707963268e+00 2.0964441206e+00
1.7357265044e-04 1.0301355259e+04 1.5707963268e+00 2.1016558657e+00
1.7414497180e-04 1.0288381647e+04 1.5707963268e+00 2.1068806403e+00
1.7472175912e-04 1.0275326758e+04 1.5707963268e+00 2.1121185753e+00
1.7530312263e-04 1.0262189847e+04 1.5707963268e+00 2.1173698030e+00
1.7588917666e-04 1.0248970159e+04 1.5707963268e+00 2.1226344580e+00
1.7648003991e-04 1.0235666928e+04 1.5707963268e+00 2.1279126768e+00
1.7707583560e-04 1.0222279378e+04 1.5707963268e+00 2.1332045979e+00
1.7767669175e-04 1.0208806722e+04 1.5707963268e+00 2.1385103619e+00
1.7828274141e-04 1.0195248165e+04 1.5707963268e+00 2.1438301117e+00
1.7889412295e-04 1.0181602897e+04 1.5707963268e+00 2.1491639920e+00
1.7951098031e-04 1.0167870100e+04 1.5707963268e+00 2.1545121499e+00
1.8013346336e-04 1.0154048945e+04 1.5707963268e+00 2.1598747350e+00
1.8076172816e-04 1.0140138589e+04 1.5707963268e+00 2.1652518987e+00
1.8139593737e-04 1.0126138181e+04 1.5707963268e+00 2.1706437951e+00
1.8203626059e-04 1.0112046855e+04 1.5707963268e+00 2.1760505806e+00
1.8268287477e-04 1.0097863737e+04 1.5707963268e+00 2.1814724140e+00
1.8333596463e-04 1.0083587937e+04 1.5707963268e+00 2.1869094567e+00
1.8399572317e-04 1.0069218556e+04 1.5707963268e+00 2.1923618726e+00
1.8466235210e-04 1.0054754682e+04 1.5707963268e+00 2.1978298282e+00
1.8533606241e-04 1.0040195389e+04 1.5707963268e+00 2.2033134926e+00
1.8601707497e-04 1.0025539741e+04 1.5707963268e+00 2.2088130377e+00
1.8670562112e-04 1.0010786788e+04 1.5707963268e+00 2.2143286382e+00
1.8740194334e-04 9.9959355667e+03 1.5707963268e+00 2.2198604714e+00
1.8810629602e-04 9.9809851019e+03 1.5707963268e+00 2.2254087179e+00
1.8881894619e-04 9.9659344049e+03 1.5707963268e+00 2.2309735609e+00
1.8954017443e-04 9.9507824740e+03 1.5707963268e+00 2.2365551868e+00
1.9027027576e-04 9.9355282944e+03 1.5707963268e+00 2.2421537849e+00
1.9100956069e-04 9.9201708379e+03 1.5707963268e+00 2.2477695479e+00
1.9175835627e-04 9.9047090629e+03 1.5707963268e+00 2.2534026717e+00
1.9251700732e-04 9.8891419147e+03 1.5707963268e+00 2.2590533552e+00
1.9328587773e-04 9.8734683253e+03 1.5707963268e+00 2.2647218010e+00
1.9406535190e-04 9.8576872130e+03 1.5707963268e+00 2.2704082149e+00
1.9485583629e-04 9.8417974832e+03 1.5707963268e+00 2.2761128065e+00
1.9565776115e-04 9.8257980282e+03 1.5707963268e+00 2.2818357887e+00
1.9647158243e-04 9.8096877271e+03 1.5707963268e+00 2.2875773781e+00
1.9729778382e-04 9.7934654463e+03 1.5707963268e+00 2.2933377953e+00
1.9813687908e-04 9.7771300397e+03 1.5707963268e+00 2.2991172645e+00
1.9898941458e-04 9.7606803489e+03 1.5707963268e+00 2.3049160138e+00
1.9985597210e-04 9.7441152038e+03 1.5707963268e+00 2.3107342756e+00
2.0073717195e-04 9.7274334228e+03 1.5707963268e+00 2.3165722861e+00
2.0163367644e-04 9.7106338139e+03 1.5707963268e+00 2.3224302858e+00
2.0254619379e-04 9.6937151748e+03 1.5707963268e+00 2.3283085193e+00
2.0347548241e-04 9.6766762943e+03 1.5707963268e+00 2.3342072360e+00
2.0442235578e-04 9.6595159528e+03 1.5707963268e+00 2.3401266892e+00
2.0538768788e-04 9.6422329243e+03 1.5707963268e+00 2.3460671373e+00
2.0637241935e-04 9.6248259769e+03 1.5707963268e+00 2.3520288429e+00
2.0737756441e-04 9.6072938751e+03 1.5707963268e+00 2.3580120737e+00
2.0840421873e-04 9.5896353817e+03 1.5707963268e+00 2.3640171019e+00
2.0945356835e-04 9.5718492602e+03 1.5707963268e+00 2.3700442050e+00
2.1052689988e-04 9.5539342772e+03 1.5707963268e+00 2.3760936653e+00
2.1162561216e-04 9.5358892062e+03 1.5707963268e+00 2.3821657703e+00
2.1275122969e-04 9.5177128313e+03 1.5707963268e+00 2.3882608129e+00
2.1390541801e-04 9.4994039515e+03 1.5707963268e+00 2.3943790909e+00
2.1509000169e-04 9.4809613866e+03 1.5707963268e+00 2.4005209080e+00
2.1630698511e-04 9.4623839831e+03 1.5707963268e+00 2.4066865731e+00
2.1755857677e-04 9.4436706224e+03 1.5707963268e+00 2.4128764007e+00
2.1884721794e-04 9.4248202296e+03 1.5707963268e+00 2.4190907110e+00
2.2017561633e-04 9.4058317848e+03 1.5707963268e+00 2.4253298300e+00
2.2154678623e-04 9.3867043359e+03 1.5707963268e+00 2.4315940892e+00
2.2296409632e-04 9.3674370150e+03 1.5707963268e+00 2.4378838260e+00
2.2443132725e-04 9.3480290578e+03 1.5707963268e+00 2.4441993838e+00
2.2595274131e-04 9.3284798271e+03 1.5707963268e+00 2.4505411113e+00
2.2753316739e-04 9.3087888426e+03 1.5707963268e+00 2.4569093633e+00
2.2917810550e-04 9.2889558168e+03 1.5707963268e+00 2.4633045002e+00
2.3089385640e-04 9.2689807008e+03 1.5707963268e+00 2.4697268876e+00
2.3268768399e-04 9.2488637410e+03 1.5707963268e+00 2.4761768966e+00
2.3456802070e-04 9.2286055523e+03 1.5707963268e+00 2.4826549032e+00
2.3654473065e-04 9.2082072114e+03 1.5707963268e+00 2.4891612879e+00
2.3862945053e-04 9.1876703787e+03 1.5707963268e+00 2.4956964353e+00
2.4083603796e-04 9.1669974585e+03 1.5707963268e+00 2.5022607330e+00
2.4318116998e-04 9.1461918136e+03 1.5707963268e+00 2.5088545710e+00
2.4568515628e-04 9.1252580572e+03 1.5707963268e+00 2.5154783400e+00
2.4837306594e-04 9.1042024571e+03 1.5707963268e+00 2.5221324300e+00
2.5127632394e-04 9.0830335080e+03 1.5707963268e+00 2.5288172272e+00
2.5443503187e-04 9.0617627608e+03 1.5707963268e+00 2.5355331112e+00
2.5790144286e-04 9.0404060613e+03 1.5707963268e+00 2.5422804499e+00
2.6174534938e-04 9.0189854591e+03 1.5707963268e+00 2.5490595927e+00
2.6606278976e-04 8.9975322702e+03 1.5707963268e+00 2.5558708609e+00
2.7099084180e-04 8.9760922278e+03 1.5707963268e+00 2.5627145326e+00
2.7673436913e-04 8.9547346662e+03 1.5707963268e+00 2.5695908197e+00
2.8361835487e-04 8.9335701455e+03 1.5707963268e+00 2.5764998294e+00
2.9220158013e-04 8.9127876991e+03 1.5707963268e+00 2.5834414979e+00
3.0356233377e-04 8.8927447132e+03 1.5707963268e+00 2.5904154637e+00
3.2019520115e-04 8.8742313394e+03 1.5707963268e+00 2.5974207955e+00
