0.0000000000e+00 9.7567864080e+03 1.5707963268e+00 0.0000000000e+00
4.9063639030e-07 9.7567864080e+03 1.5707963268e+00 4.5454545455e-03
9.8127278059e-07 9.7567131038e+03 1.5707963268e+00 9.0909090909e-03
1.4719460331e-06 9.7565664982e+03 1.5707963268e+00 1.3636431938e-02
1.9626930209e-06 9.7563465902e+03 1.5707963268e+00 1.8182091388e-02
2.4535506480e-06 9.7560533751e+03 1.5707963268e+00 2.2727955751e-02
2.9445558696e-06 9.7556868446e+03 1.5707963268e+00 2.7274093356e-02
3.4357457121e-06 9.7552469865e+03 1.5707963268e+00 3.1820572553e-02
3.9271572941e-06 9.7547337851e+03 1.5707963268e+00 3.6367461727e-02
4.4188278460e-06 9.7541472207e+03 1.5707963268e+00 4.0914829305e-02
4.9107947313e-06 9.7534872702e+03 1.5707963268e+00 4.5462743761e-02
5.4030954671e-06 9.7527539067e+03 1.5707963268e+00 5.0011273626e-02
5.8957677453e-06 9.7519470993e+03 1.5707963268e+00 5.4560487498e-02
6.3888494535e-06 9.7510668138e+03 1.5707963268e+00 5.9110454047e-02
6.8823786967e-06 9.7501130120e+03 1.5707963268e+00 6.3661242026e-02
7.3763938193e-06 9.7490856521e+03 1.5707963268e+00 6.8212920277e-02
7.8709334269e-06 9.7479846884e+03 1.5707963268e+00 7.2765557740e-02
8.3660364091e-06 9.7468100717e+03 1.5707963268e+00 7.7319223461e-02
8.8617419619e-06 9.7455617488e+03 1.5707963268e+00 8.1873986601e-02
9.3580896117e-06 9.7442396630e+03 1.5707963268e+00 8.6429916444e-02
9.8551192386e-06 9.7428437536e+03 1.5707963268e+00 9.0987082404e-02
1.0352871101e-05 9.7413739563e+03 1.5707963268e+00 9.5545554037e-02
1.0851385859e-05 9.7398302029e+03 1.5707963268e+00 1.0010540104e-01
1.1350704604e-05 9.7382124215e+03 1.5707963268e+00 1.0466669328e-01
1.1850868879e-05 9.7365205363e+03 1.5707963268e+00 1.0922950078e-01
1.2351920708e-05 9.7347544677e+03 1.5707963268e+00 1.1379389373e-01
1.2853902627e-05 9.7329141325e+03 1.5707963268e+00 1.1835994252e-01
1.3356857704e-05 9.7309994433e+03 1.5707963268e+00 1.2292771771e-01
1.3860829577e-05 9.7290103090e+03 1.5707963268e+00 1.2749729007e-01
1.4365862476e-05 9.7269466348e+03 1.5707963268e+00 1.3206873059e-01
1.4872001259e-05 9.7248083218e+03 1.5707963268e+00 1.3664211045e-01
1.5379291443e-05 9.7225952673e+03 1.5707963268e+00 1.4121750108e-01
1.5887779233e-05 9.7203073647e+03 1.5707963268e+00 1.4579497414e-01
1.6397511561e-05 9.7179445033e+03 1.5707963268e+00 1.5037460152e-01
1.6908536119e-05 9.7155065688e+03 1.5707963268e+00 1.5495645538e-01
1.7420901391e-05 9.7129934425e+03 1.5707963268e+00 1.5954060813e-01
1.7934656700e-05 9.7104050022e+03 1.5707963268e+00 1.6412713246e-01
1.8449852236e-05 9.7077411212e+03 1.5707963268e+00 1.6871610134e-01
1.8966539106e-05 9.7050016692e+03 1.5707963268e+00 1.7330758803e-01
1.9484769369e-05 9.7021865117e+03 1.5707963268e+00 1.7790166609e-01
2.0004596083e-05 9.6992955099e+03 1.5707963268e+00 1.8249840938e-01
2.0526073350e-05 9.6963285214e+03 1.5707963268e+00 1.8709789209e-01
2.1049256362e-05 9.6932853992e+03 1.5707963268e+00 1.9170018874e-01
2.1574201452e-05 9.6901659926e+03 1.5707963268e+00 1.9630537419e-01
2.2100966143e-05 9.6869701464e+03 1.5707963268e+00 2.0091352364e-01
2.2629609203e-05 9.6836977015e+03 1.5707963268e+00 2.0552471264e-01
2.3160190699e-05 9.6803484943e+03 1.5707963268e+00 2.1013901715e-01
2.3692772059e-05 9.6769223573e+03 1.5707963268e+00 2.1475651347e-01
2.4227416127e-05 9.6734191185e+03 1.5707963268e+00 2.1937727830e-01
2.4764187233e-05 9.6698386017e+03 1.5707963268e+00 2.2400138874e-01
2.5303151254e-05 9.6661806264e+03 1.5707963268e+00 2.2862892232e-01
2.5844375687e-05 9.6624450078e+03 1.5707963268e+00 2.3325995698e-01
2.6387929721e-05 9.6586315567e+03 1.5707963268e+00 2.3789457108e-01
2.6933884315e-05 9.6547400795e+03 1.5707963268e+00 2.4253284344e-01
2.7482312275e-05 9.6507703782e+03 1.5707963268e+00 2.4717485333e-01
2.8033288343e-05 9.6467222502e+03 1.5707963268e+00 2.5182068050e-01
2.8586889280e-05 9.6425954888e+03 1.5707963268e+00 2.5647040516e-01
2.9143193965e-05 9.6383898824e+03 1.5707963268e+00 2.6112410802e-01
2.9702283490e-05 9.6341052150e+03 1.5707963268e+00 2.6578187030e-01
3.0264241263e-05 9.6297412661e+03 1.5707963268e+00 2.7044377371e-01
3.0829153118e-05 9.6252978105e+03 1.5707963268e+00 2.7510990052e-01
3.1397107430e-05 9.6207746184e+03 1.5707963268e+00 2.7978033352e-01
3.1968195232e-05 9.6161714553e+03 1.5707963268e+00 2.8445515604e-01
3.2542510350e-05 9.6114880822e+03 1.5707963268e+00 2.8913445201e-01
3.3120149532e-05 9.6067242550e+03 1.5707963268e+00 2.9381830589e-01
3.3701212591e-05 9.6018797252e+03 1.5707963268e+00 2.9850680278e-01
3.4285802559e-05 9.5969542392e+03 1.5707963268e+00 3.0320002835e-01
3.4874025845e-05 9.5919475389e+03 1.5707963268e+00 3.0789806889e-01
3.5465992404e-05 9.5868593611e+03 1.5707963268e+00 3.1260101134e-01
3.6061815915e-05 9.5816894377e+03 1.5707963268e+00 3.1730894327e-01
3.6661613976e-05 9.5764374959e+03 1.5707963268e+00 3.2202195291e-01
3.7265508301e-05 9.5711032578e+03 1.5707963268e+00 3.2674012916e-01
3.7873624939e-05 9.5656864405e+03 1.5707963268e+00 3.3146356163e-01
3.8486094500e-05 9.5601867561e+03 1.5707963268e+00 3.3619234059e-01
3.9103052398e-05 9.5546039117e+03 1.5707963268e+00 3.4092655708e-01
3.9724639113e-05 9.5489376095e+03 1.5707963268e+00 3.4566630282e-01
4.0351000465e-05 9.5431875462e+03 1.5707963268e+00 3.5041167033e-01
4.0982287909e-05 9.5373534139e+03 1.5707963268e+00 3.5516275285e-01
4.1618658853e-05 9.5314348992e+03 1.5707963268e+00 3.5991964442e-01
4.2260276990e-05 9.5254316836e+03 1.5707963268e+00 3.6468243988e-01
4.2907312663e-05 9.5193434437e+03 1.5707963268e+00 3.6945123488e-01
4.3559943249e-05 9.5131698506e+03 1.5707963268e+00 3.7422612588e-01
4.4218353575e-05 9.5069105703e+03 1.5707963268e+00 3.7900721023e-01
4.4882736359e-05 9.5005652637e+03 1.5707963268e+00 3.8379458609e-01
4.5553292691e-05 9.4941335864e+03 1.5707963268e+00 3.8858835253e-01
4.6230232546e-05 9.4876151889e+03 1.5707963268e+00 3.9338860953e-01
4.6913775336e-05 9.4810097164e+03 1.5707963268e+00 3.9819545797e-01
4.7604150509e-05 9.4743168090e+03 1.5707963268e+00 4.0300899965e-01
4.8301598188e-05 9.4675361016e+03 1.5707963268e+00 4.0782933737e-01
4.9006369873e-05 9.4606672240e+03 1.5707963268e+00 4.1265657485e-01
4.9718729188e-05 9.4537098009e+03 1.5707963268e+00 4.1749081683e-01
5.0438952697e-05 9.4466634518e+03 1.5707963268e+00 4.2233216907e-01
5.1167330791e-05 9.4395277914e+03 1.5707963268e+00 4.2718073834e-01
5.1904168646e-05 9.4323024295e+03 1.5707963268e+00 4.3203663247e-01
5.2649787267e-05 9.4249869708e+03 1.5707963268e+00 4.3689996036e-01
5.3404524628e-05 9.4175810154e+03 1.5707963268e+00 4.4177083201e-01
5.4168736909e-05 9.4100841589e+03 1.5707963268e+00 4.4664935850e-01
5.4942799856e-05 9.4024959920e+03 1.5707963268e+00 4.5153565210e-01
5.5727110263e-05 9.3948161016e+03 1.5707963268e+00 4.5642982617e-01
5.6522087595e-05 9.3870440698e+03 1.5707963268e+00 4.6133199530e-01
5.7328175779e-05 9.3791794752e+03 1.5707963268e+00 4.6624227524e-01
5.8145845162e-05 9.3712218925e+03 1.5707963268e+00 4.7116078299e-01
5.8975594677e-05 9.3631708930e+03 1.5707963268e+00 4.7608763675e-01
5.9817954232e-05 9.3550260446e+03 1.5707963268e+00 4.8102295603e-01
6.0673487350e-05 9.3467869128e+03 1.5707963268e+00 4.8596686160e-01
6.1542794101e-05 9.3384530605e+03 1.5707963268e+00 4.9091947553e-01
6.2426514353e-05 9.3300240487e+03 1.5707963268e+00 4.9588092124e-01
6.3325331394e-05 9.3214994371e+03 1.5707963268e+00 5.0085132347e-01
6.4239975975e-05 9.3128787846e+03 1.5707963268e+00 5.0583080838e-01
6.5171230833e-05 9.3041616503e+03 1.5707963268e+00 5.1081950348e-01
6.6119935763e-05 9.2953475938e+03 1.5707963268e+00 5.1581753771e-01
6.7086993319e-05 9.2864361765e+03 1.5707963268e+00 5.2082504146e-01
6.8073375246e-05 9.2774269629e+03 1.5707963268e+00 5.2584214657e-01
6.9080129758e-05 9.2683195211e+03 1.5707963268e+00 5.3086898634e-01
7.0108389785e-05 9.2591134251e+03 1.5707963268e+00 5.3590569558e-01
7.1159382371e-05 9.2498082557e+03 1.5707963268e+00 5.4095241061e-01
7.2234439396e-05 9.2404036031e+03 1.5707963268e+00 5.4600926927e-01
7.3335009877e-05 9.2308990687e+03 1.5707963268e+00 5.5107641097e-01
7.4462674104e-05 9.2212942676e+03 1.5707963268e+00 5.5615397662e-01
7.5619159987e-05 9.2115888322e+03 1.5707963268e+00 5.6124210875e-01
7.6806362003e-05 9.2017824151e+03 1.5707963268e+00 5.6634095142e-01
7.8026363283e-05 9.1918746937e+03 1.5707963268e+00 5.7145065027e-01
7.9281461463e-05 9.1818653751e+03 1.5707963268e+00 5.7657135254e-01
8.0574199111e-05 9.1717542018e+03 1.5707963268e+00 5.8170320699e-01
8.1907399721e-05 9.1615409590e+03 1.5707963268e+00 5.8684636395e-01
8.3284210540e-05 9.1512254825e+03 1.5707963268e+00 5.9200097527e-01
8.4708153852e-05 9.1408076693e+03 1.5707963268e+00 5.9716719431e-01
8.6183188787e-05 9.1302874895e+03 1.5707963268e+00 6.0234517587e-01
8.7713786348e-05 9.1196650012e+03 1.5707963268e+00 6.0753507612e-01
8.9305021198e-05 9.1089403694e+03 1.5707963268e+00 6.1273705260e-01
9.0962684877e-05 9.0981138877e+03 1.5707963268e+00 6.1795126401e-01
9.2693426733e-05 9.0871860076e+03 1.5707963268e+00 6.2317787018e-01
9.4504931082e-05 9.0761573737e+03 1.5707963268e+00 6.2841703186e-01
9.6406142330e-05 9.0650288694e+03 1.5707963268e+00 6.3366891053e-01
9.8407554459e-05 9.0538016753e+03 1.5707963268e+00 6.3893366812e-01
1.0052158816e-04 9.0424773461e+03 1.5707963268e+00 6.4421146669e-01
1.0276308938e-04 9.0310579113e+03 1.5707963268e+00 6.4950246801e-01
1.0514999901e-04 9.0195460114e+03 1.5707963268e+00 6.5480683297e-01
1.0770426921e-04 9.0079450833e+03 1.5707963268e+00 6.6012472090e-01
1.1045314290e-04 8.9962596195e+03 1.5707963268e+00 6.6545628855e-01
1.1343098312e-04 8.9844955376e+03 1.5707963268e+00 6.7080168884e-01
1.1668195982e-04 8.9726607205e+03 1.5707963268e+00 6.7616106910e-01
1.2026412205e-04 8.9607658319e+03 1.5707963268e+00 6.8153456864e-01
1.2425580279e-04 8.9488255899e+03 1.5707963268e+00 6.8692231527e-01
1.2876614911e-04 8.9368608429e+03 1.5707963268e+00 6.9232442028e-01
1.3395339735e-04 8.9249021286e+03 1.5707963268e+00 6.9774097071e-01
1.4005880768e-04 8.9129961785e+03 1.5707963268e+00 7.0317201729e-01
1.4747541248e-04 8.9012188021e+03 1.5707963268e+00 7.0861755405e-01
1.5690461663e-04 8.8897033149e+03 1.5707963268e+00 7.1407748196e-01
1.6977821540e-04 8.8787135409e+03 1.5707963268e+00 7.1955153687e-01
