0.0000000000e+00 1.0200276699e+04 1.5707963268e+00 0.0000000000e+00
4.0960637247e-07 1.0200276699e+04 1.5707963268e+00 4.3478260870e-03
8.1921274494e-07 1.0200218014e+04 1.5707963268e+00 8.6956521739e-03
1.2288348279e-06 1.0200100646e+04 1.5707963268e+00 1.3043528289e-02
1.6384883343e-06 1.0199924592e+04 1.5707963268e+00 1.7391504462e-02
2.0481889845e-06 1.0199689849e+04 1.5707963268e+00 2.1739630727e-02
2.4579525108e-06 1.0199396411e+04 1.5707963268e+00 2.6087957130e-02
2.8677946624e-06 1.0199044269e+04 1.5707963268e+00 3.0436533728e-02
3.2777312106e-06 1.0198633412e+04 1.5707963268e+00 3.4785410603e-02
3.6877779530e-06 1.0198163827e+04 1.5707963268e+00 3.9134637856e-02
4.0979507190e-06 1.0197635497e+04 1.5707963268e+00 4.3484265621e-02
4.5082653741e-06 1.0197048403e+04 1.5707963268e+00 4.7834344063e-02
4.9187378255e-06 1.0196402525e+04 1.5707963268e+00 5.2184923387e-02
5.3293840265e-06 1.0195697839e+04 1.5707963268e+00 5.6536053840e-02
5.7402199818e-06 1.0194934319e+04 1.5707963268e+00 6.0887785716e-02
6.1512617525e-06 1.0194111937e+04 1.5707963268e+00 6.5240169364e-02
6.5625254609e-06 1.0193230662e+04 1.5707963268e+00 6.9593255189e-02
6.9740272962e-06 1.0192290460e+04 1.5707963268e+00 7.3947093657e-02
7.3857835190e-06 1.0191291296e+04 1.5707963268e+00 7.8301735303e-02
7.7978104671e-06 1.0190233130e+04 1.5707963268e+00 8.2657230732e-02
8.2101245604e-06 1.0189115923e+04 1.5707963268e+00 8.7013630627e-02
8.6227423066e-06 1.0187939631e+04 1.5707963268e+00 9.1370985750e-02
9.0356803063e-06 1.0186704208e+04 1.5707963268e+00 9.5729346950e-02
9.4489552586e-06 1.0185409605e+04 1.5707963268e+00 1.0008876517e-01
9.8625839669e-06 1.0184055772e+04 1.5707963268e+00 1.0444929144e-01
1.0276583344e-05 1.0182642655e+04 1.5707963268e+00 1.0881097691e-01
1.0690970419e-05 1.0181170198e+04 1.5707963268e+00 1.1317387281e-01
1.1105762342e-05 1.0179638342e+04 1.5707963268e+00 1.1753803051e-01
1.1520976390e-05 1.0178047027e+04 1.5707963268e+00 1.2190350146e-01
1.1936629973e-05 1.0176396189e+04 1.5707963268e+00 1.2627033726e-01
1.2352740643e-05 1.0174685762e+04 1.5707963268e+00 1.3063858963e-01
1.2769326094e-05 1.0172915676e+04 1.5707963268e+00 1.3500831041e-01
1.3186404175e-05 1.0171085861e+04 1.5707963268e+00 1.3937955159e-01
1.3603992894e-05 1.0169196242e+04 1.5707963268e+00 1.4375236529e-01
1.4022110421e-05 1.0167246743e+04 1.5707963268e+00 1.4812680378e-01
1.4440775102e-05 1.0165237284e+04 1.5707963268e+00 1.5250291949e-01
1.4860005461e-05 1.0163167784e+04 1.5707963268e+00 1.5688076499e-01
1.5279820206e-05 1.0161038158e+04 1.5707963268e+00 1.6126039303e-01
1.5700238240e-05 1.0158848320e+04 1.5707963268e+00 1.6564185651e-01
1.6121278668e-05 1.0156598178e+04 1.5707963268e+00 1.7002520852e-01
1.6542960802e-05 1.0154287641e+04 1.5707963268e+00 1.7441050232e-01
1.6965304171e-05 1.0151916614e+04 1.5707963268e+00 1.7879779135e-01
1.7388328527e-05 1.0149484998e+04 1.5707963268e+00 1.8318712924e-01
1.7812053855e-05 1.0146992693e+04 1.5707963268e+00 1.8757856983e-01
1.8236500381e-05 1.0144439596e+04 1.5707963268e+00 1.9197216714e-01
1.8661688580e-05 1.0141825599e+04 1.5707963268e+00 1.9636797540e-01
1.9087639187e-05 1.0139150596e+04 1.5707963268e+00 2.0076604907e-01
1.9514373201e-05 1.0136414473e+04 1.5707963268e+00 2.0516644281e-01
1.9941911900e-05 1.0133617116e+04 1.5707963268e+00 2.0956921151e-01
2.0370276847e-05 1.0130758408e+04 1.5707963268e+00 2.1397441027e-01
2.0799489902e-05 1.0127838229e+04 1.5707963268e+00 2.1838209447e-01
2.1229573230e-05 1.0124856456e+04 1.5707963268e+00 2.2279231968e-01
2.1660549315e-05 1.0121812962e+04 1.5707963268e+00 2.2720514175e-01
2.2092440965e-05 1.0118707620e+04 1.5707963268e+00 2.3162061678e-01
2.2525271329e-05 1.0115540297e+04 1.5707963268e+00 2.3603880112e-01
2.2959063906e-05 1.0112310859e+04 1.5707963268e+00 2.4045975139e-01
2.3393842554e-05 1.0109019168e+04 1.5707963268e+00 2.4488352448e-01
2.3829631508e-05 1.0105665083e+04 1.5707963268e+00 2.4931017756e-01
2.4266455388e-05 1.0102248462e+04 1.5707963268e+00 2.5373976810e-01
2.4704339213e-05 1.0098769157e+04 1.5707963268e+00 2.5817235383e-01
2.5143308416e-05 1.0095227019e+04 1.5707963268e+00 2.6260799280e-01
2.5583388854e-05 1.0091621895e+04 1.5707963268e+00 2.6704674337e-01
2.6024606828e-05 1.0087953630e+04 1.5707963268e+00 2.7148866420e-01
2.6466989092e-05 1.0084222065e+04 1.5707963268e+00 2.7593381428e-01
2.6910562872e-05 1.0080427037e+04 1.5707963268e+00 2.8038225290e-01
2.7355355880e-05 1.0076568381e+04 1.5707963268e+00 2.8483403971e-01
2.7801396331e-05 1.0072645930e+04 1.5707963268e+00 2.8928923470e-01
2.8248712961e-05 1.0068659511e+04 1.5707963268e+00 2.9374789818e-01
2.8697335042e-05 1.0064608950e+04 1.5707963268e+00 2.9821009085e-01
2.9147292403e-05 1.0060494068e+04 1.5707963268e+00 3.0267587374e-01
2.9598615445e-05 1.0056314685e+04 1.5707963268e+00 3.0714530828e-01
3.0051335165e-05 1.0052070616e+04 1.5707963268e+00 3.1161845624e-01
3.0505483175e-05 1.0047761672e+04 1.5707963268e+00 3.1609537981e-01
3.0961091720e-05 1.0043387663e+04 1.5707963268e+00 3.2057614156e-01
3.1418193704e-05 1.0038948393e+04 1.5707963268e+00 3.2506080446e-01
3.1876822709e-05 1.0034443665e+04 1.5707963268e+00 3.2954943188e-01
3.2337013022e-05 1.0029873275e+04 1.5707963268e+00 3.3404208762e-01
3.2798799658e-05 1.0025237020e+04 1.5707963268e+00 3.3853883590e-01
3.3262218383e-05 1.0020534691e+04 1.5707963268e+00 3.4303974138e-01
3.3727305746e-05 1.0015766075e+04 1.5707963268e+00 3.4754486914e-01
3.4194099101e-05 1.0010930956e+04 1.5707963268e+00 3.5205428475e-01
3.4662636640e-05 1.0006029114e+04 1.5707963268e+00 3.5656805421e-01
3.5132957420e-05 1.0001060327e+04 1.5707963268e+00 3.6108624399e-01
3.5605101396e-05 9.9960243677e+03 1.5707963268e+00 3.6560892105e-01
3.6079109450e-05 9.9909210048e+03 1.5707963268e+00 3.7013615283e-01
3.6555023433e-05 9.9857500041e+03 1.5707963268e+00 3.7466800727e-01
3.7032886188e-05 9.9805111274e+03 1.5707963268e+00 3.7920455282e-01
3.7512741600e-05 9.9752041324e+03 1.5707963268e+00 3.8374585843e-01
3.7994634624e-05 9.9698287731e+03 1.5707963268e+00 3.8829199358e-01
3.8478611331e-05 9.9643847994e+03 1.5707963268e+00 3.9284302831e-01
3.8964718949e-05 9.9588719574e+03 1.5707963268e+00 3.9739903318e-01
3.9453005904e-05 9.9532899892e+03 1.5707963268e+00 4.0196007931e-01
3.9943521869e-05 9.9476386325e+03 1.5707963268e+00 4.0652623838e-01
4.0436317814e-05 9.9419176213e+03 1.5707963268e+00 4.1109758268e-01
4.0931446048e-05 9.9361266852e+03 1.5707963268e+00 4.1567418506e-01
4.1428960282e-05 9.9302655498e+03 1.5707963268e+00 4.2025611896e-01
4.1928915677e-05 9.9243339363e+03 1.5707963268e+00 4.2484345845e-01
4.2431368904e-05 9.9183315617e+03 1.5707963268e+00 4.2943627823e-01
4.2936378204e-05 9.9122581386e+03 1.5707963268e+00 4.3403465361e-01
4.3444003453e-05 9.9061133754e+03 1.5707963268e+00 4.3863866056e-01
4.3954306228e-05 9.8998969759e+03 1.5707963268e+00 4.4324837570e-01
4.4467349876e-05 9.8936086395e+03 1.5707963268e+00 4.4786387632e-01
4.4983199591e-05 9.8872480612e+03 1.5707963268e+00 4.5248524040e-01
4.5501922485e-05 9.8808149312e+03 1.5707963268e+00 4.5711254661e-01
4.6023587678e-05 9.8743089353e+03 1.5707963268e+00 4.6174587433e-01
4.6548266376e-05 9.8677297546e+03 1.5707963268e+00 4.6638530365e-01
4.7076031965e-05 9.8610770654e+03 1.5707963268e+00 4.7103091541e-01
4.7606960107e-05 9.8543505393e+03 1.5707963268e+00 4.7568279118e-01
4.8141128836e-05 9.8475498431e+03 1.5707963268e+00 4.8034101331e-01
4.8678618670e-05 9.8406746387e+03 1.5707963268e+00 4.8500566492e-01
4.9219512716e-05 9.8337245832e+03 1.5707963268e+00 4.8967682991e-01
4.9763896793e-05 9.8266993285e+03 1.5707963268e+00 4.9435459300e-01
5.0311859551e-05 9.8195985218e+03 1.5707963268e+00 4.9903903971e-01
5.0863492609e-05 9.8124218049e+03 1.5707963268e+00 5.0373025642e-01
5.1418890691e-05 9.8051688148e+03 1.5707963268e+00 5.0842833034e-01
5.1978151771e-05 9.7978391829e+03 1.5707963268e+00 5.1313334956e-01
5.2541377234e-05 9.7904325359e+03 1.5707963268e+00 5.1784540304e-01
5.3108672039e-05 9.7829484947e+03 1.5707963268e+00 5.2256458064e-01
5.3680144894e-05 9.7753866753e+03 1.5707963268e+00 5.2729097315e-01
5.4255908444e-05 9.7677466881e+03 1.5707963268e+00 5.3202467227e-01
5.4836079468e-05 9.7600281381e+03 1.5707963268e+00 5.3676577067e-01
5.5420779089e-05 9.7522306247e+03 1.5707963268e+00 5.4151436198e-01
5.6010133001e-05 9.7443537419e+03 1.5707963268e+00 5.4627054081e-01
5.6604271704e-05 9.7363970782e+03 1.5707963268e+00 5.5103440278e-01
5.7203330761e-05 9.7283602162e+03 1.5707963268e+00 5.5580604452e-01
5.7807451067e-05 9.7202427332e+03 1.5707963268e+00 5.6058556372e-01
5.8416779138e-05 9.7120442003e+03 1.5707963268e+00 5.6537305911e-01
5.9031467425e-05 9.7037641832e+03 1.5707963268e+00 5.7016863053e-01
5.9651674639e-05 9.6954022417e+03 1.5707963268e+00 5.7497237889e-01
6.0277566106e-05 9.6869579298e+03 1.5707963268e+00 5.7978440624e-01
6.0909314149e-05 9.6784307954e+03 1.5707963268e+00 5.8460481576e-01
6.1547098492e-05 9.6698203808e+03 1.5707963268e+00 5.8943371179e-01
6.2191106697e-05 9.6611262222e+03 1.5707963268e+00 5.9427119988e-01
6.2841534632e-05 9.6523478497e+03 1.5707963268e+00 5.9911738677e-01
6.3498586976e-05 9.6434847878e+03 1.5707963268e+00 6.0397238042e-01
6.4162477764e-05 9.6345365548e+03 1.5707963268e+00 6.0883629006e-01
6.4833430967e-05 9.6255026628e+03 1.5707963268e+00 6.1370922618e-01
6.5511681128e-05 9.6163826183e+03 1.5707963268e+00 6.1859130059e-01
6.6197474044e-05 9.6071759215e+03 1.5707963268e+00 6.2348262641e-01
6.6891067500e-05 9.5978820670e+03 1.5707963268e+00 6.2838331812e-01
6.7592732075e-05 9.5885005430e+03 1.5707963268e+00 6.3329349155e-01
6.8302752002e-05 9.5790308322e+03 1.5707963268e+00 6.3821326396e-01
6.9021426115e-05 9.5694724114e+03 1.5707963268e+00 6.4314275401e-01
6.9749068869e-05 9.5598247514e+03 1.5707963268e+00 6.4808208183e-01
7.0486011457e-05 9.5500873176e+03 1.5707963268e+00 6.5303136901e-01
7.1232603024e-05 9.5402595697e+03 1.5707963268e+00 6.5799073868e-01
7.1989211995e-05 9.5303409621e+03 1.5707963268e+00 6.6296031546e-01
7.2756227529e-05 9.5203309437e+03 1.5707963268e+00 6.6794022557e-01
7.3534061108e-05 9.5102289586e+03 1.5707963268e+00 6.7293059679e-01
7.4323148285e-05 9.5000344456e+03 1.5707963268e+00 6.7793155853e-01
7.5123950605e-05 9.4897468394e+03 1.5707963268e+00 6.8294324186e-01
7.5936957719e-05 9.4793655699e+03 1.5707963268e+00 6.8796577951e-01
7.6762689720e-05 9.4688900633e+03 1.5707963268e+00 6.9299930594e-01
7.7601699723e-05 9.4583197420e+03 1.5707963268e+00 6.9804395731e-01
7.8454576724e-05 9.4476540254e+03 1.5707963268e+00 7.0309987159e-01
7.9321948779e-05 9.4368923300e+03 1.5707963268e+00 7.0816718851e-01
8.0204486535e-05 9.4260340707e+03 1.5707963268e+00 7.1324604966e-01
8.1102907172e-05 9.4150786607e+03 1.5707963268e+00 7.1833659847e-01
8.2017978814e-05 9.4040255127e+03 1.5707963268e+00 7.2343898026e-01
8.2950525463e-05 9.3928740400e+03 1.5707963268e+00 7.2855334227e-01
8.3901432558e-05 9.3816236571e+03 1.5707963268e+00 7.3367983370e-01
8.4871653229e-05 9.3702737812e+03 1.5707963268e+00 7.3881860572e-01
8.5862215369e-05 9.3588238336e+03 1.5707963268e+00 7.4396981150e-01
8.6874229656e-05 9.3472732415e+03 1.5707963268e+00 7.4913360624e-01
8.7908898674e-05 9.3356214392e+03 1.5707963268e+00 7.5431014722e-01
8.8967527314e-05 9.3238678712e+03 1.5707963268e+00 7.5949959378e-01
9.0051534703e-05 9.3120119942e+03 1.5707963268e+00 7.6470210740e-01
9.1162467899e-05 9.3000532802e+03 1.5707963268e+00 7.6991785165e-01
9.2302017707e-05 9.2879912198e+03 1.5707963268e+00 7.7514699228e-01
9.3472037004e-05 9.2758253268e+03 1.5707963268e+00 7.8038969718e-01
9.4674562073e-05 9.2635551422e+03 1.5707963268e+00 7.8564613641e-01
9.5911837548e-05 9.2511802408e+03 1.5707963268e+00 7.9091648222e-01
9.7186345743e-05 9.2387002370e+03 1.5707963268e+00 7.9620090901e-01
9.8500841301e-05 9.2261147936e+03 1.5707963268e+00 8.0149959337e-01
9.9858392375e-05 9.2134236307e+03 1.5707963268e+00 8.0681271403e-01
1.0126242987e-04 9.2006265379e+03 1.5707963268e+00 8.1214045182e-01
1.0271680669e-04 9.1877233877e+03 1.5707963268e+00 8.1748298966e-01
1.0422586959e-04 9.1747141531e+03 1.5707963268e+00 8.2284051247e-01
1.0579454683e-04 9.1615989281e+03 1.5707963268e+00 8.2821320710e-01
1.0742845621e-04 9.1483779537e+03 1.5707963268e+00 8.3360126224e-01
1.0913403919e-04 9.1350516502e+03 1.5707963268e+00 8.3900486823e-01
1.1091872917e-04 9.1216206577e+03 1.5707963268e+00 8.4442421692e-01
1.1279116477e-04 9.1080858878e+03 1.5707963268e+00 8.4985950143e-01
1.1476146338e-04 9.0944485897e+03 1.5707963268e+00 8.5531091581e-01
1.1684157649e-04 9.0807104367e+03 1.5707963268e+00 8.6077865471e-01
1.1904575783e-04 9.0668736396e+03 1.5707963268e+00 8.6626291284e-01
1.2139119003e-04 9.0529410988e+03 1.5707963268e+00 8.7176388433e-01
1.2389883837e-04 9.0389166119e+03 1.5707963268e+00 8.7728176187e-01
1.2659463750e-04 9.0248051612e+03 1.5707963268e+00 8.8281673559e-01
1.2951117894e-04 9.0106133217e+03 1.5707963268e+00 8.8836899159e-01
1.3269017445e-04 8.9963498547e+03 1.5707963268e+00 8.9393870984e-01
1.3618616246e-04 8.9820265973e+03 1.5707963268e+00 8.9952606141e-01
1.4007228811e-04 8.9676598403e+03 1.5707963268e+00 9.0513120444e-01
1.4444970849e-04 8.9532725507e+03 1.5707963268e+00 9.1075427832e-01
1.4946370973e-04 8.9388981395e+03 1.5707963268e+00 9.1639539499e-01
1.5533315862e-04 8.9245872402e+03 1.5707963268e+00 9.2205462520e-01
1.6240893336e-04 8.9104208811e+03 1.5707963268e+00 9.2773197591e-01
1.7130325697e-04 8.8965387892e+03 1.5707963268e+00 9.3342735041e-01
1.8322377400e-04 8.8832093557e+03 1.5707963268e+00 9.3914047125e-01
2.0107016908e-04 8.8710436285e+03 1.5707963268e+00 9.4487071171e-01
