0.0000000000e+00 1.2683822330e+04 1.5707963268e+00 0.0000000000e+00
2.6977220698e-07 1.2683822330e+04 1.5707963268e+00 3.4965034965e-03
5.3954441396e-07 1.2683814740e+04 1.5707963268e+00 6.9930069930e-03
8.0931699639e-07 1.2683799558e+04 1.5707963268e+00 1.0489514674e-02
1.0790903297e-06 1.2683776786e+04 1.5707963268e+00 1.3986030726e-02
1.3488647895e-06 1.2683746423e+04 1.5707963268e+00 1.7482559333e-02
1.6186407511e-06 1.2683708469e+04 1.5707963268e+00 2.0979104679e-02
1.8884185901e-06 1.2683662923e+04 1.5707963268e+00 2.4475670952e-02
2.1581986821e-06 1.2683609784e+04 1.5707963268e+00 2.7972262337e-02
2.4279814027e-06 1.2683549053e+04 1.5707963268e+00 3.1468883019e-02
2.6977671275e-06 1.2683480728e+04 1.5707963268e+00 3.4965537187e-02
2.9675562325e-06 1.2683404808e+04 1.5707963268e+00 3.8462229027e-02
3.2373490932e-06 1.2683321292e+04 1.5707963268e+00 4.1958962727e-02
3.5071460858e-06 1.2683230180e+04 1.5707963268e+00 4.5455742477e-02
3.7769475863e-06 1.2683131470e+04 1.5707963268e+00 4.8952572465e-02
4.0467539707e-06 1.2683025161e+04 1.5707963268e+00 5.2449456884e-02
4.3165656154e-06 1.2682911251e+04 1.5707963268e+00 5.5946399923e-02
4.5863828967e-06 1.2682789739e+04 1.5707963268e+00 5.9443405777e-02
4.8562061913e-06 1.2682660623e+04 1.5707963268e+00 6.2940478639e-02
5.1260358757e-06 1.2682523901e+04 1.5707963268e+00 6.6437622705e-02
5.3958723269e-06 1.2682379571e+04 1.5707963268e+00 6.9934842170e-02
5.6657159220e-06 1.2682227632e+04 1.5707963268e+00 7.3432141233e-02
5.9355670380e-06 1.2682068082e+04 1.5707963268e+00 7.6929524094e-02
6.2054260524e-06 1.2681900917e+04 1.5707963268e+00 8.0426994954e-02
6.4752933429e-06 1.2681726137e+04 1.5707963268e+00 8.3924558014e-02
6.7451692873e-06 1.2681543737e+04 1.5707963268e+00 8.7422217482e-02
7.0150542635e-06 1.2681353717e+04 1.5707963268e+00 9.0919977561e-02
7.2849486500e-06 1.2681156072e+04 1.5707963268e+00 9.4417842462e-02
7.5548528251e-06 1.2680950801e+04 1.5707963268e+00 9.7915816394e-02
7.8247671678e-06 1.2680737901e+04 1.5707963268e+00 1.0141390357e-01
8.0946920569e-06 1.2680517367e+04 1.5707963268e+00 1.0491210821e-01
8.3646278719e-06 1.2680289199e+04 1.5707963268e+00 1.0841043452e-01
8.6345749924e-06 1.2680053391e+04 1.5707963268e+00 1.1190888672e-01
8.9045337982e-06 1.2679809941e+04 1.5707963268e+00 1.1540746905e-01
9.1745046696e-06 1.2679558846e+04 1.5707963268e+00 1.1890618571e-01
9.4444879870e-06 1.2679300101e+04 1.5707963268e+00 1.2240504095e-01
9.7144841313e-06 1.2679033703e+04 1.5707963268e+00 1.2590403898e-01
9.9844934837e-06 1.2678759649e+04 1.5707963268e+00 1.2940318404e-01
1.0254516426e-05 1.2678477934e+04 1.5707963268e+00 1.3290248037e-01
1.0524553339e-05 1.2678188554e+04 1.5707963268e+00 1.3640193221e-01
1.0794604606e-05 1.2677891506e+04 1.5707963268e+00 1.3990154379e-01
1.1064670610e-05 1.2677586785e+04 1.5707963268e+00 1.4340131936e-01
1.1334751733e-05 1.2677274386e+04 1.5707963268e+00 1.4690126317e-01
1.1604848358e-05 1.2676954306e+04 1.5707963268e+00 1.5040137947e-01
1.1874960870e-05 1.2676626539e+04 1.5707963268e+00 1.5390167251e-01
1.2145089653e-05 1.2676291082e+04 1.5707963268e+00 1.5740214656e-01
1.2415235092e-05 1.2675947928e+04 1.5707963268e+00 1.6090280587e-01
1.2685397571e-05 1.2675597074e+04 1.5707963268e+00 1.6440365471e-01
1.2955577476e-05 1.2675238514e+04 1.5707963268e+00 1.6790469735e-01
1.3225775193e-05 1.2674872243e+04 1.5707963268e+00 1.7140593806e-01
1.3495991109e-05 1.2674498255e+04 1.5707963268e+00 1.7490738111e-01
1.3766225610e-05 1.2674116546e+04 1.5707963268e+00 1.7840903080e-01
1.4036479085e-05 1.2673727110e+04 1.5707963268e+00 1.8191089140e-01
1.4306751920e-05 1.2673329942e+04 1.5707963268e+00 1.8541296720e-01
1.4577044505e-05 1.2672925035e+04 1.5707963268e+00 1.8891526250e-01
1.4847357229e-05 1.2672512383e+04 1.5707963268e+00 1.9241778159e-01
1.5117690480e-05 1.2672091982e+04 1.5707963268e+00 1.9592052877e-01
1.5388044650e-05 1.2671663824e+04 1.5707963268e+00 1.9942350836e-01
1.5658420128e-05 1.2671227904e+04 1.5707963268e+00 2.0292672467e-01
1.5928817306e-05 1.2670784215e+04 1.5707963268e+00 2.0643018200e-01
1.6199236576e-05 1.2670332751e+04 1.5707963268e+00 2.0993388468e-01
1.6469678330e-05 1.2669873505e+04 1.5707963268e+00 2.1343783704e-01
1.6740142961e-05 1.2669406471e+04 1.5707963268e+00 2.1694204340e-01
1.7010630863e-05 1.2668931641e+04 1.5707963268e+00 2.2044650811e-01
1.7281142430e-05 1.2668449010e+04 1.5707963268e+00 2.2395123550e-01
1.7551678057e-05 1.2667958570e+04 1.5707963268e+00 2.2745622992e-01
1.7822238139e-05 1.2667460314e+04 1.5707963268e+00 2.3096149572e-01
1.8092823072e-05 1.2666954234e+04 1.5707963268e+00 2.3446703726e-01
1.8363433254e-05 1.2666440324e+04 1.5707963268e+00 2.3797285891e-01
1.8634069081e-05 1.2665918575e+04 1.5707963268e+00 2.4147896502e-01
1.8904730953e-05 1.2665388981e+04 1.5707963268e+00 2.4498535997e-01
1.9175419267e-05 1.2664851534e+04 1.5707963268e+00 2.4849204814e-01
1.9446134424e-05 1.2664306225e+04 1.5707963268e+00 2.5199903393e-01
1.9716876823e-05 1.2663753047e+04 1.5707963268e+00 2.5550632171e-01
1.9987646867e-05 1.2663191992e+04 1.5707963268e+00 2.5901391589e-01
2.0258444956e-05 1.2662623051e+04 1.5707963268e+00 2.6252182087e-01
2.0529271493e-05 1.2662046217e+04 1.5707963268e+00 2.6603004107e-01
2.0800126883e-05 1.2661461480e+04 1.5707963268e+00 2.6953858089e-01
2.1071011528e-05 1.2660868833e+04 1.5707963268e+00 2.7304744476e-01
2.1341925833e-05 1.2660268267e+04 1.5707963268e+00 2.7655663711e-01
2.1612870205e-05 1.2659659772e+04 1.5707963268e+00 2.8006616238e-01
2.1883845051e-05 1.2659043341e+04 1.5707963268e+00 2.8357602500e-01
2.2154850776e-05 1.2658418964e+04 1.5707963268e+00 2.8708622944e-01
2.2425887790e-05 1.2657786631e+04 1.5707963268e+00 2.9059678014e-01
2.2696956503e-05 1.2657146334e+04 1.5707963268e+00 2.9410768156e-01
2.2968057322e-05 1.2656498063e+04 1.5707963268e+00 2.9761893819e-01
2.3239190661e-05 1.2655841810e+04 1.5707963268e+00 3.0113055450e-01
2.3510356929e-05 1.2655177563e+04 1.5707963268e+00 3.0464253496e-01
2.3781556541e-05 1.2654505313e+04 1.5707963268e+00 3.0815488409e-01
2.4052789909e-05 1.2653825051e+04 1.5707963268e+00 3.1166760636e-01
2.4324057448e-05 1.2653136767e+04 1.5707963268e+00 3.1518070631e-01
2.4595359573e-05 1.2652440450e+04 1.5707963268e+00 3.1869418843e-01
2.4866696701e-05 1.2651736090e+04 1.5707963268e+00 3.2220805725e-01
2.5138069249e-05 1.2651023677e+04 1.5707963268e+00 3.2572231730e-01
2.5409477635e-05 1.2650303200e+04 1.5707963268e+00 3.2923697313e-01
2.5680922279e-05 1.2649574649e+04 1.5707963268e+00 3.3275202928e-01
2.5952403601e-05 1.2648838013e+04 1.5707963268e+00 3.3626749031e-01
2.6223922023e-05 1.2648093281e+04 1.5707963268e+00 3.3978336077e-01
2.6495477966e-05 1.2647340442e+04 1.5707963268e+00 3.4329964524e-01
2.6767071854e-05 1.2646579485e+04 1.5707963268e+00 3.4681634831e-01
2.7038704111e-05 1.2645810399e+04 1.5707963268e+00 3.5033347456e-01
2.7310375164e-05 1.2645033172e+04 1.5707963268e+00 3.5385102858e-01
2.7582085439e-05 1.2644247793e+04 1.5707963268e+00 3.5736901500e-01
2.7853835362e-05 1.2643454251e+04 1.5707963268e+00 3.6088743841e-01
2.8125625364e-05 1.2642652533e+04 1.5707963268e+00 3.6440630345e-01
2.8397455874e-05 1.2641842628e+04 1.5707963268e+00 3.6792561476e-01
2.8669327324e-05 1.2641024523e+04 1.5707963268e+00 3.7144537696e-01
2.8941240144e-05 1.2640198207e+04 1.5707963268e+00 3.7496559472e-01
2.9213194770e-05 1.2639363668e+04 1.5707963268e+00 3.7848627270e-01
2.9485191634e-05 1.2638520892e+04 1.5707963268e+00 3.8200741557e-01
2.9757231174e-05 1.2637669868e+04 1.5707963268e+00 3.8552902801e-01
3.0029313826e-05 1.2636810582e+04 1.5707963268e+00 3.8905111471e-01
3.0301440028e-05 1.2635943023e+04 1.5707963268e+00 3.9257368037e-01
3.0573610220e-05 1.2635067176e+04 1.5707963268e+00 3.9609672971e-01
3.0845824842e-05 1.2634183030e+04 1.5707963268e+00 3.9962026743e-01
3.1118084336e-05 1.2633290570e+04 1.5707963268e+00 4.0314429828e-01
3.1390389145e-05 1.2632389784e+04 1.5707963268e+00 4.0666882699e-01
3.1662739714e-05 1.2631480658e+04 1.5707963268e+00 4.1019385832e-01
3.1935136489e-05 1.2630563179e+04 1.5707963268e+00 4.1371939703e-01
3.2207579917e-05 1.2629637333e+04 1.5707963268e+00 4.1724544789e-01
3.2480070446e-05 1.2628703106e+04 1.5707963268e+00 4.2077201568e-01
3.2752608525e-05 1.2627760484e+04 1.5707963268e+00 4.2429910520e-01
3.3025194607e-05 1.2626809452e+04 1.5707963268e+00 4.2782672125e-01
3.3297829143e-05 1.2625849998e+04 1.5707963268e+00 4.3135486865e-01
3.3570512588e-05 1.2624882106e+04 1.5707963268e+00 4.3488355222e-01
3.3843245396e-05 1.2623905762e+04 1.5707963268e+00 4.3841277681e-01
3.4116028025e-05 1.2622920951e+04 1.5707963268e+00 4.4194254727e-01
3.4388860933e-05 1.2621927659e+04 1.5707963268e+00 4.4547286845e-01
3.4661744579e-05 1.2620925870e+04 1.5707963268e+00 4.4900374523e-01
3.4934679425e-05 1.2619915570e+04 1.5707963268e+00 4.5253518249e-01
3.5207665932e-05 1.2618896743e+04 1.5707963268e+00 4.5606718514e-01
3.5480704566e-05 1.2617869374e+04 1.5707963268e+00 4.5959975807e-01
3.5753795791e-05 1.2616833448e+04 1.5707963268e+00 4.6313290621e-01
3.6026940075e-05 1.2615788948e+04 1.5707963268e+00 4.6666663450e-01
3.6300137887e-05 1.2614735860e+04 1.5707963268e+00 4.7020094787e-01
3.6573389696e-05 1.2613674167e+04 1.5707963268e+00 4.7373585129e-01
3.6846695975e-05 1.2612603854e+04 1.5707963268e+00 4.7727134972e-01
3.7120057197e-05 1.2611524903e+04 1.5707963268e+00 4.8080744816e-01
3.7393473838e-05 1.2610437300e+04 1.5707963268e+00 4.8434415158e-01
3.7666946372e-05 1.2609341026e+04 1.5707963268e+00 4.8788146501e-01
3.7940475280e-05 1.2608236067e+04 1.5707963268e+00 4.9141939347e-01
3.8214061041e-05 1.2607122404e+04 1.5707963268e+00 4.9495794198e-01
3.8487704137e-05 1.2606000022e+04 1.5707963268e+00 4.9849711560e-01
3.8761405051e-05 1.2604868903e+04 1.5707963268e+00 5.0203691938e-01
3.9035164268e-05 1.2603729030e+04 1.5707963268e+00 5.0557735842e-01
3.9308982274e-05 1.2602580386e+04 1.5707963268e+00 5.0911843778e-01
3.9582859560e-05 1.2601422952e+04 1.5707963268e+00 5.1266016258e-01
3.9856796614e-05 1.2600256713e+04 1.5707963268e+00 5.1620253793e-01
4.0130793929e-05 1.2599081649e+04 1.5707963268e+00 5.1974556896e-01
4.0404851999e-05 1.2597897743e+04 1.5707963268e+00 5.2328926081e-01
4.0678971320e-05 1.2596704977e+04 1.5707963268e+00 5.2683361865e-01
4.0953152389e-05 1.2595503333e+04 1.5707963268e+00 5.3037864765e-01
4.1227395705e-05 1.2594292793e+04 1.5707963268e+00 5.3392435299e-01
4.1501701770e-05 1.2593073337e+04 1.5707963268e+00 5.3747073988e-01
4.1776071088e-05 1.2591844947e+04 1.5707963268e+00 5.4101781354e-01
4.2050504163e-05 1.2590607605e+04 1.5707963268e+00 5.4456557920e-01
4.2325001502e-05 1.2589361292e+04 1.5707963268e+00 5.4811404210e-01
4.2599563614e-05 1.2588105988e+04 1.5707963268e+00 5.5166320750e-01
4.2874191011e-05 1.2586841674e+04 1.5707963268e+00 5.5521308070e-01
4.3148884205e-05 1.2585568331e+04 1.5707963268e+00 5.5876366697e-01
4.3423643712e-05 1.2584285939e+04 1.5707963268e+00 5.6231497162e-01
4.3698470048e-05 1.2582994478e+04 1.5707963268e+00 5.6586700000e-01
4.3973363732e-05 1.2581693929e+04 1.5707963268e+00 5.6941975742e-01
4.4248325285e-05 1.2580384272e+04 1.5707963268e+00 5.7297324925e-01
4.4523355231e-05 1.2579065487e+04 1.5707963268e+00 5.7652748087e-01
4.4798454096e-05 1.2577737552e+04 1.5707963268e+00 5.8008245765e-01
4.5073622405e-05 1.2576400448e+04 1.5707963268e+00 5.8363818501e-01
4.5348860690e-05 1.2575054154e+04 1.5707963268e+00 5.8719466838e-01
4.5624169482e-05 1.2573698649e+04 1.5707963268e+00 5.9075191317e-01
4.5899549314e-05 1.2572333912e+04 1.5707963268e+00 5.9430992487e-01
4.6175000724e-05 1.2570959923e+04 1.5707963268e+00 5.9786870892e-01
4.6450524249e-05 1.2569576659e+04 1.5707963268e+00 6.0142827084e-01
4.6726120430e-05 1.2568184100e+04 1.5707963268e+00 6.0498861612e-01
4.7001789810e-05 1.2566782223e+04 1.5707963268e+00 6.0854975028e-01
4.7277532935e-05 1.2565371007e+04 1.5707963268e+00 6.1211167888e-01
4.7553350351e-05 1.2563950430e+04 1.5707963268e+00 6.1567440746e-01
4.7829242609e-05 1.2562520470e+04 1.5707963268e+00 6.1923794161e-01
4.8105210262e-05 1.2561081105e+04 1.5707963268e+00 6.2280228693e-01
4.8381253863e-05 1.2559632311e+04 1.5707963268e+00 6.2636744903e-01
4.8657373970e-05 1.2558174068e+04 1.5707963268e+00 6.2993343353e-01
4.8933571142e-05 1.2556706351e+04 1.5707963268e+00 6.3350024610e-01
4.9209845942e-05 1.2555229138e+04 1.5707963268e+00 6.3706789240e-01
4.9486198934e-05 1.2553742406e+04 1.5707963268e+00 6.4063637811e-01
4.9762630684e-05 1.2552246131e+04 1.5707963268e+00 6.4420570896e-01
5.0039141763e-05 1.2550740290e+04 1.5707963268e+00 6.4777589066e-01
5.0315732742e-05 1.2549224860e+04 1.5707963268e+00 6.5134692896e-01
5.0592404195e-05 1.2547699816e+04 1.5707963268e+00 6.5491882962e-01
5.0869156702e-05 1.2546165135e+04 1.5707963268e+00 6.5849159843e-01
5.1145990840e-05 1.2544620793e+04 1.5707963268e+00 6.6206524120e-01
5.1422907192e-05 1.2543066765e+04 1.5707963268e+00 6.6563976375e-01
5.1699906344e-05 1.2541503026e+04 1.5707963268e+00 6.6921517192e-01
5.1976988884e-05 1.2539929553e+04 1.5707963268e+00 6.7279147158e-01
5.2254155402e-05 1.2538346319e+04 1.5707963268e+00 6.7636866862e-01
5.2531406492e-05 1.2536753301e+04 1.5707963268e+00 6.7994676893e-01
5.2808742749e-05 1.2535150473e+04 1.5707963268e+00 6.8352577846e-01
5.3086164772e-05 1.2533537809e+04 1.5707963268e+00 6.8710570313e-01
5.3363673164e-05 1.2531915285e+04 1.5707963268e+00 6.9068654894e-01
5.3641268529e-05 1.2530282874e+04 1.5707963268e+00 6.9426832185e-01
5.3918951474e-05 1.2528640550e+04 1.5707963268e+00 6.9785102790e-01
5.4196722610e-05 1.2526988288e+04 1.5707963268e+00 7.0143467310e-01
5.4474582551e-05 1.2525326060e+04 1.5707963268e+00 7.0501926351e-01
5.4752531912e-05 1.2523653841e+04 1.5707963268e+00 7.0860480522e-01
5.5030571312e-05 1.2521971604e+04 1.5707963268e+00 7.1219130431e-01
5.5308701375e-05 1.2520279322e+04 1.5707963268e+00 7.1577876692e-01
5.5586922725e-05 1.2518576968e+04 1.5707963268e+00 7.1936719918e-01
5.5865235992e-05 1.2516864515e+04 1.5707963268e+00 7.2295660727e-01
5.6143641806e-05 1.2515141935e+04 1.5707963268e+00 7.2654699736e-01
5.6422140802e-05 1.2513409201e+04 1.5707963268e+00 7.3013837568e-01
5.6700733619e-05 1.2511666285e+04 1.5707963268e+00 7.3373074846e-01
5.6979420897e-05 1.2509913159e+04 1.5707963268e+00 7.3732412196e-01
5.7258203280e-05 1.2508149795e+04 1.5707963268e+00 7.4091850246e-01
5.7537081416e-05 1.2506376164e+04 1.5707963268e+00 7.4451389627e-01
5.7816055957e-05 1.2504592238e+04 1.5707963268e+00 7.4811030972e-01
5.8095127556e-05 1.2502797988e+04 1.5707963268e+00 7.5170774917e-01
5.8374296870e-05 1.2500993385e+04 1.5707963268e+00 7.5530622098e-01
5.8653564561e-05 1.2499178401e+04 1.5707963268e+00 7.5890573158e-01
5.8932931293e-05 1.2497353005e+04 1.5707963268e+00 7.6250628738e-01
5.9212397733e-05 1.2495517168e+04 1.5707963268e+00 7.6610789484e-01
5.9491964553e-05 1.2493670860e+04 1.5707963268e+00 7.6971056044e-01
5.9771632428e-05 1.2491814052e+04 1.5707963268e+00 7.7331429068e-01
6.0051402036e-05 1.2489946713e+04 1.5707963268e+00 7.7691909209e-01
6.0331274059e-05 1.2488068812e+04 1.5707963268e+00 7.8052497123e-01
6.0611249182e-05 1.2486180320e+04 1.5707963268e+00 7.8413193468e-01
6.0891328095e-05 1.2484281206e+04 1.5707963268e+00 7.8773998905e-01
6.1171511490e-05 1.2482371438e+04 1.5707963268e+00 7.9134914097e-01
6.1451800064e-05 1.2480450985e+04 1.5707963268e+00 7.9495939709e-01
6.1732194516e-05 1.2478519816e+04 1.5707963268e+00 7.9857076412e-01
6.2012695552e-05 1.2476577899e+04 1.5707963268e+00 8.0218324876e-01
6.2293303880e-05 1.2474625203e+04 1.5707963268e+00 8.0579685776e-01
6.2574020210e-05 1.2472661695e+04 1.5707963268e+00 8.0941159788e-01
6.2854845258e-05 1.2470687343e+04 1.5707963268e+00 8.1302747592e-01
6.3135779745e-05 1.2468702114e+04 1.5707963268e+00 8.1664449871e-01
6.3416824393e-05 1.2466705977e+04 1.5707963268e+00 8.2026267310e-01
6.3697979930e-05 1.2464698898e+04 1.5707963268e+00 8.2388200597e-01
6.3979247089e-05 1.2462680843e+04 1.5707963268e+00 8.2750250423e-01
6.4260626603e-05 1.2460651780e+04 1.5707963268e+00 8.3112417481e-01
6.4542119214e-05 1.2458611675e+04 1.5707963268e+00 8.3474702470e-01
6.4823725666e-05 1.2456560494e+04 1.5707963268e+00 8.3837106087e-01
6.5105446706e-05 1.2454498203e+04 1.5707963268e+00 8.4199629037e-01
6.5387283087e-05 1.2452424768e+04 1.5707963268e+00 8.4562272024e-01
6.5669235565e-05 1.2450340154e+04 1.5707963268e+00 8.4925035758e-01
6.5951304902e-05 1.2448244327e+04 1.5707963268e+00 8.5287920949e-01
6.6233491864e-05 1.2446137252e+04 1.5707963268e+00 8.5650928313e-01
6.6515797219e-05 1.2444018893e+04 1.5707963268e+00 8.6014058567e-01
6.6798221743e-05 1.2441889215e+04 1.5707963268e+00 8.6377312432e-01
6.7080766213e-05 1.2439748183e+04 1.5707963268e+00 8.6740690632e-01
6.7363431414e-05 1.2437595760e+04 1.5707963268e+00 8.7104193894e-01
6.7646218133e-05 1.2435431911e+04 1.5707963268e+00 8.7467822949e-01
6.7929127163e-05 1.2433256600e+04 1.5707963268e+00 8.7831578529e-01
6.8212159300e-05 1.2431069788e+04 1.5707963268e+00 8.8195461372e-01
6.8495315347e-05 1.2428871441e+04 1.5707963268e+00 8.8559472217e-01
6.8778596111e-05 1.2426661520e+04 1.5707963268e+00 8.8923611808e-01
6.9062002402e-05 1.2424439989e+04 1.5707963268e+00 8.9287880891e-01
6.9345535038e-05 1.2422206809e+04 1.5707963268e+00 8.9652280215e-01
6.9629194839e-05 1.2419961944e+04 1.5707963268e+00 9.0016810535e-01
6.9912982632e-05 1.2417705354e+04 1.5707963268e+00 9.0381472605e-01
7.0196899248e-05 1.2415437002e+04 1.5707963268e+00 9.0746267188e-01
7.0480945522e-05 1.2413156850e+04 1.5707963268e+00 9.1111195044e-01
7.0765122297e-05 1.2410864857e+04 1.5707963268e+00 9.1476256942e-01
7.1049430419e-05 1.2408560986e+04 1.5707963268e+00 9.1841453652e-01
7.1333870739e-05 1.2406245197e+04 1.5707963268e+00 9.2206785947e-01
7.1618444114e-05 1.2403917450e+04 1.5707963268e+00 9.2572254605e-01
7.1903151407e-05 1.2401577706e+04 1.5707963268e+00 9.2937860407e-01
7.2187993486e-05 1.2399225924e+04 1.5707963268e+00 9.3303604136e-01
7.2472971222e-05 1.2396862064e+04 1.5707963268e+00 9.3669486582e-01
7.2758085495e-05 1.2394486086e+04 1.5707963268e+00 9.4035508535e-01
7.3043337188e-05 1.2392097948e+04 1.5707963268e+00 9.4401670792e-01
7.3328727191e-05 1.2389697610e+04 1.5707963268e+00 9.4767974152e-01
7.3614256399e-05 1.2387285029e+04 1.5707963268e+00 9.5134419416e-01
7.3899925714e-05 1.2384860165e+04 1.5707963268e+00 9.5501007392e-01
7.4185736040e-05 1.2382422976e+04 1.5707963268e+00 9.5867738891e-01
7.4471688292e-05 1.2379973418e+04 1.5707963268e+00 9.6234614727e-01
7.4757783386e-05 1.2377511451e+04 1.5707963268e+00 9.6601635717e-01
7.5044022247e-05 1.2375037030e+04 1.5707963268e+00 9.6968802683e-01
7.5330405806e-05 1.2372550112e+04 1.5707963268e+00 9.7336116453e-01
7.5616934997e-05 1.2370050656e+04 1.5707963268e+00 9.7703577854e-01
7.5903610764e-05 1.2367538616e+04 1.5707963268e+00 9.8071187723e-01
7.6190434055e-05 1.2365013949e+04 1.5707963268e+00 9.8438946895e-01
7.6477405824e-05 1.2362476610e+04 1.5707963268e+00 9.8806856214e-01
7.6764527032e-05 1.2359926556e+04 1.5707963268e+00 9.9174916525e-01
7.7051798646e-05 1.2357363741e+04 1.5707963268e+00 9.9543128678e-01
7.7339221640e-05 1.2354788121e+04 1.5707963268e+00 9.9911493528e-01
7.7626796993e-05 1.2352199649e+04 1.5707963268e+00 1.0028001193e+00
7.7914525693e-05 1.2349598281e+04 1.5707963268e+00 1.0064868476e+00
7.8202408733e-05 1.2346983971e+04 1.5707963268e+00 1.0101751286e+00
7.8490447111e-05 1.2344356671e+04 1.5707963268e+00 1.0138649713e+00
7.8778641835e-05 1.2341716336e+04 1.5707963268e+00 1.0175563842e+00
7.9066993919e-05 1.2339062919e+04 1.5707963268e+00 1.0212493763e+00
7.9355504382e-05 1.2336396372e+04 1.5707963268e+00 1.0249439563e+00
7.9644174251e-05 1.2333716648e+04 1.5707963268e+00 1.0286401331e+00
7.9933004562e-05 1.2331023699e+04 1.5707963268e+00 1.0323379158e+00
8.0221996354e-05 1.2328317478e+04 1.5707963268e+00 1.0360373132e+00
8.0511150677e-05 1.2325597935e+04 1.5707963268e+00 1.0397383343e+00
8.0800468586e-05 1.2322865023e+04 1.5707963268e+00 1.0434409883e+00
8.1089951144e-05 1.2320118691e+04 1.5707963268e+00 1.0471452843e+00
8.1379599422e-05 1.2317358891e+04 1.5707963268e+00 1.0508512313e+00
8.1669414497e-05 1.2314585573e+04 1.5707963268e+00 1.0545588387e+00
8.1959397455e-05 1.2311798687e+04 1.5707963268e+00 1.0582681157e+00
8.2249549389e-05 1.2308998183e+04 1.5707963268e+00 1.0619790715e+00
8.2539871399e-05 1.2306184009e+04 1.5707963268e+00 1.0656917156e+00
8.2830364594e-05 1.2303356115e+04 1.5707963268e+00 1.0694060572e+00
8.3121030091e-05 1.2300514450e+04 1.5707963268e+00 1.0731221060e+00
8.3411869014e-05 1.2297658962e+04 1.5707963268e+00 1.0768398713e+00
8.3702882494e-05 1.2294789599e+04 1.5707963268e+00 1.0805593628e+00
8.3994071673e-05 1.2291906308e+04 1.5707963268e+00 1.0842805899e+00
8.4285437699e-05 1.2289009037e+04 1.5707963268e+00 1.0880035624e+00
8.4576981730e-05 1.2286097733e+04 1.5707963268e+00 1.0917282899e+00
8.4868704929e-05 1.2283172343e+04 1.5707963268e+00 1.0954547823e+00
8.5160608473e-05 1.2280232812e+04 1.5707963268e+00 1.0991830492e+00
8.5452693541e-05 1.2277279087e+04 1.5707963268e+00 1.1029131006e+00
8.5744961327e-05 1.2274311113e+04 1.5707963268e+00 1.1066449464e+00
8.6037413029e-05 1.2271328836e+04 1.5707963268e+00 1.1103785964e+00
8.6330049856e-05 1.2268332199e+04 1.5707963268e+00 1.1141140608e+00
8.6622873025e-05 1.2265321149e+04 1.5707963268e+00 1.1178513496e+00
8.6915883764e-05 1.2262295628e+04 1.5707963268e+00 1.1215904729e+00
8.7209083307e-05 1.2259255581e+04 1.5707963268e+00 1.1253314408e+00
8.7502472901e-05 1.2256200951e+04 1.5707963268e+00 1.1290742637e+00
8.7796053798e-05 1.2253131681e+04 1.5707963268e+00 1.1328189517e+00
8.8089827263e-05 1.2250047713e+04 1.5707963268e+00 1.1365655153e+00
8.8383794569e-05 1.2246948990e+04 1.5707963268e+00 1.1403139649e+00
8.8677956999e-05 1.2243835454e+04 1.5707963268e+00 1.1440643108e+00
8.8972315845e-05 1.2240707046e+04 1.5707963268e+00 1.1478165636e+00
8.9266872411e-05 1.2237563707e+04 1.5707963268e+00 1.1515707339e+00
8.9561628007e-05 1.2234405378e+04 1.5707963268e+00 1.1553268322e+00
8.9856583958e-05 1.2231232000e+04 1.5707963268e+00 1.1590848694e+00
9.0151741595e-05 1.2228043511e+04 1.5707963268e+00 1.1628448561e+00
9.0447102261e-05 1.2224839853e+04 1.5707963268e+00 1.1666068031e+00
9.0742667311e-05 1.2221620963e+04 1.5707963268e+00 1.1703707213e+00
9.1038438107e-05 1.2218386780e+04 1.5707963268e+00 1.1741366217e+00
9.1334416025e-05 1.2215137244e+04 1.5707963268e+00 1.1779045152e+00
9.1630602449e-05 1.2211872291e+04 1.5707963268e+00 1.1816744128e+00
9.1926998777e-05 1.2208591859e+04 1.5707963268e+00 1.1854463258e+00
9.2223606415e-05 1.2205295885e+04 1.5707963268e+00 1.1892202652e+00
9.2520426781e-05 1.2201984307e+04 1.5707963268e+00 1.1929962423e+00
9.2817461306e-05 1.2198657059e+04 1.5707963268e+00 1.1967742685e+00
9.3114711430e-05 1.2195314078e+04 1.5707963268e+00 1.2005543551e+00
9.3412178606e-05 1.2191955300e+04 1.5707963268e+00 1.2043365134e+00
9.3709864298e-05 1.2188580658e+04 1.5707963268e+00 1.2081207551e+00
9.4007769983e-05 1.2185190089e+04 1.5707963268e+00 1.2119070918e+00
9.4305897147e-05 1.2181783524e+04 1.5707963268e+00 1.2156955349e+00
9.4604247291e-05 1.2178360900e+04 1.5707963268e+00 1.2194860963e+00
9.4902821928e-05 1.2174922147e+04 1.5707963268e+00 1.2232787877e+00
9.5201622582e-05 1.2171467200e+04 1.5707963268e+00 1.2270736209e+00
9.5500650789e-05 1.2167995990e+04 1.5707963268e+00 1.2308706079e+00
9.5799908100e-05 1.2164508449e+04 1.5707963268e+00 1.2346697607e+00
9.6099396077e-05 1.2161004509e+04 1.5707963268e+00 1.2384710912e+00
9.6399116295e-05 1.2157484100e+04 1.5707963268e+00 1.2422746117e+00
9.6699070342e-05 1.2153947153e+04 1.5707963268e+00 1.2460803343e+00
9.6999259821e-05 1.2150393598e+04 1.5707963268e+00 1.2498882712e+00
9.7299686347e-05 1.2146823364e+04 1.5707963268e+00 1.2536984349e+00
9.7600351548e-05 1.2143236380e+04 1.5707963268e+00 1.2575108377e+00
9.7901257066e-05 1.2139632575e+04 1.5707963268e+00 1.2613254922e+00
9.8202404557e-05 1.2136011877e+04 1.5707963268e+00 1.2651424108e+00
9.8503795693e-05 1.2132374212e+04 1.5707963268e+00 1.2689616062e+00
9.8805432157e-05 1.2128719509e+04 1.5707963268e+00 1.2727830912e+00
9.9107315648e-05 1.2125047694e+04 1.5707963268e+00 1.2766068785e+00
9.9409447879e-05 1.2121358692e+04 1.5707963268e+00 1.2804329811e+00
9.9711830579e-05 1.2117652430e+04 1.5707963268e+00 1.2842614117e+00
1.0001446549e-04 1.2113928832e+04 1.5707963268e+00 1.2880921836e+00
1.0031735437e-04 1.2110187822e+04 1.5707963268e+00 1.2919253098e+00
1.0062049900e-04 1.2106429326e+04 1.5707963268e+00 1.2957608034e+00
1.0092390115e-04 1.2102653266e+04 1.5707963268e+00 1.2995986778e+00
1.0122756265e-04 1.2098859564e+04 1.5707963268e+00 1.3034389463e+00
1.0153148529e-04 1.2095048145e+04 1.5707963268e+00 1.3072816223e+00
1.0183567094e-04 1.2091218928e+04 1.5707963268e+00 1.3111267195e+00
1.0214012143e-04 1.2087371836e+04 1.5707963268e+00 1.3149742512e+00
1.0244483863e-04 1.2083506790e+04 1.5707963268e+00 1.3188242314e+00
1.0274982443e-04 1.2079623709e+04 1.5707963268e+00 1.3226766736e+00
1.0305508074e-04 1.2075722514e+04 1.5707963268e+00 1.3265315919e+00
1.0336060946e-04 1.2071803123e+04 1.5707963268e+00 1.3303890001e+00
1.0366641255e-04 1.2067865455e+04 1.5707963268e+00 1.3342489123e+00
1.0397249195e-04 1.2063909428e+04 1.5707963268e+00 1.3381113426e+00
1.0427884964e-04 1.2059934959e+04 1.5707963268e+00 1.3419763052e+00
1.0458548760e-04 1.2055941965e+04 1.5707963268e+00 1.3458438144e+00
1.0489240784e-04 1.2051930363e+04 1.5707963268e+00 1.3497138847e+00
1.0519961240e-04 1.2047900068e+04 1.5707963268e+00 1.3535865305e+00
1.0550710331e-04 1.2043850994e+04 1.5707963268e+00 1.3574617664e+00
1.0581488264e-04 1.2039783058e+04 1.5707963268e+00 1.3613396071e+00
1.0612295247e-04 1.2035696171e+04 1.5707963268e+00 1.3652200674e+00
1.0643131490e-04 1.2031590249e+04 1.5707963268e+00 1.3691031621e+00
1.0673997207e-04 1.2027465202e+04 1.5707963268e+00 1.3729889062e+00
1.0704892610e-04 1.2023320944e+04 1.5707963268e+00 1.3768773148e+00
1.0735817916e-04 1.2019157386e+04 1.5707963268e+00 1.3807684030e+00
1.0766773343e-04 1.2014974438e+04 1.5707963268e+00 1.3846621860e+00
1.0797759112e-04 1.2010772011e+04 1.5707963268e+00 1.3885586794e+00
1.0828775445e-04 1.2006550013e+04 1.5707963268e+00 1.3924578984e+00
1.0859822566e-04 1.2002308355e+04 1.5707963268e+00 1.3963598588e+00
1.0890900703e-04 1.1998046944e+04 1.5707963268e+00 1.4002645761e+00
1.0922010083e-04 1.1993765687e+04 1.5707963268e+00 1.4041720661e+00
1.0953150939e-04 1.1989464492e+04 1.5707963268e+00 1.4080823448e+00
1.0984323503e-04 1.1985143265e+04 1.5707963268e+00 1.4119954280e+00
1.1015528011e-04 1.1980801911e+04 1.5707963268e+00 1.4159113320e+00
1.1046764700e-04 1.1976440335e+04 1.5707963268e+00 1.4198300728e+00
1.1078033811e-04 1.1972058441e+04 1.5707963268e+00 1.4237516669e+00
1.1109335586e-04 1.1967656133e+04 1.5707963268e+00 1.4276761306e+00
1.1140670271e-04 1.1963233313e+04 1.5707963268e+00 1.4316034805e+00
1.1172038112e-04 1.1958789884e+04 1.5707963268e+00 1.4355337332e+00
1.1203439360e-04 1.1954325747e+04 1.5707963268e+00 1.4394669054e+00
1.1234874266e-04 1.1949840802e+04 1.5707963268e+00 1.4434030142e+00
1.1266343085e-04 1.1945334950e+04 1.5707963268e+00 1.4473420763e+00
1.1297846075e-04 1.1940808090e+04 1.5707963268e+00 1.4512841091e+00
1.1329383496e-04 1.1936260119e+04 1.5707963268e+00 1.4552291296e+00
1.1360955610e-04 1.1931690936e+04 1.5707963268e+00 1.4591771552e+00
1.1392562682e-04 1.1927100438e+04 1.5707963268e+00 1.4631282034e+00
1.1424204981e-04 1.1922488521e+04 1.5707963268e+00 1.4670822918e+00
1.1455882776e-04 1.1917855080e+04 1.5707963268e+00 1.4710394382e+00
1.1487596342e-04 1.1913200010e+04 1.5707963268e+00 1.4749996602e+00
1.1519345955e-04 1.1908523205e+04 1.5707963268e+00 1.4789629760e+00
1.1551131894e-04 1.1903824558e+04 1.5707963268e+00 1.4829294035e+00
1.1582954440e-04 1.1899103961e+04 1.5707963268e+00 1.4868989610e+00
1.1614813879e-04 1.1894361305e+04 1.5707963268e+00 1.4908716669e+00
1.1646710499e-04 1.1889596482e+04 1.5707963268e+00 1.4948475396e+00
1.1678644590e-04 1.1884809381e+04 1.5707963268e+00 1.4988265977e+00
1.1710616447e-04 1.1879999891e+04 1.5707963268e+00 1.5028088600e+00
1.1742626367e-04 1.1875167901e+04 1.5707963268e+00 1.5067943454e+00
1.1774674650e-04 1.1870313297e+04 1.5707963268e+00 1.5107830728e+00
1.1806761600e-04 1.1865435967e+04 1.5707963268e+00 1.5147750614e+00
1.1838887523e-04 1.1860535796e+04 1.5707963268e+00 1.5187703305e+00
1.1871052729e-04 1.1855612668e+04 1.5707963268e+00 1.5227688995e+00
1.1903257533e-04 1.1850666468e+04 1.5707963268e+00 1.5267707881e+00
1.1935502249e-04 1.1845697079e+04 1.5707963268e+00 1.5307760158e+00
1.1967787200e-04 1.1840704382e+04 1.5707963268e+00 1.5347846026e+00
1.2000112708e-04 1.1835688260e+04 1.5707963268e+00 1.5387965684e+00
1.2032479101e-04 1.1830648592e+04 1.5707963268e+00 1.5428119335e+00
1.2064886710e-04 1.1825585258e+04 1.5707963268e+00 1.5468307180e+00
1.2097335869e-04 1.1820498136e+04 1.5707963268e+00 1.5508529425e+00
1.2129826916e-04 1.1815387105e+04 1.5707963268e+00 1.5548786276e+00
1.2162360194e-04 1.1810252040e+04 1.5707963268e+00 1.5589077940e+00
1.2194936049e-04 1.1805092817e+04 1.5707963268e+00 1.5629404626e+00
1.2227554829e-04 1.1799909311e+04 1.5707963268e+00 1.5669766544e+00
1.2260216890e-04 1.1794701395e+04 1.5707963268e+00 1.5710163908e+00
1.2292922588e-04 1.1789468944e+04 1.5707963268e+00 1.5750596931e+00
1.2325672285e-04 1.1784211827e+04 1.5707963268e+00 1.5791065828e+00
1.2358466347e-04 1.1778929916e+04 1.5707963268e+00 1.5831570817e+00
1.2391305145e-04 1.1773623082e+04 1.5707963268e+00 1.5872112116e+00
1.2424189052e-04 1.1768291191e+04 1.5707963268e+00 1.5912689945e+00
1.2457118447e-04 1.1762934113e+04 1.5707963268e+00 1.5953304527e+00
1.2490093714e-04 1.1757551714e+04 1.5707963268e+00 1.5993956086e+00
1.2523115240e-04 1.1752143859e+04 1.5707963268e+00 1.6034644847e+00
1.2556183416e-04 1.1746710414e+04 1.5707963268e+00 1.6075371037e+00
1.2589298641e-04 1.1741251241e+04 1.5707963268e+00 1.6116134886e+00
1.2622461314e-04 1.1735766202e+04 1.5707963268e+00 1.6156936624e+00
1.2655671842e-04 1.1730255161e+04 1.5707963268e+00 1.6197776484e+00
1.2688930636e-04 1.1724717975e+04 1.5707963268e+00 1.6238654700e+00
1.2722238113e-04 1.1719154505e+04 1.5707963268e+00 1.6279571509e+00
1.2755594692e-04 1.1713564609e+04 1.5707963268e+00 1.6320527148e+00
1.2789000800e-04 1.1707948143e+04 1.5707963268e+00 1.6361521858e+00
1.2822456867e-04 1.1702304963e+04 1.5707963268e+00 1.6402555881e+00
1.2855963331e-04 1.1696634923e+04 1.5707963268e+00 1.6443629460e+00
1.2889520633e-04 1.1690937877e+04 1.5707963268e+00 1.6484742841e+00
1.2923129220e-04 1.1685213677e+04 1.5707963268e+00 1.6525896272e+00
1.2956789545e-04 1.1679462174e+04 1.5707963268e+00 1.6567090003e+00
1.2990502065e-04 1.1673683218e+04 1.5707963268e+00 1.6608324286e+00
1.3024267245e-04 1.1667876656e+04 1.5707963268e+00 1.6649599373e+00
1.3058085555e-04 1.1662042337e+04 1.5707963268e+00 1.6690915521e+00
1.3091957469e-04 1.1656180106e+04 1.5707963268e+00 1.6732272989e+00
1.3125883470e-04 1.1650289808e+04 1.5707963268e+00 1.6773672035e+00
1.3159864046e-04 1.1644371286e+04 1.5707963268e+00 1.6815112922e+00
1.3193899690e-04 1.1638424383e+04 1.5707963268e+00 1.6856595914e+00
1.3227990902e-04 1.1632448939e+04 1.5707963268e+00 1.6898121278e+00
1.3262138189e-04 1.1626444795e+04 1.5707963268e+00 1.6939689282e+00
1.3296342064e-04 1.1620411787e+04 1.5707963268e+00 1.6981300197e+00
1.3330603047e-04 1.1614349754e+04 1.5707963268e+00 1.7022954296e+00
1.3364921665e-04 1.1608258529e+04 1.5707963268e+00 1.7064651855e+00
1.3399298451e-04 1.1602137949e+04 1.5707963268e+00 1.7106393151e+00
1.3433733945e-04 1.1595987844e+04 1.5707963268e+00 1.7148178464e+00
1.3468228694e-04 1.1589808047e+04 1.5707963268e+00 1.7190008076e+00
1.3502783255e-04 1.1583598387e+04 1.5707963268e+00 1.7231882273e+00
1.3537398188e-04 1.1577358694e+04 1.5707963268e+00 1.7273801340e+00
1.3572074064e-04 1.1571088792e+04 1.5707963268e+00 1.7315765569e+00
1.3606811460e-04 1.1564788509e+04 1.5707963268e+00 1.7357775250e+00
1.3641610961e-04 1.1558457668e+04 1.5707963268e+00 1.7399830679e+00
1.3676473160e-04 1.1552096092e+04 1.5707963268e+00 1.7441932151e+00
1.3711398659e-04 1.1545703601e+04 1.5707963268e+00 1.7484079968e+00
1.3746388066e-04 1.1539280015e+04 1.5707963268e+00 1.7526274431e+00
1.3781441999e-04 1.1532825152e+04 1.5707963268e+00 1.7568515844e+00
1.3816561086e-04 1.1526338828e+04 1.5707963268e+00 1.7610804516e+00
1.3851745961e-04 1.1519820858e+04 1.5707963268e+00 1.7653140756e+00
1.3886997267e-04 1.1513271054e+04 1.5707963268e+00 1.7695524877e+00
1.3922315658e-04 1.1506689229e+04 1.5707963268e+00 1.7737957194e+00
1.3957701796e-04 1.1500075192e+04 1.5707963268e+00 1.7780438026e+00
1.3993156352e-04 1.1493428751e+04 1.5707963268e+00 1.7822967694e+00
1.4028680007e-04 1.1486749713e+04 1.5707963268e+00 1.7865546522e+00
1.4064273453e-04 1.1480037882e+04 1.5707963268e+00 1.7908174837e+00
1.4099937390e-04 1.1473293061e+04 1.5707963268e+00 1.7950852968e+00
1.4135672528e-04 1.1466515052e+04 1.5707963268e+00 1.7993581248e+00
1.4171479590e-04 1.1459703653e+04 1.5707963268e+00 1.8036360012e+00
1.4207359307e-04 1.1452858663e+04 1.5707963268e+00 1.8079189600e+00
1.4243312420e-04 1.1445979878e+04 1.5707963268e+00 1.8122070353e+00
1.4279339685e-04 1.1439067091e+04 1.5707963268e+00 1.8165002616e+00
1.4315441865e-04 1.1432120095e+04 1.5707963268e+00 1.8207986737e+00
1.4351619736e-04 1.1425138680e+04 1.5707963268e+00 1.8251023066e+00
1.4387874086e-04 1.1418122634e+04 1.5707963268e+00 1.8294111959e+00
1.4424205714e-04 1.1411071744e+04 1.5707963268e+00 1.8337253773e+00
1.4460615432e-04 1.1403985795e+04 1.5707963268e+00 1.8380448868e+00
1.4497104064e-04 1.1396864568e+04 1.5707963268e+00 1.8423697609e+00
1.4533672446e-04 1.1389707845e+04 1.5707963268e+00 1.8467000363e+00
1.4570321428e-04 1.1382515404e+04 1.5707963268e+00 1.8510357502e+00
1.4607051872e-04 1.1375287021e+04 1.5707963268e+00 1.8553769400e+00
1.4643864654e-04 1.1368022472e+04 1.5707963268e+00 1.8597236434e+00
1.4680760664e-04 1.1360721528e+04 1.5707963268e+00 1.8640758987e+00
1.4717740805e-04 1.1353383959e+04 1.5707963268e+00 1.8684337443e+00
1.4754805995e-04 1.1346009535e+04 1.5707963268e+00 1.8727972192e+00
1.4791957167e-04 1.1338598020e+04 1.5707963268e+00 1.8771663625e+00
1.4829195268e-04 1.1331149178e+04 1.5707963268e+00 1.8815412138e+00
1.4866521260e-04 1.1323662771e+04 1.5707963268e+00 1.8859218133e+00
1.4903936122e-04 1.1316138559e+04 1.5707963268e+00 1.8903082012e+00
1.4941440847e-04 1.1308576297e+04 1.5707963268e+00 1.8947004184e+00
1.4979036446e-04 1.1300975741e+04 1.5707963268e+00 1.8990985059e+00
1.5016723945e-04 1.1293336644e+04 1.5707963268e+00 1.9035025054e+00
1.5054504388e-04 1.1285658754e+04 1.5707963268e+00 1.9079124589e+00
1.5092378837e-04 1.1277941820e+04 1.5707963268e+00 1.9123284086e+00
1.5130348370e-04 1.1270185587e+04 1.5707963268e+00 1.9167503974e+00
1.5168414084e-04 1.1262389797e+04 1.5707963268e+00 1.9211784686e+00
1.5206577094e-04 1.1254554190e+04 1.5707963268e+00 1.9256126657e+00
1.5244838535e-04 1.1246678505e+04 1.5707963268e+00 1.9300530328e+00
1.5283199561e-04 1.1238762477e+04 1.5707963268e+00 1.9344996144e+00
1.5321661346e-04 1.1230805837e+04 1.5707963268e+00 1.9389524556e+00
1.5360225082e-04 1.1222808316e+04 1.5707963268e+00 1.9434116017e+00
1.5398891986e-04 1.1214769641e+04 1.5707963268e+00 1.9478770985e+00
1.5437663294e-04 1.1206689536e+04 1.5707963268e+00 1.9523489924e+00
1.5476540262e-04 1.1198567724e+04 1.5707963268e+00 1.9568273302e+00
1.5515524172e-04 1.1190403924e+04 1.5707963268e+00 1.9613121592e+00
1.5554616326e-04 1.1182197850e+04 1.5707963268e+00 1.9658035271e+00
1.5593818050e-04 1.1173949218e+04 1.5707963268e+00 1.9703014821e+00
1.5633130695e-04 1.1165657738e+04 1.5707963268e+00 1.9748060731e+00
1.5672555635e-04 1.1157323117e+04 1.5707963268e+00 1.9793173491e+00
1.5712094271e-04 1.1148945059e+04 1.5707963268e+00 1.9838353601e+00
1.5751748028e-04 1.1140523268e+04 1.5707963268e+00 1.9883601563e+00
1.5791518357e-04 1.1132057440e+04 1.5707963268e+00 1.9928917884e+00
1.5831406739e-04 1.1123547272e+04 1.5707963268e+00 1.9974303078e+00
1.5871414681e-04 1.1114992457e+04 1.5707963268e+00 2.0019757664e+00
1.5911543716e-04 1.1106392683e+04 1.5707963268e+00 2.0065282165e+00
1.5951795410e-04 1.1097747636e+04 1.5707963268e+00 2.0110877112e+00
1.5992171357e-04 1.1089057001e+04 1.5707963268e+00 2.0156543040e+00
1.6032673182e-04 1.1080320455e+04 1.5707963268e+00 2.0202280490e+00
1.6073302541e-04 1.1071537675e+04 1.5707963268e+00 2.0248090008e+00
1.6114061124e-04 1.1062708335e+04 1.5707963268e+00 2.0293972148e+00
1.6154950651e-04 1.1053832102e+04 1.5707963268e+00 2.0339927468e+00
1.6195972880e-04 1.1044908645e+04 1.5707963268e+00 2.0385956533e+00
1.6237129600e-04 1.1035937624e+04 1.5707963268e+00 2.0432059915e+00
1.6278422639e-04 1.1026918699e+04 1.5707963268e+00 2.0478238189e+00
1.6319853860e-04 1.1017851525e+04 1.5707963268e+00 2.0524491941e+00
1.6361425164e-04 1.1008735753e+04 1.5707963268e+00 2.0570821759e+00
1.6403138492e-04 1.0999571031e+04 1.5707963268e+00 2.0617228240e+00
1.6444995824e-04 1.0990357003e+04 1.5707963268e+00 2.0663711987e+00
1.6486999181e-04 1.0981093310e+04 1.5707963268e+00 2.0710273611e+00
1.6529150627e-04 1.0971779587e+04 1.5707963268e+00 2.0756913728e+00
1.6571452268e-04 1.0962415467e+04 1.5707963268e+00 2.0803632961e+00
1.6613906256e-04 1.0953000578e+04 1.5707963268e+00 2.0850431942e+00
1.6656514789e-04 1.0943534545e+04 1.5707963268e+00 2.0897311307e+00
1.6699280110e-04 1.0934016987e+04 1.5707963268e+00 2.0944271703e+00
1.6742204514e-04 1.0924447521e+04 1.5707963268e+00 2.0991313781e+00
1.6785290344e-04 1.0914825758e+04 1.5707963268e+00 2.1038438202e+00
1.6828539994e-04 1.0905151305e+04 1.5707963268e+00 2.1085645633e+00
1.6871955911e-04 1.0895423766e+04 1.5707963268e+00 2.1132936750e+00
1.6915540600e-04 1.0885642739e+04 1.5707963268e+00 2.1180312235e+00
1.6959296617e-04 1.0875807818e+04 1.5707963268e+00 2.1227772780e+00
1.7003226579e-04 1.0865918592e+04 1.5707963268e+00 2.1275319084e+00
1.7047333164e-04 1.0855974647e+04 1.5707963268e+00 2.1322951854e+00
1.7091619108e-04 1.0845975563e+04 1.5707963268e+00 2.1370671806e+00
1.7136087213e-04 1.0835920914e+04 1.5707963268e+00 2.1418479666e+00
1.7180740346e-04 1.0825810272e+04 1.5707963268e+00 2.1466376164e+00
1.7225581441e-04 1.0815643202e+04 1.5707963268e+00 2.1514362044e+00
1.7270613502e-04 1.0805419264e+04 1.5707963268e+00 2.1562438056e+00
1.7315839604e-04 1.0795138014e+04 1.5707963268e+00 2.1610604960e+00
1.7361262899e-04 1.0784799002e+04 1.5707963268e+00 2.1658863524e+00
1.7406886612e-04 1.0774401773e+04 1.5707963268e+00 2.1707214527e+00
1.7452714049e-04 1.0763945868e+04 1.5707963268e+00 2.1755658757e+00
1.7498748598e-04 1.0753430820e+04 1.5707963268e+00 2.1804197012e+00
1.7544993732e-04 1.0742856158e+04 1.5707963268e+00 2.1852830098e+00
1.7591453009e-04 1.0732221405e+04 1.5707963268e+00 2.1901558834e+00
1.7638130079e-04 1.0721526080e+04 1.5707963268e+00 2.1950384046e+00
1.7685028686e-04 1.0710769694e+04 1.5707963268e+00 2.1999306573e+00
1.7732152670e-04 1.0699951753e+04 1.5707963268e+00 2.2048327263e+00
1.7779505970e-04 1.0689071757e+04 1.5707963268e+00 2.2097446976e+00
1.7827092629e-04 1.0678129200e+04 1.5707963268e+00 2.2146666581e+00
1.7874916798e-04 1.0667123571e+04 1.5707963268e+00 2.2195986959e+00
1.7922982739e-04 1.0656054350e+04 1.5707963268e+00 2.2245409004e+00
1.7971294828e-04 1.0644921014e+04 1.5707963268e+00 2.2294933619e+00
1.8019857561e-04 1.0633723031e+04 1.5707963268e+00 2.2344561719e+00
1.8068675557e-04 1.0622459864e+04 1.5707963268e+00 2.2394294233e+00
1.8117753563e-04 1.0611130968e+04 1.5707963268e+00 2.2444132099e+00
1.8167096461e-04 1.0599735794e+04 1.5707963268e+00 2.2494076270e+00
1.8216709268e-04 1.0588273782e+04 1.5707963268e+00 2.2544127709e+00
1.8266597146e-04 1.0576744369e+04 1.5707963268e+00 2.2594287395e+00
1.8316765406e-04 1.0565146982e+04 1.5707963268e+00 2.2644556317e+00
1.8367219513e-04 1.0553481043e+04 1.5707963268e+00 2.2694935479e+00
1.8417965092e-04 1.0541745966e+04 1.5707963268e+00 2.2745425897e+00
1.8469007937e-04 1.0529941156e+04 1.5707963268e+00 2.2796028602e+00
1.8520354013e-04 1.0518066013e+04 1.5707963268e+00 2.2846744639e+00
1.8572009469e-04 1.0506119927e+04 1.5707963268e+00 2.2897575065e+00
1.8623980638e-04 1.0494102283e+04 1.5707963268e+00 2.2948520955e+00
1.8676274054e-04 1.0482012455e+04 1.5707963268e+00 2.2999583396e+00
1.8728896450e-04 1.0469849811e+04 1.5707963268e+00 2.3050763490e+00
1.8781854775e-04 1.0457613710e+04 1.5707963268e+00 2.3102062357e+00
1.8835156199e-04 1.0445303503e+04 1.5707963268e+00 2.3153481129e+00
1.8888808122e-04 1.0432918532e+04 1.5707963268e+00 2.3205020957e+00
1.8942818188e-04 1.0420458131e+04 1.5707963268e+00 2.3256683007e+00
1.8997194290e-04 1.0407921625e+04 1.5707963268e+00 2.3308468460e+00
1.9051944588e-04 1.0395308331e+04 1.5707963268e+00 2.3360378515e+00
1.9107077512e-04 1.0382617555e+04 1.5707963268e+00 2.3412414390e+00
1.9162601784e-04 1.0369848595e+04 1.5707963268e+00 2.3464577317e+00
1.9218526426e-04 1.0357000741e+04 1.5707963268e+00 2.3516868548e+00
1.9274860773e-04 1.0344073271e+04 1.5707963268e+00 2.3569289353e+00
1.9331614492e-04 1.0331065455e+04 1.5707963268e+00 2.3621841020e+00
1.9388797594e-04 1.0317976553e+04 1.5707963268e+00 2.3674524856e+00
1.9446420453e-04 1.0304805814e+04 1.5707963268e+00 2.3727342187e+00
1.9504493822e-04 1.0291552478e+04 1.5707963268e+00 2.3780294359e+00
1.9563028854e-04 1.0278215775e+04 1.5707963268e+00 2.3833382738e+00
1.9622037119e-04 1.0264794922e+04 1.5707963268e+00 2.3886608711e+00
1.9681530628e-04 1.0251289130e+04 1.5707963268e+00 2.3939973683e+00
1.9741521854e-04 1.0237697595e+04 1.5707963268e+00 2.3993479084e+00
1.9802023757e-04 1.0224019503e+04 1.5707963268e+00 2.4047126365e+00
1.9863049809e-04 1.0210254031e+04 1.5707963268e+00 2.4100916996e+00
1.9924614022e-04 1.0196400342e+04 1.5707963268e+00 2.4154852473e+00
1.9986730975e-04 1.0182457590e+04 1.5707963268e+00 2.4208934314e+00
2.0049415848e-04 1.0168424914e+04 1.5707963268e+00 2.4263164060e+00
2.0112684456e-04 1.0154301445e+04 1.5707963268e+00 2.4317543276e+00
2.0176553281e-04 1.0140086300e+04 1.5707963268e+00 2.4372073553e+00
2.0241039513e-04 1.0125778584e+04 1.5707963268e+00 2.4426756505e+00
2.0306161090e-04 1.0111377389e+04 1.5707963268e+00 2.4481593773e+00
2.0371936745e-04 1.0096881796e+04 1.5707963268e+00 2.4536587023e+00
2.0438386048e-04 1.0082290873e+04 1.5707963268e+00 2.4591737950e+00
2.0505529462e-04 1.0067603674e+04 1.5707963268e+00 2.4647048272e+00
2.0573388394e-04 1.0052819241e+04 1.5707963268e+00 2.4702519740e+00
2.0641985258e-04 1.0037936602e+04 1.5707963268e+00 2.4758154129e+00
2.0711343536e-04 1.0022954774e+04 1.5707963268e+00 2.4813953245e+00
2.0781487847e-04 1.0007872758e+04 1.5707963268e+00 2.4869918923e+00
2.0852444026e-04 9.9926895425e+03 1.5707963268e+00 2.4926053030e+00
2.0924239197e-04 9.9774041020e+03 1.5707963268e+00 2.4982357462e+00
2.0996901870e-04 9.9620153977e+03 1.5707963268e+00 2.5038834148e+00
2.1070462029e-04 9.9465223767e+03 1.5707963268e+00 2.5095485048e+00
2.1144951240e-04 9.9309239720e+03 1.5707963268e+00 2.5152312156e+00
2.1220402760e-04 9.9152191027e+03 1.5707963268e+00 2.5209317500e+00
2.1296851666e-04 9.8994066741e+03 1.5707963268e+00 2.5266503141e+00
2.1374334984e-04 9.8834855770e+03 1.5707963268e+00 2.5323871178e+00
2.1452891840e-04 9.8674546885e+03 1.5707963268e+00 2.5381423743e+00
2.1532563619e-04 9.8513128717e+03 1.5707963268e+00 2.5439163007e+00
2.1613394143e-04 9.8350589757e+03 1.5707963268e+00 2.5497091179e+00
2.1695429869e-04 9.8186918361e+03 1.5707963268e+00 2.5555210504e+00
2.1778720097e-04 9.8022102747e+03 1.5707963268e+00 2.5613523269e+00
2.1863317215e-04 9.7856131002e+03 1.5707963268e+00 2.5672031801e+00
2.1949276956e-04 9.7688991085e+03 1.5707963268e+00 2.5730738467e+00
2.2036658688e-04 9.7520670827e+03 1.5707963268e+00 2.5789645677e+00
2.2125525743e-04 9.7351157942e+03 1.5707963268e+00 2.5848755884e+00
2.2215945771e-04 9.7180440028e+03 1.5707963268e+00 2.5908071585e+00
2.2307991141e-04 9.7008504578e+03 1.5707963268e+00 2.5967595321e+00
2.2401739395e-04 9.6835338987e+03 1.5707963268e+00 2.6027329680e+00
2.2497273744e-04 9.6660930565e+03 1.5707963268e+00 2.6087277298e+00
2.2594683640e-04 9.6485266547e+03 1.5707963268e+00 2.6147440857e+00
2.2694065411e-04 9.6308334110e+03 1.5707963268e+00 2.6207823089e+00
2.2795522982e-04 9.6130120389e+03 1.5707963268e+00 2.6268426777e+00
2.2899168694e-04 9.5950612500e+03 1.5707963268e+00 2.6329254752e+00
2.3005124238e-04 9.5769797566e+03 1.5707963268e+00 2.6390309901e+00
2.3113521712e-04 9.5587662743e+03 1.5707963268e+00 2.6451595161e+00
2.3224504846e-04 9.5404195257e+03 1.5707963268e+00 2.6513113526e+00
2.3338230401e-04 9.5219382443e+03 1.5707963268e+00 2.6574868043e+00
2.3454869787e-04 9.5033211797e+03 1.5707963268e+00 2.6636861816e+00
2.3574610942e-04 9.4845671032e+03 1.5707963268e+00 2.6699098007e+00
2.3697660517e-04 9.4656748147e+03 1.5707963268e+00 2.6761579835e+00
2.3824246438e-04 9.4466431506e+03 1.5707963268e+00 2.6824310577e+00
2.3954620917e-04 9.4274709943e+03 1.5707963268e+00 2.6887293572e+00
2.4089064013e-04 9.4081572873e+03 1.5707963268e+00 2.6950532218e+00
2.4227887870e-04 9.3887010437e+03 1.5707963268e+00 2.7014029973e+00
2.4371441787e-04 9.3691013675e+03 1.5707963268e+00 2.7077790357e+00
2.4520118334e-04 9.3493574737e+03 1.5707963268e+00 2.7141816950e+00
2.4674360759e-04 9.3294687136e+03 1.5707963268e+00 2.7206113396e+00
2.4834672064e-04 9.3094346073e+03 1.5707963268e+00 2.7270683396e+00
2.5001626179e-04 9.2892548825e+03 1.5707963268e+00 2.7335530710e+00
2.5175881879e-04 9.2689295247e+03 1.5707963268e+00 2.7400659160e+00
2.5358200254e-04 9.2484588391e+03 1.5707963268e+00 2.7466072617e+00
2.5549466914e-04 9.2278435313e+03 1.5707963268e+00 2.7531775010e+00
2.5750720515e-04 9.2070848096e+03 1.5707963268e+00 2.7597770311e+00
2.5963189893e-04 9.1861845206e+03 1.5707963268e+00 2.7664062535e+00
2.6188343128e-04 9.1651453268e+03 1.5707963268e+00 2.7730655728e+00
2.6427953390e-04 9.1439709472e+03 1.5707963268e+00 2.7797553959e+00
2.6684188945e-04 9.1226664850e+03 1.5707963268e+00 2.7864761302e+00
2.6959738715e-04 9.1012388856e+03 1.5707963268e+00 2.7932281817e+00
2.7257991557e-04 9.0796975887e+03 1.5707963268e+00 2.8000119521e+00
2.7583299218e-04 9.0580554834e+03 1.5707963268e+00 2.8068278348e+00
2.7941374214e-04 9.0363303470e+03 1.5707963268e+00 2.8136762098e+00
2.8339914388e-04 9.0145470896e+03 1.5707963268e+00 2.8205574356e+00
2.8789627310e-04 8.9927414070e+03 1.5707963268e+00 2.8274718375e+00
2.9306002932e-04 8.9709660310e+03 1.5707963268e+00 2.8344196905e+00
2.9912592940e-04 8.9493021153e+03 1.5707963268e+00 2.8414011911e+00
3.0647622094e-04 8.9278817027e+03 1.5707963268e+00 2.8484164109e+00
3.1578946809e-04 8.9069370126e+03 1.5707963268e+00 2.8554652130e+00
3.2843962893e-04 8.8869259352e+03 1.5707963268e+00 2.8625470878e+00
