0.0000000000e+00 9.9341825245e+03 1.5707963268e+00 0.0000000000e+00
4.5194106245e-07 9.9341825245e+03 1.5707963268e+00 4.4642857143e-03
9.0388212489e-07 9.9341153504e+03 1.5707963268e+00 8.9285714286e-03
1.3558486539e-06 9.9339810042e+03 1.5707963268e+00 1.3392917517e-02
1.8078661217e-06 9.9337794845e+03 1.5707963268e+00 1.7857384355e-02
2.2599600171e-06 9.9335107869e+03 1.5707963268e+00 2.2322032324e-02
2.7121558564e-06 9.9331749039e+03 1.5707963268e+00 2.6786921820e-02
3.1644791941e-06 9.9327718248e+03 1.5707963268e+00 3.1252113261e-02
3.6169556339e-06 9.9323015357e+03 1.5707963268e+00 3.5717667087e-02
4.0696108399e-06 9.9317640194e+03 1.5707963268e+00 4.0183643778e-02
4.5224705472e-06 9.9311592560e+03 1.5707963268e+00 4.4650103847e-02
4.9755605734e-06 9.9304872219e+03 1.5707963268e+00 4.9117107858e-02
5.4289068295e-06 9.9297478907e+03 1.5707963268e+00 5.3584716427e-02
5.8825353315e-06 9.9289412328e+03 1.5707963268e+00 5.8052990229e-02
6.3364722117e-06 9.9280672152e+03 1.5707963268e+00 6.2521990005e-02
6.7907437299e-06 9.9271258020e+03 1.5707963268e+00 6.6991776568e-02
7.2453762855e-06 9.9261169539e+03 1.5707963268e+00 7.1462410812e-02
7.7003964293e-06 9.9250406286e+03 1.5707963268e+00 7.5933953716e-02
8.1558308750e-06 9.9238967806e+03 1.5707963268e+00 8.0406466352e-02
8.6117065121e-06 9.9226853610e+03 1.5707963268e+00 8.4880009890e-02
9.0680504174e-06 9.9214063180e+03 1.5707963268e+00 8.9354645608e-02
9.5248898683e-06 9.9200595962e+03 1.5707963268e+00 9.3830434895e-02
9.9822523552e-06 9.9186451374e+03 1.5707963268e+00 9.8307439260e-02
1.0440165595e-05 9.9171628800e+03 1.5707963268e+00 1.0278572034e-01
1.0898657542e-05 9.9156127590e+03 1.5707963268e+00 1.0726533990e-01
1.1357756407e-05 9.9139947063e+03 1.5707963268e+00 1.1174635985e-01
1.1817490663e-05 9.9123086507e+03 1.5707963268e+00 1.1622884225e-01
1.2277889068e-05 9.9105545175e+03 1.5707963268e+00 1.2071284930e-01
1.2738980673e-05 9.9087322288e+03 1.5707963268e+00 1.2519844338e-01
1.3200794839e-05 9.9068417034e+03 1.5707963268e+00 1.2968568703e-01
1.3663361254e-05 9.9048828568e+03 1.5707963268e+00 1.3417464295e-01
1.4126709943e-05 9.9028556012e+03 1.5707963268e+00 1.3866537404e-01
1.4590871292e-05 9.9007598454e+03 1.5707963268e+00 1.4315794340e-01
1.5055876057e-05 9.8985954951e+03 1.5707963268e+00 1.4765241428e-01
1.5521755385e-05 9.8963624523e+03 1.5707963268e+00 1.5214885020e-01
1.5988540831e-05 9.8940606159e+03 1.5707963268e+00 1.5664731483e-01
1.6456264373e-05 9.8916898812e+03 1.5707963268e+00 1.6114787209e-01
1.6924958434e-05 9.8892501402e+03 1.5707963268e+00 1.6565058613e-01
1.7394655896e-05 9.8867412816e+03 1.5707963268e+00 1.7015552131e-01
1.7865390127e-05 9.8841631904e+03 1.5707963268e+00 1.7466274227e-01
1.8337194994e-05 9.8815157483e+03 1.5707963268e+00 1.7917231384e-01
1.8810104885e-05 9.8787988334e+03 1.5707963268e+00 1.8368430117e-01
1.9284154735e-05 9.8760123206e+03 1.5707963268e+00 1.8819876964e-01
1.9759380042e-05 9.8731560810e+03 1.5707963268e+00 1.9271578489e-01
2.0235816894e-05 9.8702299822e+03 1.5707963268e+00 1.9723541288e-01
2.0713501991e-05 9.8672338883e+03 1.5707963268e+00 2.0175771982e-01
2.1192472670e-05 9.8641676599e+03 1.5707963268e+00 2.0628277224e-01
2.1672766930e-05 9.8610311537e+03 1.5707963268e+00 2.1081063697e-01
2.2154423459e-05 9.8578242232e+03 1.5707963268e+00 2.1534138114e-01
2.2637481660e-05 9.8545467179e+03 1.5707963268e+00 2.1987507222e-01
2.3121981681e-05 9.8511984838e+03 1.5707963268e+00 2.2441177801e-01
2.3607964441e-05 9.8477793632e+03 1.5707963268e+00 2.2895156663e-01
2.4095471667e-05 9.8442891945e+03 1.5707963268e+00 2.3349450655e-01
2.4584545919e-05 9.8407278126e+03 1.5707963268e+00 2.3804066662e-01
2.5075230626e-05 9.8370950486e+03 1.5707963268e+00 2.4259011603e-01
2.5567570120e-05 9.8333907295e+03 1.5707963268e+00 2.4714292435e-01
2.6061609674e-05 9.8296146788e+03 1.5707963268e+00 2.5169916154e-01
2.6557395534e-05 9.8257667160e+03 1.5707963268e+00 2.5625889795e-01
2.7054974961e-05 9.8218466568e+03 1.5707963268e+00 2.6082220433e-01
2.7554396274e-05 9.8178543128e+03 1.5707963268e+00 2.6538915183e-01
2.8055708887e-05 9.8137894918e+03 1.5707963268e+00 2.6995981204e-01
2.8558963356e-05 9.8096519976e+03 1.5707963268e+00 2.7453425697e-01
2.9064211425e-05 9.8054416301e+03 1.5707963268e+00 2.7911255907e-01
2.9571506072e-05 9.8011581849e+03 1.5707963268e+00 2.8369479125e-01
3.0080901562e-05 9.7968014536e+03 1.5707963268e+00 2.8828102686e-01
3.0592453498e-05 9.7923712239e+03 1.5707963268e+00 2.9287133975e-01
3.1106218876e-05 9.7878672792e+03 1.5707963268e+00 2.9746580423e-01
3.1622256142e-05 9.7832893987e+03 1.5707963268e+00 3.0206449510e-01
3.2140625254e-05 9.7786373574e+03 1.5707963268e+00 3.0666748767e-01
3.2661387743e-05 9.7739109261e+03 1.5707963268e+00 3.1127485778e-01
3.3184606780e-05 9.7691098714e+03 1.5707963268e+00 3.1588668175e-01
3.3710347249e-05 9.7642339553e+03 1.5707963268e+00 3.2050303649e-01
3.4238675812e-05 9.7592829357e+03 1.5707963268e+00 3.2512399942e-01
3.4769660994e-05 9.7542565660e+03 1.5707963268e+00 3.2974964853e-01
3.5303373259e-05 9.7491545953e+03 1.5707963268e+00 3.3438006238e-01
3.5839885094e-05 9.7439767680e+03 1.5707963268e+00 3.3901532011e-01
3.6379271102e-05 9.7387228242e+03 1.5707963268e+00 3.4365550146e-01
3.6921608092e-05 9.7333924993e+03 1.5707963268e+00 3.4830068677e-01
3.7466975180e-05 9.7279855242e+03 1.5707963268e+00 3.5295095702e-01
3.8015453894e-05 9.7225016252e+03 1.5707963268e+00 3.5760639378e-01
3.8567128279e-05 9.7169405238e+03 1.5707963268e+00 3.6226707930e-01
3.9122085019e-05 9.7113019369e+03 1.5707963268e+00 3.6693309649e-01
3.9680413558e-05 9.7055855766e+03 1.5707963268e+00 3.7160452891e-01
4.0242206224e-05 9.6997911503e+03 1.5707963268e+00 3.7628146082e-01
4.0807558375e-05 9.6939183604e+03 1.5707963268e+00 3.8096397717e-01
4.1376568535e-05 9.6879669047e+03 1.5707963268e+00 3.8565216363e-01
4.1949338553e-05 9.6819364757e+03 1.5707963268e+00 3.9034610659e-01
4.2525973763e-05 9.6758267612e+03 1.5707963268e+00 3.9504589318e-01
4.3106583159e-05 9.6696374441e+03 1.5707963268e+00 3.9975161132e-01
4.3691279572e-05 9.6633682019e+03 1.5707963268e+00 4.0446334964e-01
4.4280179870e-05 9.6570187075e+03 1.5707963268e+00 4.0918119761e-01
4.4873405161e-05 9.6505886283e+03 1.5707963268e+00 4.1390524548e-01
4.5471081014e-05 9.6440776268e+03 1.5707963268e+00 4.1863558432e-01
4.6073337691e-05 9.6374853601e+03 1.5707963268e+00 4.2337230603e-01
4.6680310395e-05 9.6308114802e+03 1.5707963268e+00 4.2811550337e-01
4.7292139539e-05 9.6240556338e+03 1.5707963268e+00 4.3286526996e-01
4.7908971024e-05 9.6172174624e+03 1.5707963268e+00 4.3762170031e-01
4.8530956543e-05 9.6102966021e+03 1.5707963268e+00 4.4238488982e-01
4.9158253904e-05 9.6032926836e+03 1.5707963268e+00 4.4715493482e-01
4.9791027375e-05 9.5962053324e+03 1.5707963268e+00 4.5193193257e-01
5.0429448056e-05 9.5890341684e+03 1.5707963268e+00 4.5671598130e-01
5.1073694269e-05 9.5817788062e+03 1.5707963268e+00 4.6150718018e-01
5.1723951990e-05 9.5744388549e+03 1.5707963268e+00 4.6630562940e-01
5.2380415302e-05 9.5670139182e+03 1.5707963268e+00 4.7111143016e-01
5.3043286887e-05 9.5595035942e+03 1.5707963268e+00 4.7592468467e-01
5.3712778554e-05 9.5519074758e+03 1.5707963268e+00 4.8074549622e-01
5.4389111807e-05 9.5442251502e+03 1.5707963268e+00 4.8557396913e-01
5.5072518463e-05 9.5364561993e+03 1.5707963268e+00 4.9041020885e-01
5.5763241310e-05 9.5286001994e+03 1.5707963268e+00 4.9525432192e-01
5.6461534826e-05 9.5206567216e+03 1.5707963268e+00 5.0010641601e-01
5.7167665955e-05 9.5126253315e+03 1.5707963268e+00 5.0496659996e-01
5.7881914947e-05 9.5045055893e+03 1.5707963268e+00 5.0983498377e-01
5.8604576275e-05 9.4962970501e+03 1.5707963268e+00 5.1471167865e-01
5.9335959620e-05 9.4879992636e+03 1.5707963268e+00 5.1959679701e-01
6.0076390956e-05 9.4796117746e+03 1.5707963268e+00 5.2449045253e-01
6.0826213724e-05 9.4711341228e+03 1.5707963268e+00 5.2939276013e-01
6.1585790118e-05 9.4625658429e+03 1.5707963268e+00 5.3430383603e-01
6.2355502489e-05 9.4539064649e+03 1.5707963268e+00 5.3922379777e-01
6.3135754880e-05 9.4451555143e+03 1.5707963268e+00 5.4415276422e-01
6.3926974716e-05 9.4363125122e+03 1.5707963268e+00 5.4909085560e-01
6.4729614655e-05 9.4273769756e+03 1.5707963268e+00 5.5403819353e-01
6.5544154627e-05 9.4183484173e+03 1.5707963268e+00 5.5899490103e-01
6.6371104083e-05 9.4092263469e+03 1.5707963268e+00 5.6396110257e-01
6.7211004483e-05 9.4000102705e+03 1.5707963268e+00 5.6893692406e-01
6.8064432041e-05 9.3906996916e+03 1.5707963268e+00 5.7392249292e-01
6.8932000784e-05 9.3812941111e+03 1.5707963268e+00 5.7891793804e-01
6.9814365938e-05 9.3717930281e+03 1.5707963268e+00 5.8392338989e-01
7.0712227718e-05 9.3621959406e+03 1.5707963268e+00 5.8893898047e-01
7.1626335545e-05 9.3525023461e+03 1.5707963268e+00 5.9396484338e-01
7.2557492781e-05 9.3427117421e+03 1.5707963268e+00 5.9900111381e-01
7.3506562040e-05 9.3328236276e+03 1.5707963268e+00 6.0404792863e-01
7.4474471164e-05 9.3228375038e+03 1.5707963268e+00 6.0910542630e-01
7.5462219980e-05 9.3127528753e+03 1.5707963268e+00 6.1417374703e-01
7.6470887936e-05 9.3025692518e+03 1.5707963268e+00 6.1925303269e-01
7.7501642793e-05 9.2922861494e+03 1.5707963268e+00 6.2434342688e-01
7.8555750517e-05 9.2819030927e+03 1.5707963268e+00 6.2944507497e-01
7.9634586598e-05 9.2714196171e+03 1.5707963268e+00 6.3455812406e-01
8.0739649045e-05 9.2608352709e+03 1.5707963268e+00 6.3968272305e-01
8.1872573351e-05 9.2501496191e+03 1.5707963268e+00 6.4481902262e-01
8.3035149823e-05 9.2393622459e+03 1.5707963268e+00 6.4996717528e-01
8.4229343702e-05 9.2284727596e+03 1.5707963268e+00 6.5512733532e-01
8.5457318666e-05 9.2174807973e+03 1.5707963268e+00 6.6029965886e-01
8.6721464394e-05 9.2063860301e+03 1.5707963268e+00 6.6548430383e-01
8.8024429072e-05 9.1951881707e+03 1.5707963268e+00 6.7068142996e-01
8.9369157935e-05 9.1838869809e+03 1.5707963268e+00 6.7589119877e-01
9.0758939246e-05 9.1724822817e+03 1.5707963268e+00 6.8111377353e-01
9.2197459489e-05 9.1609739653e+03 1.5707963268e+00 6.8634931925e-01
9.3688870073e-05 9.1493620088e+03 1.5707963268e+00 6.9159800259e-01
9.5237868555e-05 9.1376464924e+03 1.5707963268e+00 6.9685999183e-01
9.6849798327e-05 9.1258276208e+03 1.5707963268e+00 7.0213545675e-01
9.8530772007e-05 9.1139057500e+03 1.5707963268e+00 7.0742456851e-01
1.0028782564e-04 9.1018814211e+03 1.5707963268e+00 7.1272749954e-01
1.0212911335e-04 9.0897554030e+03 1.5707963268e+00 7.1804442330e-01
1.0406415581e-04 9.0775287470e+03 1.5707963268e+00 7.2337551403e-01
1.0610416146e-04 9.0652028572e+03 1.5707963268e+00 7.2872094650e-01
1.0826244722e-04 9.0527795835e+03 1.5707963268e+00 7.3408089553e-01
1.1055499822e-04 9.0402613446e+03 1.5707963268e+00 7.3945553548e-01
1.1300122506e-04 9.0276512948e+03 1.5707963268e+00 7.4484503960e-01
1.1562500800e-04 9.0149535536e+03 1.5707963268e+00 7.5024957910e-01
1.1845616842e-04 9.0021735291e+03 1.5707963268e+00 7.5566932200e-01
1.2153259438e-04 8.9893183826e+03 1.5707963268e+00 7.6110443146e-01
1.2490340028e-04 8.9763977177e+03 1.5707963268e+00 7.6655506364e-01
1.2863378360e-04 8.9634246330e+03 1.5707963268e+00 7.7202136460e-01
1.3281279304e-04 8.9504173932e+03 1.5707963268e+00 7.7750346584e-01
1.3756636269e-04 8.9374022045e+03 1.5707963268e+00 7.8300147774e-01
1.4308051039e-04 8.9244180891e+03 1.5707963268e+00 7.8851547943e-01
1.4964582126e-04 8.9115260608e+03 1.5707963268e+00 7.9404550242e-01
1.5775148624e-04 8.8988280288e+03 1.5707963268e+00 7.9959150253e-01
1.6831265353e-04 8.8865108211e+03 1.5707963268e+00 8.0515330763e-01
1.8334142929e-04 8.8749687671e+03 1.5707963268e+00 8.1073050935e-01
