0.0000000000e+00 1.2151633981e+04 1.5707963268e+00 0.0000000000e+00
2.8465763412e-07 1.2151633981e+04 1.5707963268e+00 -3.6496350365e-03
5.6931526824e-07 1.2151618622e+04 1.5707963268e+00 -7.2992700730e-03
8.5397387475e-07 1.2151587905e+04 1.5707963268e+00 -1.0948914335e-02
1.1386344261e-06 1.2151541828e+04 1.5707963268e+00 -1.4598577049e-02
1.4232978947e-06 1.2151480392e+04 1.5707963268e+00 -1.8248267440e-02
1.7079652531e-06 1.2151403596e+04 1.5707963268e+00 -2.1897994736e-02
1.9926374742e-06 1.2151311438e+04 1.5707963268e+00 -2.5547768164e-02
2.2773155308e-06 1.2151203917e+04 1.5707963268e+00 -2.9197596952e-02
2.5620003960e-06 1.2151081032e+04 1.5707963268e+00 -3.2847490332e-02
2.8466930435e-06 1.2150942780e+04 1.5707963268e+00 -3.6497457534e-02
3.1313944468e-06 1.2150789160e+04 1.5707963268e+00 -4.0147507793e-02
3.4161055803e-06 1.2150620168e+04 1.5707963268e+00 -4.3797650344e-02
3.7008274185e-06 1.2150435803e+04 1.5707963268e+00 -4.7447894427e-02
3.9855609365e-06 1.2150236060e+04 1.5707963268e+00 -5.1098249283e-02
4.2703071098e-06 1.2150020937e+04 1.5707963268e+00 -5.4748724156e-02
4.5550669147e-06 1.2149790430e+04 1.5707963268e+00 -5.8399328295e-02
4.8398413278e-06 1.2149544535e+04 1.5707963268e+00 -6.2050070950e-02
5.1246313265e-06 1.2149283247e+04 1.5707963268e+00 -6.5700961377e-02
5.4094378889e-06 1.2149006563e+04 1.5707963268e+00 -6.9352008836e-02
5.6942619940e-06 1.2148714477e+04 1.5707963268e+00 -7.3003222591e-02
5.9791046212e-06 1.2148406985e+04 1.5707963268e+00 -7.6654611910e-02
6.2639667510e-06 1.2148084081e+04 1.5707963268e+00 -8.0306186068e-02
6.5488493649e-06 1.2147745759e+04 1.5707963268e+00 -8.3957954343e-02
6.8337534450e-06 1.2147392014e+04 1.5707963268e+00 -8.7609926020e-02
7.1186799746e-06 1.2147022839e+04 1.5707963268e+00 -9.1262110390e-02
7.4036299380e-06 1.2146638227e+04 1.5707963268e+00 -9.4914516749e-02
7.6886043205e-06 1.2146238173e+04 1.5707963268e+00 -9.8567154400e-02
7.9736041085e-06 1.2145822669e+04 1.5707963268e+00 -1.0222003265e-01
8.2586302897e-06 1.2145391708e+04 1.5707963268e+00 -1.0587316082e-01
8.5436838528e-06 1.2144945281e+04 1.5707963268e+00 -1.0952654824e-01
8.8287657879e-06 1.2144483382e+04 1.5707963268e+00 -1.1318020423e-01
9.1138770863e-06 1.2144006001e+04 1.5707963268e+00 -1.1683413813e-01
9.3990187409e-06 1.2143513131e+04 1.5707963268e+00 -1.2048835929e-01
9.6841917456e-06 1.2143004763e+04 1.5707963268e+00 -1.2414287707e-01
9.9693970960e-06 1.2142480887e+04 1.5707963268e+00 -1.2779770083e-01
1.0254635789e-05 1.2141941494e+04 1.5707963268e+00 -1.3145283995e-01
1.0539908824e-05 1.2141386575e+04 1.5707963268e+00 -1.3510830380e-01
1.0825217200e-05 1.2140816119e+04 1.5707963268e+00 -1.3876410178e-01
1.1110561919e-05 1.2140230117e+04 1.5707963268e+00 -1.4242024329e-01
1.1395943986e-05 1.2139628557e+04 1.5707963268e+00 -1.4607673774e-01
1.1681364404e-05 1.2139011430e+04 1.5707963268e+00 -1.4973359456e-01
1.1966824181e-05 1.2138378723e+04 1.5707963268e+00 -1.5339082318e-01
1.2252324326e-05 1.2137730426e+04 1.5707963268e+00 -1.5704843304e-01
1.2537865850e-05 1.2137066527e+04 1.5707963268e+00 -1.6070643360e-01
1.2823449765e-05 1.2136387014e+04 1.5707963268e+00 -1.6436483432e-01
1.3109077086e-05 1.2135691874e+04 1.5707963268e+00 -1.6802364468e-01
1.3394748829e-05 1.2134981096e+04 1.5707963268e+00 -1.7168287418e-01
1.3680466014e-05 1.2134254665e+04 1.5707963268e+00 -1.7534253232e-01
1.3966229660e-05 1.2133512570e+04 1.5707963268e+00 -1.7900262861e-01
1.4252040792e-05 1.2132754796e+04 1.5707963268e+00 -1.8266317258e-01
1.4537900434e-05 1.2131981330e+04 1.5707963268e+00 -1.8632417377e-01
1.4823809615e-05 1.2131192157e+04 1.5707963268e+00 -1.8998564174e-01
1.5109769363e-05 1.2130387264e+04 1.5707963268e+00 -1.9364758606e-01
1.5395780711e-05 1.2129566636e+04 1.5707963268e+00 -1.9731001632e-01
1.5681844694e-05 1.2128730258e+04 1.5707963268e+00 -2.0097294211e-01
1.5967962350e-05 1.2127878114e+04 1.5707963268e+00 -2.0463637304e-01
1.6254134717e-05 1.2127010189e+04 1.5707963268e+00 -2.0830031874e-01
1.6540362839e-05 1.2126126468e+04 1.5707963268e+00 -2.1196478886e-01
1.6826647760e-05 1.2125226933e+04 1.5707963268e+00 -2.1562979306e-01
1.7112990528e-05 1.2124311569e+04 1.5707963268e+00 -2.1929534100e-01
1.7399392194e-05 1.2123380359e+04 1.5707963268e+00 -2.2296144239e-01
1.7685853810e-05 1.2122433286e+04 1.5707963268e+00 -2.2662810693e-01
1.7972376434e-05 1.2121470332e+04 1.5707963268e+00 -2.3029534435e-01
1.8258961123e-05 1.2120491480e+04 1.5707963268e+00 -2.3396316439e-01
1.8545608941e-05 1.2119496712e+04 1.5707963268e+00 -2.3763157680e-01
1.8832320952e-05 1.2118486009e+04 1.5707963268e+00 -2.4130059138e-01
1.9119098224e-05 1.2117459353e+04 1.5707963268e+00 -2.4497021790e-01
1.9405941829e-05 1.2116416725e+04 1.5707963268e+00 -2.4864046620e-01
1.9692852842e-05 1.2115358106e+04 1.5707963268e+00 -2.5231134609e-01
1.9979832340e-05 1.2114283476e+04 1.5707963268e+00 -2.5598286744e-01
2.0266881404e-05 1.2113192816e+04 1.5707963268e+00 -2.5965504012e-01
2.0554001119e-05 1.2112086105e+04 1.5707963268e+00 -2.6332787401e-01
2.0841192573e-05 1.2110963322e+04 1.5707963268e+00 -2.6700137904e-01
2.1128456856e-05 1.2109824448e+04 1.5707963268e+00 -2.7067556513e-01
2.1415795066e-05 1.2108669461e+04 1.5707963268e+00 -2.7435044223e-01
2.1703208299e-05 1.2107498339e+04 1.5707963268e+00 -2.7802602033e-01
2.1990697658e-05 1.2106311061e+04 1.5707963268e+00 -2.8170230941e-01
2.2278264249e-05 1.2105107605e+04 1.5707963268e+00 -2.8537931949e-01
2.2565909182e-05 1.2103887949e+04 1.5707963268e+00 -2.8905706062e-01
2.2853633571e-05 1.2102652069e+04 1.5707963268e+00 -2.9273554286e-01
2.3141438534e-05 1.2101399943e+04 1.5707963268e+00 -2.9641477628e-01
2.3429325191e-05 1.2100131547e+04 1.5707963268e+00 -3.0009477100e-01
2.3717294668e-05 1.2098846858e+04 1.5707963268e+00 -3.0377553716e-01
2.4005348096e-05 1.2097545852e+04 1.5707963268e+00 -3.0745708489e-01
2.4293486609e-05 1.2096228504e+04 1.5707963268e+00 -3.1113942439e-01
2.4581711343e-05 1.2094894790e+04 1.5707963268e+00 -3.1482256586e-01
2.4870023443e-05 1.2093544685e+04 1.5707963268e+00 -3.1850651953e-01
2.5158424054e-05 1.2092178164e+04 1.5707963268e+00 -3.2219129565e-01
2.5446914328e-05 1.2090795201e+04 1.5707963268e+00 -3.2587690449e-01
2.5735495421e-05 1.2089395769e+04 1.5707963268e+00 -3.2956335637e-01
2.6024168493e-05 1.2087979843e+04 1.5707963268e+00 -3.3325066162e-01
2.6312934709e-05 1.2086547396e+04 1.5707963268e+00 -3.3693883059e-01
2.6601795239e-05 1.2085098402e+04 1.5707963268e+00 -3.4062787367e-01
2.6890751258e-05 1.2083632832e+04 1.5707963268e+00 -3.4431780127e-01
2.7179803944e-05 1.2082150659e+04 1.5707963268e+00 -3.4800862383e-01
2.7468954483e-05 1.2080651856e+04 1.5707963268e+00 -3.5170035182e-01
2.7758204062e-05 1.2079136393e+04 1.5707963268e+00 -3.5539299573e-01
2.8047553878e-05 1.2077604243e+04 1.5707963268e+00 -3.5908656610e-01
2.8337005128e-05 1.2076055376e+04 1.5707963268e+00 -3.6278107347e-01
2.8626559019e-05 1.2074489763e+04 1.5707963268e+00 -3.6647652843e-01
2.8916216759e-05 1.2072907373e+04 1.5707963268e+00 -3.7017294159e-01
2.9205979564e-05 1.2071308178e+04 1.5707963268e+00 -3.7387032360e-01
2.9495848655e-05 1.2069692147e+04 1.5707963268e+00 -3.7756868513e-01
2.9785825258e-05 1.2068059248e+04 1.5707963268e+00 -3.8126803689e-01
3.0075910606e-05 1.2066409452e+04 1.5707963268e+00 -3.8496838961e-01
3.0366105934e-05 1.2064742725e+04 1.5707963268e+00 -3.8866975407e-01
3.0656412488e-05 1.2063059038e+04 1.5707963268e+00 -3.9237214106e-01
3.0946831516e-05 1.2061358356e+04 1.5707963268e+00 -3.9607556142e-01
3.1237364273e-05 1.2059640649e+04 1.5707963268e+00 -3.9978002601e-01
3.1528012020e-05 1.2057905882e+04 1.5707963268e+00 -4.0348554574e-01
3.1818776024e-05 1.2056154023e+04 1.5707963268e+00 -4.0719213154e-01
3.2109657558e-05 1.2054385038e+04 1.5707963268e+00 -4.1089979438e-01
3.2400657902e-05 1.2052598893e+04 1.5707963268e+00 -4.1460854526e-01
3.2691778342e-05 1.2050795554e+04 1.5707963268e+00 -4.1831839523e-01
3.2983020170e-05 1.2048974986e+04 1.5707963268e+00 -4.2202935534e-01
3.3274384684e-05 1.2047137154e+04 1.5707963268e+00 -4.2574143672e-01
3.3565873190e-05 1.2045282022e+04 1.5707963268e+00 -4.2945465051e-01
3.3857487000e-05 1.2043409555e+04 1.5707963268e+00 -4.3316900788e-01
3.4149227432e-05 1.2041519716e+04 1.5707963268e+00 -4.3688452007e-01
3.4441095812e-05 1.2039612468e+04 1.5707963268e+00 -4.4060119833e-01
3.4733093472e-05 1.2037687776e+04 1.5707963268e+00 -4.4431905395e-01
3.5025221753e-05 1.2035745601e+04 1.5707963268e+00 -4.4803809827e-01
3.5317482000e-05 1.2033785905e+04 1.5707963268e+00 -4.5175834266e-01
3.5609875567e-05 1.2031808651e+04 1.5707963268e+00 -4.5547979853e-01
3.5902403816e-05 1.2029813800e+04 1.5707963268e+00 -4.5920247734e-01
3.6195068116e-05 1.2027801313e+04 1.5707963268e+00 -4.6292639057e-01
3.6487869841e-05 1.2025771150e+04 1.5707963268e+00 -4.6665154976e-01
3.6780810377e-05 1.2023723273e+04 1.5707963268e+00 -4.7037796648e-01
3.7073891114e-05 1.2021657640e+04 1.5707963268e+00 -4.7410565235e-01
3.7367113452e-05 1.2019574212e+04 1.5707963268e+00 -4.7783461903e-01
3.7660478797e-05 1.2017472948e+04 1.5707963268e+00 -4.8156487822e-01
3.7953988566e-05 1.2015353806e+04 1.5707963268e+00 -4.8529644165e-01
3.8247644180e-05 1.2013216744e+04 1.5707963268e+00 -4.8902932112e-01
3.8541447072e-05 1.2011061720e+04 1.5707963268e+00 -4.9276352846e-01
3.8835398682e-05 1.2008888693e+04 1.5707963268e+00 -4.9649907554e-01
3.9129500457e-05 1.2006697618e+04 1.5707963268e+00 -5.0023597428e-01
3.9423753854e-05 1.2004488453e+04 1.5707963268e+00 -5.0397423664e-01
3.9718160339e-05 1.2002261154e+04 1.5707963268e+00 -5.0771387465e-01
4.0012721386e-05 1.2000015676e+04 1.5707963268e+00 -5.1145490035e-01
4.0307438479e-05 1.1997751976e+04 1.5707963268e+00 -5.1519732586e-01
4.0602313108e-05 1.1995470007e+04 1.5707963268e+00 -5.1894116331e-01
4.0897346776e-05 1.1993169725e+04 1.5707963268e+00 -5.2268642493e-01
4.1192540993e-05 1.1990851084e+04 1.5707963268e+00 -5.2643312294e-01
4.1487897278e-05 1.1988514037e+04 1.5707963268e+00 -5.3018126965e-01
4.1783417162e-05 1.1986158537e+04 1.5707963268e+00 -5.3393087741e-01
4.2079102182e-05 1.1983784538e+04 1.5707963268e+00 -5.3768195861e-01
4.2374953887e-05 1.1981391992e+04 1.5707963268e+00 -5.4143452570e-01
4.2670973836e-05 1.1978980851e+04 1.5707963268e+00 -5.4518859118e-01
4.2967163598e-05 1.1976551065e+04 1.5707963268e+00 -5.4894416761e-01
4.3263524750e-05 1.1974102587e+04 1.5707963268e+00 -5.5270126757e-01
4.3560058881e-05 1.1971635367e+04 1.5707963268e+00 -5.5645990374e-01
4.3856767590e-05 1.1969149355e+04 1.5707963268e+00 -5.6022008881e-01
4.4153652488e-05 1.1966644501e+04 1.5707963268e+00 -5.6398183554e-01
4.4450715194e-05 1.1964120753e+04 1.5707963268e+00 -5.6774515677e-01
4.4747957338e-05 1.1961578061e+04 1.5707963268e+00 -5.7151006535e-01
4.5045380564e-05 1.1959016374e+04 1.5707963268e+00 -5.7527657422e-01
4.5342986524e-05 1.1956435638e+04 1.5707963268e+00 -5.7904469636e-01
4.5640776882e-05 1.1953835801e+04 1.5707963268e+00 -5.8281444480e-01
4.5938753313e-05 1.1951216811e+04 1.5707963268e+00 -5.8658583265e-01
4.6236917505e-05 1.1948578613e+04 1.5707963268e+00 -5.9035887307e-01
4.6535271156e-05 1.1945921154e+04 1.5707963268e+00 -5.9413357926e-01
4.6833815976e-05 1.1943244378e+04 1.5707963268e+00 -5.9790996450e-01
4.7132553688e-05 1.1940548232e+04 1.5707963268e+00 -6.0168804212e-01
4.7431486025e-05 1.1937832659e+04 1.5707963268e+00 -6.0546782552e-01
4.7730614735e-05 1.1935097604e+04 1.5707963268e+00 -6.0924932815e-01
4.8029941577e-05 1.1932343010e+04 1.5707963268e+00 -6.1303256352e-01
4.8329468322e-05 1.1929568820e+04 1.5707963268e+00 -6.1681754522e-01
4.8629196754e-05 1.1926774977e+04 1.5707963268e+00 -6.2060428689e-01
4.8929128671e-05 1.1923961422e+04 1.5707963268e+00 -6.2439280222e-01
4.9229265883e-05 1.1921128097e+04 1.5707963268e+00 -6.2818310500e-01
4.9529610213e-05 1.1918274944e+04 1.5707963268e+00 -6.3197520905e-01
4.9830163498e-05 1.1915401902e+04 1.5707963268e+00 -6.3576912827e-01
5.0130927589e-05 1.1912508912e+04 1.5707963268e+00 -6.3956487663e-01
5.0431904350e-05 1.1909595912e+04 1.5707963268e+00 -6.4336246817e-01
5.0733095660e-05 1.1906662843e+04 1.5707963268e+00 -6.4716191697e-01
5.1034503409e-05 1.1903709642e+04 1.5707963268e+00 -6.5096323721e-01
5.1336129505e-05 1.1900736248e+04 1.5707963268e+00 -6.5476644314e-01
5.1637975870e-05 1.1897742597e+04 1.5707963268e+00 -6.5857154904e-01
5.1940044438e-05 1.1894728626e+04 1.5707963268e+00 -6.6237856931e-01
5.2242337161e-05 1.1891694272e+04 1.5707963268e+00 -6.6618751839e-01
5.2544856003e-05 1.1888639470e+04 1.5707963268e+00 -6.6999841080e-01
5.2847602947e-05 1.1885564156e+04 1.5707963268e+00 -6.7381126113e-01
5.3150579988e-05 1.1882468264e+04 1.5707963268e+00 -6.7762608406e-01
5.3453789139e-05 1.1879351729e+04 1.5707963268e+00 -6.8144289432e-01
5.3757232428e-05 1.1876214482e+04 1.5707963268e+00 -6.8526170672e-01
5.4060911899e-05 1.1873056459e+04 1.5707963268e+00 -6.8908253617e-01
5.4364829612e-05 1.1869877590e+04 1.5707963268e+00 -6.9290539762e-01
5.4668987644e-05 1.1866677808e+04 1.5707963268e+00 -6.9673030612e-01
5.4973388089e-05 1.1863457044e+04 1.5707963268e+00 -7.0055727679e-01
5.5278033058e-05 1.1860215228e+04 1.5707963268e+00 -7.0438632484e-01
5.5582924679e-05 1.1856952291e+04 1.5707963268e+00 -7.0821746554e-01
5.5888065096e-05 1.1853668162e+04 1.5707963268e+00 -7.1205071427e-01
5.6193456474e-05 1.1850362770e+04 1.5707963268e+00 -7.1588608645e-01
5.6499100992e-05 1.1847036043e+04 1.5707963268e+00 -7.1972359762e-01
5.6805000851e-05 1.1843687908e+04 1.5707963268e+00 -7.2356326338e-01
5.7111158267e-05 1.1840318293e+04 1.5707963268e+00 -7.2740509942e-01
5.7417575476e-05 1.1836927124e+04 1.5707963268e+00 -7.3124912153e-01
5.7724254734e-05 1.1833514327e+04 1.5707963268e+00 -7.3509534555e-01
5.8031198315e-05 1.1830079828e+04 1.5707963268e+00 -7.3894378745e-01
5.8338408513e-05 1.1826623549e+04 1.5707963268e+00 -7.4279446325e-01
5.8645887640e-05 1.1823145417e+04 1.5707963268e+00 -7.4664738908e-01
5.8953638030e-05 1.1819645353e+04 1.5707963268e+00 -7.5050258115e-01
5.9261662037e-05 1.1816123280e+04 1.5707963268e+00 -7.5436005576e-01
5.9569962034e-05 1.1812579121e+04 1.5707963268e+00 -7.5821982931e-01
5.9878540417e-05 1.1809012796e+04 1.5707963268e+00 -7.6208191829e-01
6.0187399600e-05 1.1805424227e+04 1.5707963268e+00 -7.6594633926e-01
6.0496542022e-05 1.1801813333e+04 1.5707963268e+00 -7.6981310890e-01
6.0805970142e-05 1.1798180034e+04 1.5707963268e+00 -7.7368224398e-01
6.1115686440e-05 1.1794524249e+04 1.5707963268e+00 -7.7755376135e-01
6.1425693419e-05 1.1790845894e+04 1.5707963268e+00 -7.8142767799e-01
6.1735993605e-05 1.1787144889e+04 1.5707963268e+00 -7.8530401094e-01
6.2046589548e-05 1.1783421148e+04 1.5707963268e+00 -7.8918277736e-01
6.2357483818e-05 1.1779674589e+04 1.5707963268e+00 -7.9306399450e-01
6.2668679011e-05 1.1775905126e+04 1.5707963268e+00 -7.9694767972e-01
6.2980177748e-05 1.1772112674e+04 1.5707963268e+00 -8.0083385048e-01
6.3291982670e-05 1.1768297146e+04 1.5707963268e+00 -8.0472252434e-01
6.3604096447e-05 1.1764458457e+04 1.5707963268e+00 -8.0861371895e-01
6.3916521771e-05 1.1760596517e+04 1.5707963268e+00 -8.1250745210e-01
6.4229261362e-05 1.1756711239e+04 1.5707963268e+00 -8.1640374165e-01
6.4542317963e-05 1.1752802534e+04 1.5707963268e+00 -8.2030260559e-01
6.4855694344e-05 1.1748870311e+04 1.5707963268e+00 -8.2420406201e-01
6.5169393301e-05 1.1744914481e+04 1.5707963268e+00 -8.2810812911e-01
6.5483417658e-05 1.1740934951e+04 1.5707963268e+00 -8.3201482520e-01
6.5797770266e-05 1.1736931629e+04 1.5707963268e+00 -8.3592416869e-01
6.6112454002e-05 1.1732904424e+04 1.5707963268e+00 -8.3983617814e-01
6.6427471772e-05 1.1728853240e+04 1.5707963268e+00 -8.4375087218e-01
6.6742826510e-05 1.1724777984e+04 1.5707963268e+00 -8.4766826959e-01
6.7058521180e-05 1.1720678560e+04 1.5707963268e+00 -8.5158838924e-01
6.7374558774e-05 1.1716554872e+04 1.5707963268e+00 -8.5551125013e-01
6.7690942314e-05 1.1712406824e+04 1.5707963268e+00 -8.5943687138e-01
6.8007674851e-05 1.1708234318e+04 1.5707963268e+00 -8.6336527224e-01
6.8324759469e-05 1.1704037254e+04 1.5707963268e+00 -8.6729647205e-01
6.8642199280e-05 1.1699815535e+04 1.5707963268e+00 -8.7123049031e-01
6.8959997431e-05 1.1695569059e+04 1.5707963268e+00 -8.7516734661e-01
6.9278157097e-05 1.1691297727e+04 1.5707963268e+00 -8.7910706070e-01
6.9596681488e-05 1.1687001435e+04 1.5707963268e+00 -8.8304965243e-01
6.9915573846e-05 1.1682680082e+04 1.5707963268e+00 -8.8699514179e-01
7.0234837447e-05 1.1678333564e+04 1.5707963268e+00 -8.9094354889e-01
7.0554475600e-05 1.1673961776e+04 1.5707963268e+00 -8.9489489399e-01
7.0874491649e-05 1.1669564613e+04 1.5707963268e+00 -8.9884919747e-01
7.1194888973e-05 1.1665141970e+04 1.5707963268e+00 -9.0280647983e-01
7.1515670985e-05 1.1660693738e+04 1.5707963268e+00 -9.0676676173e-01
7.1836841137e-05 1.1656219811e+04 1.5707963268e+00 -9.1073006396e-01
7.2158402914e-05 1.1651720079e+04 1.5707963268e+00 -9.1469640743e-01
7.2480359842e-05 1.1647194432e+04 1.5707963268e+00 -9.1866581321e-01
7.2802715481e-05 1.1642642760e+04 1.5707963268e+00 -9.2263830251e-01
7.3125473431e-05 1.1638064951e+04 1.5707963268e+00 -9.2661389667e-01
7.3448637332e-05 1.1633460892e+04 1.5707963268e+00 -9.3059261718e-01
7.3772210861e-05 1.1628830471e+04 1.5707963268e+00 -9.3457448568e-01
7.4096197737e-05 1.1624173572e+04 1.5707963268e+00 -9.3855952396e-01
7.4420601720e-05 1.1619490080e+04 1.5707963268e+00 -9.4254775395e-01
7.4745426609e-05 1.1614779879e+04 1.5707963268e+00 -9.4653919774e-01
7.5070676248e-05 1.1610042851e+04 1.5707963268e+00 -9.5053387755e-01
7.5396354522e-05 1.1605278878e+04 1.5707963268e+00 -9.5453181578e-01
7.5722465360e-05 1.1600487841e+04 1.5707963268e+00 -9.5853303497e-01
7.6049012735e-05 1.1595669618e+04 1.5707963268e+00 -9.6253755783e-01
7.6376000664e-05 1.1590824089e+04 1.5707963268e+00 -9.6654540722e-01
7.6703433211e-05 1.1585951131e+04 1.5707963268e+00 -9.7055660617e-01
7.7031314486e-05 1.1581050620e+04 1.5707963268e+00 -9.7457117785e-01
7.7359648646e-05 1.1576122433e+04 1.5707963268e+00 -9.7858914561e-01
7.7688439894e-05 1.1571166442e+04 1.5707963268e+00 -9.8261053299e-01
7.8017692485e-05 1.1566182522e+04 1.5707963268e+00 -9.8663536365e-01
7.8347410720e-05 1.1561170545e+04 1.5707963268e+00 -9.9066366145e-01
7.8677598953e-05 1.1556130381e+04 1.5707963268e+00 -9.9469545041e-01
7.9008261587e-05 1.1551061901e+04 1.5707963268e+00 -9.9873075475e-01
7.9339403079e-05 1.1545964974e+04 1.5707963268e+00 -1.0027695988e+00
7.9671027936e-05 1.1540839467e+04 1.5707963268e+00 -1.0068120072e+00
8.0003140721e-05 1.1535685247e+04 1.5707963268e+00 -1.0108580046e+00
8.0335746052e-05 1.1530502179e+04 1.5707963268e+00 -1.0149076159e+00
8.0668848600e-05 1.1525290127e+04 1.5707963268e+00 -1.0189608663e+00
8.1002453094e-05 1.1520048955e+04 1.5707963268e+00 -1.0230177810e+00
8.1336564320e-05 1.1514778525e+04 1.5707963268e+00 -1.0270783855e+00
8.1671187124e-05 1.1509478697e+04 1.5707963268e+00 -1.0311427055e+00
8.2006326409e-05 1.1504149331e+04 1.5707963268e+00 -1.0352107667e+00
8.2341987141e-05 1.1498790285e+04 1.5707963268e+00 -1.0392825954e+00
8.2678174344e-05 1.1493401415e+04 1.5707963268e+00 -1.0433582176e+00
8.3014893107e-05 1.1487982579e+04 1.5707963268e+00 -1.0474376599e+00
8.3352148584e-05 1.1482533630e+04 1.5707963268e+00 -1.0515209489e+00
8.3689945990e-05 1.1477054421e+04 1.5707963268e+00 -1.0556081115e+00
8.4028290610e-05 1.1471544805e+04 1.5707963268e+00 -1.0596991746e+00
8.4367187792e-05 1.1466004632e+04 1.5707963268e+00 -1.0637941656e+00
8.4706642956e-05 1.1460433751e+04 1.5707963268e+00 -1.0678931120e+00
8.5046661589e-05 1.1454832011e+04 1.5707963268e+00 -1.0719960414e+00
8.5387249251e-05 1.1449199258e+04 1.5707963268e+00 -1.0761029817e+00
8.5728411571e-05 1.1443535338e+04 1.5707963268e+00 -1.0802139611e+00
8.6070154254e-05 1.1437840094e+04 1.5707963268e+00 -1.0843290079e+00
8.6412483079e-05 1.1432113368e+04 1.5707963268e+00 -1.0884481507e+00
8.6755403900e-05 1.1426355003e+04 1.5707963268e+00 -1.0925714182e+00
8.7098922650e-05 1.1420564838e+04 1.5707963268e+00 -1.0966988396e+00
8.7443045339e-05 1.1414742710e+04 1.5707963268e+00 -1.1008304439e+00
8.7787778060e-05 1.1408888458e+04 1.5707963268e+00 -1.1049662608e+00
8.8133126986e-05 1.1403001915e+04 1.5707963268e+00 -1.1091063200e+00
8.8479098372e-05 1.1397082917e+04 1.5707963268e+00 -1.1132506513e+00
8.8825698562e-05 1.1391131296e+04 1.5707963268e+00 -1.1173992851e+00
8.9172933983e-05 1.1385146882e+04 1.5707963268e+00 -1.1215522518e+00
8.9520811150e-05 1.1379129505e+04 1.5707963268e+00 -1.1257095821e+00
8.9869336671e-05 1.1373078992e+04 1.5707963268e+00 -1.1298713069e+00
9.0218517244e-05 1.1366995171e+04 1.5707963268e+00 -1.1340374574e+00
9.0568359658e-05 1.1360877865e+04 1.5707963268e+00 -1.1382080651e+00
9.0918870800e-05 1.1354726897e+04 1.5707963268e+00 -1.1423831618e+00
9.1270057654e-05 1.1348542090e+04 1.5707963268e+00 -1.1465627795e+00
9.1621927301e-05 1.1342323263e+04 1.5707963268e+00 -1.1507469503e+00
9.1974486924e-05 1.1336070234e+04 1.5707963268e+00 -1.1549357068e+00
9.2327743808e-05 1.1329782820e+04 1.5707963268e+00 -1.1591290819e+00
9.2681705345e-05 1.1323460836e+04 1.5707963268e+00 -1.1633271086e+00
9.3036379030e-05 1.1317104094e+04 1.5707963268e+00 -1.1675298202e+00
9.3391772471e-05 1.1310712406e+04 1.5707963268e+00 -1.1717372505e+00
9.3747893385e-05 1.1304285582e+04 1.5707963268e+00 -1.1759494333e+00
9.4104749603e-05 1.1297823429e+04 1.5707963268e+00 -1.1801664029e+00
9.4462349072e-05 1.1291325755e+04 1.5707963268e+00 -1.1843881938e+00
9.4820699856e-05 1.1284792362e+04 1.5707963268e+00 -1.1886148408e+00
9.5179810141e-05 1.1278223053e+04 1.5707963268e+00 -1.1928463791e+00
9.5539688235e-05 1.1271617630e+04 1.5707963268e+00 -1.1970828441e+00
9.5900342573e-05 1.1264975890e+04 1.5707963268e+00 -1.2013242715e+00
9.6261781716e-05 1.1258297631e+04 1.5707963268e+00 -1.2055706973e+00
9.6624014356e-05 1.1251582647e+04 1.5707963268e+00 -1.2098221581e+00
9.6987049322e-05 1.1244830732e+04 1.5707963268e+00 -1.2140786903e+00
9.7350895575e-05 1.1238041677e+04 1.5707963268e+00 -1.2183403311e+00
9.7715562218e-05 1.1231215270e+04 1.5707963268e+00 -1.2226071179e+00
9.8081058495e-05 1.1224351298e+04 1.5707963268e+00 -1.2268790883e+00
9.8447393797e-05 1.1217449548e+04 1.5707963268e+00 -1.2311562803e+00
9.8814577661e-05 1.1210509800e+04 1.5707963268e+00 -1.2354387323e+00
9.9182619778e-05 1.1203531837e+04 1.5707963268e+00 -1.2397264830e+00
9.9551529992e-05 1.1196515438e+04 1.5707963268e+00 -1.2440195716e+00
9.9921318306e-05 1.1189460377e+04 1.5707963268e+00 -1.2483180374e+00
1.0029199489e-04 1.1182366432e+04 1.5707963268e+00 -1.2526219202e+00
1.0066357006e-04 1.1175233372e+04 1.5707963268e+00 -1.2569312602e+00
1.0103605434e-04 1.1168060969e+04 1.5707963268e+00 -1.2612460980e+00
1.0140945838e-04 1.1160848991e+04 1.5707963268e+00 -1.2655664743e+00
1.0178379304e-04 1.1153597202e+04 1.5707963268e+00 -1.2698924306e+00
1.0215906935e-04 1.1146305367e+04 1.5707963268e+00 -1.2742240085e+00
1.0253529852e-04 1.1138973245e+04 1.5707963268e+00 -1.2785612501e+00
1.0291249196e-04 1.1131600596e+04 1.5707963268e+00 -1.2829041978e+00
1.0329066126e-04 1.1124187176e+04 1.5707963268e+00 -1.2872528945e+00
1.0366981823e-04 1.1116732739e+04 1.5707963268e+00 -1.2916073835e+00
1.0404997486e-04 1.1109237035e+04 1.5707963268e+00 -1.2959677085e+00
1.0443114335e-04 1.1101699815e+04 1.5707963268e+00 -1.3003339135e+00
1.0481333613e-04 1.1094120824e+04 1.5707963268e+00 -1.3047060432e+00
1.0519656582e-04 1.1086499805e+04 1.5707963268e+00 -1.3090841425e+00
1.0558084530e-04 1.1078836501e+04 1.5707963268e+00 -1.3134682568e+00
1.0596618763e-04 1.1071130650e+04 1.5707963268e+00 -1.3178584320e+00
1.0635260615e-04 1.1063381988e+04 1.5707963268e+00 -1.3222547143e+00
1.0674011441e-04 1.1055590248e+04 1.5707963268e+00 -1.3266571505e+00
1.0712872621e-04 1.1047755160e+04 1.5707963268e+00 -1.3310657878e+00
1.0751845560e-04 1.1039876454e+04 1.5707963268e+00 -1.3354806739e+00
1.0790931690e-04 1.1031953854e+04 1.5707963268e+00 -1.3399018569e+00
1.0830132469e-04 1.1023987082e+04 1.5707963268e+00 -1.3443293856e+00
1.0869449379e-04 1.1015975857e+04 1.5707963268e+00 -1.3487633089e+00
1.0908883934e-04 1.1007919897e+04 1.5707963268e+00 -1.3532036766e+00
1.0948437674e-04 1.0999818914e+04 1.5707963268e+00 -1.3576505388e+00
1.0988112168e-04 1.0991672621e+04 1.5707963268e+00 -1.3621039460e+00
1.1027909016e-04 1.0983480723e+04 1.5707963268e+00 -1.3665639495e+00
1.1067829848e-04 1.0975242927e+04 1.5707963268e+00 -1.3710306010e+00
1.1107876326e-04 1.0966958932e+04 1.5707963268e+00 -1.3755039525e+00
1.1148050143e-04 1.0958628439e+04 1.5707963268e+00 -1.3799840570e+00
1.1188353025e-04 1.0950251142e+04 1.5707963268e+00 -1.3844709676e+00
1.1228786734e-04 1.0941826732e+04 1.5707963268e+00 -1.3889647382e+00
1.1269353066e-04 1.0933354900e+04 1.5707963268e+00 -1.3934654232e+00
1.1310053851e-04 1.0924835330e+04 1.5707963268e+00 -1.3979730777e+00
1.1350890959e-04 1.0916267704e+04 1.5707963268e+00 -1.4024877571e+00
1.1391866295e-04 1.0907651702e+04 1.5707963268e+00 -1.4070095176e+00
1.1432981804e-04 1.0898986998e+04 1.5707963268e+00 -1.4115384161e+00
1.1474239470e-04 1.0890273265e+04 1.5707963268e+00 -1.4160745098e+00
1.1515641321e-04 1.0881510170e+04 1.5707963268e+00 -1.4206178566e+00
1.1557189423e-04 1.0872697378e+04 1.5707963268e+00 -1.4251685153e+00
1.1598885888e-04 1.0863834551e+04 1.5707963268e+00 -1.4297265451e+00
1.1640732872e-04 1.0854921345e+04 1.5707963268e+00 -1.4342920057e+00
1.1682732576e-04 1.0845957414e+04 1.5707963268e+00 -1.4388649578e+00
1.1724887250e-04 1.0836942409e+04 1.5707963268e+00 -1.4434454625e+00
1.1767199191e-04 1.0827875975e+04 1.5707963268e+00 -1.4480335817e+00
1.1809670746e-04 1.0818757754e+04 1.5707963268e+00 -1.4526293780e+00
1.1852304315e-04 1.0809587384e+04 1.5707963268e+00 -1.4572329145e+00
1.1895102350e-04 1.0800364499e+04 1.5707963268e+00 -1.4618442553e+00
1.1938067355e-04 1.0791088730e+04 1.5707963268e+00 -1.4664634651e+00
1.1981201895e-04 1.0781759703e+04 1.5707963268e+00 -1.4710906091e+00
1.2024508590e-04 1.0772377038e+04 1.5707963268e+00 -1.4757257536e+00
1.2067990120e-04 1.0762940354e+04 1.5707963268e+00 -1.4803689654e+00
1.2111649226e-04 1.0753449263e+04 1.5707963268e+00 -1.4850203122e+00
1.2155488715e-04 1.0743903375e+04 1.5707963268e+00 -1.4896798623e+00
1.2199511455e-04 1.0734302294e+04 1.5707963268e+00 -1.4943476851e+00
1.2243720386e-04 1.0724645619e+04 1.5707963268e+00 -1.4990238506e+00
1.2288118515e-04 1.0714932946e+04 1.5707963268e+00 -1.5037084294e+00
1.2332708921e-04 1.0705163865e+04 1.5707963268e+00 -1.5084014934e+00
1.2377494758e-04 1.0695337962e+04 1.5707963268e+00 -1.5131031149e+00
1.2422479257e-04 1.0685454819e+04 1.5707963268e+00 -1.5178133673e+00
1.2467665725e-04 1.0675514012e+04 1.5707963268e+00 -1.5225323249e+00
1.2513057556e-04 1.0665515111e+04 1.5707963268e+00 -1.5272600626e+00
1.2558658224e-04 1.0655457684e+04 1.5707963268e+00 -1.5319966566e+00
1.2604471291e-04 1.0645341291e+04 1.5707963268e+00 -1.5367421836e+00
1.2650500412e-04 1.0635165489e+04 1.5707963268e+00 -1.5414967215e+00
1.2696749332e-04 1.0624929828e+04 1.5707963268e+00 -1.5462603491e+00
1.2743221894e-04 1.0614633854e+04 1.5707963268e+00 -1.5510331461e+00
1.2789922042e-04 1.0604277108e+04 1.5707963268e+00 -1.5558151931e+00
1.2836853822e-04 1.0593859123e+04 1.5707963268e+00 -1.5606065718e+00
1.2884021386e-04 1.0583379429e+04 1.5707963268e+00 -1.5654073649e+00
1.2931429001e-04 1.0572837550e+04 1.5707963268e+00 -1.5702176562e+00
1.2979081045e-04 1.0562233003e+04 1.5707963268e+00 -1.5750375303e+00
1.3026982016e-04 1.0551565300e+04 1.5707963268e+00 -1.5798670731e+00
1.3075136538e-04 1.0540833947e+04 1.5707963268e+00 -1.5847063714e+00
1.3123549360e-04 1.0530038444e+04 1.5707963268e+00 -1.5895555132e+00
1.3172225365e-04 1.0519178285e+04 1.5707963268e+00 -1.5944145876e+00
1.3221169575e-04 1.0508252957e+04 1.5707963268e+00 -1.5992836849e+00
1.3270387154e-04 1.0497261943e+04 1.5707963268e+00 -1.6041628963e+00
1.3319883415e-04 1.0486204717e+04 1.5707963268e+00 -1.6090523145e+00
1.3369663827e-04 1.0475080748e+04 1.5707963268e+00 -1.6139520331e+00
1.3419734016e-04 1.0463889497e+04 1.5707963268e+00 -1.6188621472e+00
1.3470099778e-04 1.0452630419e+04 1.5707963268e+00 -1.6237827529e+00
1.3520767083e-04 1.0441302965e+04 1.5707963268e+00 -1.6287139477e+00
1.3571742079e-04 1.0429906573e+04 1.5707963268e+00 -1.6336558302e+00
1.3623031105e-04 1.0418440681e+04 1.5707963268e+00 -1.6386085007e+00
1.3674640694e-04 1.0406904713e+04 1.5707963268e+00 -1.6435720604e+00
1.3726577583e-04 1.0395298092e+04 1.5707963268e+00 -1.6485466120e+00
1.3778848723e-04 1.0383620229e+04 1.5707963268e+00 -1.6535322596e+00
1.3831461286e-04 1.0371870530e+04 1.5707963268e+00 -1.6585291088e+00
1.3884422675e-04 1.0360048393e+04 1.5707963268e+00 -1.6635372665e+00
1.3937740535e-04 1.0348153207e+04 1.5707963268e+00 -1.6685568411e+00
1.3991422762e-04 1.0336184355e+04 1.5707963268e+00 -1.6735879423e+00
1.4045477515e-04 1.0324141210e+04 1.5707963268e+00 -1.6786306818e+00
1.4099913231e-04 1.0312023140e+04 1.5707963268e+00 -1.6836851722e+00
1.4154738631e-04 1.0299829502e+04 1.5707963268e+00 -1.6887515282e+00
1.4209962739e-04 1.0287559645e+04 1.5707963268e+00 -1.6938298657e+00
1.4265594893e-04 1.0275212911e+04 1.5707963268e+00 -1.6989203026e+00
1.4321644761e-04 1.0262788631e+04 1.5707963268e+00 -1.7040229582e+00
1.4378122356e-04 1.0250286131e+04 1.5707963268e+00 -1.7091379535e+00
1.4435038054e-04 1.0237704724e+04 1.5707963268e+00 -1.7142654114e+00
1.4492402610e-04 1.0225043716e+04 1.5707963268e+00 -1.7194054564e+00
1.4550227178e-04 1.0212302405e+04 1.5707963268e+00 -1.7245582148e+00
1.4608523331e-04 1.0199480077e+04 1.5707963268e+00 -1.7297238148e+00
1.4667303082e-04 1.0186576011e+04 1.5707963268e+00 -1.7349023864e+00
1.4726578905e-04 1.0173589475e+04 1.5707963268e+00 -1.7400940615e+00
1.4786363762e-04 1.0160519728e+04 1.5707963268e+00 -1.7452989741e+00
1.4846671127e-04 1.0147366018e+04 1.5707963268e+00 -1.7505172599e+00
1.4907515014e-04 1.0134127585e+04 1.5707963268e+00 -1.7557490567e+00
1.4968910003e-04 1.0120803657e+04 1.5707963268e+00 -1.7609945046e+00
1.5030871278e-04 1.0107393452e+04 1.5707963268e+00 -1.7662537454e+00
1.5093414653e-04 1.0093896180e+04 1.5707963268e+00 -1.7715269234e+00
1.5156556615e-04 1.0080311036e+04 1.5707963268e+00 -1.7768141848e+00
1.5220314354e-04 1.0066637209e+04 1.5707963268e+00 -1.7821156782e+00
1.5284705812e-04 1.0052873873e+04 1.5707963268e+00 -1.7874315545e+00
1.5349749722e-04 1.0039020195e+04 1.5707963268e+00 -1.7927619667e+00
1.5415465658e-04 1.0025075327e+04 1.5707963268e+00 -1.7981070704e+00
1.5481874084e-04 1.0011038413e+04 1.5707963268e+00 -1.8034670236e+00
1.5548996411e-04 9.9969085844e+03 1.5707963268e+00 -1.8088419865e+00
1.5616855055e-04 9.9826849603e+03 1.5707963268e+00 -1.8142321222e+00
1.5685473501e-04 9.9683666495e+03 1.5707963268e+00 -1.8196375960e+00
1.5754876371e-04 9.9539527486e+03 1.5707963268e+00 -1.8250585762e+00
1.5825089503e-04 9.9394423426e+03 1.5707963268e+00 -1.8304952334e+00
1.5896140026e-04 9.9248345046e+03 1.5707963268e+00 -1.8359477412e+00
1.5968056452e-04 9.9101282960e+03 1.5707963268e+00 -1.8414162760e+00
1.6040868769e-04 9.8953227660e+03 1.5707963268e+00 -1.8469010168e+00
1.6114608547e-04 9.8804169519e+03 1.5707963268e+00 -1.8524021459e+00
1.6189309049e-04 9.8654098793e+03 1.5707963268e+00 -1.8579198482e+00
1.6265005357e-04 9.8503005614e+03 1.5707963268e+00 -1.8634543118e+00
1.6341734501e-04 9.8350879998e+03 1.5707963268e+00 -1.8690057280e+00
1.6419535614e-04 9.8197711841e+03 1.5707963268e+00 -1.8745742911e+00
1.6498450088e-04 9.8043490923e+03 1.5707963268e+00 -1.8801601988e+00
1.6578521753e-04 9.7888206905e+03 1.5707963268e+00 -1.8857636520e+00
1.6659797071e-04 9.7731849337e+03 1.5707963268e+00 -1.8913848551e+00
1.6742325354e-04 9.7574407656e+03 1.5707963268e+00 -1.8970240156e+00
1.6826158997e-04 9.7415871191e+03 1.5707963268e+00 -1.9026813451e+00
1.6911353744e-04 9.7256229164e+03 1.5707963268e+00 -1.9083570583e+00
1.6997968978e-04 9.7095470700e+03 1.5707963268e+00 -1.9140513739e+00
1.7086068040e-04 9.6933584827e+03 1.5707963268e+00 -1.9197645142e+00
1.7175718595e-04 9.6770560485e+03 1.5707963268e+00 -1.9254967054e+00
1.7266993031e-04 9.6606386536e+03 1.5707963268e+00 -1.9312481775e+00
1.7359968904e-04 9.6441051767e+03 1.5707963268e+00 -1.9370191647e+00
1.7454729447e-04 9.6274544910e+03 1.5707963268e+00 -1.9428099052e+00
1.7551364135e-04 9.6106854645e+03 1.5707963268e+00 -1.9486206412e+00
1.7649969319e-04 9.5937969624e+03 1.5707963268e+00 -1.9544516194e+00
1.7750648953e-04 9.5767878483e+03 1.5707963268e+00 -1.9603030908e+00
1.7853515410e-04 9.5596569865e+03 1.5707963268e+00 -1.9661753106e+00
1.7958690415e-04 9.5424032445e+03 1.5707963268e+00 -1.9720685388e+00
1.8066306108e-04 9.5250254958e+03 1.5707963268e+00 -1.9779830397e+00
1.8176506264e-04 9.5075226235e+03 1.5707963268e+00 -1.9839190825e+00
1.8289447694e-04 9.4898935241e+03 1.5707963268e+00 -1.9898769411e+00
1.8405301869e-04 9.4721371124e+03 1.5707963268e+00 -1.9958568942e+00
1.8524256792e-04 9.4542523268e+03 1.5707963268e+00 -2.0018592252e+00
1.8646519192e-04 9.4362381365e+03 1.5707963268e+00 -2.0078842228e+00
1.8772317084e-04 9.4180935490e+03 1.5707963268e+00 -2.0139321806e+00
1.8901902781e-04 9.3998176196e+03 1.5707963268e+00 -2.0200033971e+00
1.9035556461e-04 9.3814094629e+03 1.5707963268e+00 -2.0260981762e+00
1.9173590406e-04 9.3628682666e+03 1.5707963268e+00 -2.0322168267e+00
1.9316354078e-04 9.3441933076e+03 1.5707963268e+00 -2.0383596627e+00
1.9464240235e-04 9.3253839726e+03 1.5707963268e+00 -2.0445270035e+00
1.9617692351e-04 9.3064397825e+03 1.5707963268e+00 -2.0507191732e+00
1.9777213694e-04 9.2873604230e+03 1.5707963268e+00 -2.0569365014e+00
1.9943378518e-04 9.2681457821e+03 1.5707963268e+00 -2.0631793221e+00
2.0116845981e-04 9.2487959979e+03 1.5707963268e+00 -2.0694479744e+00
2.0298377650e-04 9.2293115176e+03 1.5707963268e+00 -2.0757428017e+00
2.0488859712e-04 9.2096931744e+03 1.5707963268e+00 -2.0820641517e+00
2.0689331545e-04 9.1899422854e+03 1.5707963268e+00 -2.0884123757e+00
2.0901022888e-04 9.1700607798e+03 1.5707963268e+00 -2.0947878283e+00
2.1125402974e-04 9.1500513695e+03 1.5707963268e+00 -2.1011908661e+00
2.1364246457e-04 9.1299177765e+03 1.5707963268e+00 -2.1076218473e+00
2.1619723551e-04 9.1096650458e+03 1.5707963268e+00 -2.1140811297e+00
2.1894525778e-04 9.0892999804e+03 1.5707963268e+00 -2.1205690690e+00
2.2192045548e-04 9.0688317622e+03 1.5707963268e+00 -2.1270860166e+00
2.2516639577e-04 9.0482728595e+03 1.5707963268e+00 -2.1336323152e+00
2.2874027541e-04 9.0276403953e+03 1.5707963268e+00 -2.1402082945e+00
2.3271917970e-04 9.0069582817e+03 1.5707963268e+00 -2.1468142638e+00
2.3721035071e-04 8.9862606927e+03 1.5707963268e+00 -2.1534505013e+00
2.4236896093e-04 8.9655980072e+03 1.5707963268e+00 -2.1601172384e+00
2.4843100620e-04 8.9450476371e+03 1.5707963268e+00 -2.1668146340e+00
2.5577965166e-04 8.9247353989e+03 1.5707963268e+00 -2.1735427323e+00
2.6509544624e-04 8.9048824176e+03 1.5707963268e+00 -2.1803013866e+00
2.7775748922e-04 8.8859246396e+03 1.5707963268e+00 -2.1870901101e+00
