0.0000000000e+00 1.0909861165e+04 1.5707963268e+00 0.0000000000e+00
3.4209919453e-07 1.0909861165e+04 1.5707963268e+00 4.0650406504e-03
6.8419838905e-07 1.0909821591e+04 1.5707963268e+00 8.1300813008e-03
1.0263029788e-06 1.0909742444e+04 1.5707963268e+00 1.2195151442e-02
1.3684183595e-06 1.0909623723e+04 1.5707963268e+00 1.6260280564e-02
1.7105499279e-06 1.0909465424e+04 1.5707963268e+00 2.0325498162e-02
2.0527030828e-06 1.0909267546e+04 1.5707963268e+00 2.4390833731e-02
2.3948832258e-06 1.0909030084e+04 1.5707963268e+00 2.8456316777e-02
2.7370957618e-06 1.0908753031e+04 1.5707963268e+00 3.2521976810e-02
3.0793461005e-06 1.0908436380e+04 1.5707963268e+00 3.6587843351e-02
3.4216396564e-06 1.0908080124e+04 1.5707963268e+00 4.0653945933e-02
3.7639818502e-06 1.0907684253e+04 1.5707963268e+00 4.4720314103e-02
4.1063781090e-06 1.0907248756e+04 1.5707963268e+00 4.8786977423e-02
4.4488338680e-06 1.0906773620e+04 1.5707963268e+00 5.2853965472e-02
4.7913545704e-06 1.0906258834e+04 1.5707963268e+00 5.6921307848e-02
5.1339456688e-06 1.0905704382e+04 1.5707963268e+00 6.0989034172e-02
5.4766126255e-06 1.0905110249e+04 1.5707963268e+00 6.5057174085e-02
5.8193609141e-06 1.0904476417e+04 1.5707963268e+00 6.9125757256e-02
6.1621960195e-06 1.0903802870e+04 1.5707963268e+00 7.3194813378e-02
6.5051234391e-06 1.0903089586e+04 1.5707963268e+00 7.7264372176e-02
6.8481486839e-06 1.0902336546e+04 1.5707963268e+00 8.1334463403e-02
7.1912772787e-06 1.0901543727e+04 1.5707963268e+00 8.5405116844e-02
7.5345147635e-06 1.0900711107e+04 1.5707963268e+00 8.9476362323e-02
7.8778666942e-06 1.0899838662e+04 1.5707963268e+00 9.3548229694e-02
8.2213386431e-06 1.0898926364e+04 1.5707963268e+00 9.7620748855e-02
8.5649362005e-06 1.0897974189e+04 1.5707963268e+00 1.0169394974e-01
8.9086649748e-06 1.0896982106e+04 1.5707963268e+00 1.0576786233e-01
9.2525305937e-06 1.0895950088e+04 1.5707963268e+00 1.0984251665e-01
9.5965387053e-06 1.0894878103e+04 1.5707963268e+00 1.1391794276e-01
9.9406949787e-06 1.0893766119e+04 1.5707963268e+00 1.1799417078e-01
1.0285005105e-05 1.0892614104e+04 1.5707963268e+00 1.2207123088e-01
1.0629474797e-05 1.0891422022e+04 1.5707963268e+00 1.2614915328e-01
1.0974109795e-05 1.0890189839e+04 1.5707963268e+00 1.3022796826e-01
1.1318915858e-05 1.0888917516e+04 1.5707963268e+00 1.3430770613e-01
1.1663898777e-05 1.0887605015e+04 1.5707963268e+00 1.3838839729e-01
1.2009064365e-05 1.0886252298e+04 1.5707963268e+00 1.4247007218e-01
1.2354418465e-05 1.0884859323e+04 1.5707963268e+00 1.4655276132e-01
1.2699966948e-05 1.0883426048e+04 1.5707963268e+00 1.5063649528e-01
1.3045715713e-05 1.0881952429e+04 1.5707963268e+00 1.5472130470e-01
1.3391670691e-05 1.0880438421e+04 1.5707963268e+00 1.5880722029e-01
1.3737837845e-05 1.0878883979e+04 1.5707963268e+00 1.6289427283e-01
1.4084223169e-05 1.0877289055e+04 1.5707963268e+00 1.6698249316e-01
1.4430832691e-05 1.0875653601e+04 1.5707963268e+00 1.7107191223e-01
1.4777672475e-05 1.0873977565e+04 1.5707963268e+00 1.7516256102e-01
1.5124748618e-05 1.0872260898e+04 1.5707963268e+00 1.7925447062e-01
1.5472067255e-05 1.0870503545e+04 1.5707963268e+00 1.8334767220e-01
1.5819634559e-05 1.0868705454e+04 1.5707963268e+00 1.8744219699e-01
1.6167456743e-05 1.0866866568e+04 1.5707963268e+00 1.9153807634e-01
1.6515540056e-05 1.0864986831e+04 1.5707963268e+00 1.9563534166e-01
1.6863890792e-05 1.0863066185e+04 1.5707963268e+00 1.9973402446e-01
1.7212515287e-05 1.0861104571e+04 1.5707963268e+00 2.0383415634e-01
1.7561419918e-05 1.0859101926e+04 1.5707963268e+00 2.0793576899e-01
1.7910611107e-05 1.0857058190e+04 1.5707963268e+00 2.1203889422e-01
1.8260095325e-05 1.0854973299e+04 1.5707963268e+00 2.1614356389e-01
1.8609879086e-05 1.0852847187e+04 1.5707963268e+00 2.2024981002e-01
1.8959968955e-05 1.0850679788e+04 1.5707963268e+00 2.2435766468e-01
1.9310371544e-05 1.0848471035e+04 1.5707963268e+00 2.2846716009e-01
1.9661093519e-05 1.0846220858e+04 1.5707963268e+00 2.3257832855e-01
2.0012141595e-05 1.0843929186e+04 1.5707963268e+00 2.3669120247e-01
2.0363522543e-05 1.0841595949e+04 1.5707963268e+00 2.4080581440e-01
2.0715243187e-05 1.0839221071e+04 1.5707963268e+00 2.4492219696e-01
2.1067310407e-05 1.0836804478e+04 1.5707963268e+00 2.4904038294e-01
2.1419731143e-05 1.0834346095e+04 1.5707963268e+00 2.5316040520e-01
2.1772512390e-05 1.0831845842e+04 1.5707963268e+00 2.5728229676e-01
2.2125661208e-05 1.0829303641e+04 1.5707963268e+00 2.6140609075e-01
2.2479184714e-05 1.0826719411e+04 1.5707963268e+00 2.6553182041e-01
2.2833090094e-05 1.0824093070e+04 1.5707963268e+00 2.6965951915e-01
2.3187384593e-05 1.0821424534e+04 1.5707963268e+00 2.7378922049e-01
2.3542075527e-05 1.0818713717e+04 1.5707963268e+00 2.7792095806e-01
2.3897170279e-05 1.0815960534e+04 1.5707963268e+00 2.8205476568e-01
2.4252676300e-05 1.0813164895e+04 1.5707963268e+00 2.8619067726e-01
2.4608601114e-05 1.0810326711e+04 1.5707963268e+00 2.9032872690e-01
2.4964952318e-05 1.0807445891e+04 1.5707963268e+00 2.9446894880e-01
2.5321737584e-05 1.0804522342e+04 1.5707963268e+00 2.9861137734e-01
2.5678964660e-05 1.0801555970e+04 1.5707963268e+00 3.0275604703e-01
2.6036641371e-05 1.0798546677e+04 1.5707963268e+00 3.0690299256e-01
2.6394775626e-05 1.0795494367e+04 1.5707963268e+00 3.1105224875e-01
2.6753375413e-05 1.0792398942e+04 1.5707963268e+00 3.1520385059e-01
2.7112448804e-05 1.0789260298e+04 1.5707963268e+00 3.1935783323e-01
2.7472003959e-05 1.0786078336e+04 1.5707963268e+00 3.2351423200e-01
2.7832049124e-05 1.0782852949e+04 1.5707963268e+00 3.2767308237e-01
2.8192592636e-05 1.0779584034e+04 1.5707963268e+00 3.3183442000e-01
2.8553642924e-05 1.0776271482e+04 1.5707963268e+00 3.3599828072e-01
2.8915208512e-05 1.0772915185e+04 1.5707963268e+00 3.4016470054e-01
2.9277298018e-05 1.0769515031e+04 1.5707963268e+00 3.4433371565e-01
2.9639920162e-05 1.0766070910e+04 1.5707963268e+00 3.4850536240e-01
3.0003083763e-05 1.0762582705e+04 1.5707963268e+00 3.5267967737e-01
3.0366797743e-05 1.0759050303e+04 1.5707963268e+00 3.5685669729e-01
3.0731071130e-05 1.0755473585e+04 1.5707963268e+00 3.6103645911e-01
3.1095913061e-05 1.0751852433e+04 1.5707963268e+00 3.6521899994e-01
3.1461332784e-05 1.0748186724e+04 1.5707963268e+00 3.6940435714e-01
3.1827339658e-05 1.0744476337e+04 1.5707963268e+00 3.7359256822e-01
3.2193943161e-05 1.0740721148e+04 1.5707963268e+00 3.7778367093e-01
3.2561152886e-05 1.0736921029e+04 1.5707963268e+00 3.8197770322e-01
3.2928978551e-05 1.0733075853e+04 1.5707963268e+00 3.8617470324e-01
3.3297429995e-05 1.0729185489e+04 1.5707963268e+00 3.9037470938e-01
3.3666517187e-05 1.0725249807e+04 1.5707963268e+00 3.9457776023e-01
3.4036250224e-05 1.0721268672e+04 1.5707963268e+00 3.9878389461e-01
3.4406639337e-05 1.0717241949e+04 1.5707963268e+00 4.0299315156e-01
3.4777694892e-05 1.0713169500e+04 1.5707963268e+00 4.0720557036e-01
3.5149427397e-05 1.0709051187e+04 1.5707963268e+00 4.1142119051e-01
3.5521847500e-05 1.0704886868e+04 1.5707963268e+00 4.1564005177e-01
3.5894965998e-05 1.0700676400e+04 1.5707963268e+00 4.1986219412e-01
3.6268793835e-05 1.0696419637e+04 1.5707963268e+00 4.2408765779e-01
3.6643342109e-05 1.0692116433e+04 1.5707963268e+00 4.2831648327e-01
3.7018622076e-05 1.0687766639e+04 1.5707963268e+00 4.3254871129e-01
3.7394645151e-05 1.0683370103e+04 1.5707963268e+00 4.3678438284e-01
3.7771422915e-05 1.0678926673e+04 1.5707963268e+00 4.4102353918e-01
3.8148967116e-05 1.0674436193e+04 1.5707963268e+00 4.4526622181e-01
3.8527289675e-05 1.0669898506e+04 1.5707963268e+00 4.4951247254e-01
3.8906402690e-05 1.0665313452e+04 1.5707963268e+00 4.5376233341e-01
3.9286318440e-05 1.0660680871e+04 1.5707963268e+00 4.5801584678e-01
3.9667049388e-05 1.0656000599e+04 1.5707963268e+00 4.6227305525e-01
4.0048608190e-05 1.0651272469e+04 1.5707963268e+00 4.6653400174e-01
4.0431007693e-05 1.0646496315e+04 1.5707963268e+00 4.7079872944e-01
4.0814260946e-05 1.0641671966e+04 1.5707963268e+00 4.7506728185e-01
4.1198381201e-05 1.0636799249e+04 1.5707963268e+00 4.7933970276e-01
4.1583381921e-05 1.0631877991e+04 1.5707963268e+00 4.8361603627e-01
4.1969276781e-05 1.0626908014e+04 1.5707963268e+00 4.8789632678e-01
4.2356079678e-05 1.0621889140e+04 1.5707963268e+00 4.9218061903e-01
4.2743804736e-05 1.0616821187e+04 1.5707963268e+00 4.9646895804e-01
4.3132466307e-05 1.0611703971e+04 1.5707963268e+00 5.0076138919e-01
4.3522078982e-05 1.0606537306e+04 1.5707963268e+00 5.0505795816e-01
4.3912657597e-05 1.0601321005e+04 1.5707963268e+00 5.0935871100e-01
4.4304217233e-05 1.0596054875e+04 1.5707963268e+00 5.1366369406e-01
4.4696773232e-05 1.0590738725e+04 1.5707963268e+00 5.1797295405e-01
4.5090341196e-05 1.0585372357e+04 1.5707963268e+00 5.2228653805e-01
4.5484936996e-05 1.0579955575e+04 1.5707963268e+00 5.2660449347e-01
4.5880576782e-05 1.0574488177e+04 1.5707963268e+00 5.3092686809e-01
4.6277276984e-05 1.0568969960e+04 1.5707963268e+00 5.3525371005e-01
4.6675054327e-05 1.0563400718e+04 1.5707963268e+00 5.3958506786e-01
4.7073925834e-05 1.0557780243e+04 1.5707963268e+00 5.4392099044e-01
4.7473908834e-05 1.0552108324e+04 1.5707963268e+00 5.4826152704e-01
4.7875020973e-05 1.0546384748e+04 1.5707963268e+00 5.5260672735e-01
4.8277280219e-05 1.0540609297e+04 1.5707963268e+00 5.5695664143e-01
4.8680704874e-05 1.0534781754e+04 1.5707963268e+00 5.6131131973e-01
4.9085313581e-05 1.0528901896e+04 1.5707963268e+00 5.6567081315e-01
4.9491125336e-05 1.0522969498e+04 1.5707963268e+00 5.7003517296e-01
4.9898159494e-05 1.0516984334e+04 1.5707963268e+00 5.7440445087e-01
5.0306435781e-05 1.0510946174e+04 1.5707963268e+00 5.7877869902e-01
5.0715974306e-05 1.0504854783e+04 1.5707963268e+00 5.8315796998e-01
5.1126795568e-05 1.0498709927e+04 1.5707963268e+00 5.8754231677e-01
5.1538920470e-05 1.0492511367e+04 1.5707963268e+00 5.9193179284e-01
5.1952370332e-05 1.0486258860e+04 1.5707963268e+00 5.9632645210e-01
5.2367166896e-05 1.0479952163e+04 1.5707963268e+00 6.0072634894e-01
5.2783332348e-05 1.0473591026e+04 1.5707963268e+00 6.0513153819e-01
5.3200889322e-05 1.0467175200e+04 1.5707963268e+00 6.0954207517e-01
5.3619860919e-05 1.0460704429e+04 1.5707963268e+00 6.1395801570e-01
5.4040270718e-05 1.0454178458e+04 1.5707963268e+00 6.1837941606e-01
5.4462142791e-05 1.0447597025e+04 1.5707963268e+00 6.2280633306e-01
5.4885501717e-05 1.0440959868e+04 1.5707963268e+00 6.2723882399e-01
5.5310372598e-05 1.0434266718e+04 1.5707963268e+00 6.3167694668e-01
5.5736781076e-05 1.0427517307e+04 1.5707963268e+00 6.3612075946e-01
5.6164753347e-05 1.0420711360e+04 1.5707963268e+00 6.4057032120e-01
5.6594316178e-05 1.0413848600e+04 1.5707963268e+00 6.4502569132e-01
5.7025496930e-05 1.0406928748e+04 1.5707963268e+00 6.4948692978e-01
5.7458323567e-05 1.0399951520e+04 1.5707963268e+00 6.5395409710e-01
5.7892824683e-05 1.0392916628e+04 1.5707963268e+00 6.5842725436e-01
5.8329029520e-05 1.0385823781e+04 1.5707963268e+00 6.6290646322e-01
5.8766967986e-05 1.0378672685e+04 1.5707963268e+00 6.6739178593e-01
5.9206670680e-05 1.0371463042e+04 1.5707963268e+00 6.7188328532e-01
5.9648168910e-05 1.0364194550e+04 1.5707963268e+00 6.7638102483e-01
6.0091494721e-05 1.0356866904e+04 1.5707963268e+00 6.8088506852e-01
6.0536680915e-05 1.0349479793e+04 1.5707963268e+00 6.8539548108e-01
6.0983761080e-05 1.0342032906e+04 1.5707963268e+00 6.8991232780e-01
6.1432769612e-05 1.0334525924e+04 1.5707963268e+00 6.9443567464e-01
6.1883741745e-05 1.0326958527e+04 1.5707963268e+00 6.9896558822e-01
6.2336713580e-05 1.0319330390e+04 1.5707963268e+00 7.0350213580e-01
6.2791722112e-05 1.0311641183e+04 1.5707963268e+00 7.0804538534e-01
6.3248805261e-05 1.0303890574e+04 1.5707963268e+00 7.1259540547e-01
6.3708001907e-05 1.0296078225e+04 1.5707963268e+00 7.1715226552e-01
6.4169351922e-05 1.0288203795e+04 1.5707963268e+00 7.2171603555e-01
6.4632896204e-05 1.0280266938e+04 1.5707963268e+00 7.2628678630e-01
6.5098676715e-05 1.0272267304e+04 1.5707963268e+00 7.3086458929e-01
6.5566736518e-05 1.0264204537e+04 1.5707963268e+00 7.3544951675e-01
6.6037119820e-05 1.0256078280e+04 1.5707963268e+00 7.4004164169e-01
6.6509872008e-05 1.0247888169e+04 1.5707963268e+00 7.4464103788e-01
6.6985039698e-05 1.0239633836e+04 1.5707963268e+00 7.4924777987e-01
6.7462670781e-05 1.0231314908e+04 1.5707963268e+00 7.5386194301e-01
6.7942814464e-05 1.0222931007e+04 1.5707963268e+00 7.5848360348e-01
6.8425521330e-05 1.0214481753e+04 1.5707963268e+00 7.6311283824e-01
6.8910843382e-05 1.0205966758e+04 1.5707963268e+00 7.6774972513e-01
6.9398834102e-05 1.0197385629e+04 1.5707963268e+00 7.7239434283e-01
6.9889548508e-05 1.0188737972e+04 1.5707963268e+00 7.7704677087e-01
7.0383043217e-05 1.0180023383e+04 1.5707963268e+00 7.8170708967e-01
7.0879376502e-05 1.0171241456e+04 1.5707963268e+00 7.8637538057e-01
7.1378608366e-05 1.0162391780e+04 1.5707963268e+00 7.9105172579e-01
7.1880800608e-05 1.0153473936e+04 1.5707963268e+00 7.9573620849e-01
7.2386016898e-05 1.0144487503e+04 1.5707963268e+00 8.0042891277e-01
7.2894322852e-05 1.0135432053e+04 1.5707963268e+00 8.0512992370e-01
7.3405786118e-05 1.0126307152e+04 1.5707963268e+00 8.0983932733e-01
7.3920476459e-05 1.0117112362e+04 1.5707963268e+00 8.1455721068e-01
7.4438465843e-05 1.0107847238e+04 1.5707963268e+00 8.1928366180e-01
7.4959828537e-05 1.0098511331e+04 1.5707963268e+00 8.2401876977e-01
7.5484641213e-05 1.0089104185e+04 1.5707963268e+00 8.2876262471e-01
7.6012983048e-05 1.0079625337e+04 1.5707963268e+00 8.3351531781e-01
7.6544935837e-05 1.0070074322e+04 1.5707963268e+00 8.3827694135e-01
7.7080584114e-05 1.0060450665e+04 1.5707963268e+00 8.4304758871e-01
7.7620015274e-05 1.0050753887e+04 1.5707963268e+00 8.4782735438e-01
7.8163319705e-05 1.0040983502e+04 1.5707963268e+00 8.5261633402e-01
7.8710590930e-05 1.0031139018e+04 1.5707963268e+00 8.5741462444e-01
7.9261925752e-05 1.0021219938e+04 1.5707963268e+00 8.6222232364e-01
7.9817424412e-05 1.0011225757e+04 1.5707963268e+00 8.6703953082e-01
8.0377190755e-05 1.0001155964e+04 1.5707963268e+00 8.7186634642e-01
8.0941332407e-05 9.9910100421e+03 1.5707963268e+00 8.7670287213e-01
8.1509960961e-05 9.9807874664e+03 1.5707963268e+00 8.8154921090e-01
8.2083192176e-05 9.9704877065e+03 1.5707963268e+00 8.8640546700e-01
8.2661146189e-05 9.9601102249e+03 1.5707963268e+00 8.9127174602e-01
8.3243947740e-05 9.9496544770e+03 1.5707963268e+00 8.9614815487e-01
8.3831726409e-05 9.9391199117e+03 1.5707963268e+00 9.0103480187e-01
8.4424616875e-05 9.9285059704e+03 1.5707963268e+00 9.0593179670e-01
8.5022759189e-05 9.9178120878e+03 1.5707963268e+00 9.1083925049e-01
8.5626299059e-05 9.9070376912e+03 1.5707963268e+00 9.1575727580e-01
8.6235388165e-05 9.8961822006e+03 1.5707963268e+00 9.2068598669e-01
8.6850184494e-05 9.8852450289e+03 1.5707963268e+00 9.2562549871e-01
8.7470852688e-05 9.8742255813e+03 1.5707963268e+00 9.3057592893e-01
8.8097564430e-05 9.8631232559e+03 1.5707963268e+00 9.3553739601e-01
8.8730498855e-05 9.8519374429e+03 1.5707963268e+00 9.4051002017e-01
8.9369842982e-05 9.8406675253e+03 1.5707963268e+00 9.4549392330e-01
9.0015792191e-05 9.8293128780e+03 1.5707963268e+00 9.5048922888e-01
9.0668550728e-05 9.8178728686e+03 1.5707963268e+00 9.5549606212e-01
9.1328332249e-05 9.8063468568e+03 1.5707963268e+00 9.6051454994e-01
9.1995360412e-05 9.7947341944e+03 1.5707963268e+00 9.6554482099e-01
9.2669869514e-05 9.7830342257e+03 1.5707963268e+00 9.7058700572e-01
9.3352105170e-05 9.7712462869e+03 1.5707963268e+00 9.7564123639e-01
9.4042325062e-05 9.7593697065e+03 1.5707963268e+00 9.8070764713e-01
9.4740799744e-05 9.7474038051e+03 1.5707963268e+00 9.8578637392e-01
9.5447813511e-05 9.7353478954e+03 1.5707963268e+00 9.9087755470e-01
9.6163665346e-05 9.7232012825e+03 1.5707963268e+00 9.9598132936e-01
9.6888669956e-05 9.7109632637e+03 1.5707963268e+00 1.0010978398e+00
9.7623158891e-05 9.6986331284e+03 1.5707963268e+00 1.0062272299e+00
9.8367481767e-05 9.6862101588e+03 1.5707963268e+00 1.0113696458e+00
9.9122007606e-05 9.6736936293e+03 1.5707963268e+00 1.0165252354e+00
9.9887126298e-05 9.6610828071e+03 1.5707963268e+00 1.0216941492e+00
1.0066325021e-04 9.6483769523e+03 1.5707963268e+00 1.0268765396e+00
1.0145081592e-04 9.6355753178e+03 1.5707963268e+00 1.0320725613e+00
1.0225028622e-04 9.6226771500e+03 1.5707963268e+00 1.0372823714e+00
1.0306215214e-04 9.6096816890e+03 1.5707963268e+00 1.0425061291e+00
1.0388693541e-04 9.5965881687e+03 1.5707963268e+00 1.0477439963e+00
1.0472519101e-04 9.5833958174e+03 1.5707963268e+00 1.0529961370e+00
1.0557751005e-04 9.5701038583e+03 1.5707963268e+00 1.0582627178e+00
1.0644452299e-04 9.5567115101e+03 1.5707963268e+00 1.0635439079e+00
1.0732690321e-04 9.5432179874e+03 1.5707963268e+00 1.0688398790e+00
1.0822537096e-04 9.5296225019e+03 1.5707963268e+00 1.0741508052e+00
1.0914069786e-04 9.5159242631e+03 1.5707963268e+00 1.0794768636e+00
1.1007371184e-04 9.5021224792e+03 1.5707963268e+00 1.0848182338e+00
1.1102530276e-04 9.4882163583e+03 1.5707963268e+00 1.0901750980e+00
1.1199642877e-04 9.4742051103e+03 1.5707963268e+00 1.0955476416e+00
1.1298812339e-04 9.4600879479e+03 1.5707963268e+00 1.1009360524e+00
1.1400150367e-04 9.4458640888e+03 1.5707963268e+00 1.1063405213e+00
1.1503777941e-04 9.4315327579e+03 1.5707963268e+00 1.1117612422e+00
1.1609826364e-04 9.4170931898e+03 1.5707963268e+00 1.1171984118e+00
1.1718438475e-04 9.4025446319e+03 1.5707963268e+00 1.1226522299e+00
1.1829770029e-04 9.3878863477e+03 1.5707963268e+00 1.1281228993e+00
1.1943991303e-04 9.3731176213e+03 1.5707963268e+00 1.1336106259e+00
1.2061288951e-04 9.3582377616e+03 1.5707963268e+00 1.1391156188e+00
1.2181868164e-04 9.3432461088e+03 1.5707963268e+00 1.1446380900e+00
1.2305955202e-04 9.3281420404e+03 1.5707963268e+00 1.1501782550e+00
1.2433800368e-04 9.3129249800e+03 1.5707963268e+00 1.1557363322e+00
1.2565681521e-04 9.2975944061e+03 1.5707963268e+00 1.1613125432e+00
1.2701908263e-04 9.2821498645e+03 1.5707963268e+00 1.1669071129e+00
1.2842826938e-04 9.2665909813e+03 1.5707963268e+00 1.1725202692e+00
1.2988826655e-04 9.2509174804e+03 1.5707963268e+00 1.1781522433e+00
1.3140346595e-04 9.2351292042e+03 1.5707963268e+00 1.1838032692e+00
1.3297884944e-04 9.2192261381e+03 1.5707963268e+00 1.1894735840e+00
1.3462009885e-04 9.2032084428e+03 1.5707963268e+00 1.1951634275e+00
1.3633373285e-04 9.1870764930e+03 1.5707963268e+00 1.2008730424e+00
1.3812727862e-04 9.1708309266e+03 1.5707963268e+00 1.2066026737e+00
1.4000948980e-04 9.1544727080e+03 1.5707963268e+00 1.2123525684e+00
1.4199062621e-04 9.1380032084e+03 1.5707963268e+00 1.2181229755e+00
1.4408281774e-04 9.1214243116e+03 1.5707963268e+00 1.2239141453e+00
1.4630054443e-04 9.1047385530e+03 1.5707963268e+00 1.2297263288e+00
1.4866127995e-04 9.0879493060e+03 1.5707963268e+00 1.2355597766e+00
1.5118637000e-04 9.0710610369e+03 1.5707963268e+00 1.2414147383e+00
1.5390225548e-04 9.0540796588e+03 1.5707963268e+00 1.2472914607e+00
1.5684221590e-04 9.0370130353e+03 1.5707963268e+00 1.2531901860e+00
1.6004892067e-04 9.0198717152e+03 1.5707963268e+00 1.2591111492e+00
1.6357827973e-04 9.0026700357e+03 1.5707963268e+00 1.2650545739e+00
1.6750546964e-04 8.9854278388e+03 1.5707963268e+00 1.2710206679e+00
1.7193478157e-04 8.9681732512e+03 1.5707963268e+00 1.2770096149e+00
1.7701658624e-04 8.9509474191e+03 1.5707963268e+00 1.2830215628e+00
1.8297854151e-04 8.9338130834e+03 1.5707963268e+00 1.2890566058e+00
1.9018804562e-04 8.9168713749e+03 1.5707963268e+00 1.2951147541e+00
1.9929211961e-04 8.9002983012e+03 1.5707963268e+00 1.3011958791e+00
2.1158506729e-04 8.8844363623e+03 1.5707963268e+00 1.3072996092e+00
2.3025079852e-04 8.8700819979e+03 1.5707963268e+00 1.3134250952e+00
