0.0000000000e+00 1.1796841748e+04 1.5707963268e+00 0.0000000000e+00
2.9698346122e-07 1.1796841748e+04 1.5707963268e+00 3.7593984962e-03
5.9396692245e-07 1.1796820437e+04 1.5707963268e+00 7.5187969925e-03
8.9095200942e-07 1.1796777815e+04 1.5707963268e+00 1.1278209071e-02
1.1879403479e-06 1.1796713883e+04 1.5707963268e+00 1.5037648315e-02
1.4849335639e-06 1.1796628638e+04 1.5707963268e+00 1.8797128308e-02
1.7819332835e-06 1.1796522080e+04 1.5707963268e+00 2.2556662634e-02
2.0789411334e-06 1.1796394207e+04 1.5707963268e+00 2.6316264879e-02
2.3759587404e-06 1.1796245017e+04 1.5707963268e+00 3.0075948631e-02
2.6729877323e-06 1.1796074507e+04 1.5707963268e+00 3.3835727481e-02
2.9700297373e-06 1.1795882673e+04 1.5707963268e+00 3.7595615024e-02
3.2670863844e-06 1.1795669513e+04 1.5707963268e+00 4.1355624857e-02
3.5641593035e-06 1.1795435022e+04 1.5707963268e+00 4.5115770582e-02
3.8612501257e-06 1.1795179197e+04 1.5707963268e+00 4.8876065806e-02
4.1583604830e-06 1.1794902031e+04 1.5707963268e+00 5.2636524141e-02
4.4554920085e-06 1.1794603519e+04 1.5707963268e+00 5.6397159204e-02
4.7526463369e-06 1.1794283656e+04 1.5707963268e+00 6.0157984619e-02
5.0498251042e-06 1.1793942435e+04 1.5707963268e+00 6.3919014018e-02
5.3470299479e-06 1.1793579850e+04 1.5707963268e+00 6.7680261037e-02
5.6442625072e-06 1.1793195892e+04 1.5707963268e+00 7.1441739323e-02
5.9415244229e-06 1.1792790556e+04 1.5707963268e+00 7.5203462530e-02
6.2388173378e-06 1.1792363831e+04 1.5707963268e+00 7.8965444320e-02
6.5361428967e-06 1.1791915711e+04 1.5707963268e+00 8.2727698367e-02
6.8335027464e-06 1.1791446185e+04 1.5707963268e+00 8.6490238351e-02
7.1308985358e-06 1.1790955244e+04 1.5707963268e+00 9.0253077966e-02
7.4283319163e-06 1.1790442879e+04 1.5707963268e+00 9.4016230916e-02
7.7258045414e-06 1.1789909078e+04 1.5707963268e+00 9.7779710914e-02
8.0233180675e-06 1.1789353831e+04 1.5707963268e+00 1.0154353169e-01
8.3208741532e-06 1.1788777126e+04 1.5707963268e+00 1.0530770698e-01
8.6184744602e-06 1.1788178951e+04 1.5707963268e+00 1.0907225054e-01
8.9161206528e-06 1.1787559295e+04 1.5707963268e+00 1.1283717613e-01
9.2138143984e-06 1.1786918145e+04 1.5707963268e+00 1.1660249753e-01
9.5115573673e-06 1.1786255486e+04 1.5707963268e+00 1.2036822854e-01
9.8093512333e-06 1.1785571306e+04 1.5707963268e+00 1.2413438297e-01
1.0107197673e-05 1.1784865590e+04 1.5707963268e+00 1.2790097464e-01
1.0405098367e-05 1.1784138324e+04 1.5707963268e+00 1.3166801740e-01
1.0703054999e-05 1.1783389493e+04 1.5707963268e+00 1.3543552510e-01
1.1001069256e-05 1.1782619080e+04 1.5707963268e+00 1.3920351161e-01
1.1299142831e-05 1.1781827070e+04 1.5707963268e+00 1.4297199084e-01
1.1597277416e-05 1.1781013447e+04 1.5707963268e+00 1.4674097669e-01
1.1895474713e-05 1.1780178193e+04 1.5707963268e+00 1.5051048310e-01
1.2193736424e-05 1.1779321291e+04 1.5707963268e+00 1.5428052400e-01
1.2492064256e-05 1.1778442723e+04 1.5707963268e+00 1.5805111338e-01
1.2790459921e-05 1.1777542470e+04 1.5707963268e+00 1.6182226523e-01
1.3088925136e-05 1.1776620514e+04 1.5707963268e+00 1.6559399355e-01
1.3387461621e-05 1.1775676836e+04 1.5707963268e+00 1.6936631238e-01
1.3686071102e-05 1.1774711414e+04 1.5707963268e+00 1.7313923577e-01
1.3984755309e-05 1.1773724230e+04 1.5707963268e+00 1.7691277780e-01
1.4283515978e-05 1.1772715262e+04 1.5707963268e+00 1.8068695257e-01
1.4582354848e-05 1.1771684489e+04 1.5707963268e+00 1.8446177422e-01
1.4881273665e-05 1.1770631889e+04 1.5707963268e+00 1.8823725688e-01
1.5180274181e-05 1.1769557440e+04 1.5707963268e+00 1.9201341473e-01
1.5479358152e-05 1.1768461119e+04 1.5707963268e+00 1.9579026197e-01
1.5778527339e-05 1.1767342903e+04 1.5707963268e+00 1.9956781283e-01
1.6077783510e-05 1.1766202768e+04 1.5707963268e+00 2.0334608157e-01
1.6377128439e-05 1.1765040690e+04 1.5707963268e+00 2.0712508245e-01
1.6676563905e-05 1.1763856644e+04 1.5707963268e+00 2.1090482980e-01
1.6976091694e-05 1.1762650605e+04 1.5707963268e+00 2.1468533793e-01
1.7275713597e-05 1.1761422548e+04 1.5707963268e+00 2.1846662123e-01
1.7575431413e-05 1.1760172445e+04 1.5707963268e+00 2.2224869409e-01
1.7875246947e-05 1.1758900271e+04 1.5707963268e+00 2.2603157092e-01
1.8175162009e-05 1.1757605998e+04 1.5707963268e+00 2.2981526619e-01
1.8475178417e-05 1.1756289599e+04 1.5707963268e+00 2.3359979439e-01
1.8775297998e-05 1.1754951045e+04 1.5707963268e+00 2.3738517003e-01
1.9075522582e-05 1.1753590307e+04 1.5707963268e+00 2.4117140766e-01
1.9375854010e-05 1.1752207357e+04 1.5707963268e+00 2.4495852188e-01
1.9676294127e-05 1.1750802164e+04 1.5707963268e+00 2.4874652729e-01
1.9976844787e-05 1.1749374699e+04 1.5707963268e+00 2.5253543855e-01
2.0277507853e-05 1.1747924930e+04 1.5707963268e+00 2.5632527035e-01
2.0578285194e-05 1.1746452827e+04 1.5707963268e+00 2.6011603742e-01
2.0879178687e-05 1.1744958357e+04 1.5707963268e+00 2.6390775451e-01
2.1180190218e-05 1.1743441489e+04 1.5707963268e+00 2.6770043642e-01
2.1481321680e-05 1.1741902189e+04 1.5707963268e+00 2.7149409798e-01
2.1782574976e-05 1.1740340424e+04 1.5707963268e+00 2.7528875407e-01
2.2083952016e-05 1.1738756160e+04 1.5707963268e+00 2.7908441960e-01
2.2385454719e-05 1.1737149364e+04 1.5707963268e+00 2.8288110952e-01
2.2687085013e-05 1.1735519999e+04 1.5707963268e+00 2.8667883881e-01
2.2988844835e-05 1.1733868030e+04 1.5707963268e+00 2.9047762252e-01
2.3290736133e-05 1.1732193423e+04 1.5707963268e+00 2.9427747571e-01
2.3592760860e-05 1.1730496139e+04 1.5707963268e+00 2.9807841350e-01
2.3894920983e-05 1.1728776142e+04 1.5707963268e+00 3.0188045104e-01
2.4197218476e-05 1.1727033394e+04 1.5707963268e+00 3.0568360354e-01
2.4499655323e-05 1.1725267858e+04 1.5707963268e+00 3.0948788624e-01
2.4802233519e-05 1.1723479494e+04 1.5707963268e+00 3.1329331443e-01
2.5104955068e-05 1.1721668263e+04 1.5707963268e+00 3.1709990344e-01
2.5407821986e-05 1.1719834126e+04 1.5707963268e+00 3.2090766866e-01
2.5710836299e-05 1.1717977042e+04 1.5707963268e+00 3.2471662551e-01
2.6014000041e-05 1.1716096970e+04 1.5707963268e+00 3.2852678947e-01
2.6317315260e-05 1.1714193869e+04 1.5707963268e+00 3.3233817606e-01
2.6620784015e-05 1.1712267697e+04 1.5707963268e+00 3.3615080086e-01
2.6924408374e-05 1.1710318412e+04 1.5707963268e+00 3.3996467948e-01
2.7228190418e-05 1.1708345969e+04 1.5707963268e+00 3.4377982759e-01
2.7532132239e-05 1.1706350326e+04 1.5707963268e+00 3.4759626093e-01
2.7836235942e-05 1.1704331438e+04 1.5707963268e+00 3.5141399525e-01
2.8140503642e-05 1.1702289260e+04 1.5707963268e+00 3.5523304640e-01
2.8444937468e-05 1.1700223747e+04 1.5707963268e+00 3.5905343025e-01
2.8749539559e-05 1.1698134854e+04 1.5707963268e+00 3.6287516273e-01
2.9054312070e-05 1.1696022532e+04 1.5707963268e+00 3.6669825983e-01
2.9359257167e-05 1.1693886736e+04 1.5707963268e+00 3.7052273760e-01
2.9664377027e-05 1.1691727417e+04 1.5707963268e+00 3.7434861214e-01
2.9969673843e-05 1.1689544527e+04 1.5707963268e+00 3.7817589960e-01
3.0275149820e-05 1.1687338018e+04 1.5707963268e+00 3.8200461619e-01
3.0580807179e-05 1.1685107839e+04 1.5707963268e+00 3.8583477820e-01
3.0886648150e-05 1.1682853940e+04 1.5707963268e+00 3.8966640196e-01
3.1192674982e-05 1.1680576271e+04 1.5707963268e+00 3.9349950384e-01
3.1498889935e-05 1.1678274781e+04 1.5707963268e+00 3.9733410032e-01
3.1805295285e-05 1.1675949416e+04 1.5707963268e+00 4.0117020791e-01
3.2111893322e-05 1.1673600126e+04 1.5707963268e+00 4.0500784317e-01
3.2418686352e-05 1.1671226856e+04 1.5707963268e+00 4.0884702276e-01
3.2725676695e-05 1.1668829554e+04 1.5707963268e+00 4.1268776338e-01
3.3032866686e-05 1.1666408163e+04 1.5707963268e+00 4.1653008179e-01
3.3340258678e-05 1.1663962630e+04 1.5707963268e+00 4.2037399484e-01
3.3647855038e-05 1.1661492898e+04 1.5707963268e+00 4.2421951942e-01
3.3955658149e-05 1.1658998912e+04 1.5707963268e+00 4.2806667251e-01
3.4263670412e-05 1.1656480614e+04 1.5707963268e+00 4.3191547115e-01
3.4571894242e-05 1.1653937946e+04 1.5707963268e+00 4.3576593243e-01
3.4880332073e-05 1.1651370851e+04 1.5707963268e+00 4.3961807354e-01
3.5188986356e-05 1.1648779269e+04 1.5707963268e+00 4.4347191173e-01
3.5497859559e-05 1.1646163142e+04 1.5707963268e+00 4.4732746432e-01
3.5806954167e-05 1.1643522407e+04 1.5707963268e+00 4.5118474869e-01
3.6116272684e-05 1.1640857006e+04 1.5707963268e+00 4.5504378232e-01
3.6425817633e-05 1.1638166875e+04 1.5707963268e+00 4.5890458275e-01
3.6735591553e-05 1.1635451954e+04 1.5707963268e+00 4.6276716760e-01
3.7045597005e-05 1.1632712178e+04 1.5707963268e+00 4.6663155455e-01
3.7355836565e-05 1.1629947485e+04 1.5707963268e+00 4.7049776138e-01
3.7666312833e-05 1.1627157810e+04 1.5707963268e+00 4.7436580594e-01
3.7977028425e-05 1.1624343088e+04 1.5707963268e+00 4.7823570615e-01
3.8287985978e-05 1.1621503253e+04 1.5707963268e+00 4.8210748002e-01
3.8599188152e-05 1.1618638239e+04 1.5707963268e+00 4.8598114566e-01
3.8910637623e-05 1.1615747980e+04 1.5707963268e+00 4.8985672121e-01
3.9222337091e-05 1.1612832406e+04 1.5707963268e+00 4.9373422495e-01
3.9534289277e-05 1.1609891450e+04 1.5707963268e+00 4.9761367521e-01
3.9846496923e-05 1.1606925043e+04 1.5707963268e+00 5.0149509041e-01
4.0158962793e-05 1.1603933114e+04 1.5707963268e+00 5.0537848907e-01
4.0471689672e-05 1.1600915592e+04 1.5707963268e+00 5.0926388979e-01
4.0784680371e-05 1.1597872407e+04 1.5707963268e+00 5.1315131125e-01
4.1097937720e-05 1.1594803487e+04 1.5707963268e+00 5.1704077222e-01
4.1411464574e-05 1.1591708757e+04 1.5707963268e+00 5.2093229159e-01
4.1725263813e-05 1.1588588146e+04 1.5707963268e+00 5.2482588829e-01
4.2039338339e-05 1.1585441578e+04 1.5707963268e+00 5.2872158140e-01
4.2353691078e-05 1.1582268977e+04 1.5707963268e+00 5.3261939004e-01
4.2668324984e-05 1.1579070270e+04 1.5707963268e+00 5.3651933346e-01
4.2983243032e-05 1.1575845377e+04 1.5707963268e+00 5.4042143100e-01
4.3298448226e-05 1.1572594223e+04 1.5707963268e+00 5.4432570209e-01
4.3613943593e-05 1.1569316729e+04 1.5707963268e+00 5.4823216627e-01
4.3929732190e-05 1.1566012815e+04 1.5707963268e+00 5.5214084315e-01
4.4245817096e-05 1.1562682403e+04 1.5707963268e+00 5.5605175248e-01
4.4562201421e-05 1.1559325410e+04 1.5707963268e+00 5.5996491409e-01
4.4878888301e-05 1.1555941757e+04 1.5707963268e+00 5.6388034791e-01
4.5195880900e-05 1.1552531360e+04 1.5707963268e+00 5.6779807400e-01
4.5513182411e-05 1.1549094137e+04 1.5707963268e+00 5.7171811248e-01
4.5830796056e-05 1.1545630003e+04 1.5707963268e+00 5.7564048362e-01
4.6148725086e-05 1.1542138875e+04 1.5707963268e+00 5.7956520778e-01
4.6466972781e-05 1.1538620666e+04 1.5707963268e+00 5.8349230543e-01
4.6785542452e-05 1.1535075289e+04 1.5707963268e+00 5.8742179715e-01
4.7104437442e-05 1.1531502659e+04 1.5707963268e+00 5.9135370364e-01
4.7423661123e-05 1.1527902686e+04 1.5707963268e+00 5.9528804570e-01
4.7743216901e-05 1.1524275282e+04 1.5707963268e+00 5.9922484424e-01
4.8063108211e-05 1.1520620357e+04 1.5707963268e+00 6.0316412032e-01
4.8383338525e-05 1.1516937819e+04 1.5707963268e+00 6.0710589509e-01
4.8703911345e-05 1.1513227578e+04 1.5707963268e+00 6.1105018981e-01
4.9024830209e-05 1.1509489541e+04 1.5707963268e+00 6.1499702588e-01
4.9346098686e-05 1.1505723615e+04 1.5707963268e+00 6.1894642481e-01
4.9667720385e-05 1.1501929705e+04 1.5707963268e+00 6.2289840824e-01
4.9989698946e-05 1.1498107716e+04 1.5707963268e+00 6.2685299794e-01
5.0312038046e-05 1.1494257552e+04 1.5707963268e+00 6.3081021579e-01
5.0634741402e-05 1.1490379115e+04 1.5707963268e+00 6.3477008380e-01
5.0957812763e-05 1.1486472308e+04 1.5707963268e+00 6.3873262412e-01
5.1281255919e-05 1.1482537032e+04 1.5707963268e+00 6.4269785902e-01
5.1605074698e-05 1.1478573187e+04 1.5707963268e+00 6.4666581091e-01
5.1929272967e-05 1.1474580673e+04 1.5707963268e+00 6.5063650232e-01
5.2253854633e-05 1.1470559386e+04 1.5707963268e+00 6.5460995593e-01
5.2578823642e-05 1.1466509224e+04 1.5707963268e+00 6.5858619455e-01
5.2904183982e-05 1.1462430085e+04 1.5707963268e+00 6.6256524112e-01
5.3229939683e-05 1.1458321862e+04 1.5707963268e+00 6.6654711873e-01
5.3556094818e-05 1.1454184449e+04 1.5707963268e+00 6.7053185062e-01
5.3882653500e-05 1.1450017741e+04 1.5707963268e+00 6.7451946015e-01
5.4209619889e-05 1.1445821630e+04 1.5707963268e+00 6.7850997084e-01
5.4536998189e-05 1.1441596006e+04 1.5707963268e+00 6.8250340634e-01
5.4864792647e-05 1.1437340759e+04 1.5707963268e+00 6.8649979048e-01
5.5193007560e-05 1.1433055779e+04 1.5707963268e+00 6.9049914722e-01
5.5521647267e-05 1.1428740953e+04 1.5707963268e+00 6.9450150066e-01
5.5850716160e-05 1.1424396169e+04 1.5707963268e+00 6.9850687506e-01
5.6180218674e-05 1.1420021313e+04 1.5707963268e+00 7.0251529486e-01
5.6510159298e-05 1.1415616268e+04 1.5707963268e+00 7.0652678462e-01
5.6840542567e-05 1.1411180919e+04 1.5707963268e+00 7.1054136909e-01
5.7171373070e-05 1.1406715149e+04 1.5707963268e+00 7.1455907316e-01
5.7502655447e-05 1.1402218838e+04 1.5707963268e+00 7.1857992189e-01
5.7834394389e-05 1.1397691867e+04 1.5707963268e+00 7.2260394050e-01
5.8166594643e-05 1.1393134115e+04 1.5707963268e+00 7.2663115439e-01
5.8499261008e-05 1.1388545461e+04 1.5707963268e+00 7.3066158912e-01
5.8832398342e-05 1.1383925781e+04 1.5707963268e+00 7.3469527040e-01
5.9166011556e-05 1.1379274951e+04 1.5707963268e+00 7.3873222416e-01
5.9500105620e-05 1.1374592844e+04 1.5707963268e+00 7.4277247646e-01
5.9834685563e-05 1.1369879336e+04 1.5707963268e+00 7.4681605355e-01
6.0169756472e-05 1.1365134297e+04 1.5707963268e+00 7.5086298188e-01
6.0505323496e-05 1.1360357599e+04 1.5707963268e+00 7.5491328805e-01
6.0841391844e-05 1.1355549111e+04 1.5707963268e+00 7.5896699885e-01
6.1177966789e-05 1.1350708702e+04 1.5707963268e+00 7.6302414128e-01
6.1515053667e-05 1.1345836239e+04 1.5707963268e+00 7.6708474250e-01
6.1852657881e-05 1.1340931588e+04 1.5707963268e+00 7.7114882986e-01
6.2190784897e-05 1.1335994613e+04 1.5707963268e+00 7.7521643093e-01
6.2529440250e-05 1.1331025179e+04 1.5707963268e+00 7.7928757344e-01
6.2868629544e-05 1.1326023146e+04 1.5707963268e+00 7.8336228534e-01
6.3208358452e-05 1.1320988375e+04 1.5707963268e+00 7.8744059476e-01
6.3548632719e-05 1.1315920727e+04 1.5707963268e+00 7.9152253006e-01
6.3889458160e-05 1.1310820059e+04 1.5707963268e+00 7.9560811978e-01
6.4230840668e-05 1.1305686228e+04 1.5707963268e+00 7.9969739266e-01
6.4572786207e-05 1.1300519089e+04 1.5707963268e+00 8.0379037768e-01
6.4915300819e-05 1.1295318497e+04 1.5707963268e+00 8.0788710401e-01
6.5258390624e-05 1.1290084303e+04 1.5707963268e+00 8.1198760103e-01
6.5602061823e-05 1.1284816359e+04 1.5707963268e+00 8.1609189835e-01
6.5946320694e-05 1.1279514515e+04 1.5707963268e+00 8.2020002580e-01
6.6291173602e-05 1.1274178619e+04 1.5707963268e+00 8.2431201341e-01
6.6636626992e-05 1.1268808518e+04 1.5707963268e+00 8.2842789147e-01
6.6982687397e-05 1.1263404057e+04 1.5707963268e+00 8.3254769046e-01
6.7329361437e-05 1.1257965080e+04 1.5707963268e+00 8.3667144112e-01
6.7676655819e-05 1.1252491430e+04 1.5707963268e+00 8.4079917441e-01
6.8024577343e-05 1.1246982947e+04 1.5707963268e+00 8.4493092153e-01
6.8373132900e-05 1.1241439471e+04 1.5707963268e+00 8.4906671391e-01
6.8722329475e-05 1.1235860840e+04 1.5707963268e+00 8.5320658324e-01
6.9072174151e-05 1.1230246890e+04 1.5707963268e+00 8.5735056144e-01
6.9422674107e-05 1.1224597455e+04 1.5707963268e+00 8.6149868068e-01
6.9773836622e-05 1.1218912369e+04 1.5707963268e+00 8.6565097339e-01
7.0125669077e-05 1.1213191463e+04 1.5707963268e+00 8.6980747224e-01
7.0478178957e-05 1.1207434567e+04 1.5707963268e+00 8.7396821018e-01
7.0831373854e-05 1.1201641509e+04 1.5707963268e+00 8.7813322039e-01
7.1185261465e-05 1.1195812115e+04 1.5707963268e+00 8.8230253634e-01
7.1539849601e-05 1.1189946211e+04 1.5707963268e+00 8.8647619176e-01
7.1895146183e-05 1.1184043619e+04 1.5707963268e+00 8.9065422064e-01
7.2251159248e-05 1.1178104162e+04 1.5707963268e+00 8.9483665727e-01
7.2607896948e-05 1.1172127658e+04 1.5707963268e+00 8.9902353619e-01
7.2965367558e-05 1.1166113925e+04 1.5707963268e+00 9.0321489225e-01
7.3323579473e-05 1.1160062780e+04 1.5707963268e+00 9.0741076054e-01
7.3682541212e-05 1.1153974036e+04 1.5707963268e+00 9.1161117649e-01
7.4042261422e-05 1.1147847507e+04 1.5707963268e+00 9.1581617580e-01
7.4402748880e-05 1.1141683003e+04 1.5707963268e+00 9.2002579445e-01
7.4764012495e-05 1.1135480333e+04 1.5707963268e+00 9.2424006875e-01
7.5126061312e-05 1.1129239303e+04 1.5707963268e+00 9.2845903529e-01
7.5488904514e-05 1.1122959719e+04 1.5707963268e+00 9.3268273098e-01
7.5852551426e-05 1.1116641383e+04 1.5707963268e+00 9.3691119305e-01
7.6217011515e-05 1.1110284098e+04 1.5707963268e+00 9.4114445903e-01
7.6582294398e-05 1.1103887661e+04 1.5707963268e+00 9.4538256677e-01
7.6948409841e-05 1.1097451870e+04 1.5707963268e+00 9.4962555446e-01
7.7315367765e-05 1.1090976520e+04 1.5707963268e+00 9.5387346060e-01
7.7683178247e-05 1.1084461404e+04 1.5707963268e+00 9.5812632404e-01
7.8051851526e-05 1.1077906314e+04 1.5707963268e+00 9.6238418396e-01
7.8421398005e-05 1.1071311038e+04 1.5707963268e+00 9.6664707987e-01
7.8791828255e-05 1.1064675362e+04 1.5707963268e+00 9.7091505164e-01
7.9163153018e-05 1.1057999072e+04 1.5707963268e+00 9.7518813950e-01
7.9535383214e-05 1.1051281950e+04 1.5707963268e+00 9.7946638402e-01
7.9908529939e-05 1.1044523777e+04 1.5707963268e+00 9.8374982613e-01
8.0282604477e-05 1.1037724330e+04 1.5707963268e+00 9.8803850713e-01
8.0657618296e-05 1.1030883385e+04 1.5707963268e+00 9.9233246870e-01
8.1033583059e-05 1.1024000716e+04 1.5707963268e+00 9.9663175288e-01
8.1410510626e-05 1.1017076094e+04 1.5707963268e+00 1.0009364021e+00
8.1788413056e-05 1.1010109287e+04 1.5707963268e+00 1.0052464592e+00
8.2167302616e-05 1.1003100064e+04 1.5707963268e+00 1.0095619673e+00
8.2547191785e-05 1.0996048187e+04 1.5707963268e+00 1.0138829700e+00
8.2928093254e-05 1.0988953418e+04 1.5707963268e+00 1.0182095115e+00
8.3310019941e-05 1.0981815518e+04 1.5707963268e+00 1.0225416360e+00
8.3692984985e-05 1.0974634241e+04 1.5707963268e+00 1.0268793883e+00
8.4077001761e-05 1.0967409344e+04 1.5707963268e+00 1.0312228138e+00
8.4462083879e-05 1.0960140578e+04 1.5707963268e+00 1.0355719581e+00
8.4848245194e-05 1.0952827691e+04 1.5707963268e+00 1.0399268673e+00
8.5235499810e-05 1.0945470431e+04 1.5707963268e+00 1.0442875878e+00
8.5623862087e-05 1.0938068542e+04 1.5707963268e+00 1.0486541668e+00
8.6013346646e-05 1.0930621765e+04 1.5707963268e+00 1.0530266516e+00
8.6403968378e-05 1.0923129837e+04 1.5707963268e+00 1.0574050901e+00
8.6795742448e-05 1.0915592497e+04 1.5707963268e+00 1.0617895305e+00
8.7188684304e-05 1.0908009475e+04 1.5707963268e+00 1.0661800219e+00
8.7582809684e-05 1.0900380504e+04 1.5707963268e+00 1.0705766133e+00
8.7978134623e-05 1.0892705309e+04 1.5707963268e+00 1.0749793546e+00
8.8374675459e-05 1.0884983616e+04 1.5707963268e+00 1.0793882961e+00
8.8772448846e-05 1.0877215147e+04 1.5707963268e+00 1.0838034884e+00
8.9171471755e-05 1.0869399619e+04 1.5707963268e+00 1.0882249829e+00
8.9571761489e-05 1.0861536749e+04 1.5707963268e+00 1.0926528312e+00
8.9973335688e-05 1.0853626250e+04 1.5707963268e+00 1.0970870857e+00
9.0376212339e-05 1.0845667830e+04 1.5707963268e+00 1.1015277992e+00
9.0780409787e-05 1.0837661196e+04 1.5707963268e+00 1.1059750250e+00
9.1185946741e-05 1.0829606052e+04 1.5707963268e+00 1.1104288170e+00
9.1592842288e-05 1.0821502097e+04 1.5707963268e+00 1.1148892295e+00
9.2001115899e-05 1.0813349029e+04 1.5707963268e+00 1.1193563177e+00
9.2410787444e-05 1.0805146541e+04 1.5707963268e+00 1.1238301370e+00
9.2821877201e-05 1.0796894323e+04 1.5707963268e+00 1.1283107435e+00
9.3234405867e-05 1.0788592061e+04 1.5707963268e+00 1.1327981940e+00
9.3648394571e-05 1.0780239440e+04 1.5707963268e+00 1.1372925458e+00
9.4063864885e-05 1.0771836140e+04 1.5707963268e+00 1.1417938566e+00
9.4480838839e-05 1.0763381835e+04 1.5707963268e+00 1.1463021851e+00
9.4899338930e-05 1.0754876201e+04 1.5707963268e+00 1.1508175904e+00
9.5319388141e-05 1.0746318904e+04 1.5707963268e+00 1.1553401321e+00
9.5741009950e-05 1.0737709612e+04 1.5707963268e+00 1.1598698707e+00
9.6164228349e-05 1.0729047986e+04 1.5707963268e+00 1.1644068672e+00
9.6589067856e-05 1.0720333684e+04 1.5707963268e+00 1.1689511833e+00
9.7015553532e-05 1.0711566360e+04 1.5707963268e+00 1.1735028813e+00
9.7443710998e-05 1.0702745664e+04 1.5707963268e+00 1.1780620243e+00
9.7873566451e-05 1.0693871243e+04 1.5707963268e+00 1.1826286759e+00
9.8305146682e-05 1.0684942740e+04 1.5707963268e+00 1.1872029007e+00
9.8738479094e-05 1.0675959792e+04 1.5707963268e+00 1.1917847636e+00
9.9173591721e-05 1.0666922034e+04 1.5707963268e+00 1.1963743306e+00
9.9610513249e-05 1.0657829095e+04 1.5707963268e+00 1.2009716681e+00
1.0004927304e-04 1.0648680603e+04 1.5707963268e+00 1.2055768437e+00
1.0048990113e-04 1.0639476178e+04 1.5707963268e+00 1.2101899252e+00
1.0093242830e-04 1.0630215437e+04 1.5707963268e+00 1.2148109816e+00
1.0137688604e-04 1.0620897994e+04 1.5707963268e+00 1.2194400824e+00
1.0182330663e-04 1.0611523456e+04 1.5707963268e+00 1.2240772981e+00
1.0227172312e-04 1.0602091428e+04 1.5707963268e+00 1.2287226998e+00
1.0272216937e-04 1.0592601508e+04 1.5707963268e+00 1.2333763597e+00
1.0317468008e-04 1.0583053292e+04 1.5707963268e+00 1.2380383506e+00
1.0362929085e-04 1.0573446368e+04 1.5707963268e+00 1.2427087461e+00
1.0408603813e-04 1.0563780323e+04 1.5707963268e+00 1.2473876208e+00
1.0454495934e-04 1.0554054735e+04 1.5707963268e+00 1.2520750503e+00
1.0500609284e-04 1.0544269180e+04 1.5707963268e+00 1.2567711107e+00
1.0546947798e-04 1.0534423229e+04 1.5707963268e+00 1.2614758794e+00
1.0593515517e-04 1.0524516445e+04 1.5707963268e+00 1.2661894345e+00
1.0640316584e-04 1.0514548390e+04 1.5707963268e+00 1.2709118549e+00
1.0687355257e-04 1.0504518617e+04 1.5707963268e+00 1.2756432209e+00
1.0734635906e-04 1.0494426675e+04 1.5707963268e+00 1.2803836133e+00
1.0782163019e-04 1.0484272109e+04 1.5707963268e+00 1.2851331141e+00
1.0829941209e-04 1.0474054457e+04 1.5707963268e+00 1.2898918063e+00
1.0877975215e-04 1.0463773251e+04 1.5707963268e+00 1.2946597739e+00
1.0926269909e-04 1.0453428018e+04 1.5707963268e+00 1.2994371018e+00
1.0974830299e-04 1.0443018280e+04 1.5707963268e+00 1.3042238761e+00
1.1023661537e-04 1.0432543552e+04 1.5707963268e+00 1.3090201840e+00
1.1072768923e-04 1.0422003343e+04 1.5707963268e+00 1.3138261136e+00
1.1122157910e-04 1.0411397158e+04 1.5707963268e+00 1.3186417542e+00
1.1171834110e-04 1.0400724493e+04 1.5707963268e+00 1.3234671964e+00
1.1221803303e-04 1.0389984839e+04 1.5707963268e+00 1.3283025316e+00
1.1272071441e-04 1.0379177681e+04 1.5707963268e+00 1.3331478526e+00
1.1322644656e-04 1.0368302499e+04 1.5707963268e+00 1.3380032534e+00
1.1373529265e-04 1.0357358763e+04 1.5707963268e+00 1.3428688290e+00
1.1424731784e-04 1.0346345939e+04 1.5707963268e+00 1.3477446759e+00
1.1476258929e-04 1.0335263485e+04 1.5707963268e+00 1.3526308915e+00
1.1528117627e-04 1.0324110854e+04 1.5707963268e+00 1.3575275749e+00
1.1580315027e-04 1.0312887491e+04 1.5707963268e+00 1.3624348262e+00
1.1632858508e-04 1.0301592833e+04 1.5707963268e+00 1.3673527468e+00
1.1685755690e-04 1.0290226310e+04 1.5707963268e+00 1.3722814396e+00
1.1739014440e-04 1.0278787348e+04 1.5707963268e+00 1.3772210089e+00
1.1792642891e-04 1.0267275361e+04 1.5707963268e+00 1.3821715601e+00
1.1846649447e-04 1.0255689759e+04 1.5707963268e+00 1.3871332003e+00
1.1901042798e-04 1.0244029943e+04 1.5707963268e+00 1.3921060379e+00
1.1955831935e-04 1.0232295306e+04 1.5707963268e+00 1.3970901829e+00
1.2011026161e-04 1.0220485234e+04 1.5707963268e+00 1.4020857467e+00
1.2066635105e-04 1.0208599105e+04 1.5707963268e+00 1.4070928421e+00
1.2122668743e-04 1.0196636289e+04 1.5707963268e+00 1.4121115838e+00
1.2179137409e-04 1.0184596147e+04 1.5707963268e+00 1.4171420878e+00
1.2236051813e-04 1.0172478033e+04 1.5707963268e+00 1.4221844718e+00
1.2293423065e-04 1.0160281292e+04 1.5707963268e+00 1.4272388551e+00
1.2351262689e-04 1.0148005260e+04 1.5707963268e+00 1.4323053588e+00
1.2409582645e-04 1.0135649264e+04 1.5707963268e+00 1.4373841056e+00
1.2468395354e-04 1.0123212625e+04 1.5707963268e+00 1.4424752199e+00
1.2527713721e-04 1.0110694652e+04 1.5707963268e+00 1.4475788280e+00
1.2587551160e-04 1.0098094646e+04 1.5707963268e+00 1.4526950579e+00
1.2647921619e-04 1.0085411900e+04 1.5707963268e+00 1.4578240396e+00
1.2708839613e-04 1.0072645696e+04 1.5707963268e+00 1.4629659048e+00
1.2770320253e-04 1.0059795307e+04 1.5707963268e+00 1.4681207873e+00
1.2832379278e-04 1.0046859999e+04 1.5707963268e+00 1.4732888226e+00
1.2895033094e-04 1.0033839024e+04 1.5707963268e+00 1.4784701485e+00
1.2958298806e-04 1.0020731628e+04 1.5707963268e+00 1.4836649047e+00
1.3022194266e-04 1.0007537045e+04 1.5707963268e+00 1.4888732329e+00
1.3086738110e-04 9.9942545009e+03 1.5707963268e+00 1.4940952770e+00
1.3151949812e-04 9.9808832094e+03 1.5707963268e+00 1.4993311830e+00
1.3217849727e-04 9.9674223755e+03 1.5707963268e+00 1.5045810993e+00
1.3284459150e-04 9.9538711935e+03 1.5707963268e+00 1.5098451763e+00
1.3351800375e-04 9.9402288475e+03 1.5707963268e+00 1.5151235668e+00
1.3419896756e-04 9.9264945109e+03 1.5707963268e+00 1.5204164260e+00
1.3488772777e-04 9.9126673469e+03 1.5707963268e+00 1.5257239113e+00
1.3558454125e-04 9.8987465080e+03 1.5707963268e+00 1.5310461829e+00
1.3628967771e-04 9.8847311360e+03 1.5707963268e+00 1.5363834031e+00
1.3700342057e-04 9.8706203622e+03 1.5707963268e+00 1.5417357370e+00
1.3772606789e-04 9.8564133070e+03 1.5707963268e+00 1.5471033521e+00
1.3845793342e-04 9.8421090804e+03 1.5707963268e+00 1.5524864187e+00
1.3919934770e-04 9.8277067815e+03 1.5707963268e+00 1.5578851099e+00
1.3995065929e-04 9.8132054987e+03 1.5707963268e+00 1.5632996011e+00
1.4071223608e-04 9.7986043100e+03 1.5707963268e+00 1.5687300711e+00
1.4148446679e-04 9.7839022829e+03 1.5707963268e+00 1.5741767013e+00
1.4226776254e-04 9.7690984744e+03 1.5707963268e+00 1.5796396759e+00
1.4306255859e-04 9.7541919313e+03 1.5707963268e+00 1.5851191823e+00
1.4386931629e-04 9.7391816907e+03 1.5707963268e+00 1.5906154109e+00
1.4468852520e-04 9.7240667796e+03 1.5707963268e+00 1.5961285553e+00
1.4552070544e-04 9.7088462158e+03 1.5707963268e+00 1.6016588121e+00
1.4636641026e-04 9.6935190082e+03 1.5707963268e+00 1.6072063814e+00
1.4722622892e-04 9.6780841568e+03 1.5707963268e+00 1.6127714664e+00
1.4810078991e-04 9.6625406540e+03 1.5707963268e+00 1.6183542738e+00
1.4899076446e-04 9.6468874846e+03 1.5707963268e+00 1.6239550138e+00
1.4989687050e-04 9.6311236271e+03 1.5707963268e+00 1.6295739000e+00
1.5081987713e-04 9.6152480541e+03 1.5707963268e+00 1.6352111497e+00
1.5176060954e-04 9.5992597339e+03 1.5707963268e+00 1.6408669838e+00
1.5271995462e-04 9.5831576315e+03 1.5707963268e+00 1.6465416271e+00
1.5369886722e-04 9.5669407099e+03 1.5707963268e+00 1.6522353081e+00
1.5469837730e-04 9.5506079323e+03 1.5707963268e+00 1.6579482591e+00
1.5571959797e-04 9.5341582638e+03 1.5707963268e+00 1.6636807165e+00
1.5676373463e-04 9.5175906737e+03 1.5707963268e+00 1.6694329207e+00
1.5783209553e-04 9.5009041385e+03 1.5707963268e+00 1.6752051162e+00
1.5892610366e-04 9.4840976454e+03 1.5707963268e+00 1.6809975517e+00
1.6004731059e-04 9.4671701954e+03 1.5707963268e+00 1.6868104801e+00
1.6119741238e-04 9.4501208085e+03 1.5707963268e+00 1.6926441587e+00
1.6237826804e-04 9.4329485290e+03 1.5707963268e+00 1.6984988489e+00
1.6359192097e-04 9.4156524315e+03 1.5707963268e+00 1.7043748168e+00
1.6484062412e-04 9.3982316285e+03 1.5707963268e+00 1.7102723329e+00
1.6612686954e-04 9.3806852797e+03 1.5707963268e+00 1.7161916721e+00
1.6745342327e-04 9.3630126024e+03 1.5707963268e+00 1.7221331139e+00
1.6882336686e-04 9.3452128847e+03 1.5707963268e+00 1.7280969424e+00
1.7024014704e-04 9.3272855007e+03 1.5707963268e+00 1.7340834461e+00
1.7170763547e-04 9.3092299301e+03 1.5707963268e+00 1.7400929183e+00
1.7323020125e-04 9.2910457807e+03 1.5707963268e+00 1.7461256565e+00
1.7481279940e-04 9.2727328177e+03 1.5707963268e+00 1.7521819628e+00
1.7646107998e-04 9.2542909985e+03 1.5707963268e+00 1.7582621434e+00
1.7818152362e-04 9.2357205172e+03 1.5707963268e+00 1.7643665088e+00
1.7998161161e-04 9.2170218608e+03 1.5707963268e+00 1.7704953734e+00
1.8187004168e-04 9.1981958796e+03 1.5707963268e+00 1.7766490550e+00
1.8385700487e-04 9.1792438793e+03 1.5707963268e+00 1.7828278746e+00
1.8595454545e-04 9.1601677401e+03 1.5707963268e+00 1.7890321560e+00
1.8817703548e-04 9.1409700746e+03 1.5707963268e+00 1.7952622246e+00
1.9054181057e-04 9.1216544388e+03 1.5707963268e+00 1.8015184069e+00
1.9307003689e-04 9.1022256208e+03 1.5707963268e+00 1.8078010289e+00
1.9578791777e-04 9.0826900416e+03 1.5707963268e+00 1.8141104144e+00
1.9872841144e-04 9.0630563251e+03 1.5707963268e+00 1.8204468829e+00
2.0193374227e-04 9.0433361290e+03 1.5707963268e+00 1.8268107459e+00
2.0545918579e-04 9.0235453913e+03 1.5707963268e+00 1.8332023031e+00
2.0937898296e-04 9.0037062671e+03 1.5707963268e+00 1.8396218353e+00
2.1379598725e-04 8.9838502616e+03 1.5707963268e+00 1.8460695954e+00
2.1885824522e-04 8.9640235551e+03 1.5707963268e+00 1.8525457941e+00
2.2478940831e-04 8.9442966235e+03 1.5707963268e+00 1.8590505779e+00
2.3194936204e-04 8.9247830203e+03 1.5707963268e+00 1.8655839915e+00
2.4096931591e-04 8.9056799932e+03 1.5707963268e+00 1.8721459128e+00
2.5310414303e-04 8.8873697928e+03 1.5707963268e+00 1.8787359250e+00
2.7140764505e-04 8.8707340192e+03 1.5707963268e+00 1.8853530355e+00
