0.0000000000e+00 1.2329030097e+04 1.5707963268e+00 0.0000000000e+00
2.7927914777e-07 1.2329030097e+04 1.5707963268e+00 -3.5971223022e-03
5.5855829554e-07 1.2329017473e+04 1.5707963268e+00 -7.1942446043e-03
8.3783817657e-07 1.2328992224e+04 1.5707963268e+00 -1.0791374273e-02
1.1171195242e-06 1.2328954350e+04 1.5707963268e+00 -1.4388518676e-02
1.3964030716e-06 1.2328903851e+04 1.5707963268e+00 -1.7985685178e-02
1.6756895523e-06 1.2328840726e+04 1.5707963268e+00 -2.1582881149e-02
1.9549796997e-06 1.2328764974e+04 1.5707963268e+00 -2.5180113955e-02
2.2342742474e-06 1.2328676595e+04 1.5707963268e+00 -2.8777390966e-02
2.5135739292e-06 1.2328575586e+04 1.5707963268e+00 -3.2374719552e-02
2.7928794790e-06 1.2328461948e+04 1.5707963268e+00 -3.5972107083e-02
3.0721916309e-06 1.2328335677e+04 1.5707963268e+00 -3.9569560932e-02
3.3515111194e-06 1.2328196772e+04 1.5707963268e+00 -4.3167088473e-02
3.6308386791e-06 1.2328045230e+04 1.5707963268e+00 -4.6764697081e-02
3.9101750449e-06 1.2327881051e+04 1.5707963268e+00 -5.0362394135e-02
4.1895209521e-06 1.2327704230e+04 1.5707963268e+00 -5.3960187014e-02
4.4688771364e-06 1.2327514765e+04 1.5707963268e+00 -5.7558083101e-02
4.7482443336e-06 1.2327312653e+04 1.5707963268e+00 -6.1156089780e-02
5.0276232803e-06 1.2327097891e+04 1.5707963268e+00 -6.4754214439e-02
5.3070147134e-06 1.2326870475e+04 1.5707963268e+00 -6.8352464469e-02
5.5864193700e-06 1.2326630402e+04 1.5707963268e+00 -7.1950847263e-02
5.8658379881e-06 1.2326377668e+04 1.5707963268e+00 -7.5549370218e-02
6.1452713060e-06 1.2326112269e+04 1.5707963268e+00 -7.9148040734e-02
6.4247200626e-06 1.2325834201e+04 1.5707963268e+00 -8.2746866217e-02
6.7041849973e-06 1.2325543458e+04 1.5707963268e+00 -8.6345854073e-02
6.9836668504e-06 1.2325240037e+04 1.5707963268e+00 -8.9945011716e-02
7.2631663625e-06 1.2324923932e+04 1.5707963268e+00 -9.3544346562e-02
7.5426842750e-06 1.2324595138e+04 1.5707963268e+00 -9.7143866031e-02
7.8222213301e-06 1.2324253651e+04 1.5707963268e+00 -1.0074357755e-01
8.1017782706e-06 1.2323899463e+04 1.5707963268e+00 -1.0434348855e-01
8.3813558401e-06 1.2323532570e+04 1.5707963268e+00 -1.0794360647e-01
8.6609547830e-06 1.2323152965e+04 1.5707963268e+00 -1.1154393874e-01
8.9405758446e-06 1.2322760642e+04 1.5707963268e+00 -1.1514449282e-01
9.2202197708e-06 1.2322355595e+04 1.5707963268e+00 -1.1874527615e-01
9.4998873087e-06 1.2321937817e+04 1.5707963268e+00 -1.2234629620e-01
9.7795792061e-06 1.2321507301e+04 1.5707963268e+00 -1.2594756042e-01
1.0059296212e-05 1.2321064040e+04 1.5707963268e+00 -1.2954907630e-01
1.0339039075e-05 1.2320608026e+04 1.5707963268e+00 -1.3315085130e-01
1.0618808548e-05 1.2320139252e+04 1.5707963268e+00 -1.3675289291e-01
1.0898605381e-05 1.2319657711e+04 1.5707963268e+00 -1.4035520862e-01
1.1178430328e-05 1.2319163394e+04 1.5707963268e+00 -1.4395780593e-01
1.1458284141e-05 1.2318656292e+04 1.5707963268e+00 -1.4756069234e-01
1.1738167578e-05 1.2318136399e+04 1.5707963268e+00 -1.5116387537e-01
1.2018081393e-05 1.2317603704e+04 1.5707963268e+00 -1.5476736254e-01
1.2298026344e-05 1.2317058199e+04 1.5707963268e+00 -1.5837116137e-01
1.2578003189e-05 1.2316499875e+04 1.5707963268e+00 -1.6197527939e-01
1.2858012689e-05 1.2315928722e+04 1.5707963268e+00 -1.6557972417e-01
1.3138055605e-05 1.2315344732e+04 1.5707963268e+00 -1.6918450324e-01
1.3418132699e-05 1.2314747893e+04 1.5707963268e+00 -1.7278962417e-01
1.3698244734e-05 1.2314138197e+04 1.5707963268e+00 -1.7639509453e-01
1.3978392476e-05 1.2313515632e+04 1.5707963268e+00 -1.8000092190e-01
1.4258576692e-05 1.2312880189e+04 1.5707963268e+00 -1.8360711386e-01
1.4538798149e-05 1.2312231857e+04 1.5707963268e+00 -1.8721367803e-01
1.4819057617e-05 1.2311570625e+04 1.5707963268e+00 -1.9082062200e-01
1.5099355866e-05 1.2310896481e+04 1.5707963268e+00 -1.9442795340e-01
1.5379693670e-05 1.2310209415e+04 1.5707963268e+00 -1.9803567984e-01
1.5660071802e-05 1.2309509415e+04 1.5707963268e+00 -2.0164380898e-01
1.5940491038e-05 1.2308796468e+04 1.5707963268e+00 -2.0525234846e-01
1.6220952154e-05 1.2308070564e+04 1.5707963268e+00 -2.0886130595e-01
1.6501455931e-05 1.2307331689e+04 1.5707963268e+00 -2.1247068910e-01
1.6782003148e-05 1.2306579831e+04 1.5707963268e+00 -2.1608050561e-01
1.7062594588e-05 1.2305814978e+04 1.5707963268e+00 -2.1969076317e-01
1.7343231035e-05 1.2305037116e+04 1.5707963268e+00 -2.2330146948e-01
1.7623913274e-05 1.2304246232e+04 1.5707963268e+00 -2.2691263227e-01
1.7904642094e-05 1.2303442314e+04 1.5707963268e+00 -2.3052425925e-01
1.8185418283e-05 1.2302625346e+04 1.5707963268e+00 -2.3413635818e-01
1.8466242634e-05 1.2301795316e+04 1.5707963268e+00 -2.3774893681e-01
1.8747115939e-05 1.2300952209e+04 1.5707963268e+00 -2.4136200291e-01
1.9028038995e-05 1.2300096011e+04 1.5707963268e+00 -2.4497556424e-01
1.9309012598e-05 1.2299226708e+04 1.5707963268e+00 -2.4858962862e-01
1.9590037547e-05 1.2298344284e+04 1.5707963268e+00 -2.5220420384e-01
1.9871114644e-05 1.2297448724e+04 1.5707963268e+00 -2.5581929773e-01
2.0152244693e-05 1.2296540014e+04 1.5707963268e+00 -2.5943491811e-01
2.0433428499e-05 1.2295618137e+04 1.5707963268e+00 -2.6305107284e-01
2.0714666870e-05 1.2294683078e+04 1.5707963268e+00 -2.6666776978e-01
2.0995960616e-05 1.2293734821e+04 1.5707963268e+00 -2.7028501681e-01
2.1277310549e-05 1.2292773350e+04 1.5707963268e+00 -2.7390282182e-01
2.1558717484e-05 1.2291798647e+04 1.5707963268e+00 -2.7752119270e-01
2.1840182238e-05 1.2290810698e+04 1.5707963268e+00 -2.8114013740e-01
2.2121705630e-05 1.2289809484e+04 1.5707963268e+00 -2.8475966384e-01
2.2403288481e-05 1.2288794988e+04 1.5707963268e+00 -2.8837977997e-01
2.2684931615e-05 1.2287767193e+04 1.5707963268e+00 -2.9200049377e-01
2.2966635860e-05 1.2286726082e+04 1.5707963268e+00 -2.9562181322e-01
2.3248402044e-05 1.2285671636e+04 1.5707963268e+00 -2.9924374632e-01
2.3530230998e-05 1.2284603837e+04 1.5707963268e+00 -3.0286630108e-01
2.3812123558e-05 1.2283522667e+04 1.5707963268e+00 -3.0648948555e-01
2.4094080558e-05 1.2282428107e+04 1.5707963268e+00 -3.1011330778e-01
2.4376102840e-05 1.2281320138e+04 1.5707963268e+00 -3.1373777582e-01
2.4658191244e-05 1.2280198742e+04 1.5707963268e+00 -3.1736289778e-01
2.4940346617e-05 1.2279063898e+04 1.5707963268e+00 -3.2098868175e-01
2.5222569804e-05 1.2277915587e+04 1.5707963268e+00 -3.2461513585e-01
2.5504861658e-05 1.2276753790e+04 1.5707963268e+00 -3.2824226824e-01
2.5787223031e-05 1.2275578486e+04 1.5707963268e+00 -3.3187008705e-01
2.6069654779e-05 1.2274389654e+04 1.5707963268e+00 -3.3549860048e-01
2.6352157762e-05 1.2273187275e+04 1.5707963268e+00 -3.3912781671e-01
2.6634732841e-05 1.2271971327e+04 1.5707963268e+00 -3.4275774397e-01
2.6917380882e-05 1.2270741789e+04 1.5707963268e+00 -3.4638839049e-01
2.7200102753e-05 1.2269498639e+04 1.5707963268e+00 -3.5001976453e-01
2.7482899326e-05 1.2268241857e+04 1.5707963268e+00 -3.5365187435e-01
2.7765771473e-05 1.2266971419e+04 1.5707963268e+00 -3.5728472826e-01
2.8048720075e-05 1.2265687305e+04 1.5707963268e+00 -3.6091833457e-01
2.8331746010e-05 1.2264389492e+04 1.5707963268e+00 -3.6455270161e-01
2.8614850163e-05 1.2263077956e+04 1.5707963268e+00 -3.6818783775e-01
2.8898033423e-05 1.2261752675e+04 1.5707963268e+00 -3.7182375136e-01
2.9181296678e-05 1.2260413626e+04 1.5707963268e+00 -3.7546045084e-01
2.9464640825e-05 1.2259060785e+04 1.5707963268e+00 -3.7909794462e-01
2.9748066760e-05 1.2257694129e+04 1.5707963268e+00 -3.8273624113e-01
3.0031575385e-05 1.2256313634e+04 1.5707963268e+00 -3.8637534885e-01
3.0315167604e-05 1.2254919275e+04 1.5707963268e+00 -3.9001527626e-01
3.0598844327e-05 1.2253511027e+04 1.5707963268e+00 -3.9365603188e-01
3.0882606464e-05 1.2252088867e+04 1.5707963268e+00 -3.9729762423e-01
3.1166454931e-05 1.2250652769e+04 1.5707963268e+00 -4.0094006189e-01
3.1450390648e-05 1.2249202708e+04 1.5707963268e+00 -4.0458335342e-01
3.1734414538e-05 1.2247738657e+04 1.5707963268e+00 -4.0822750743e-01
3.2018527529e-05 1.2246260593e+04 1.5707963268e+00 -4.1187253256e-01
3.2302730550e-05 1.2244768487e+04 1.5707963268e+00 -4.1551843745e-01
3.2587024537e-05 1.2243262314e+04 1.5707963268e+00 -4.1916523080e-01
3.2871410429e-05 1.2241742047e+04 1.5707963268e+00 -4.2281292129e-01
3.3155889168e-05 1.2240207659e+04 1.5707963268e+00 -4.2646151766e-01
3.3440461701e-05 1.2238659123e+04 1.5707963268e+00 -4.3011102867e-01
3.3725128980e-05 1.2237096412e+04 1.5707963268e+00 -4.3376146310e-01
3.4009891959e-05 1.2235519497e+04 1.5707963268e+00 -4.3741282974e-01
3.4294751598e-05 1.2233928351e+04 1.5707963268e+00 -4.4106513744e-01
3.4579708861e-05 1.2232322945e+04 1.5707963268e+00 -4.4471839506e-01
3.4864764716e-05 1.2230703251e+04 1.5707963268e+00 -4.4837261148e-01
3.5149920135e-05 1.2229069239e+04 1.5707963268e+00 -4.5202779562e-01
3.5435176095e-05 1.2227420881e+04 1.5707963268e+00 -4.5568395641e-01
3.5720533578e-05 1.2225758147e+04 1.5707963268e+00 -4.5934110284e-01
3.6005993570e-05 1.2224081008e+04 1.5707963268e+00 -4.6299924389e-01
3.6291557061e-05 1.2222389432e+04 1.5707963268e+00 -4.6665838860e-01
3.6577225046e-05 1.2220683390e+04 1.5707963268e+00 -4.7031854601e-01
3.6862998526e-05 1.2218962852e+04 1.5707963268e+00 -4.7397972522e-01
3.7148878505e-05 1.2217227786e+04 1.5707963268e+00 -4.7764193533e-01
3.7434865992e-05 1.2215478161e+04 1.5707963268e+00 -4.8130518550e-01
3.7720962004e-05 1.2213713945e+04 1.5707963268e+00 -4.8496948490e-01
3.8007167557e-05 1.2211935107e+04 1.5707963268e+00 -4.8863484272e-01
3.8293483678e-05 1.2210141615e+04 1.5707963268e+00 -4.9230126821e-01
3.8579911396e-05 1.2208333436e+04 1.5707963268e+00 -4.9596877063e-01
3.8866451746e-05 1.2206510538e+04 1.5707963268e+00 -4.9963735928e-01
3.9153105766e-05 1.2204672886e+04 1.5707963268e+00 -5.0330704348e-01
3.9439874503e-05 1.2202820449e+04 1.5707963268e+00 -5.0697783261e-01
3.9726759007e-05 1.2200953193e+04 1.5707963268e+00 -5.1064973604e-01
4.0013760334e-05 1.2199071083e+04 1.5707963268e+00 -5.1432276321e-01
4.0300879546e-05 1.2197174085e+04 1.5707963268e+00 -5.1799692358e-01
4.0588117708e-05 1.2195262166e+04 1.5707963268e+00 -5.2167222664e-01
4.0875475893e-05 1.2193335289e+04 1.5707963268e+00 -5.2534868192e-01
4.1162955180e-05 1.2191393419e+04 1.5707963268e+00 -5.2902629897e-01
4.1450556652e-05 1.2189436522e+04 1.5707963268e+00 -5.3270508739e-01
4.1738281399e-05 1.2187464561e+04 1.5707963268e+00 -5.3638505681e-01
4.2026130516e-05 1.2185477501e+04 1.5707963268e+00 -5.4006621689e-01
4.2314105104e-05 1.2183475304e+04 1.5707963268e+00 -5.4374857733e-01
4.2602206272e-05 1.2181457934e+04 1.5707963268e+00 -5.4743214787e-01
4.2890435131e-05 1.2179425354e+04 1.5707963268e+00 -5.5111693829e-01
4.3178792802e-05 1.2177377527e+04 1.5707963268e+00 -5.5480295837e-01
4.3467280411e-05 1.2175314414e+04 1.5707963268e+00 -5.5849021798e-01
4.3755899089e-05 1.2173235978e+04 1.5707963268e+00 -5.6217872700e-01
4.4044649974e-05 1.2171142180e+04 1.5707963268e+00 -5.6586849534e-01
4.4333534212e-05 1.2169032982e+04 1.5707963268e+00 -5.6955953296e-01
4.4622552954e-05 1.2166908344e+04 1.5707963268e+00 -5.7325184985e-01
4.4911707357e-05 1.2164768227e+04 1.5707963268e+00 -5.7694545606e-01
4.5200998587e-05 1.2162612591e+04 1.5707963268e+00 -5.8064036165e-01
4.5490427813e-05 1.2160441396e+04 1.5707963268e+00 -5.8433657674e-01
4.5779996215e-05 1.2158254602e+04 1.5707963268e+00 -5.8803411148e-01
4.6069704977e-05 1.2156052168e+04 1.5707963268e+00 -5.9173297607e-01
4.6359555292e-05 1.2153834053e+04 1.5707963268e+00 -5.9543318074e-01
4.6649548357e-05 1.2151600215e+04 1.5707963268e+00 -5.9913473575e-01
4.6939685379e-05 1.2149350612e+04 1.5707963268e+00 -6.0283765144e-01
4.7229967572e-05 1.2147085202e+04 1.5707963268e+00 -6.0654193815e-01
4.7520396156e-05 1.2144803944e+04 1.5707963268e+00 -6.1024760630e-01
4.7810972359e-05 1.2142506793e+04 1.5707963268e+00 -6.1395466631e-01
4.8101697417e-05 1.2140193707e+04 1.5707963268e+00 -6.1766312868e-01
4.8392572572e-05 1.2137864642e+04 1.5707963268e+00 -6.2137300394e-01
4.8683599076e-05 1.2135519554e+04 1.5707963268e+00 -6.2508430265e-01
4.8974778186e-05 1.2133158398e+04 1.5707963268e+00 -6.2879703545e-01
4.9266111169e-05 1.2130781131e+04 1.5707963268e+00 -6.3251121298e-01
4.9557599299e-05 1.2128387707e+04 1.5707963268e+00 -6.3622684597e-01
4.9849243859e-05 1.2125978080e+04 1.5707963268e+00 -6.3994394515e-01
5.0141046139e-05 1.2123552205e+04 1.5707963268e+00 -6.4366252134e-01
5.0433007437e-05 1.2121110035e+04 1.5707963268e+00 -6.4738258538e-01
5.0725129060e-05 1.2118651524e+04 1.5707963268e+00 -6.5110414815e-01
5.1017412323e-05 1.2116176626e+04 1.5707963268e+00 -6.5482722060e-01
5.1309858550e-05 1.2113685292e+04 1.5707963268e+00 -6.5855181373e-01
5.1602469074e-05 1.2111177475e+04 1.5707963268e+00 -6.6227793856e-01
5.1895245236e-05 1.2108653127e+04 1.5707963268e+00 -6.6600560618e-01
5.2188188385e-05 1.2106112199e+04 1.5707963268e+00 -6.6973482772e-01
5.2481299880e-05 1.2103554643e+04 1.5707963268e+00 -6.7346561437e-01
5.2774581090e-05 1.2100980409e+04 1.5707963268e+00 -6.7719797737e-01
5.3068033390e-05 1.2098389448e+04 1.5707963268e+00 -6.8093192800e-01
5.3361658168e-05 1.2095781709e+04 1.5707963268e+00 -6.8466747759e-01
5.3655456818e-05 1.2093157143e+04 1.5707963268e+00 -6.8840463753e-01
5.3949430746e-05 1.2090515697e+04 1.5707963268e+00 -6.9214341927e-01
5.4243581366e-05 1.2087857322e+04 1.5707963268e+00 -6.9588383429e-01
5.4537910102e-05 1.2085181964e+04 1.5707963268e+00 -6.9962589414e-01
5.4832418389e-05 1.2082489573e+04 1.5707963268e+00 -7.0336961042e-01
5.5127107669e-05 1.2079780095e+04 1.5707963268e+00 -7.0711499479e-01
5.5421979399e-05 1.2077053478e+04 1.5707963268e+00 -7.1086205895e-01
5.5717035040e-05 1.2074309668e+04 1.5707963268e+00 -7.1461081466e-01
5.6012276068e-05 1.2071548612e+04 1.5707963268e+00 -7.1836127375e-01
5.6307703968e-05 1.2068770255e+04 1.5707963268e+00 -7.2211344809e-01
5.6603320234e-05 1.2065974543e+04 1.5707963268e+00 -7.2586734961e-01
5.6899126373e-05 1.2063161420e+04 1.5707963268e+00 -7.2962299030e-01
5.7195123902e-05 1.2060330831e+04 1.5707963268e+00 -7.3338038221e-01
5.7491314347e-05 1.2057482721e+04 1.5707963268e+00 -7.3713953745e-01
5.7787699248e-05 1.2054617032e+04 1.5707963268e+00 -7.4090046817e-01
5.8084280155e-05 1.2051733708e+04 1.5707963268e+00 -7.4466318661e-01
5.8381058628e-05 1.2048832692e+04 1.5707963268e+00 -7.4842770504e-01
5.8678036241e-05 1.2045913926e+04 1.5707963268e+00 -7.5219403581e-01
5.8975214577e-05 1.2042977351e+04 1.5707963268e+00 -7.5596219133e-01
5.9272595232e-05 1.2040022910e+04 1.5707963268e+00 -7.5973218407e-01
5.9570179814e-05 1.2037050543e+04 1.5707963268e+00 -7.6350402655e-01
5.9867969943e-05 1.2034060190e+04 1.5707963268e+00 -7.6727773137e-01
6.0165967250e-05 1.2031051791e+04 1.5707963268e+00 -7.7105331119e-01
6.0464173381e-05 1.2028025287e+04 1.5707963268e+00 -7.7483077872e-01
6.0762589991e-05 1.2024980616e+04 1.5707963268e+00 -7.7861014676e-01
6.1061218751e-05 1.2021917716e+04 1.5707963268e+00 -7.8239142815e-01
6.1360061341e-05 1.2018836525e+04 1.5707963268e+00 -7.8617463581e-01
6.1659119457e-05 1.2015736983e+04 1.5707963268e+00 -7.8995978273e-01
6.1958394808e-05 1.2012619024e+04 1.5707963268e+00 -7.9374688195e-01
6.2257889113e-05 1.2009482586e+04 1.5707963268e+00 -7.9753594660e-01
6.2557604110e-05 1.2006327606e+04 1.5707963268e+00 -8.0132698986e-01
6.2857541544e-05 1.2003154018e+04 1.5707963268e+00 -8.0512002499e-01
6.3157703179e-05 1.1999961758e+04 1.5707963268e+00 -8.0891506532e-01
6.3458090791e-05 1.1996750761e+04 1.5707963268e+00 -8.1271212424e-01
6.3758706170e-05 1.1993520961e+04 1.5707963268e+00 -8.1651121523e-01
6.4059551119e-05 1.1990272290e+04 1.5707963268e+00 -8.2031235183e-01
6.4360627459e-05 1.1987004683e+04 1.5707963268e+00 -8.2411554764e-01
6.4661937022e-05 1.1983718072e+04 1.5707963268e+00 -8.2792081636e-01
6.4963481656e-05 1.1980412389e+04 1.5707963268e+00 -8.3172817174e-01
6.5265263225e-05 1.1977087565e+04 1.5707963268e+00 -8.3553762763e-01
6.5567283608e-05 1.1973743532e+04 1.5707963268e+00 -8.3934919792e-01
6.5869544698e-05 1.1970380220e+04 1.5707963268e+00 -8.4316289662e-01
6.6172048404e-05 1.1966997558e+04 1.5707963268e+00 -8.4697873779e-01
6.6474796653e-05 1.1963595477e+04 1.5707963268e+00 -8.5079673556e-01
6.6777791384e-05 1.1960173905e+04 1.5707963268e+00 -8.5461690415e-01
6.7081034556e-05 1.1956732771e+04 1.5707963268e+00 -8.5843925787e-01
6.7384528142e-05 1.1953272001e+04 1.5707963268e+00 -8.6226381110e-01
6.7688274133e-05 1.1949791524e+04 1.5707963268e+00 -8.6609057829e-01
6.7992274536e-05 1.1946291266e+04 1.5707963268e+00 -8.6991957399e-01
6.8296531375e-05 1.1942771152e+04 1.5707963268e+00 -8.7375081282e-01
6.8601046692e-05 1.1939231109e+04 1.5707963268e+00 -8.7758430949e-01
6.8905822545e-05 1.1935671061e+04 1.5707963268e+00 -8.8142007879e-01
6.9210861013e-05 1.1932090932e+04 1.5707963268e+00 -8.8525813559e-01
6.9516164188e-05 1.1928490647e+04 1.5707963268e+00 -8.8909849486e-01
6.9821734184e-05 1.1924870128e+04 1.5707963268e+00 -8.9294117164e-01
7.0127573133e-05 1.1921229298e+04 1.5707963268e+00 -8.9678618107e-01
7.0433683184e-05 1.1917568079e+04 1.5707963268e+00 -9.0063353837e-01
7.0740066507e-05 1.1913886391e+04 1.5707963268e+00 -9.0448325885e-01
7.1046725289e-05 1.1910184157e+04 1.5707963268e+00 -9.0833535792e-01
7.1353661737e-05 1.1906461295e+04 1.5707963268e+00 -9.1218985106e-01
7.1660878079e-05 1.1902717726e+04 1.5707963268e+00 -9.1604675386e-01
7.1968376563e-05 1.1898953368e+04 1.5707963268e+00 -9.1990608200e-01
7.2276159454e-05 1.1895168139e+04 1.5707963268e+00 -9.2376785124e-01
7.2584229041e-05 1.1891361958e+04 1.5707963268e+00 -9.2763207745e-01
7.2892587633e-05 1.1887534740e+04 1.5707963268e+00 -9.3149877659e-01
7.3201237559e-05 1.1883686402e+04 1.5707963268e+00 -9.3536796472e-01
7.3510181169e-05 1.1879816861e+04 1.5707963268e+00 -9.3923965797e-01
7.3819420837e-05 1.1875926030e+04 1.5707963268e+00 -9.4311387262e-01
7.4128958956e-05 1.1872013824e+04 1.5707963268e+00 -9.4699062500e-01
7.4438797943e-05 1.1868080157e+04 1.5707963268e+00 -9.5086993156e-01
7.4748940238e-05 1.1864124942e+04 1.5707963268e+00 -9.5475180886e-01
7.5059388301e-05 1.1860148091e+04 1.5707963268e+00 -9.5863627354e-01
7.5370144618e-05 1.1856149515e+04 1.5707963268e+00 -9.6252334237e-01
7.5681211698e-05 1.1852129126e+04 1.5707963268e+00 -9.6641303220e-01
7.5992592072e-05 1.1848086834e+04 1.5707963268e+00 -9.7030536000e-01
7.6304288297e-05 1.1844022548e+04 1.5707963268e+00 -9.7420034283e-01
7.6616302953e-05 1.1839936178e+04 1.5707963268e+00 -9.7809799788e-01
7.6928638646e-05 1.1835827630e+04 1.5707963268e+00 -9.8199834244e-01
7.7241298007e-05 1.1831696813e+04 1.5707963268e+00 -9.8590139389e-01
7.7554283692e-05 1.1827543633e+04 1.5707963268e+00 -9.8980716974e-01
7.7867598382e-05 1.1823367997e+04 1.5707963268e+00 -9.9371568762e-01
7.8181244786e-05 1.1819169809e+04 1.5707963268e+00 -9.9762696526e-01
7.8495225638e-05 1.1814948973e+04 1.5707963268e+00 -1.0015410205e+00
7.8809543700e-05 1.1810705394e+04 1.5707963268e+00 -1.0054578713e+00
7.9124201760e-05 1.1806438974e+04 1.5707963268e+00 -1.0093775357e+00
7.9439202637e-05 1.1802149616e+04 1.5707963268e+00 -1.0133000319e+00
7.9754549173e-05 1.1797837220e+04 1.5707963268e+00 -1.0172253783e+00
8.0070244244e-05 1.1793501688e+04 1.5707963268e+00 -1.0211535933e+00
8.0386290750e-05 1.1789142920e+04 1.5707963268e+00 -1.0250846954e+00
8.0702691624e-05 1.1784760813e+04 1.5707963268e+00 -1.0290187032e+00
8.1019449827e-05 1.1780355267e+04 1.5707963268e+00 -1.0329556357e+00
8.1336568351e-05 1.1775926179e+04 1.5707963268e+00 -1.0368955117e+00
8.1654050217e-05 1.1771473445e+04 1.5707963268e+00 -1.0408383503e+00
8.1971898480e-05 1.1766996962e+04 1.5707963268e+00 -1.0447841706e+00
8.2290116224e-05 1.1762496623e+04 1.5707963268e+00 -1.0487329919e+00
8.2608706566e-05 1.1757972324e+04 1.5707963268e+00 -1.0526848338e+00
8.2927672656e-05 1.1753423957e+04 1.5707963268e+00 -1.0566397157e+00
8.3247017677e-05 1.1748851416e+04 1.5707963268e+00 -1.0605976573e+00
8.3566744844e-05 1.1744254590e+04 1.5707963268e+00 -1.0645586786e+00
8.3886857407e-05 1.1739633372e+04 1.5707963268e+00 -1.0685227994e+00
8.4207358652e-05 1.1734987651e+04 1.5707963268e+00 -1.0724900398e+00
8.4528251897e-05 1.1730317315e+04 1.5707963268e+00 -1.0764604202e+00
8.4849540497e-05 1.1725622253e+04 1.5707963268e+00 -1.0804339609e+00
8.5171227845e-05 1.1720902352e+04 1.5707963268e+00 -1.0844106824e+00
8.5493317367e-05 1.1716157498e+04 1.5707963268e+00 -1.0883906053e+00
8.5815812529e-05 1.1711387577e+04 1.5707963268e+00 -1.0923737506e+00
8.6138716834e-05 1.1706592472e+04 1.5707963268e+00 -1.0963601392e+00
8.6462033823e-05 1.1701772067e+04 1.5707963268e+00 -1.1003497921e+00
8.6785767075e-05 1.1696926245e+04 1.5707963268e+00 -1.1043427306e+00
8.7109920212e-05 1.1692054887e+04 1.5707963268e+00 -1.1083389762e+00
8.7434496892e-05 1.1687157873e+04 1.5707963268e+00 -1.1123385504e+00
8.7759500817e-05 1.1682235084e+04 1.5707963268e+00 -1.1163414748e+00
8.8084935729e-05 1.1677286397e+04 1.5707963268e+00 -1.1203477715e+00
8.8410805412e-05 1.1672311691e+04 1.5707963268e+00 -1.1243574623e+00
8.8737113693e-05 1.1667310842e+04 1.5707963268e+00 -1.1283705695e+00
8.9063864443e-05 1.1662283725e+04 1.5707963268e+00 -1.1323871155e+00
8.9391061576e-05 1.1657230216e+04 1.5707963268e+00 -1.1364071227e+00
8.9718709052e-05 1.1652150187e+04 1.5707963268e+00 -1.1404306138e+00
9.0046810876e-05 1.1647043511e+04 1.5707963268e+00 -1.1444576116e+00
9.0375371100e-05 1.1641910060e+04 1.5707963268e+00 -1.1484881392e+00
9.0704393821e-05 1.1636749703e+04 1.5707963268e+00 -1.1525222197e+00
9.1033883187e-05 1.1631562311e+04 1.5707963268e+00 -1.1565598764e+00
9.1363843392e-05 1.1626347752e+04 1.5707963268e+00 -1.1606011330e+00
9.1694278680e-05 1.1621105892e+04 1.5707963268e+00 -1.1646460130e+00
9.2025193346e-05 1.1615836597e+04 1.5707963268e+00 -1.1686945404e+00
9.2356591736e-05 1.1610539734e+04 1.5707963268e+00 -1.1727467392e+00
9.2688478247e-05 1.1605215164e+04 1.5707963268e+00 -1.1768026336e+00
9.3020857328e-05 1.1599862751e+04 1.5707963268e+00 -1.1808622481e+00
9.3353733485e-05 1.1594482357e+04 1.5707963268e+00 -1.1849256072e+00
9.3687111275e-05 1.1589073841e+04 1.5707963268e+00 -1.1889927358e+00
9.4020995312e-05 1.1583637063e+04 1.5707963268e+00 -1.1930636587e+00
9.4355390266e-05 1.1578171882e+04 1.5707963268e+00 -1.1971384013e+00
9.4690300866e-05 1.1572678152e+04 1.5707963268e+00 -1.2012169888e+00
9.5025731896e-05 1.1567155731e+04 1.5707963268e+00 -1.2052994468e+00
9.5361688201e-05 1.1561604472e+04 1.5707963268e+00 -1.2093858010e+00
9.5698174689e-05 1.1556024229e+04 1.5707963268e+00 -1.2134760775e+00
9.6035196324e-05 1.1550414853e+04 1.5707963268e+00 -1.2175703023e+00
9.6372758138e-05 1.1544776195e+04 1.5707963268e+00 -1.2216685019e+00
9.6710865221e-05 1.1539108104e+04 1.5707963268e+00 -1.2257707027e+00
9.7049522734e-05 1.1533410429e+04 1.5707963268e+00 -1.2298769317e+00
9.7388735897e-05 1.1527683016e+04 1.5707963268e+00 -1.2339872157e+00
9.7728510003e-05 1.1521925710e+04 1.5707963268e+00 -1.2381015820e+00
9.8068850409e-05 1.1516138355e+04 1.5707963268e+00 -1.2422200580e+00
9.8409762543e-05 1.1510320795e+04 1.5707963268e+00 -1.2463426713e+00
9.8751251903e-05 1.1504472870e+04 1.5707963268e+00 -1.2504694499e+00
9.9093324060e-05 1.1498594421e+04 1.5707963268e+00 -1.2546004217e+00
9.9435984656e-05 1.1492685285e+04 1.5707963268e+00 -1.2587356152e+00
9.9779239411e-05 1.1486745301e+04 1.5707963268e+00 -1.2628750588e+00
1.0012309412e-04 1.1480774304e+04 1.5707963268e+00 -1.2670187813e+00
1.0046755465e-04 1.1474772129e+04 1.5707963268e+00 -1.2711668118e+00
1.0081262695e-04 1.1468738608e+04 1.5707963268e+00 -1.2753191795e+00
1.0115831705e-04 1.1462673572e+04 1.5707963268e+00 -1.2794759139e+00
1.0150463106e-04 1.1456576853e+04 1.5707963268e+00 -1.2836370447e+00
1.0185157518e-04 1.1450448277e+04 1.5707963268e+00 -1.2878026020e+00
1.0219915569e-04 1.1444287672e+04 1.5707963268e+00 -1.2919726158e+00
1.0254737895e-04 1.1438094864e+04 1.5707963268e+00 -1.2961471168e+00
1.0289625141e-04 1.1431869676e+04 1.5707963268e+00 -1.3003261357e+00
1.0324577961e-04 1.1425611931e+04 1.5707963268e+00 -1.3045097034e+00
1.0359597020e-04 1.1419321449e+04 1.5707963268e+00 -1.3086978513e+00
1.0394682989e-04 1.1412998049e+04 1.5707963268e+00 -1.3128906108e+00
1.0429836551e-04 1.1406641550e+04 1.5707963268e+00 -1.3170880137e+00
1.0465058398e-04 1.1400251765e+04 1.5707963268e+00 -1.3212900922e+00
1.0500349231e-04 1.1393828511e+04 1.5707963268e+00 -1.3254968785e+00
1.0535709761e-04 1.1387371599e+04 1.5707963268e+00 -1.3297084053e+00
1.0571140712e-04 1.1380880841e+04 1.5707963268e+00 -1.3339247054e+00
1.0606642814e-04 1.1374356044e+04 1.5707963268e+00 -1.3381458121e+00
1.0642216812e-04 1.1367797017e+04 1.5707963268e+00 -1.3423717588e+00
1.0677863459e-04 1.1361203566e+04 1.5707963268e+00 -1.3466025793e+00
1.0713583520e-04 1.1354575493e+04 1.5707963268e+00 -1.3508383077e+00
1.0749377771e-04 1.1347912602e+04 1.5707963268e+00 -1.3550789782e+00
1.0785246999e-04 1.1341214692e+04 1.5707963268e+00 -1.3593246256e+00
1.0821192005e-04 1.1334481562e+04 1.5707963268e+00 -1.3635752849e+00
1.0857213600e-04 1.1327713008e+04 1.5707963268e+00 -1.3678309913e+00
1.0893312608e-04 1.1320908825e+04 1.5707963268e+00 -1.3720917804e+00
1.0929489864e-04 1.1314068805e+04 1.5707963268e+00 -1.3763576882e+00
1.0965746218e-04 1.1307192741e+04 1.5707963268e+00 -1.3806287508e+00
1.1002082532e-04 1.1300280419e+04 1.5707963268e+00 -1.3849050048e+00
1.1038499681e-04 1.1293331628e+04 1.5707963268e+00 -1.3891864872e+00
1.1074998554e-04 1.1286346152e+04 1.5707963268e+00 -1.3934732351e+00
1.1111580053e-04 1.1279323773e+04 1.5707963268e+00 -1.3977652861e+00
1.1148245096e-04 1.1272264274e+04 1.5707963268e+00 -1.4020626782e+00
1.1184994613e-04 1.1265167432e+04 1.5707963268e+00 -1.4063654496e+00
1.1221829552e-04 1.1258033025e+04 1.5707963268e+00 -1.4106736389e+00
1.1258750872e-04 1.1250860827e+04 1.5707963268e+00 -1.4149872851e+00
1.1295759551e-04 1.1243650609e+04 1.5707963268e+00 -1.4193064275e+00
1.1332856581e-04 1.1236402144e+04 1.5707963268e+00 -1.4236311058e+00
1.1370042970e-04 1.1229115198e+04 1.5707963268e+00 -1.4279613601e+00
1.1407319743e-04 1.1221789537e+04 1.5707963268e+00 -1.4322972309e+00
1.1444687942e-04 1.1214424925e+04 1.5707963268e+00 -1.4366387589e+00
1.1482148626e-04 1.1207021123e+04 1.5707963268e+00 -1.4409859855e+00
1.1519702871e-04 1.1199577891e+04 1.5707963268e+00 -1.4453389522e+00
1.1557351771e-04 1.1192094984e+04 1.5707963268e+00 -1.4496977009e+00
1.1595096440e-04 1.1184572157e+04 1.5707963268e+00 -1.4540622742e+00
1.1632938008e-04 1.1177009163e+04 1.5707963268e+00 -1.4584327149e+00
1.1670877627e-04 1.1169405749e+04 1.5707963268e+00 -1.4628090661e+00
1.1708916467e-04 1.1161761664e+04 1.5707963268e+00 -1.4671913715e+00
1.1747055719e-04 1.1154076652e+04 1.5707963268e+00 -1.4715796753e+00
1.1785296594e-04 1.1146350454e+04 1.5707963268e+00 -1.4759740218e+00
1.1823640324e-04 1.1138582811e+04 1.5707963268e+00 -1.4803744561e+00
1.1862088164e-04 1.1130773458e+04 1.5707963268e+00 -1.4847810235e+00
1.1900641388e-04 1.1122922131e+04 1.5707963268e+00 -1.4891937699e+00
1.1939301296e-04 1.1115028560e+04 1.5707963268e+00 -1.4936127415e+00
1.1978069210e-04 1.1107092475e+04 1.5707963268e+00 -1.4980379851e+00
1.2016946475e-04 1.1099113602e+04 1.5707963268e+00 -1.5024695480e+00
1.2055934460e-04 1.1091091663e+04 1.5707963268e+00 -1.5069074777e+00
1.2095034561e-04 1.1083026380e+04 1.5707963268e+00 -1.5113518225e+00
1.2134248198e-04 1.1074917470e+04 1.5707963268e+00 -1.5158026311e+00
1.2173576818e-04 1.1066764649e+04 1.5707963268e+00 -1.5202599525e+00
1.2213021892e-04 1.1058567627e+04 1.5707963268e+00 -1.5247238364e+00
1.2252584923e-04 1.1050326115e+04 1.5707963268e+00 -1.5291943331e+00
1.2292267438e-04 1.1042039817e+04 1.5707963268e+00 -1.5336714931e+00
1.2332070997e-04 1.1033708438e+04 1.5707963268e+00 -1.5381553676e+00
1.2371997185e-04 1.1025331676e+04 1.5707963268e+00 -1.5426460085e+00
1.2412047621e-04 1.1016909229e+04 1.5707963268e+00 -1.5471434679e+00
1.2452223954e-04 1.1008440790e+04 1.5707963268e+00 -1.5516477988e+00
1.2492527865e-04 1.0999926050e+04 1.5707963268e+00 -1.5561590543e+00
1.2532961068e-04 1.0991364696e+04 1.5707963268e+00 -1.5606772885e+00
1.2573525309e-04 1.0982756412e+04 1.5707963268e+00 -1.5652025560e+00
1.2614222372e-04 1.0974100878e+04 1.5707963268e+00 -1.5697349116e+00
1.2655054073e-04 1.0965397772e+04 1.5707963268e+00 -1.5742744112e+00
1.2696022268e-04 1.0956646767e+04 1.5707963268e+00 -1.5788211110e+00
1.2737128847e-04 1.0947847534e+04 1.5707963268e+00 -1.5833750678e+00
1.2778375741e-04 1.0938999739e+04 1.5707963268e+00 -1.5879363391e+00
1.2819764919e-04 1.0930103046e+04 1.5707963268e+00 -1.5925049831e+00
1.2861298392e-04 1.0921157114e+04 1.5707963268e+00 -1.5970810584e+00
1.2902978212e-04 1.0912161599e+04 1.5707963268e+00 -1.6016646244e+00
1.2944806474e-04 1.0903116153e+04 1.5707963268e+00 -1.6062557412e+00
1.2986785318e-04 1.0894020426e+04 1.5707963268e+00 -1.6108544695e+00
1.3028916928e-04 1.0884874060e+04 1.5707963268e+00 -1.6154608706e+00
1.3071203536e-04 1.0875676698e+04 1.5707963268e+00 -1.6200750065e+00
1.3113647422e-04 1.0866427975e+04 1.5707963268e+00 -1.6246969400e+00
1.3156250915e-04 1.0857127525e+04 1.5707963268e+00 -1.6293267346e+00
1.3199016395e-04 1.0847774976e+04 1.5707963268e+00 -1.6339644543e+00
1.3241946295e-04 1.0838369953e+04 1.5707963268e+00 -1.6386101641e+00
1.3285043101e-04 1.0828912076e+04 1.5707963268e+00 -1.6432639295e+00
1.3328309356e-04 1.0819400962e+04 1.5707963268e+00 -1.6479258170e+00
1.3371747661e-04 1.0809836222e+04 1.5707963268e+00 -1.6525958936e+00
1.3415360673e-04 1.0800217464e+04 1.5707963268e+00 -1.6572742272e+00
1.3459151113e-04 1.0790544290e+04 1.5707963268e+00 -1.6619608865e+00
1.3503121764e-04 1.0780816301e+04 1.5707963268e+00 -1.6666559410e+00
1.3547275472e-04 1.0771033088e+04 1.5707963268e+00 -1.6713594610e+00
1.3591615153e-04 1.0761194243e+04 1.5707963268e+00 -1.6760715175e+00
1.3636143789e-04 1.0751299350e+04 1.5707963268e+00 -1.6807921826e+00
1.3680864435e-04 1.0741347988e+04 1.5707963268e+00 -1.6855215289e+00
1.3725780219e-04 1.0731339733e+04 1.5707963268e+00 -1.6902596301e+00
1.3770894344e-04 1.0721274156e+04 1.5707963268e+00 -1.6950065608e+00
1.3816210092e-04 1.0711150820e+04 1.5707963268e+00 -1.6997623964e+00
1.3861730826e-04 1.0700969287e+04 1.5707963268e+00 -1.7045272131e+00
1.3907459992e-04 1.0690729111e+04 1.5707963268e+00 -1.7093010883e+00
1.3953401124e-04 1.0680429843e+04 1.5707963268e+00 -1.7140841001e+00
1.3999557843e-04 1.0670071026e+04 1.5707963268e+00 -1.7188763277e+00
1.4045933863e-04 1.0659652201e+04 1.5707963268e+00 -1.7236778511e+00
1.4092532996e-04 1.0649172900e+04 1.5707963268e+00 -1.7284887514e+00
1.4139359149e-04 1.0638632652e+04 1.5707963268e+00 -1.7333091107e+00
1.4186416334e-04 1.0628030979e+04 1.5707963268e+00 -1.7381390122e+00
1.4233708668e-04 1.0617367398e+04 1.5707963268e+00 -1.7429785398e+00
1.4281240379e-04 1.0606641421e+04 1.5707963268e+00 -1.7478277790e+00
1.4329015806e-04 1.0595852551e+04 1.5707963268e+00 -1.7526868158e+00
1.4377039407e-04 1.0585000289e+04 1.5707963268e+00 -1.7575557376e+00
1.4425315765e-04 1.0574084127e+04 1.5707963268e+00 -1.7624346329e+00
1.4473849585e-04 1.0563103552e+04 1.5707963268e+00 -1.7673235913e+00
1.4522645706e-04 1.0552058045e+04 1.5707963268e+00 -1.7722227035e+00
1.4571709104e-04 1.0540947079e+04 1.5707963268e+00 -1.7771320614e+00
1.4621044894e-04 1.0529770123e+04 1.5707963268e+00 -1.7820517581e+00
1.4670658340e-04 1.0518526638e+04 1.5707963268e+00 -1.7869818879e+00
1.4720554858e-04 1.0507216078e+04 1.5707963268e+00 -1.7919225462e+00
1.4770740022e-04 1.0495837890e+04 1.5707963268e+00 -1.7968738299e+00
1.4821219573e-04 1.0484391516e+04 1.5707963268e+00 -1.8018358371e+00
1.4871999421e-04 1.0472876388e+04 1.5707963268e+00 -1.8068086670e+00
1.4923085656e-04 1.0461291935e+04 1.5707963268e+00 -1.8117924203e+00
1.4974484552e-04 1.0449637574e+04 1.5707963268e+00 -1.8167871991e+00
1.5026202579e-04 1.0437912719e+04 1.5707963268e+00 -1.8217931067e+00
1.5078246407e-04 1.0426116773e+04 1.5707963268e+00 -1.8268102479e+00
1.5130622914e-04 1.0414249134e+04 1.5707963268e+00 -1.8318387289e+00
1.5183339200e-04 1.0402309190e+04 1.5707963268e+00 -1.8368786573e+00
1.5236402591e-04 1.0390296324e+04 1.5707963268e+00 -1.8419301424e+00
1.5289820652e-04 1.0378209908e+04 1.5707963268e+00 -1.8469932945e+00
1.5343601197e-04 1.0366049307e+04 1.5707963268e+00 -1.8520682261e+00
1.5397752298e-04 1.0353813880e+04 1.5707963268e+00 -1.8571550506e+00
1.5452282299e-04 1.0341502974e+04 1.5707963268e+00 -1.8622538835e+00
1.5507199829e-04 1.0329115931e+04 1.5707963268e+00 -1.8673648417e+00
1.5562513810e-04 1.0316652080e+04 1.5707963268e+00 -1.8724880436e+00
1.5618233478e-04 1.0304110746e+04 1.5707963268e+00 -1.8776236096e+00
1.5674368392e-04 1.0291491243e+04 1.5707963268e+00 -1.8827716616e+00
1.5730928450e-04 1.0278792874e+04 1.5707963268e+00 -1.8879323232e+00
1.5787923911e-04 1.0266014937e+04 1.5707963268e+00 -1.8931057201e+00
1.5845365404e-04 1.0253156717e+04 1.5707963268e+00 -1.8982919794e+00
1.5903263951e-04 1.0240217491e+04 1.5707963268e+00 -1.9034912304e+00
1.5961630988e-04 1.0227196527e+04 1.5707963268e+00 -1.9087036040e+00
1.6020478383e-04 1.0214093082e+04 1.5707963268e+00 -1.9139292332e+00
1.6079818458e-04 1.0200906403e+04 1.5707963268e+00 -1.9191682529e+00
1.6139664016e-04 1.0187635729e+04 1.5707963268e+00 -1.9244208000e+00
1.6200028360e-04 1.0174280286e+04 1.5707963268e+00 -1.9296870136e+00
1.6260925328e-04 1.0160839292e+04 1.5707963268e+00 -1.9349670346e+00
1.6322369315e-04 1.0147311953e+04 1.5707963268e+00 -1.9402610062e+00
1.6384375304e-04 1.0133697464e+04 1.5707963268e+00 -1.9455690738e+00
1.6446958904e-04 1.0119995011e+04 1.5707963268e+00 -1.9508913848e+00
1.6510136379e-04 1.0106203767e+04 1.5707963268e+00 -1.9562280892e+00
1.6573924690e-04 1.0092322896e+04 1.5707963268e+00 -1.9615793390e+00
1.6638341529e-04 1.0078351548e+04 1.5707963268e+00 -1.9669452887e+00
1.6703405371e-04 1.0064288864e+04 1.5707963268e+00 -1.9723260951e+00
1.6769135512e-04 1.0050133972e+04 1.5707963268e+00 -1.9777219176e+00
1.6835552124e-04 1.0035885989e+04 1.5707963268e+00 -1.9831329180e+00
1.6902676306e-04 1.0021544021e+04 1.5707963268e+00 -1.9885592606e+00
1.6970530144e-04 1.0007107160e+04 1.5707963268e+00 -1.9940011125e+00
1.7039136770e-04 9.9925744866e+03 1.5707963268e+00 -1.9994586432e+00
1.7108520433e-04 9.9779450702e+03 1.5707963268e+00 -2.0049320252e+00
1.7178706569e-04 9.9632179671e+03 1.5707963268e+00 -2.0104214335e+00
1.7249721883e-04 9.9483922213e+03 1.5707963268e+00 -2.0159270462e+00
1.7321594430e-04 9.9334668642e+03 1.5707963268e+00 -2.0214490442e+00
1.7394353712e-04 9.9184409149e+03 1.5707963268e+00 -2.0269876112e+00
1.7468030778e-04 9.9033133797e+03 1.5707963268e+00 -2.0325429341e+00
1.7542658332e-04 9.8880832524e+03 1.5707963268e+00 -2.0381152029e+00
1.7618270856e-04 9.8727495141e+03 1.5707963268e+00 -2.0437046107e+00
1.7694904737e-04 9.8573111332e+03 1.5707963268e+00 -2.0493113538e+00
1.7772598413e-04 9.8417670657e+03 1.5707963268e+00 -2.0549356318e+00
1.7851392530e-04 9.8261162548e+03 1.5707963268e+00 -2.0605776478e+00
1.7931330111e-04 9.8103576317e+03 1.5707963268e+00 -2.0662376081e+00
1.8012456750e-04 9.7944901149e+03 1.5707963268e+00 -2.0719157228e+00
1.8094820813e-04 9.7785126113e+03 1.5707963268e+00 -2.0776122053e+00
1.8178473676e-04 9.7624240159e+03 1.5707963268e+00 -2.0833272728e+00
1.8263469974e-04 9.7462232123e+03 1.5707963268e+00 -2.0890611464e+00
1.8349867882e-04 9.7299090730e+03 1.5707963268e+00 -2.0948140507e+00
1.8437729430e-04 9.7134804602e+03 1.5707963268e+00 -2.1005862146e+00
1.8527120847e-04 9.6969362262e+03 1.5707963268e+00 -2.1063778707e+00
1.8618112953e-04 9.6802752142e+03 1.5707963268e+00 -2.1121892557e+00
1.8710781586e-04 9.6634962589e+03 1.5707963268e+00 -2.1180206106e+00
1.8805208093e-04 9.6465981881e+03 1.5707963268e+00 -2.1238721807e+00
1.8901479868e-04 9.6295798235e+03 1.5707963268e+00 -2.1297442155e+00
1.8999690974e-04 9.6124399822e+03 1.5707963268e+00 -2.1356369690e+00
1.9099942829e-04 9.5951774783e+03 1.5707963268e+00 -2.1415506997e+00
1.9202344998e-04 9.5777911253e+03 1.5707963268e+00 -2.1474856707e+00
1.9307016081e-04 9.5602797381e+03 1.5707963268e+00 -2.1534421500e+00
1.9414084737e-04 9.5426421357e+03 1.5707963268e+00 -2.1594204100e+00
1.9523690847e-04 9.5248771449e+03 1.5707963268e+00 -2.1654207285e+00
1.9635986855e-04 9.5069836037e+03 1.5707963268e+00 -2.1714433879e+00
1.9751139314e-04 9.4889603659e+03 1.5707963268e+00 -2.1774886757e+00
1.9869330675e-04 9.4708063068e+03 1.5707963268e+00 -2.1835568848e+00
1.9990761371e-04 9.4525203291e+03 1.5707963268e+00 -2.1896483129e+00
2.0115652251e-04 9.4341013710e+03 1.5707963268e+00 -2.1957632634e+00
2.0244247432e-04 9.4155484148e+03 1.5707963268e+00 -2.2019020447e+00
2.0376817684e-04 9.3968604980e+03 1.5707963268e+00 -2.2080649710e+00
2.0513664427e-04 9.3780367263e+03 1.5707963268e+00 -2.2142523615e+00
2.0655124523e-04 9.3590762894e+03 1.5707963268e+00 -2.2204645411e+00
2.0801576032e-04 9.3399784802e+03 1.5707963268e+00 -2.2267018402e+00
2.0953445173e-04 9.3207427182e+03 1.5707963268e+00 -2.2329645945e+00
2.1111214828e-04 9.3013685785e+03 1.5707963268e+00 -2.2392531453e+00
2.1275434988e-04 9.2818558274e+03 1.5707963268e+00 -2.2455678388e+00
2.1446735718e-04 9.2622044673e+03 1.5707963268e+00 -2.2519090268e+00
2.1625843395e-04 9.2424147929e+03 1.5707963268e+00 -2.2582770656e+00
2.1813601252e-04 9.2224874628e+03 1.5707963268e+00 -2.2646723164e+00
2.2010995680e-04 9.2024235913e+03 1.5707963268e+00 -2.2710951444e+00
2.2219190334e-04 9.1822248685e+03 1.5707963268e+00 -2.2775459187e+00
2.2439570954e-04 9.1618937180e+03 1.5707963268e+00 -2.2840250110e+00
2.2673805218e-04 9.1414335076e+03 1.5707963268e+00 -2.2905327951e+00
2.2923924065e-04 9.1208488363e+03 1.5707963268e+00 -2.2970696455e+00
2.3192434369e-04 9.1001459318e+03 1.5707963268e+00 -2.3036359352e+00
2.3482478586e-04 9.0793332127e+03 1.5707963268e+00 -2.3102320337e+00
2.3798066823e-04 9.0584221044e+03 1.5707963268e+00 -2.3168583039e+00
2.4144424330e-04 9.0374282555e+03 1.5707963268e+00 -2.3235150967e+00
2.4528530283e-04 9.0163734139e+03 1.5707963268e+00 -2.3302027451e+00
2.4959988432e-04 8.9952884368e+03 1.5707963268e+00 -2.3369215544e+00
2.5452506481e-04 8.9742183509e+03 1.5707963268e+00 -2.3436717880e+00
2.6026570768e-04 8.9532313759e+03 1.5707963268e+00 -2.3504536442e+00
2.6714679794e-04 8.9324362398e+03 1.5707963268e+00 -2.3572672204e+00
2.7572712633e-04 8.9120187716e+03 1.5707963268e+00 -2.3641124476e+00
2.8708502271e-04 8.8923301953e+03 1.5707963268e+00 -2.3709889679e+00
3.0371527322e-04 8.8741468798e+03 1.5707963268e+00 -2.3778958717e+00
