0.0000000000e+00 1.2595124272e+04 1.5707963268e+00 0.0000000000e+00
2.7200879149e-07 1.2595124272e+04 1.5707963268e+00 -3.5211267606e-03
5.4401758298e-07 1.2595115474e+04 1.5707963268e+00 -7.0422535211e-03
8.1602682684e-07 1.2595097879e+04 1.5707963268e+00 -1.0563385201e-02
1.0880369755e-06 1.2595071486e+04 1.5707963268e+00 -1.4084526718e-02
1.3600484812e-06 1.2595036295e+04 1.5707963268e+00 -1.7605682993e-02
1.6320617966e-06 1.2594992305e+04 1.5707963268e+00 -2.1126858944e-02
1.9040773740e-06 1.2594939517e+04 1.5707963268e+00 -2.4648059492e-02
2.1760956659e-06 1.2594877929e+04 1.5707963268e+00 -2.8169289555e-02
2.4481171251e-06 1.2594807540e+04 1.5707963268e+00 -3.1690554056e-02
2.7201422040e-06 1.2594728350e+04 1.5707963268e+00 -3.5211857915e-02
2.9921713557e-06 1.2594640358e+04 1.5707963268e+00 -3.8733206055e-02
3.2642050328e-06 1.2594543562e+04 1.5707963268e+00 -4.2254603398e-02
3.5362436885e-06 1.2594437961e+04 1.5707963268e+00 -4.5776054868e-02
3.8082877758e-06 1.2594323553e+04 1.5707963268e+00 -4.9297565391e-02
4.0803377482e-06 1.2594200338e+04 1.5707963268e+00 -5.2819139892e-02
4.3523940589e-06 1.2594068313e+04 1.5707963268e+00 -5.6340783299e-02
4.6244571618e-06 1.2593927476e+04 1.5707963268e+00 -5.9862500541e-02
4.8965275106e-06 1.2593777826e+04 1.5707963268e+00 -6.3384296548e-02
5.1686055593e-06 1.2593619360e+04 1.5707963268e+00 -6.6906176252e-02
5.4406917622e-06 1.2593452076e+04 1.5707963268e+00 -7.0428144587e-02
5.7127865738e-06 1.2593275972e+04 1.5707963268e+00 -7.3950206488e-02
5.9848904488e-06 1.2593091045e+04 1.5707963268e+00 -7.7472366893e-02
6.2570038422e-06 1.2592897292e+04 1.5707963268e+00 -8.0994630741e-02
6.5291272092e-06 1.2592694711e+04 1.5707963268e+00 -8.4517002973e-02
6.8012610054e-06 1.2592483298e+04 1.5707963268e+00 -8.8039488534e-02
7.0734056865e-06 1.2592263051e+04 1.5707963268e+00 -9.1562092370e-02
7.3455617089e-06 1.2592033966e+04 1.5707963268e+00 -9.5084819429e-02
7.6177295289e-06 1.2591796040e+04 1.5707963268e+00 -9.8607674662e-02
7.8899096033e-06 1.2591549270e+04 1.5707963268e+00 -1.0213066302e-01
8.1621023893e-06 1.2591293652e+04 1.5707963268e+00 -1.0565378947e-01
8.4343083444e-06 1.2591029182e+04 1.5707963268e+00 -1.0917705896e-01
8.7065279266e-06 1.2590755856e+04 1.5707963268e+00 -1.1270047646e-01
8.9787615941e-06 1.2590473671e+04 1.5707963268e+00 -1.1622404693e-01
9.2510098057e-06 1.2590182621e+04 1.5707963268e+00 -1.1974777534e-01
9.5232730204e-06 1.2589882704e+04 1.5707963268e+00 -1.2327166666e-01
9.7955516978e-06 1.2589573914e+04 1.5707963268e+00 -1.2679572588e-01
1.0067846298e-05 1.2589256247e+04 1.5707963268e+00 -1.3031995796e-01
1.0340157281e-05 1.2588929697e+04 1.5707963268e+00 -1.3384436789e-01
1.0612485109e-05 1.2588594262e+04 1.5707963268e+00 -1.3736896066e-01
1.0884830242e-05 1.2588249934e+04 1.5707963268e+00 -1.4089374126e-01
1.1157193142e-05 1.2587896710e+04 1.5707963268e+00 -1.4441871468e-01
1.1429574273e-05 1.2587534584e+04 1.5707963268e+00 -1.4794388592e-01
1.1701974097e-05 1.2587163550e+04 1.5707963268e+00 -1.5146925998e-01
1.1974393077e-05 1.2586783603e+04 1.5707963268e+00 -1.5499484188e-01
1.2246831677e-05 1.2586394738e+04 1.5707963268e+00 -1.5852063661e-01
1.2519290363e-05 1.2585996949e+04 1.5707963268e+00 -1.6204664920e-01
1.2791769599e-05 1.2585590229e+04 1.5707963268e+00 -1.6557288467e-01
1.3064269852e-05 1.2585174573e+04 1.5707963268e+00 -1.6909934804e-01
1.3336791587e-05 1.2584749974e+04 1.5707963268e+00 -1.7262604434e-01
1.3609335273e-05 1.2584316426e+04 1.5707963268e+00 -1.7615297862e-01
1.3881901376e-05 1.2583873923e+04 1.5707963268e+00 -1.7968015589e-01
1.4154490365e-05 1.2583422458e+04 1.5707963268e+00 -1.8320758122e-01
1.4427102709e-05 1.2582962024e+04 1.5707963268e+00 -1.8673525966e-01
1.4699738878e-05 1.2582492615e+04 1.5707963268e+00 -1.9026319625e-01
1.4972399343e-05 1.2582014223e+04 1.5707963268e+00 -1.9379139606e-01
1.5245084574e-05 1.2581526841e+04 1.5707963268e+00 -1.9731986417e-01
1.5517795043e-05 1.2581030461e+04 1.5707963268e+00 -2.0084860563e-01
1.5790531224e-05 1.2580525078e+04 1.5707963268e+00 -2.0437762553e-01
1.6063293589e-05 1.2580010681e+04 1.5707963268e+00 -2.0790692895e-01
1.6336082613e-05 1.2579487265e+04 1.5707963268e+00 -2.1143652099e-01
1.6608898770e-05 1.2578954821e+04 1.5707963268e+00 -2.1496640674e-01
1.6881742537e-05 1.2578413342e+04 1.5707963268e+00 -2.1849659130e-01
1.7154614391e-05 1.2577862818e+04 1.5707963268e+00 -2.2202707979e-01
1.7427514807e-05 1.2577303242e+04 1.5707963268e+00 -2.2555787732e-01
1.7700444266e-05 1.2576734605e+04 1.5707963268e+00 -2.2908898901e-01
1.7973403246e-05 1.2576156898e+04 1.5707963268e+00 -2.3262042000e-01
1.8246392226e-05 1.2575570114e+04 1.5707963268e+00 -2.3615217541e-01
1.8519411689e-05 1.2574974243e+04 1.5707963268e+00 -2.3968426040e-01
1.8792462115e-05 1.2574369276e+04 1.5707963268e+00 -2.4321668011e-01
1.9065543988e-05 1.2573755203e+04 1.5707963268e+00 -2.4674943970e-01
1.9338657792e-05 1.2573132017e+04 1.5707963268e+00 -2.5028254433e-01
1.9611804010e-05 1.2572499706e+04 1.5707963268e+00 -2.5381599919e-01
1.9884983129e-05 1.2571858262e+04 1.5707963268e+00 -2.5734980944e-01
2.0158195635e-05 1.2571207675e+04 1.5707963268e+00 -2.6088398029e-01
2.0431442016e-05 1.2570547935e+04 1.5707963268e+00 -2.6441851691e-01
2.0704722761e-05 1.2569879032e+04 1.5707963268e+00 -2.6795342452e-01
2.0978038359e-05 1.2569200956e+04 1.5707963268e+00 -2.7148870833e-01
2.1251389301e-05 1.2568513696e+04 1.5707963268e+00 -2.7502437356e-01
2.1524776079e-05 1.2567817242e+04 1.5707963268e+00 -2.7856042544e-01
2.1798199185e-05 1.2567111584e+04 1.5707963268e+00 -2.8209686920e-01
2.2071659114e-05 1.2566396711e+04 1.5707963268e+00 -2.8563371008e-01
2.2345156361e-05 1.2565672611e+04 1.5707963268e+00 -2.8917095335e-01
2.2618691422e-05 1.2564939275e+04 1.5707963268e+00 -2.9270860427e-01
2.2892264795e-05 1.2564196690e+04 1.5707963268e+00 -2.9624666810e-01
2.3165876977e-05 1.2563444845e+04 1.5707963268e+00 -2.9978515013e-01
2.3439528470e-05 1.2562683729e+04 1.5707963268e+00 -3.0332405565e-01
2.3713219772e-05 1.2561913330e+04 1.5707963268e+00 -3.0686338995e-01
2.3986951388e-05 1.2561133637e+04 1.5707963268e+00 -3.1040315835e-01
2.4260723820e-05 1.2560344637e+04 1.5707963268e+00 -3.1394336616e-01
2.4534537573e-05 1.2559546319e+04 1.5707963268e+00 -3.1748401872e-01
2.4808393152e-05 1.2558738670e+04 1.5707963268e+00 -3.2102512135e-01
2.5082291066e-05 1.2557921677e+04 1.5707963268e+00 -3.2456667940e-01
2.5356231822e-05 1.2557095329e+04 1.5707963268e+00 -3.2810869824e-01
2.5630215930e-05 1.2556259613e+04 1.5707963268e+00 -3.3165118323e-01
2.5904243901e-05 1.2555414515e+04 1.5707963268e+00 -3.3519413975e-01
2.6178316249e-05 1.2554560023e+04 1.5707963268e+00 -3.3873757318e-01
2.6452433486e-05 1.2553696124e+04 1.5707963268e+00 -3.4228148893e-01
2.6726596128e-05 1.2552822805e+04 1.5707963268e+00 -3.4582589240e-01
2.7000804692e-05 1.2551940051e+04 1.5707963268e+00 -3.4937078902e-01
2.7275059695e-05 1.2551047850e+04 1.5707963268e+00 -3.5291618422e-01
2.7549361658e-05 1.2550146187e+04 1.5707963268e+00 -3.5646208343e-01
2.7823711100e-05 1.2549235050e+04 1.5707963268e+00 -3.6000849212e-01
2.8098108546e-05 1.2548314422e+04 1.5707963268e+00 -3.6355541574e-01
2.8372554518e-05 1.2547384292e+04 1.5707963268e+00 -3.6710285978e-01
2.8647049542e-05 1.2546444643e+04 1.5707963268e+00 -3.7065082972e-01
2.8921594146e-05 1.2545495462e+04 1.5707963268e+00 -3.7419933106e-01
2.9196188857e-05 1.2544536734e+04 1.5707963268e+00 -3.7774836931e-01
2.9470834206e-05 1.2543568444e+04 1.5707963268e+00 -3.8129794999e-01
2.9745530724e-05 1.2542590578e+04 1.5707963268e+00 -3.8484807865e-01
3.0020278946e-05 1.2541603119e+04 1.5707963268e+00 -3.8839876083e-01
3.0295079405e-05 1.2540606053e+04 1.5707963268e+00 -3.9195000208e-01
3.0569932639e-05 1.2539599364e+04 1.5707963268e+00 -3.9550180799e-01
3.0844839185e-05 1.2538583036e+04 1.5707963268e+00 -3.9905418414e-01
3.1119799584e-05 1.2537557054e+04 1.5707963268e+00 -4.0260713612e-01
3.1394814378e-05 1.2536521403e+04 1.5707963268e+00 -4.0616066955e-01
3.1669884109e-05 1.2535476064e+04 1.5707963268e+00 -4.0971479005e-01
3.1945009323e-05 1.2534421024e+04 1.5707963268e+00 -4.1326950327e-01
3.2220190567e-05 1.2533356264e+04 1.5707963268e+00 -4.1682481484e-01
3.2495428390e-05 1.2532281769e+04 1.5707963268e+00 -4.2038073043e-01
3.2770723342e-05 1.2531197521e+04 1.5707963268e+00 -4.2393725574e-01
3.3046075975e-05 1.2530103504e+04 1.5707963268e+00 -4.2749439643e-01
3.3321486844e-05 1.2528999700e+04 1.5707963268e+00 -4.3105215823e-01
3.3596956504e-05 1.2527886093e+04 1.5707963268e+00 -4.3461054685e-01
3.3872485514e-05 1.2526762665e+04 1.5707963268e+00 -4.3816956802e-01
3.4148074434e-05 1.2525629399e+04 1.5707963268e+00 -4.4172922750e-01
3.4423723824e-05 1.2524486276e+04 1.5707963268e+00 -4.4528953105e-01
3.4699434250e-05 1.2523333278e+04 1.5707963268e+00 -4.4885048444e-01
3.4975206277e-05 1.2522170389e+04 1.5707963268e+00 -4.5241209348e-01
3.5251040472e-05 1.2520997588e+04 1.5707963268e+00 -4.5597436396e-01
3.5526937406e-05 1.2519814859e+04 1.5707963268e+00 -4.5953730170e-01
3.5802897649e-05 1.2518622182e+04 1.5707963268e+00 -4.6310091256e-01
3.6078921777e-05 1.2517419538e+04 1.5707963268e+00 -4.6666520238e-01
3.6355010364e-05 1.2516206909e+04 1.5707963268e+00 -4.7023017703e-01
3.6631163990e-05 1.2514984276e+04 1.5707963268e+00 -4.7379584240e-01
3.6907383233e-05 1.2513751618e+04 1.5707963268e+00 -4.7736220438e-01
3.7183668677e-05 1.2512508918e+04 1.5707963268e+00 -4.8092926889e-01
3.7460020906e-05 1.2511256155e+04 1.5707963268e+00 -4.8449704188e-01
3.7736440507e-05 1.2509993309e+04 1.5707963268e+00 -4.8806552928e-01
3.8012928069e-05 1.2508720360e+04 1.5707963268e+00 -4.9163473706e-01
3.8289484182e-05 1.2507437289e+04 1.5707963268e+00 -4.9520467122e-01
3.8566109441e-05 1.2506144074e+04 1.5707963268e+00 -4.9877533773e-01
3.8842804441e-05 1.2504840696e+04 1.5707963268e+00 -5.0234674263e-01
3.9119569781e-05 1.2503527134e+04 1.5707963268e+00 -5.0591889195e-01
3.9396406060e-05 1.2502203366e+04 1.5707963268e+00 -5.0949179173e-01
3.9673313882e-05 1.2500869373e+04 1.5707963268e+00 -5.1306544805e-01
3.9950293851e-05 1.2499525132e+04 1.5707963268e+00 -5.1663986700e-01
4.0227346576e-05 1.2498170622e+04 1.5707963268e+00 -5.2021505467e-01
4.0504472667e-05 1.2496805821e+04 1.5707963268e+00 -5.2379101719e-01
4.0781672736e-05 1.2495430708e+04 1.5707963268e+00 -5.2736776070e-01
4.1058947398e-05 1.2494045262e+04 1.5707963268e+00 -5.3094529136e-01
4.1336297270e-05 1.2492649459e+04 1.5707963268e+00 -5.3452361535e-01
4.1613722974e-05 1.2491243277e+04 1.5707963268e+00 -5.3810273886e-01
4.1891225131e-05 1.2489826694e+04 1.5707963268e+00 -5.4168266810e-01
4.2168804367e-05 1.2488399688e+04 1.5707963268e+00 -5.4526340932e-01
4.2446461310e-05 1.2486962235e+04 1.5707963268e+00 -5.4884496876e-01
4.2724196591e-05 1.2485514312e+04 1.5707963268e+00 -5.5242735270e-01
4.3002010842e-05 1.2484055896e+04 1.5707963268e+00 -5.5601056743e-01
4.3279904700e-05 1.2482586964e+04 1.5707963268e+00 -5.5959461926e-01
4.3557878804e-05 1.2481107491e+04 1.5707963268e+00 -5.6317951453e-01
4.3835933795e-05 1.2479617455e+04 1.5707963268e+00 -5.6676525957e-01
4.4114070317e-05 1.2478116831e+04 1.5707963268e+00 -5.7035186078e-01
4.4392289018e-05 1.2476605595e+04 1.5707963268e+00 -5.7393932453e-01
4.4670590547e-05 1.2475083722e+04 1.5707963268e+00 -5.7752765724e-01
4.4948975557e-05 1.2473551188e+04 1.5707963268e+00 -5.8111686535e-01
4.5227444705e-05 1.2472007968e+04 1.5707963268e+00 -5.8470695531e-01
4.5505998649e-05 1.2470454038e+04 1.5707963268e+00 -5.8829793360e-01
4.5784638050e-05 1.2468889371e+04 1.5707963268e+00 -5.9188980672e-01
4.6063363573e-05 1.2467313943e+04 1.5707963268e+00 -5.9548258117e-01
4.6342175887e-05 1.2465727728e+04 1.5707963268e+00 -5.9907626351e-01
4.6621075661e-05 1.2464130700e+04 1.5707963268e+00 -6.0267086030e-01
4.6900063570e-05 1.2462522833e+04 1.5707963268e+00 -6.0626637813e-01
4.7179140290e-05 1.2460904101e+04 1.5707963268e+00 -6.0986282359e-01
4.7458306503e-05 1.2459274478e+04 1.5707963268e+00 -6.1346020332e-01
4.7737562891e-05 1.2457633937e+04 1.5707963268e+00 -6.1705852398e-01
4.8016910140e-05 1.2455982451e+04 1.5707963268e+00 -6.2065779223e-01
4.8296348941e-05 1.2454319994e+04 1.5707963268e+00 -6.2425801478e-01
4.8575879987e-05 1.2452646537e+04 1.5707963268e+00 -6.2785919835e-01
4.8855503975e-05 1.2450962055e+04 1.5707963268e+00 -6.3146134968e-01
4.9135221603e-05 1.2449266518e+04 1.5707963268e+00 -6.3506447555e-01
4.9415033575e-05 1.2447559899e+04 1.5707963268e+00 -6.3866858275e-01
4.9694940598e-05 1.2445842171e+04 1.5707963268e+00 -6.4227367808e-01
4.9974943382e-05 1.2444113304e+04 1.5707963268e+00 -6.4587976841e-01
5.0255042640e-05 1.2442373271e+04 1.5707963268e+00 -6.4948686059e-01
5.0535239090e-05 1.2440622042e+04 1.5707963268e+00 -6.5309496151e-01
5.0815533451e-05 1.2438859590e+04 1.5707963268e+00 -6.5670407809e-01
5.1095926449e-05 1.2437085884e+04 1.5707963268e+00 -6.6031421727e-01
5.1376418811e-05 1.2435300895e+04 1.5707963268e+00 -6.6392538602e-01
5.1657011268e-05 1.2433504595e+04 1.5707963268e+00 -6.6753759133e-01
5.1937704556e-05 1.2431696952e+04 1.5707963268e+00 -6.7115084022e-01
5.2218499414e-05 1.2429877938e+04 1.5707963268e+00 -6.7476513973e-01
5.2499396584e-05 1.2428047521e+04 1.5707963268e+00 -6.7838049693e-01
5.2780396813e-05 1.2426205672e+04 1.5707963268e+00 -6.8199691893e-01
5.3061500851e-05 1.2424352360e+04 1.5707963268e+00 -6.8561441284e-01
5.3342709453e-05 1.2422487554e+04 1.5707963268e+00 -6.8923298582e-01
5.3624023377e-05 1.2420611222e+04 1.5707963268e+00 -6.9285264503e-01
5.3905443385e-05 1.2418723335e+04 1.5707963268e+00 -6.9647339770e-01
5.4186970244e-05 1.2416823859e+04 1.5707963268e+00 -7.0009525106e-01
5.4468604722e-05 1.2414912763e+04 1.5707963268e+00 -7.0371821235e-01
5.4750347596e-05 1.2412990015e+04 1.5707963268e+00 -7.0734228888e-01
5.5032199643e-05 1.2411055583e+04 1.5707963268e+00 -7.1096748796e-01
5.5314161645e-05 1.2409109435e+04 1.5707963268e+00 -7.1459381693e-01
5.5596234391e-05 1.2407151537e+04 1.5707963268e+00 -7.1822128318e-01
5.5878418670e-05 1.2405181857e+04 1.5707963268e+00 -7.2184989411e-01
5.6160715279e-05 1.2403200362e+04 1.5707963268e+00 -7.2547965714e-01
5.6443125016e-05 1.2401207017e+04 1.5707963268e+00 -7.2911057975e-01
5.6725648687e-05 1.2399201790e+04 1.5707963268e+00 -7.3274266943e-01
5.7008287100e-05 1.2397184647e+04 1.5707963268e+00 -7.3637593369e-01
5.7291041067e-05 1.2395155553e+04 1.5707963268e+00 -7.4001038010e-01
5.7573911407e-05 1.2393114474e+04 1.5707963268e+00 -7.4364601623e-01
5.7856898941e-05 1.2391061375e+04 1.5707963268e+00 -7.4728284971e-01
5.8140004496e-05 1.2388996222e+04 1.5707963268e+00 -7.5092088817e-01
5.8423228904e-05 1.2386918979e+04 1.5707963268e+00 -7.5456013930e-01
5.8706573001e-05 1.2384829611e+04 1.5707963268e+00 -7.5820061081e-01
5.8990037628e-05 1.2382728082e+04 1.5707963268e+00 -7.6184231043e-01
5.9273623629e-05 1.2380614356e+04 1.5707963268e+00 -7.6548524594e-01
5.9557331856e-05 1.2378488398e+04 1.5707963268e+00 -7.6912942514e-01
5.9841163165e-05 1.2376350171e+04 1.5707963268e+00 -7.7277485588e-01
6.0125118415e-05 1.2374199637e+04 1.5707963268e+00 -7.7642154602e-01
6.0409198471e-05 1.2372036762e+04 1.5707963268e+00 -7.8006950347e-01
6.0693404205e-05 1.2369861506e+04 1.5707963268e+00 -7.8371873617e-01
6.0977736492e-05 1.2367673833e+04 1.5707963268e+00 -7.8736925209e-01
6.1262196212e-05 1.2365473704e+04 1.5707963268e+00 -7.9102105923e-01
6.1546784250e-05 1.2363261083e+04 1.5707963268e+00 -7.9467416563e-01
6.1831501500e-05 1.2361035931e+04 1.5707963268e+00 -7.9832857938e-01
6.2116348855e-05 1.2358798209e+04 1.5707963268e+00 -8.0198430857e-01
6.2401327220e-05 1.2356547879e+04 1.5707963268e+00 -8.0564136136e-01
6.2686437499e-05 1.2354284901e+04 1.5707963268e+00 -8.0929974593e-01
6.2971680607e-05 1.2352009236e+04 1.5707963268e+00 -8.1295947049e-01
6.3257057462e-05 1.2349720845e+04 1.5707963268e+00 -8.1662054330e-01
6.3542568986e-05 1.2347419688e+04 1.5707963268e+00 -8.2028297264e-01
6.3828216110e-05 1.2345105724e+04 1.5707963268e+00 -8.2394676684e-01
6.4113999769e-05 1.2342778914e+04 1.5707963268e+00 -8.2761193427e-01
6.4399920903e-05 1.2340439216e+04 1.5707963268e+00 -8.3127848332e-01
6.4685980460e-05 1.2338086590e+04 1.5707963268e+00 -8.3494642243e-01
6.4972179391e-05 1.2335720994e+04 1.5707963268e+00 -8.3861576008e-01
6.5258518655e-05 1.2333342387e+04 1.5707963268e+00 -8.4228650479e-01
6.5544999218e-05 1.2330950727e+04 1.5707963268e+00 -8.4595866510e-01
6.5831622048e-05 1.2328545972e+04 1.5707963268e+00 -8.4963224961e-01
6.6118388124e-05 1.2326128080e+04 1.5707963268e+00 -8.5330726694e-01
6.6405298427e-05 1.2323697007e+04 1.5707963268e+00 -8.5698372578e-01
6.6692353947e-05 1.2321252711e+04 1.5707963268e+00 -8.6066163483e-01
6.6979555680e-05 1.2318795148e+04 1.5707963268e+00 -8.6434100283e-01
6.7266904627e-05 1.2316324276e+04 1.5707963268e+00 -8.6802183859e-01
6.7554401796e-05 1.2313840050e+04 1.5707963268e+00 -8.7170415094e-01
6.7842048202e-05 1.2311342425e+04 1.5707963268e+00 -8.7538794874e-01
6.8129844868e-05 1.2308831358e+04 1.5707963268e+00 -8.7907324092e-01
6.8417792819e-05 1.2306306803e+04 1.5707963268e+00 -8.8276003643e-01
6.8705893092e-05 1.2303768716e+04 1.5707963268e+00 -8.8644834428e-01
6.8994146728e-05 1.2301217052e+04 1.5707963268e+00 -8.9013817349e-01
6.9282554775e-05 1.2298651763e+04 1.5707963268e+00 -8.9382953317e-01
6.9571118288e-05 1.2296072805e+04 1.5707963268e+00 -8.9752243243e-01
6.9859838331e-05 1.2293480131e+04 1.5707963268e+00 -9.0121688046e-01
7.0148715971e-05 1.2290873694e+04 1.5707963268e+00 -9.0491288646e-01
7.0437752286e-05 1.2288253447e+04 1.5707963268e+00 -9.0861045970e-01
7.0726948360e-05 1.2285619343e+04 1.5707963268e+00 -9.1230960948e-01
7.1016305284e-05 1.2282971335e+04 1.5707963268e+00 -9.1601034516e-01
7.1305824156e-05 1.2280309375e+04 1.5707963268e+00 -9.1971267613e-01
7.1595506082e-05 1.2277633413e+04 1.5707963268e+00 -9.2341661184e-01
7.1885352176e-05 1.2274943402e+04 1.5707963268e+00 -9.2712216177e-01
7.2175363558e-05 1.2272239292e+04 1.5707963268e+00 -9.3082933546e-01
7.2465541358e-05 1.2269521035e+04 1.5707963268e+00 -9.3453814250e-01
7.2755886712e-05 1.2266788581e+04 1.5707963268e+00 -9.3824859251e-01
7.3046400765e-05 1.2264041879e+04 1.5707963268e+00 -9.4196069518e-01
7.3337084669e-05 1.2261280879e+04 1.5707963268e+00 -9.4567446022e-01
7.3627939585e-05 1.2258505532e+04 1.5707963268e+00 -9.4938989743e-01
7.3918966681e-05 1.2255715785e+04 1.5707963268e+00 -9.5310701661e-01
7.4210167134e-05 1.2252911587e+04 1.5707963268e+00 -9.5682582766e-01
7.4501542130e-05 1.2250092888e+04 1.5707963268e+00 -9.6054634048e-01
7.4793092861e-05 1.2247259633e+04 1.5707963268e+00 -9.6426856507e-01
7.5084820531e-05 1.2244411773e+04 1.5707963268e+00 -9.6799251144e-01
7.5376726348e-05 1.2241549252e+04 1.5707963268e+00 -9.7171818967e-01
7.5668811534e-05 1.2238672020e+04 1.5707963268e+00 -9.7544560989e-01
7.5961077315e-05 1.2235780021e+04 1.5707963268e+00 -9.7917478228e-01
7.6253524929e-05 1.2232873202e+04 1.5707963268e+00 -9.8290571709e-01
7.6546155622e-05 1.2229951509e+04 1.5707963268e+00 -9.8663842458e-01
7.6838970648e-05 1.2227014887e+04 1.5707963268e+00 -9.9037291512e-01
7.7131971273e-05 1.2224063282e+04 1.5707963268e+00 -9.9410919908e-01
7.7425158768e-05 1.2221096637e+04 1.5707963268e+00 -9.9784728692e-01
7.7718534417e-05 1.2218114898e+04 1.5707963268e+00 -1.0015871892e+00
7.8012099512e-05 1.2215118008e+04 1.5707963268e+00 -1.0053289163e+00
7.8305855355e-05 1.2212105911e+04 1.5707963268e+00 -1.0090724791e+00
7.8599803257e-05 1.2209078550e+04 1.5707963268e+00 -1.0128178880e+00
7.8893944540e-05 1.2206035867e+04 1.5707963268e+00 -1.0165651540e+00
7.9188280534e-05 1.2202977805e+04 1.5707963268e+00 -1.0203142876e+00
7.9482812581e-05 1.2199904305e+04 1.5707963268e+00 -1.0240652999e+00
7.9777542033e-05 1.2196815311e+04 1.5707963268e+00 -1.0278182017e+00
8.0072470250e-05 1.2193710761e+04 1.5707963268e+00 -1.0315730039e+00
8.0367598604e-05 1.2190590599e+04 1.5707963268e+00 -1.0353297176e+00
8.0662928479e-05 1.2187454762e+04 1.5707963268e+00 -1.0390883538e+00
8.0958461266e-05 1.2184303193e+04 1.5707963268e+00 -1.0428489238e+00
8.1254198369e-05 1.2181135829e+04 1.5707963268e+00 -1.0466114386e+00
8.1550141204e-05 1.2177952611e+04 1.5707963268e+00 -1.0503759097e+00
8.1846291194e-05 1.2174753477e+04 1.5707963268e+00 -1.0541423482e+00
8.2142649778e-05 1.2171538365e+04 1.5707963268e+00 -1.0579107656e+00
8.2439218402e-05 1.2168307212e+04 1.5707963268e+00 -1.0616811733e+00
8.2735998525e-05 1.2165059958e+04 1.5707963268e+00 -1.0654535828e+00
8.3032991619e-05 1.2161796537e+04 1.5707963268e+00 -1.0692280058e+00
8.3330199164e-05 1.2158516888e+04 1.5707963268e+00 -1.0730044539e+00
8.3627622656e-05 1.2155220946e+04 1.5707963268e+00 -1.0767829387e+00
8.3925263599e-05 1.2151908646e+04 1.5707963268e+00 -1.0805634721e+00
8.4223123511e-05 1.2148579925e+04 1.5707963268e+00 -1.0843460659e+00
8.4521203923e-05 1.2145234716e+04 1.5707963268e+00 -1.0881307319e+00
8.4819506376e-05 1.2141872954e+04 1.5707963268e+00 -1.0919174823e+00
8.5118032425e-05 1.2138494573e+04 1.5707963268e+00 -1.0957063289e+00
8.5416783636e-05 1.2135099506e+04 1.5707963268e+00 -1.0994972841e+00
8.5715761591e-05 1.2131687687e+04 1.5707963268e+00 -1.1032903598e+00
8.6014967881e-05 1.2128259047e+04 1.5707963268e+00 -1.1070855684e+00
8.6314404113e-05 1.2124813519e+04 1.5707963268e+00 -1.1108829221e+00
8.6614071905e-05 1.2121351035e+04 1.5707963268e+00 -1.1146824335e+00
8.6913972890e-05 1.2117871524e+04 1.5707963268e+00 -1.1184841149e+00
8.7214108714e-05 1.2114374919e+04 1.5707963268e+00 -1.1222879789e+00
8.7514481035e-05 1.2110861149e+04 1.5707963268e+00 -1.1260940382e+00
8.7815091528e-05 1.2107330143e+04 1.5707963268e+00 -1.1299023053e+00
8.8115941879e-05 1.2103781831e+04 1.5707963268e+00 -1.1337127930e+00
8.8417033790e-05 1.2100216142e+04 1.5707963268e+00 -1.1375255143e+00
8.8718368977e-05 1.2096633003e+04 1.5707963268e+00 -1.1413404819e+00
8.9019949170e-05 1.2093032342e+04 1.5707963268e+00 -1.1451577090e+00
8.9321776114e-05 1.2089414086e+04 1.5707963268e+00 -1.1489772085e+00
8.9623851569e-05 1.2085778163e+04 1.5707963268e+00 -1.1527989936e+00
8.9926177309e-05 1.2082124497e+04 1.5707963268e+00 -1.1566230775e+00
9.0228755125e-05 1.2078453014e+04 1.5707963268e+00 -1.1604494736e+00
9.0531586823e-05 1.2074763641e+04 1.5707963268e+00 -1.1642781952e+00
9.0834674223e-05 1.2071056300e+04 1.5707963268e+00 -1.1681092557e+00
9.1138019162e-05 1.2067330916e+04 1.5707963268e+00 -1.1719426688e+00
9.1441623494e-05 1.2063587413e+04 1.5707963268e+00 -1.1757784480e+00
9.1745489087e-05 1.2059825713e+04 1.5707963268e+00 -1.1796166070e+00
9.2049617826e-05 1.2056045739e+04 1.5707963268e+00 -1.1834571597e+00
9.2354011615e-05 1.2052247413e+04 1.5707963268e+00 -1.1873001200e+00
9.2658672371e-05 1.2048430655e+04 1.5707963268e+00 -1.1911455017e+00
9.2963602031e-05 1.2044595387e+04 1.5707963268e+00 -1.1949933190e+00
9.3268802548e-05 1.2040741529e+04 1.5707963268e+00 -1.1988435859e+00
9.3574275892e-05 1.2036869000e+04 1.5707963268e+00 -1.2026963168e+00
9.3880024052e-05 1.2032977719e+04 1.5707963268e+00 -1.2065515259e+00
9.4186049033e-05 1.2029067605e+04 1.5707963268e+00 -1.2104092276e+00
9.4492352861e-05 1.2025138575e+04 1.5707963268e+00 -1.2142694364e+00
9.4798937577e-05 1.2021190547e+04 1.5707963268e+00 -1.2181321669e+00
9.5105805244e-05 1.2017223437e+04 1.5707963268e+00 -1.2219974338e+00
9.5412957940e-05 1.2013237162e+04 1.5707963268e+00 -1.2258652519e+00
9.5720397765e-05 1.2009231637e+04 1.5707963268e+00 -1.2297356360e+00
9.6028126838e-05 1.2005206777e+04 1.5707963268e+00 -1.2336086010e+00
9.6336147296e-05 1.2001162495e+04 1.5707963268e+00 -1.2374841621e+00
9.6644461298e-05 1.1997098706e+04 1.5707963268e+00 -1.2413623344e+00
9.6953071021e-05 1.1993015323e+04 1.5707963268e+00 -1.2452431331e+00
9.7261978664e-05 1.1988912258e+04 1.5707963268e+00 -1.2491265735e+00
9.7571186445e-05 1.1984789422e+04 1.5707963268e+00 -1.2530126712e+00
9.7880696605e-05 1.1980646728e+04 1.5707963268e+00 -1.2569014416e+00
9.8190511404e-05 1.1976484084e+04 1.5707963268e+00 -1.2607929004e+00
9.8500633124e-05 1.1972301402e+04 1.5707963268e+00 -1.2646870634e+00
9.8811064070e-05 1.1968098590e+04 1.5707963268e+00 -1.2685839464e+00
9.9121806568e-05 1.1963875556e+04 1.5707963268e+00 -1.2724835654e+00
9.9432862966e-05 1.1959632210e+04 1.5707963268e+00 -1.2763859363e+00
9.9744235635e-05 1.1955368456e+04 1.5707963268e+00 -1.2802910755e+00
1.0005592697e-04 1.1951084203e+04 1.5707963268e+00 -1.2841989991e+00
1.0036793939e-04 1.1946779356e+04 1.5707963268e+00 -1.2881097236e+00
1.0068027533e-04 1.1942453820e+04 1.5707963268e+00 -1.2920232653e+00
1.0099293726e-04 1.1938107499e+04 1.5707963268e+00 -1.2959396410e+00
1.0130592766e-04 1.1933740297e+04 1.5707963268e+00 -1.2998588674e+00
1.0161924905e-04 1.1929352117e+04 1.5707963268e+00 -1.3037809612e+00
1.0193290398e-04 1.1924942862e+04 1.5707963268e+00 -1.3077059394e+00
1.0224689499e-04 1.1920512433e+04 1.5707963268e+00 -1.3116338191e+00
1.0256122469e-04 1.1916060730e+04 1.5707963268e+00 -1.3155646174e+00
1.0287589568e-04 1.1911587654e+04 1.5707963268e+00 -1.3194983516e+00
1.0319091060e-04 1.1907093103e+04 1.5707963268e+00 -1.3234350391e+00
1.0350627214e-04 1.1902576978e+04 1.5707963268e+00 -1.3273746975e+00
1.0382198297e-04 1.1898039175e+04 1.5707963268e+00 -1.3313173443e+00
1.0413804582e-04 1.1893479592e+04 1.5707963268e+00 -1.3352629973e+00
1.0445446344e-04 1.1888898124e+04 1.5707963268e+00 -1.3392116744e+00
1.0477123861e-04 1.1884294668e+04 1.5707963268e+00 -1.3431633937e+00
1.0508837414e-04 1.1879669118e+04 1.5707963268e+00 -1.3471181733e+00
1.0540587285e-04 1.1875021368e+04 1.5707963268e+00 -1.3510760313e+00
1.0572373763e-04 1.1870351311e+04 1.5707963268e+00 -1.3550369863e+00
1.0604197135e-04 1.1865658839e+04 1.5707963268e+00 -1.3590010567e+00
1.0636057695e-04 1.1860943845e+04 1.5707963268e+00 -1.3629682612e+00
1.0667955738e-04 1.1856206219e+04 1.5707963268e+00 -1.3669386185e+00
1.0699891563e-04 1.1851445850e+04 1.5707963268e+00 -1.3709121476e+00
1.0731865472e-04 1.1846662627e+04 1.5707963268e+00 -1.3748888675e+00
1.0763877770e-04 1.1841856440e+04 1.5707963268e+00 -1.3788687974e+00
1.0795928764e-04 1.1837027175e+04 1.5707963268e+00 -1.3828519566e+00
1.0828018768e-04 1.1832174718e+04 1.5707963268e+00 -1.3868383646e+00
1.0860148094e-04 1.1827298956e+04 1.5707963268e+00 -1.3908280410e+00
1.0892317063e-04 1.1822399772e+04 1.5707963268e+00 -1.3948210054e+00
1.0924525995e-04 1.1817477052e+04 1.5707963268e+00 -1.3988172779e+00
1.0956775217e-04 1.1812530678e+04 1.5707963268e+00 -1.4028168783e+00
1.0989065056e-04 1.1807560531e+04 1.5707963268e+00 -1.4068198270e+00
1.1021395845e-04 1.1802566493e+04 1.5707963268e+00 -1.4108261441e+00
1.1053767921e-04 1.1797548445e+04 1.5707963268e+00 -1.4148358502e+00
1.1086181623e-04 1.1792506265e+04 1.5707963268e+00 -1.4188489659e+00
1.1118637295e-04 1.1787439832e+04 1.5707963268e+00 -1.4228655119e+00
1.1151135283e-04 1.1782349024e+04 1.5707963268e+00 -1.4268855092e+00
1.1183675941e-04 1.1777233716e+04 1.5707963268e+00 -1.4309089788e+00
1.1216259622e-04 1.1772093785e+04 1.5707963268e+00 -1.4349359420e+00
1.1248886686e-04 1.1766929104e+04 1.5707963268e+00 -1.4389664202e+00
1.1281557496e-04 1.1761739548e+04 1.5707963268e+00 -1.4430004349e+00
1.1314272420e-04 1.1756524988e+04 1.5707963268e+00 -1.4470380079e+00
1.1347031830e-04 1.1751285297e+04 1.5707963268e+00 -1.4510791609e+00
1.1379836101e-04 1.1746020345e+04 1.5707963268e+00 -1.4551239162e+00
1.1412685613e-04 1.1740730001e+04 1.5707963268e+00 -1.4591722957e+00
1.1445580752e-04 1.1735414134e+04 1.5707963268e+00 -1.4632243220e+00
1.1478521906e-04 1.1730072611e+04 1.5707963268e+00 -1.4672800176e+00
1.1511509469e-04 1.1724705299e+04 1.5707963268e+00 -1.4713394052e+00
1.1544543840e-04 1.1719312063e+04 1.5707963268e+00 -1.4754025077e+00
1.1577625420e-04 1.1713892767e+04 1.5707963268e+00 -1.4794693481e+00
1.1610754619e-04 1.1708447274e+04 1.5707963268e+00 -1.4835399498e+00
1.1643931849e-04 1.1702975446e+04 1.5707963268e+00 -1.4876143361e+00
1.1677157526e-04 1.1697477145e+04 1.5707963268e+00 -1.4916925307e+00
1.1710432075e-04 1.1691952229e+04 1.5707963268e+00 -1.4957745573e+00
1.1743755921e-04 1.1686400558e+04 1.5707963268e+00 -1.4998604399e+00
1.1777129498e-04 1.1680821989e+04 1.5707963268e+00 -1.5039502027e+00
1.1810553244e-04 1.1675216379e+04 1.5707963268e+00 -1.5080438700e+00
1.1844027603e-04 1.1669583582e+04 1.5707963268e+00 -1.5121414664e+00
1.1877553022e-04 1.1663923454e+04 1.5707963268e+00 -1.5162430167e+00
1.1911129957e-04 1.1658235845e+04 1.5707963268e+00 -1.5203485457e+00
1.1944758866e-04 1.1652520609e+04 1.5707963268e+00 -1.5244580787e+00
1.1978440217e-04 1.1646777595e+04 1.5707963268e+00 -1.5285716409e+00
1.2012174479e-04 1.1641006652e+04 1.5707963268e+00 -1.5326892579e+00
1.2045962131e-04 1.1635207630e+04 1.5707963268e+00 -1.5368109554e+00
1.2079803656e-04 1.1629380373e+04 1.5707963268e+00 -1.5409367594e+00
1.2113699542e-04 1.1623524728e+04 1.5707963268e+00 -1.5450666960e+00
1.2147650286e-04 1.1617640539e+04 1.5707963268e+00 -1.5492007917e+00
1.2181656390e-04 1.1611727648e+04 1.5707963268e+00 -1.5533390730e+00
1.2215718362e-04 1.1605785897e+04 1.5707963268e+00 -1.5574815667e+00
1.2249836716e-04 1.1599815126e+04 1.5707963268e+00 -1.5616282999e+00
1.2284011975e-04 1.1593815174e+04 1.5707963268e+00 -1.5657792997e+00
1.2318244666e-04 1.1587785879e+04 1.5707963268e+00 -1.5699345938e+00
1.2352535326e-04 1.1581727075e+04 1.5707963268e+00 -1.5740942097e+00
1.2386884495e-04 1.1575638599e+04 1.5707963268e+00 -1.5782581754e+00
1.2421292723e-04 1.1569520284e+04 1.5707963268e+00 -1.5824265190e+00
1.2455760568e-04 1.1563371961e+04 1.5707963268e+00 -1.5865992691e+00
1.2490288592e-04 1.1557193460e+04 1.5707963268e+00 -1.5907764541e+00
1.2524877368e-04 1.1550984612e+04 1.5707963268e+00 -1.5949581030e+00
1.2559527474e-04 1.1544745243e+04 1.5707963268e+00 -1.5991442449e+00
1.2594239498e-04 1.1538475179e+04 1.5707963268e+00 -1.6033349092e+00
1.2629014035e-04 1.1532174245e+04 1.5707963268e+00 -1.6075301255e+00
1.2663851688e-04 1.1525842264e+04 1.5707963268e+00 -1.6117299236e+00
1.2698753067e-04 1.1519479058e+04 1.5707963268e+00 -1.6159343337e+00
1.2733718793e-04 1.1513084446e+04 1.5707963268e+00 -1.6201433861e+00
1.2768749494e-04 1.1506658247e+04 1.5707963268e+00 -1.6243571116e+00
1.2803845807e-04 1.1500200278e+04 1.5707963268e+00 -1.6285755409e+00
1.2839008377e-04 1.1493710354e+04 1.5707963268e+00 -1.6327987053e+00
1.2874237861e-04 1.1487188289e+04 1.5707963268e+00 -1.6370266363e+00
1.2909534921e-04 1.1480633894e+04 1.5707963268e+00 -1.6412593655e+00
1.2944900231e-04 1.1474046980e+04 1.5707963268e+00 -1.6454969250e+00
1.2980334474e-04 1.1467427356e+04 1.5707963268e+00 -1.6497393469e+00
1.3015838344e-04 1.1460774828e+04 1.5707963268e+00 -1.6539866640e+00
1.3051412543e-04 1.1454089202e+04 1.5707963268e+00 -1.6582389090e+00
1.3087057784e-04 1.1447370281e+04 1.5707963268e+00 -1.6624961151e+00
1.3122774790e-04 1.1440617867e+04 1.5707963268e+00 -1.6667583157e+00
1.3158564295e-04 1.1433831759e+04 1.5707963268e+00 -1.6710255446e+00
1.3194427044e-04 1.1427011757e+04 1.5707963268e+00 -1.6752978357e+00
1.3230363793e-04 1.1420157657e+04 1.5707963268e+00 -1.6795752235e+00
1.3266375307e-04 1.1413269252e+04 1.5707963268e+00 -1.6838577426e+00
1.3302462366e-04 1.1406346336e+04 1.5707963268e+00 -1.6881454279e+00
1.3338625759e-04 1.1399388699e+04 1.5707963268e+00 -1.6924383148e+00
1.3374866288e-04 1.1392396131e+04 1.5707963268e+00 -1.6967364388e+00
1.3411184767e-04 1.1385368418e+04 1.5707963268e+00 -1.7010398359e+00
1.3447582022e-04 1.1378305345e+04 1.5707963268e+00 -1.7053485423e+00
1.3484058891e-04 1.1371206695e+04 1.5707963268e+00 -1.7096625947e+00
1.3520616228e-04 1.1364072249e+04 1.5707963268e+00 -1.7139820299e+00
1.3557254896e-04 1.1356901787e+04 1.5707963268e+00 -1.7183068853e+00
1.3593975773e-04 1.1349695085e+04 1.5707963268e+00 -1.7226371984e+00
1.3630779753e-04 1.1342451918e+04 1.5707963268e+00 -1.7269730073e+00
1.3667667741e-04 1.1335172058e+04 1.5707963268e+00 -1.7313143502e+00
1.3704640657e-04 1.1327855277e+04 1.5707963268e+00 -1.7356612659e+00
1.3741699437e-04 1.1320501343e+04 1.5707963268e+00 -1.7400137934e+00
1.3778845030e-04 1.1313110023e+04 1.5707963268e+00 -1.7443719722e+00
1.3816078401e-04 1.1305681080e+04 1.5707963268e+00 -1.7487358420e+00
1.3853400532e-04 1.1298214276e+04 1.5707963268e+00 -1.7531054430e+00
1.3890812419e-04 1.1290709371e+04 1.5707963268e+00 -1.7574808158e+00
1.3928315075e-04 1.1283166123e+04 1.5707963268e+00 -1.7618620013e+00
1.3965909529e-04 1.1275584285e+04 1.5707963268e+00 -1.7662490409e+00
1.4003596829e-04 1.1267963612e+04 1.5707963268e+00 -1.7706419763e+00
1.4041378038e-04 1.1260303853e+04 1.5707963268e+00 -1.7750408497e+00
1.4079254237e-04 1.1252604757e+04 1.5707963268e+00 -1.7794457037e+00
1.4117226528e-04 1.1244866068e+04 1.5707963268e+00 -1.7838565812e+00
1.4155296027e-04 1.1237087530e+04 1.5707963268e+00 -1.7882735256e+00
1.4193463874e-04 1.1229268883e+04 1.5707963268e+00 -1.7926965808e+00
1.4231731224e-04 1.1221409866e+04 1.5707963268e+00 -1.7971257910e+00
1.4270099255e-04 1.1213510213e+04 1.5707963268e+00 -1.8015612010e+00
1.4308569164e-04 1.1205569658e+04 1.5707963268e+00 -1.8060028558e+00
1.4347142169e-04 1.1197587930e+04 1.5707963268e+00 -1.8104508012e+00
1.4385819509e-04 1.1189564758e+04 1.5707963268e+00 -1.8149050830e+00
1.4424602446e-04 1.1181499865e+04 1.5707963268e+00 -1.8193657480e+00
1.4463492263e-04 1.1173392975e+04 1.5707963268e+00 -1.8238328430e+00
1.4502490267e-04 1.1165243806e+04 1.5707963268e+00 -1.8283064155e+00
1.4541597787e-04 1.1157052075e+04 1.5707963268e+00 -1.8327865135e+00
1.4580816178e-04 1.1148817496e+04 1.5707963268e+00 -1.8372731854e+00
1.4620146818e-04 1.1140539779e+04 1.5707963268e+00 -1.8417664802e+00
1.4659591111e-04 1.1132218632e+04 1.5707963268e+00 -1.8462664474e+00
1.4699150487e-04 1.1123853760e+04 1.5707963268e+00 -1.8507731368e+00
1.4738826400e-04 1.1115444866e+04 1.5707963268e+00 -1.8552865989e+00
1.4778620336e-04 1.1106991647e+04 1.5707963268e+00 -1.8598068848e+00
1.4818533804e-04 1.1098493800e+04 1.5707963268e+00 -1.8643340460e+00
1.4858568344e-04 1.1089951018e+04 1.5707963268e+00 -1.8688681346e+00
1.4898725525e-04 1.1081362989e+04 1.5707963268e+00 -1.8734092032e+00
1.4939006945e-04 1.1072729400e+04 1.5707963268e+00 -1.8779573049e+00
1.4979414235e-04 1.1064049935e+04 1.5707963268e+00 -1.8825124936e+00
1.5019949054e-04 1.1055324272e+04 1.5707963268e+00 -1.8870748236e+00
1.5060613097e-04 1.1046552088e+04 1.5707963268e+00 -1.8916443497e+00
1.5101408091e-04 1.1037733057e+04 1.5707963268e+00 -1.8962211274e+00
1.5142335795e-04 1.1028866847e+04 1.5707963268e+00 -1.9008052129e+00
1.5183398007e-04 1.1019953125e+04 1.5707963268e+00 -1.9053966629e+00
1.5224596557e-04 1.1010991553e+04 1.5707963268e+00 -1.9099955347e+00
1.5265933315e-04 1.1001981791e+04 1.5707963268e+00 -1.9146018862e+00
1.5307410188e-04 1.0992923493e+04 1.5707963268e+00 -1.9192157760e+00
1.5349029121e-04 1.0983816310e+04 1.5707963268e+00 -1.9238372633e+00
1.5390792100e-04 1.0974659892e+04 1.5707963268e+00 -1.9284664080e+00
1.5432701152e-04 1.0965453882e+04 1.5707963268e+00 -1.9331032708e+00
1.5474758348e-04 1.0956197920e+04 1.5707963268e+00 -1.9377479127e+00
1.5516965798e-04 1.0946891643e+04 1.5707963268e+00 -1.9424003957e+00
1.5559325663e-04 1.0937534682e+04 1.5707963268e+00 -1.9470607824e+00
1.5601840145e-04 1.0928126666e+04 1.5707963268e+00 -1.9517291362e+00
1.5644511495e-04 1.0918667220e+04 1.5707963268e+00 -1.9564055210e+00
1.5687342014e-04 1.0909155964e+04 1.5707963268e+00 -1.9610900016e+00
1.5730334052e-04 1.0899592512e+04 1.5707963268e+00 -1.9657826435e+00
1.5773490010e-04 1.0889976478e+04 1.5707963268e+00 -1.9704835130e+00
1.5816812344e-04 1.0880307469e+04 1.5707963268e+00 -1.9751926770e+00
1.5860303564e-04 1.0870585086e+04 1.5707963268e+00 -1.9799102035e+00
1.5903966236e-04 1.0860808930e+04 1.5707963268e+00 -1.9846361608e+00
1.5947802985e-04 1.0850978593e+04 1.5707963268e+00 -1.9893706185e+00
1.5991816495e-04 1.0841093666e+04 1.5707963268e+00 -1.9941136466e+00
1.6036009512e-04 1.0831153732e+04 1.5707963268e+00 -1.9988653163e+00
1.6080384847e-04 1.0821158372e+04 1.5707963268e+00 -2.0036256994e+00
1.6124945375e-04 1.0811107162e+04 1.5707963268e+00 -2.0083948685e+00
1.6169694039e-04 1.0800999671e+04 1.5707963268e+00 -2.0131728973e+00
1.6214633854e-04 1.0790835465e+04 1.5707963268e+00 -2.0179598603e+00
1.6259767904e-04 1.0780614104e+04 1.5707963268e+00 -2.0227558327e+00
1.6305099350e-04 1.0770335144e+04 1.5707963268e+00 -2.0275608909e+00
1.6350631428e-04 1.0759998134e+04 1.5707963268e+00 -2.0323751120e+00
1.6396367457e-04 1.0749602620e+04 1.5707963268e+00 -2.0371985741e+00
1.6442310834e-04 1.0739148141e+04 1.5707963268e+00 -2.0420313564e+00
1.6488465042e-04 1.0728634232e+04 1.5707963268e+00 -2.0468735389e+00
1.6534833654e-04 1.0718060420e+04 1.5707963268e+00 -2.0517252026e+00
1.6581420330e-04 1.0707426229e+04 1.5707963268e+00 -2.0565864297e+00
1.6628228828e-04 1.0696731176e+04 1.5707963268e+00 -2.0614573031e+00
1.6675262999e-04 1.0685974773e+04 1.5707963268e+00 -2.0663379070e+00
1.6722526797e-04 1.0675156525e+04 1.5707963268e+00 -2.0712283266e+00
1.6770024279e-04 1.0664275933e+04 1.5707963268e+00 -2.0761286481e+00
1.6817759610e-04 1.0653332490e+04 1.5707963268e+00 -2.0810389588e+00
1.6865737066e-04 1.0642325683e+04 1.5707963268e+00 -2.0859593472e+00
1.6913961040e-04 1.0631254995e+04 1.5707963268e+00 -2.0908899030e+00
1.6962436043e-04 1.0620119900e+04 1.5707963268e+00 -2.0958307167e+00
1.7011166712e-04 1.0608919866e+04 1.5707963268e+00 -2.1007818804e+00
1.7060157809e-04 1.0597654357e+04 1.5707963268e+00 -2.1057434871e+00
1.7109414235e-04 1.0586322826e+04 1.5707963268e+00 -2.1107156312e+00
1.7158941025e-04 1.0574924724e+04 1.5707963268e+00 -2.1156984083e+00
1.7208743361e-04 1.0563459491e+04 1.5707963268e+00 -2.1206919150e+00
1.7258826573e-04 1.0551926563e+04 1.5707963268e+00 -2.1256962496e+00
1.7309196147e-04 1.0540325367e+04 1.5707963268e+00 -2.1307115114e+00
1.7359857730e-04 1.0528655324e+04 1.5707963268e+00 -2.1357378012e+00
1.7410817137e-04 1.0516915848e+04 1.5707963268e+00 -2.1407752209e+00
1.7462080358e-04 1.0505106343e+04 1.5707963268e+00 -2.1458238742e+00
1.7513653564e-04 1.0493226209e+04 1.5707963268e+00 -2.1508838657e+00
1.7565543115e-04 1.0481274836e+04 1.5707963268e+00 -2.1559553019e+00
1.7617755569e-04 1.0469251607e+04 1.5707963268e+00 -2.1610382904e+00
1.7670297688e-04 1.0457155896e+04 1.5707963268e+00 -2.1661329404e+00
1.7723176449e-04 1.0444987070e+04 1.5707963268e+00 -2.1712393627e+00
1.7776399051e-04 1.0432744489e+04 1.5707963268e+00 -2.1763576696e+00
1.7829972926e-04 1.0420427501e+04 1.5707963268e+00 -2.1814879748e+00
1.7883905748e-04 1.0408035450e+04 1.5707963268e+00 -2.1866303937e+00
1.7938205447e-04 1.0395567668e+04 1.5707963268e+00 -2.1917850434e+00
1.7992880214e-04 1.0383023480e+04 1.5707963268e+00 -2.1969520427e+00
1.8047938519e-04 1.0370402201e+04 1.5707963268e+00 -2.2021315119e+00
1.8103389122e-04 1.0357703138e+04 1.5707963268e+00 -2.2073235730e+00
1.8159241083e-04 1.0344925588e+04 1.5707963268e+00 -2.2125283500e+00
1.8215503781e-04 1.0332068839e+04 1.5707963268e+00 -2.2177459686e+00
1.8272186926e-04 1.0319132170e+04 1.5707963268e+00 -2.2229765561e+00
1.8329300575e-04 1.0306114849e+04 1.5707963268e+00 -2.2282202419e+00
1.8386855151e-04 1.0293016136e+04 1.5707963268e+00 -2.2334771573e+00
1.8444861458e-04 1.0279835280e+04 1.5707963268e+00 -2.2387474354e+00
1.8503330701e-04 1.0266571520e+04 1.5707963268e+00 -2.2440312114e+00
1.8562274507e-04 1.0253224084e+04 1.5707963268e+00 -2.2493286223e+00
1.8621704946e-04 1.0239792191e+04 1.5707963268e+00 -2.2546398075e+00
1.8681634552e-04 1.0226275049e+04 1.5707963268e+00 -2.2599649081e+00
1.8742076351e-04 1.0212671854e+04 1.5707963268e+00 -2.2653040676e+00
1.8803043882e-04 1.0198981793e+04 1.5707963268e+00 -2.2706574316e+00
1.8864551229e-04 1.0185204041e+04 1.5707963268e+00 -2.2760251480e+00
1.8926613049e-04 1.0171337761e+04 1.5707963268e+00 -2.2814073668e+00
1.8989244603e-04 1.0157382105e+04 1.5707963268e+00 -2.2868042405e+00
1.9052461788e-04 1.0143336215e+04 1.5707963268e+00 -2.2922159238e+00
1.9116281178e-04 1.0129199218e+04 1.5707963268e+00 -2.2976425740e+00
1.9180720057e-04 1.0114970232e+04 1.5707963268e+00 -2.3030843506e+00
1.9245796464e-04 1.0100648362e+04 1.5707963268e+00 -2.3085414159e+00
1.9311529237e-04 1.0086232700e+04 1.5707963268e+00 -2.3140139346e+00
1.9377938060e-04 1.0071722327e+04 1.5707963268e+00 -2.3195020741e+00
1.9445043516e-04 1.0057116310e+04 1.5707963268e+00 -2.3250060044e+00
1.9512867139e-04 1.0042413704e+04 1.5707963268e+00 -2.3305258983e+00
1.9581431477e-04 1.0027613550e+04 1.5707963268e+00 -2.3360619314e+00
1.9650760158e-04 1.0012714878e+04 1.5707963268e+00 -2.3416142821e+00
1.9720877954e-04 9.9977167043e+03 1.5707963268e+00 -2.3471831318e+00
1.9791810863e-04 9.9826180305e+03 1.5707963268e+00 -2.3527686648e+00
1.9863586184e-04 9.9674178463e+03 1.5707963268e+00 -2.3583710684e+00
1.9936232612e-04 9.9521151271e+03 1.5707963268e+00 -2.3639905333e+00
2.0009780333e-04 9.9367088354e+03 1.5707963268e+00 -2.3696272529e+00
2.0084261124e-04 9.9211979196e+03 1.5707963268e+00 -2.3752814244e+00
2.0159708475e-04 9.9055813145e+03 1.5707963268e+00 -2.3809532478e+00
2.0236157706e-04 9.8898579415e+03 1.5707963268e+00 -2.3866429268e+00
2.0313646109e-04 9.8740267080e+03 1.5707963268e+00 -2.3923506686e+00
2.0392213093e-04 9.8580865078e+03 1.5707963268e+00 -2.3980766838e+00
2.0471900352e-04 9.8420362214e+03 1.5707963268e+00 -2.4038211867e+00
2.0552752040e-04 9.8258747155e+03 1.5707963268e+00 -2.4095843951e+00
2.0634814970e-04 9.8096008436e+03 1.5707963268e+00 -2.4153665310e+00
2.0718138831e-04 9.7932134463e+03 1.5707963268e+00 -2.4211678200e+00
2.0802776431e-04 9.7767113511e+03 1.5707963268e+00 -2.4269884916e+00
2.0888783960e-04 9.7600933732e+03 1.5707963268e+00 -2.4328287794e+00
2.0976221284e-04 9.7433583159e+03 1.5707963268e+00 -2.4386889214e+00
2.1065152275e-04 9.7265049707e+03 1.5707963268e+00 -2.4445691594e+00
2.1155645176e-04 9.7095321185e+03 1.5707963268e+00 -2.4504697399e+00
2.1247773003e-04 9.6924385302e+03 1.5707963268e+00 -2.4563909135e+00
2.1341614006e-04 9.6752229674e+03 1.5707963268e+00 -2.4623329355e+00
2.1437252179e-04 9.6578841836e+03 1.5707963268e+00 -2.4682960657e+00
2.1534777831e-04 9.6404209257e+03 1.5707963268e+00 -2.4742805688e+00
2.1634288237e-04 9.6228319355e+03 1.5707963268e+00 -2.4802867141e+00
2.1735888373e-04 9.6051159513e+03 1.5707963268e+00 -2.4863147758e+00
2.1839691744e-04 9.5872717104e+03 1.5707963268e+00 -2.4923650334e+00
2.1945821333e-04 9.5692979510e+03 1.5707963268e+00 -2.4984377710e+00
2.2054410684e-04 9.5511934163e+03 1.5707963268e+00 -2.5045332785e+00
2.2165605144e-04 9.5329568568e+03 1.5707963268e+00 -2.5106518506e+00
2.2279563288e-04 9.5145870356e+03 1.5707963268e+00 -2.5167937876e+00
2.2396458570e-04 9.4960827323e+03 1.5707963268e+00 -2.5229593955e+00
2.2516481237e-04 9.4774427499e+03 1.5707963268e+00 -2.5291489855e+00
2.2639840565e-04 9.4586659210e+03 1.5707963268e+00 -2.5353628748e+00
2.2766767468e-04 9.4397511168e+03 1.5707963268e+00 -2.5416013862e+00
2.2897517576e-04 9.4206972564e+03 1.5707963268e+00 -2.5478648482e+00
2.3032374879e-04 9.4015033194e+03 1.5707963268e+00 -2.5541535956e+00
2.3171656066e-04 9.3821683602e+03 1.5707963268e+00 -2.5604679685e+00
2.3315715712e-04 9.3626915254e+03 1.5707963268e+00 -2.5668083135e+00
2.3464952549e-04 9.3430720755e+03 1.5707963268e+00 -2.5731749829e+00
2.3619817075e-04 9.3233094111e+03 1.5707963268e+00 -2.5795683349e+00
2.3780820866e-04 9.3034031054e+03 1.5707963268e+00 -2.5859887336e+00
2.3948548073e-04 9.2833529444e+03 1.5707963268e+00 -2.5924365489e+00
2.4123669751e-04 9.2631589779e+03 1.5707963268e+00 -2.5989121560e+00
2.4306961876e-04 9.2428215834e+03 1.5707963268e+00 -2.6054159358e+00
2.4499328266e-04 9.2223415481e+03 1.5707963268e+00 -2.6119482739e+00
2.4701830089e-04 9.2017201750e+03 1.5707963268e+00 -2.6185095604e+00
2.4915724339e-04 9.1809594210e+03 1.5707963268e+00 -2.6251001893e+00
2.5142514775e-04 9.1600620817e+03 1.5707963268e+00 -2.6317205574e+00
2.5384020438e-04 9.1390320380e+03 1.5707963268e+00 -2.6383710637e+00
2.5642469542e-04 9.1178745967e+03 1.5707963268e+00 -2.6450521069e+00
2.5920630829e-04 9.0965969650e+03 1.5707963268e+00 -2.6517640842e+00
2.6222001755e-04 9.0752089299e+03 1.5707963268e+00 -2.6585073879e+00
2.6551085539e-04 9.0537238559e+03 1.5707963268e+00 -2.6652824015e+00
2.6913812253e-04 9.0321601940e+03 1.5707963268e+00 -2.6720894940e+00
2.7318203318e-04 9.0105438494e+03 1.5707963268e+00 -2.6789290121e+00
2.7775468400e-04 8.9889120559e+03 1.5707963268e+00 -2.6858012677e+00
2.8301918526e-04 8.9673200547e+03 1.5707963268e+00 -2.6927065200e+00
2.8922540834e-04 8.9458533760e+03 1.5707963268e+00 -2.6996449461e+00
2.9678300582e-04 8.9246523660e+03 1.5707963268e+00 -2.7066165918e+00
3.0642964648e-04 8.9039668893e+03 1.5707963268e+00 -2.7136212820e+00
3.1969217704e-04 8.8842990240e+03 1.5707963268e+00 -2.7206584430e+00
