0.0000000000e+00 1.3127312622e+04 1.5707963268e+00 0.0000000000e+00
2.5976082380e-07 1.3127312622e+04 1.5707963268e+00 3.3783783784e-03
5.1952164760e-07 1.3127310597e+04 1.5707963268e+00 6.7567567568e-03
7.7928255487e-07 1.3127306548e+04 1.5707963268e+00 1.0135136177e-02
1.0390436291e-06 1.3127300473e+04 1.5707963268e+00 1.3513517682e-02
1.2988049537e-06 1.3127292375e+04 1.5707963268e+00 1.6891902313e-02
1.5585666122e-06 1.3127282251e+04 1.5707963268e+00 2.0270291113e-02
1.8183286880e-06 1.3127270102e+04 1.5707963268e+00 2.3648685124e-02
2.0780912647e-06 1.3127255928e+04 1.5707963268e+00 2.7027085387e-02
2.3378544257e-06 1.3127239729e+04 1.5707963268e+00 3.0405492946e-02
2.5976182545e-06 1.3127221505e+04 1.5707963268e+00 3.3783908843e-02
2.8573828346e-06 1.3127201255e+04 1.5707963268e+00 3.7162334121e-02
3.1171482495e-06 1.3127178979e+04 1.5707963268e+00 4.0540769821e-02
3.3769145828e-06 1.3127154678e+04 1.5707963268e+00 4.3919216988e-02
3.6366819180e-06 1.3127128350e+04 1.5707963268e+00 4.7297676662e-02
3.8964503387e-06 1.3127099995e+04 1.5707963268e+00 5.0676149889e-02
4.1562199283e-06 1.3127069613e+04 1.5707963268e+00 5.4054637711e-02
4.4159907706e-06 1.3127037205e+04 1.5707963268e+00 5.7433141171e-02
4.6757629490e-06 1.3127002768e+04 1.5707963268e+00 6.0811661314e-02
4.9355365472e-06 1.3126966304e+04 1.5707963268e+00 6.4190199182e-02
5.1953116489e-06 1.3126927811e+04 1.5707963268e+00 6.7568755820e-02
5.4550883377e-06 1.3126887289e+04 1.5707963268e+00 7.0947332272e-02
5.7148666974e-06 1.3126844738e+04 1.5707963268e+00 7.4325929583e-02
5.9746468115e-06 1.3126800157e+04 1.5707963268e+00 7.7704548798e-02
6.2344287638e-06 1.3126753546e+04 1.5707963268e+00 8.1083190961e-02
6.4942126381e-06 1.3126704904e+04 1.5707963268e+00 8.4461857119e-02
6.7539985182e-06 1.3126654231e+04 1.5707963268e+00 8.7840548316e-02
7.0137864879e-06 1.3126601525e+04 1.5707963268e+00 9.1219265598e-02
7.2735766310e-06 1.3126546787e+04 1.5707963268e+00 9.4598010013e-02
7.5333690315e-06 1.3126490016e+04 1.5707963268e+00 9.7976782607e-02
7.7931637731e-06 1.3126431211e+04 1.5707963268e+00 1.0135558443e-01
8.0529609399e-06 1.3126370371e+04 1.5707963268e+00 1.0473441652e-01
8.3127606159e-06 1.3126307496e+04 1.5707963268e+00 1.0811327993e-01
8.5725628850e-06 1.3126242585e+04 1.5707963268e+00 1.1149217572e-01
8.8323678313e-06 1.3126175637e+04 1.5707963268e+00 1.1487110492e-01
9.0921755389e-06 1.3126106651e+04 1.5707963268e+00 1.1825006859e-01
9.3519860919e-06 1.3126035627e+04 1.5707963268e+00 1.2162906777e-01
9.6117995745e-06 1.3125962564e+04 1.5707963268e+00 1.2500810352e-01
9.8716160709e-06 1.3125887461e+04 1.5707963268e+00 1.2838717689e-01
1.0131435665e-05 1.3125810317e+04 1.5707963268e+00 1.3176628893e-01
1.0391258442e-05 1.3125731131e+04 1.5707963268e+00 1.3514544069e-01
1.0651084486e-05 1.3125649903e+04 1.5707963268e+00 1.3852463322e-01
1.0910913880e-05 1.3125566630e+04 1.5707963268e+00 1.4190386757e-01
1.1170746711e-05 1.3125481313e+04 1.5707963268e+00 1.4528314480e-01
1.1430583061e-05 1.3125393950e+04 1.5707963268e+00 1.4866246596e-01
1.1690423016e-05 1.3125304541e+04 1.5707963268e+00 1.5204183211e-01
1.1950266660e-05 1.3125213084e+04 1.5707963268e+00 1.5542124430e-01
1.2210114078e-05 1.3125119577e+04 1.5707963268e+00 1.5880070358e-01
1.2469965354e-05 1.3125024021e+04 1.5707963268e+00 1.6218021102e-01
1.2729820574e-05 1.3124926414e+04 1.5707963268e+00 1.6555976766e-01
1.2989679822e-05 1.3124826755e+04 1.5707963268e+00 1.6893937457e-01
1.3249543183e-05 1.3124725042e+04 1.5707963268e+00 1.7231903280e-01
1.3509410742e-05 1.3124621274e+04 1.5707963268e+00 1.7569874342e-01
1.3769282584e-05 1.3124515451e+04 1.5707963268e+00 1.7907850747e-01
1.4029158794e-05 1.3124407571e+04 1.5707963268e+00 1.8245832603e-01
1.4289039457e-05 1.3124297632e+04 1.5707963268e+00 1.8583820015e-01
1.4548924658e-05 1.3124185634e+04 1.5707963268e+00 1.8921813090e-01
1.4808814483e-05 1.3124071574e+04 1.5707963268e+00 1.9259811933e-01
1.5068709017e-05 1.3123955452e+04 1.5707963268e+00 1.9597816651e-01
1.5328608346e-05 1.3123837267e+04 1.5707963268e+00 1.9935827350e-01
1.5588512554e-05 1.3123717016e+04 1.5707963268e+00 2.0273844137e-01
1.5848421728e-05 1.3123594699e+04 1.5707963268e+00 2.0611867119e-01
1.6108335953e-05 1.3123470314e+04 1.5707963268e+00 2.0949896401e-01
1.6368255314e-05 1.3123343860e+04 1.5707963268e+00 2.1287932091e-01
1.6628179898e-05 1.3123215334e+04 1.5707963268e+00 2.1625974296e-01
1.6888109790e-05 1.3123084736e+04 1.5707963268e+00 2.1964023122e-01
1.7148045076e-05 1.3122952064e+04 1.5707963268e+00 2.2302078676e-01
1.7407985843e-05 1.3122817317e+04 1.5707963268e+00 2.2640141066e-01
1.7667932176e-05 1.3122680492e+04 1.5707963268e+00 2.2978210398e-01
1.7927884161e-05 1.3122541588e+04 1.5707963268e+00 2.3316286780e-01
1.8187841886e-05 1.3122400604e+04 1.5707963268e+00 2.3654370319e-01
1.8447805435e-05 1.3122257538e+04 1.5707963268e+00 2.3992461122e-01
1.8707774896e-05 1.3122112388e+04 1.5707963268e+00 2.4330559298e-01
1.8967750354e-05 1.3121965152e+04 1.5707963268e+00 2.4668664953e-01
1.9227731897e-05 1.3121815829e+04 1.5707963268e+00 2.5006778195e-01
1.9487719612e-05 1.3121664417e+04 1.5707963268e+00 2.5344899133e-01
1.9747713585e-05 1.3121510914e+04 1.5707963268e+00 2.5683027874e-01
2.0007713902e-05 1.3121355318e+04 1.5707963268e+00 2.6021164526e-01
2.0267720652e-05 1.3121197628e+04 1.5707963268e+00 2.6359309197e-01
2.0527733920e-05 1.3121037841e+04 1.5707963268e+00 2.6697461996e-01
2.0787753795e-05 1.3120875956e+04 1.5707963268e+00 2.7035623031e-01
2.1047780362e-05 1.3120711970e+04 1.5707963268e+00 2.7373792410e-01
2.1307813711e-05 1.3120545882e+04 1.5707963268e+00 2.7711970242e-01
2.1567853928e-05 1.3120377690e+04 1.5707963268e+00 2.8050156635e-01
2.1827901100e-05 1.3120207392e+04 1.5707963268e+00 2.8388351699e-01
2.2087955316e-05 1.3120034986e+04 1.5707963268e+00 2.8726555543e-01
2.2348016663e-05 1.3119860469e+04 1.5707963268e+00 2.9064768274e-01
2.2608085229e-05 1.3119683839e+04 1.5707963268e+00 2.9402990004e-01
2.2868161103e-05 1.3119505096e+04 1.5707963268e+00 2.9741220840e-01
2.3128244371e-05 1.3119324235e+04 1.5707963268e+00 3.0079460892e-01
2.3388335123e-05 1.3119141256e+04 1.5707963268e+00 3.0417710270e-01
2.3648433446e-05 1.3118956156e+04 1.5707963268e+00 3.0755969083e-01
2.3908539429e-05 1.3118768932e+04 1.5707963268e+00 3.1094237441e-01
2.4168653161e-05 1.3118579583e+04 1.5707963268e+00 3.1432515455e-01
2.4428774730e-05 1.3118388106e+04 1.5707963268e+00 3.1770803233e-01
2.4688904226e-05 1.3118194500e+04 1.5707963268e+00 3.2109100887e-01
2.4949041736e-05 1.3117998761e+04 1.5707963268e+00 3.2447408526e-01
2.5209187350e-05 1.3117800887e+04 1.5707963268e+00 3.2785726260e-01
2.5469341157e-05 1.3117600876e+04 1.5707963268e+00 3.3124054202e-01
2.5729503246e-05 1.3117398726e+04 1.5707963268e+00 3.3462392460e-01
2.5989673708e-05 1.3117194434e+04 1.5707963268e+00 3.3800741147e-01
2.6249852630e-05 1.3116987998e+04 1.5707963268e+00 3.4139100372e-01
2.6510040103e-05 1.3116779415e+04 1.5707963268e+00 3.4477470248e-01
2.6770236217e-05 1.3116568683e+04 1.5707963268e+00 3.4815850885e-01
2.7030441062e-05 1.3116355799e+04 1.5707963268e+00 3.5154242395e-01
2.7290654727e-05 1.3116140761e+04 1.5707963268e+00 3.5492644889e-01
2.7550877302e-05 1.3115923565e+04 1.5707963268e+00 3.5831058478e-01
2.7811108879e-05 1.3115704211e+04 1.5707963268e+00 3.6169483276e-01
2.8071349547e-05 1.3115482694e+04 1.5707963268e+00 3.6507919394e-01
2.8331599396e-05 1.3115259012e+04 1.5707963268e+00 3.6846366944e-01
2.8591858519e-05 1.3115033163e+04 1.5707963268e+00 3.7184826038e-01
2.8852127005e-05 1.3114805143e+04 1.5707963268e+00 3.7523296788e-01
2.9112404946e-05 1.3114574951e+04 1.5707963268e+00 3.7861779308e-01
2.9372692432e-05 1.3114342583e+04 1.5707963268e+00 3.8200273711e-01
2.9632989555e-05 1.3114108036e+04 1.5707963268e+00 3.8538780108e-01
2.9893296406e-05 1.3113871309e+04 1.5707963268e+00 3.8877298613e-01
3.0153613077e-05 1.3113632397e+04 1.5707963268e+00 3.9215829340e-01
3.0413939659e-05 1.3113391298e+04 1.5707963268e+00 3.9554372402e-01
3.0674276245e-05 1.3113148009e+04 1.5707963268e+00 3.9892927913e-01
3.0934622927e-05 1.3112902527e+04 1.5707963268e+00 4.0231495985e-01
3.1194979796e-05 1.3112654850e+04 1.5707963268e+00 4.0570076734e-01
3.1455346945e-05 1.3112404973e+04 1.5707963268e+00 4.0908670273e-01
3.1715724466e-05 1.3112152895e+04 1.5707963268e+00 4.1247276717e-01
3.1976112452e-05 1.3111898612e+04 1.5707963268e+00 4.1585896179e-01
3.2236510996e-05 1.3111642122e+04 1.5707963268e+00 4.1924528775e-01
3.2496920190e-05 1.3111383420e+04 1.5707963268e+00 4.2263174620e-01
3.2757340129e-05 1.3111122504e+04 1.5707963268e+00 4.2601833828e-01
3.3017770904e-05 1.3110859371e+04 1.5707963268e+00 4.2940506515e-01
3.3278212610e-05 1.3110594018e+04 1.5707963268e+00 4.3279192795e-01
3.3538665340e-05 1.3110326441e+04 1.5707963268e+00 4.3617892786e-01
3.3799129189e-05 1.3110056638e+04 1.5707963268e+00 4.3956606601e-01
3.4059604248e-05 1.3109784604e+04 1.5707963268e+00 4.4295334357e-01
3.4320090614e-05 1.3109510337e+04 1.5707963268e+00 4.4634076171e-01
3.4580588380e-05 1.3109233833e+04 1.5707963268e+00 4.4972832158e-01
3.4841097641e-05 1.3108955090e+04 1.5707963268e+00 4.5311602435e-01
3.5101618491e-05 1.3108674103e+04 1.5707963268e+00 4.5650387119e-01
3.5362151025e-05 1.3108390869e+04 1.5707963268e+00 4.5989186326e-01
3.5622695339e-05 1.3108105385e+04 1.5707963268e+00 4.6328000174e-01
3.5883251526e-05 1.3107817648e+04 1.5707963268e+00 4.6666828780e-01
3.6143819683e-05 1.3107527654e+04 1.5707963268e+00 4.7005672261e-01
3.6404399906e-05 1.3107235399e+04 1.5707963268e+00 4.7344530735e-01
3.6664992289e-05 1.3106940880e+04 1.5707963268e+00 4.7683404319e-01
3.6925596929e-05 1.3106644093e+04 1.5707963268e+00 4.8022293133e-01
3.7186213922e-05 1.3106345035e+04 1.5707963268e+00 4.8361197294e-01
3.7446843363e-05 1.3106043703e+04 1.5707963268e+00 4.8700116921e-01
3.7707485351e-05 1.3105740091e+04 1.5707963268e+00 4.9039052132e-01
3.7968139981e-05 1.3105434198e+04 1.5707963268e+00 4.9378003047e-01
3.8228807349e-05 1.3105126019e+04 1.5707963268e+00 4.9716969784e-01
3.8489487554e-05 1.3104815550e+04 1.5707963268e+00 5.0055952463e-01
3.8750180693e-05 1.3104502788e+04 1.5707963268e+00 5.0394951203e-01
3.9010886862e-05 1.3104187729e+04 1.5707963268e+00 5.0733966125e-01
3.9271606160e-05 1.3103870369e+04 1.5707963268e+00 5.1072997348e-01
3.9532338684e-05 1.3103550704e+04 1.5707963268e+00 5.1412044992e-01
3.9793084532e-05 1.3103228730e+04 1.5707963268e+00 5.1751109178e-01
4.0053843803e-05 1.3102904444e+04 1.5707963268e+00 5.2090190027e-01
4.0314616595e-05 1.3102577841e+04 1.5707963268e+00 5.2429287660e-01
4.0575403007e-05 1.3102248918e+04 1.5707963268e+00 5.2768402197e-01
4.0836203138e-05 1.3101917671e+04 1.5707963268e+00 5.3107533760e-01
4.1097017086e-05 1.3101584095e+04 1.5707963268e+00 5.3446682471e-01
4.1357844952e-05 1.3101248187e+04 1.5707963268e+00 5.3785848451e-01
4.1618686834e-05 1.3100909942e+04 1.5707963268e+00 5.4125031823e-01
4.1879542832e-05 1.3100569356e+04 1.5707963268e+00 5.4464232709e-01
4.2140413047e-05 1.3100226426e+04 1.5707963268e+00 5.4803451231e-01
4.2401297578e-05 1.3099881147e+04 1.5707963268e+00 5.5142687512e-01
4.2662196526e-05 1.3099533514e+04 1.5707963268e+00 5.5481941676e-01
4.2923109991e-05 1.3099183525e+04 1.5707963268e+00 5.5821213846e-01
4.3184038075e-05 1.3098831173e+04 1.5707963268e+00 5.6160504144e-01
4.3444980878e-05 1.3098476456e+04 1.5707963268e+00 5.6499812696e-01
4.3705938502e-05 1.3098119368e+04 1.5707963268e+00 5.6839139625e-01
4.3966911048e-05 1.3097759906e+04 1.5707963268e+00 5.7178485054e-01
4.4227898618e-05 1.3097398065e+04 1.5707963268e+00 5.7517849110e-01
4.4488901314e-05 1.3097033841e+04 1.5707963268e+00 5.7857231917e-01
4.4749919239e-05 1.3096667229e+04 1.5707963268e+00 5.8196633599e-01
4.5010952494e-05 1.3096298225e+04 1.5707963268e+00 5.8536054282e-01
4.5272001182e-05 1.3095926824e+04 1.5707963268e+00 5.8875494092e-01
4.5533065407e-05 1.3095553022e+04 1.5707963268e+00 5.9214953154e-01
4.5794145272e-05 1.3095176814e+04 1.5707963268e+00 5.9554431595e-01
4.6055240879e-05 1.3094798195e+04 1.5707963268e+00 5.9893929541e-01
4.6316352333e-05 1.3094417162e+04 1.5707963268e+00 6.0233447119e-01
4.6577479738e-05 1.3094033709e+04 1.5707963268e+00 6.0572984455e-01
4.6838623198e-05 1.3093647832e+04 1.5707963268e+00 6.0912541677e-01
4.7099782817e-05 1.3093259526e+04 1.5707963268e+00 6.1252118913e-01
4.7360958700e-05 1.3092868786e+04 1.5707963268e+00 6.1591716289e-01
4.7622150952e-05 1.3092475608e+04 1.5707963268e+00 6.1931333934e-01
4.7883359677e-05 1.3092079986e+04 1.5707963268e+00 6.2270971977e-01
4.8144584983e-05 1.3091681916e+04 1.5707963268e+00 6.2610630546e-01
4.8405826974e-05 1.3091281393e+04 1.5707963268e+00 6.2950309770e-01
4.8667085756e-05 1.3090878413e+04 1.5707963268e+00 6.3290009778e-01
4.8928361435e-05 1.3090472969e+04 1.5707963268e+00 6.3629730700e-01
4.9189654119e-05 1.3090065058e+04 1.5707963268e+00 6.3969472664e-01
4.9450963913e-05 1.3089654674e+04 1.5707963268e+00 6.4309235802e-01
4.9712290925e-05 1.3089241813e+04 1.5707963268e+00 6.4649020244e-01
4.9973635263e-05 1.3088826468e+04 1.5707963268e+00 6.4988826120e-01
5.0234997033e-05 1.3088408636e+04 1.5707963268e+00 6.5328653562e-01
5.0496376344e-05 1.3087988311e+04 1.5707963268e+00 6.5668502700e-01
5.0757773303e-05 1.3087565488e+04 1.5707963268e+00 6.6008373666e-01
5.1019188020e-05 1.3087140161e+04 1.5707963268e+00 6.6348266591e-01
5.1280620603e-05 1.3086712326e+04 1.5707963268e+00 6.6688181609e-01
5.1542071161e-05 1.3086281977e+04 1.5707963268e+00 6.7028118852e-01
5.1803539803e-05 1.3085849109e+04 1.5707963268e+00 6.7368078451e-01
5.2065026638e-05 1.3085413717e+04 1.5707963268e+00 6.7708060541e-01
5.2326531778e-05 1.3084975795e+04 1.5707963268e+00 6.8048065255e-01
5.2588055331e-05 1.3084535338e+04 1.5707963268e+00 6.8388092726e-01
5.2849597408e-05 1.3084092340e+04 1.5707963268e+00 6.8728143089e-01
5.3111158121e-05 1.3083646797e+04 1.5707963268e+00 6.9068216478e-01
5.3372737579e-05 1.3083198702e+04 1.5707963268e+00 6.9408313027e-01
5.3634335895e-05 1.3082748051e+04 1.5707963268e+00 6.9748432871e-01
5.3895953180e-05 1.3082294837e+04 1.5707963268e+00 7.0088576147e-01
5.4157589545e-05 1.3081839055e+04 1.5707963268e+00 7.0428742989e-01
5.4419245104e-05 1.3081380700e+04 1.5707963268e+00 7.0768933534e-01
5.4680919969e-05 1.3080919766e+04 1.5707963268e+00 7.1109147918e-01
5.4942614252e-05 1.3080456246e+04 1.5707963268e+00 7.1449386277e-01
5.5204328067e-05 1.3079990137e+04 1.5707963268e+00 7.1789648748e-01
5.5466061527e-05 1.3079521431e+04 1.5707963268e+00 7.2129935470e-01
5.5727814746e-05 1.3079050123e+04 1.5707963268e+00 7.2470246579e-01
5.5989587838e-05 1.3078576207e+04 1.5707963268e+00 7.2810582214e-01
5.6251380918e-05 1.3078099677e+04 1.5707963268e+00 7.3150942512e-01
5.6513194100e-05 1.3077620528e+04 1.5707963268e+00 7.3491327613e-01
5.6775027500e-05 1.3077138753e+04 1.5707963268e+00 7.3831737656e-01
5.7036881232e-05 1.3076654347e+04 1.5707963268e+00 7.4172172781e-01
5.7298755413e-05 1.3076167304e+04 1.5707963268e+00 7.4512633126e-01
5.7560650158e-05 1.3075677617e+04 1.5707963268e+00 7.4853118832e-01
5.7822565585e-05 1.3075185281e+04 1.5707963268e+00 7.5193630039e-01
5.8084501809e-05 1.3074690290e+04 1.5707963268e+00 7.5534166890e-01
5.8346458949e-05 1.3074192637e+04 1.5707963268e+00 7.5874729523e-01
5.8608437120e-05 1.3073692316e+04 1.5707963268e+00 7.6215318082e-01
5.8870436441e-05 1.3073189322e+04 1.5707963268e+00 7.6555932708e-01
5.9132457031e-05 1.3072683647e+04 1.5707963268e+00 7.6896573544e-01
5.9394499007e-05 1.3072175286e+04 1.5707963268e+00 7.7237240732e-01
5.9656562488e-05 1.3071664232e+04 1.5707963268e+00 7.7577934415e-01
5.9918647594e-05 1.3071150479e+04 1.5707963268e+00 7.7918654736e-01
6.0180754444e-05 1.3070634021e+04 1.5707963268e+00 7.8259401840e-01
6.0442883157e-05 1.3070114852e+04 1.5707963268e+00 7.8600175871e-01
6.0705033855e-05 1.3069592964e+04 1.5707963268e+00 7.8940976973e-01
6.0967206657e-05 1.3069068351e+04 1.5707963268e+00 7.9281805292e-01
6.1229401684e-05 1.3068541008e+04 1.5707963268e+00 7.9622660972e-01
6.1491619058e-05 1.3068010927e+04 1.5707963268e+00 7.9963544159e-01
6.1753858901e-05 1.3067478102e+04 1.5707963268e+00 8.0304455000e-01
6.2016121334e-05 1.3066942526e+04 1.5707963268e+00 8.0645393642e-01
6.2278406480e-05 1.3066404192e+04 1.5707963268e+00 8.0986360230e-01
6.2540714462e-05 1.3065863094e+04 1.5707963268e+00 8.1327354912e-01
6.2803045402e-05 1.3065319226e+04 1.5707963268e+00 8.1668377837e-01
6.3065399424e-05 1.3064772580e+04 1.5707963268e+00 8.2009429152e-01
6.3327776653e-05 1.3064223150e+04 1.5707963268e+00 8.2350509005e-01
6.3590177212e-05 1.3063670928e+04 1.5707963268e+00 8.2691617547e-01
6.3852601226e-05 1.3063115909e+04 1.5707963268e+00 8.3032754926e-01
6.4115048820e-05 1.3062558084e+04 1.5707963268e+00 8.3373921291e-01
6.4377520120e-05 1.3061997448e+04 1.5707963268e+00 8.3715116794e-01
6.4640015251e-05 1.3061433993e+04 1.5707963268e+00 8.4056341584e-01
6.4902534340e-05 1.3060867711e+04 1.5707963268e+00 8.4397595814e-01
6.5165077513e-05 1.3060298597e+04 1.5707963268e+00 8.4738879633e-01
6.5427644898e-05 1.3059726643e+04 1.5707963268e+00 8.5080193195e-01
6.5690236621e-05 1.3059151842e+04 1.5707963268e+00 8.5421536651e-01
6.5952852811e-05 1.3058574187e+04 1.5707963268e+00 8.5762910155e-01
6.6215493595e-05 1.3057993670e+04 1.5707963268e+00 8.6104313859e-01
6.6478159103e-05 1.3057410284e+04 1.5707963268e+00 8.6445747917e-01
6.6740849463e-05 1.3056824023e+04 1.5707963268e+00 8.6787212483e-01
6.7003564806e-05 1.3056234878e+04 1.5707963268e+00 8.7128707712e-01
6.7266305260e-05 1.3055642842e+04 1.5707963268e+00 8.7470233759e-01
6.7529070957e-05 1.3055047909e+04 1.5707963268e+00 8.7811790778e-01
6.7791862026e-05 1.3054450070e+04 1.5707963268e+00 8.8153378927e-01
6.8054678600e-05 1.3053849317e+04 1.5707963268e+00 8.8494998361e-01
6.8317520809e-05 1.3053245645e+04 1.5707963268e+00 8.8836649236e-01
6.8580388786e-05 1.3052639044e+04 1.5707963268e+00 8.9178331711e-01
6.8843282663e-05 1.3052029508e+04 1.5707963268e+00 8.9520045942e-01
6.9106202573e-05 1.3051417029e+04 1.5707963268e+00 8.9861792089e-01
6.9369148650e-05 1.3050801598e+04 1.5707963268e+00 9.0203570309e-01
6.9632121027e-05 1.3050183209e+04 1.5707963268e+00 9.0545380762e-01
6.9895119838e-05 1.3049561854e+04 1.5707963268e+00 9.0887223607e-01
7.0158145218e-05 1.3048937525e+04 1.5707963268e+00 9.1229099004e-01
7.0421197302e-05 1.3048310213e+04 1.5707963268e+00 9.1571007113e-01
7.0684276226e-05 1.3047679912e+04 1.5707963268e+00 9.1912948097e-01
7.0947382126e-05 1.3047046613e+04 1.5707963268e+00 9.2254922115e-01
7.1210515138e-05 1.3046410308e+04 1.5707963268e+00 9.2596929330e-01
7.1473675399e-05 1.3045770990e+04 1.5707963268e+00 9.2938969905e-01
7.1736863047e-05 1.3045128650e+04 1.5707963268e+00 9.3281044002e-01
7.2000078219e-05 1.3044483280e+04 1.5707963268e+00 9.3623151785e-01
7.2263321054e-05 1.3043834872e+04 1.5707963268e+00 9.3965293417e-01
7.2526591690e-05 1.3043183418e+04 1.5707963268e+00 9.4307469063e-01
7.2789890267e-05 1.3042528910e+04 1.5707963268e+00 9.4649678889e-01
7.3053216925e-05 1.3041871340e+04 1.5707963268e+00 9.4991923058e-01
7.3316571803e-05 1.3041210698e+04 1.5707963268e+00 9.5334201737e-01
7.3579955044e-05 1.3040546978e+04 1.5707963268e+00 9.5676515093e-01
7.3843366787e-05 1.3039880170e+04 1.5707963268e+00 9.6018863293e-01
7.4106807174e-05 1.3039210266e+04 1.5707963268e+00 9.6361246503e-01
7.4370276348e-05 1.3038537258e+04 1.5707963268e+00 9.6703664892e-01
7.4633774452e-05 1.3037861137e+04 1.5707963268e+00 9.7046118629e-01
7.4897301628e-05 1.3037181895e+04 1.5707963268e+00 9.7388607882e-01
7.5160858020e-05 1.3036499523e+04 1.5707963268e+00 9.7731132820e-01
7.5424443773e-05 1.3035814012e+04 1.5707963268e+00 9.8073693614e-01
7.5688059031e-05 1.3035125354e+04 1.5707963268e+00 9.8416290435e-01
7.5951703939e-05 1.3034433540e+04 1.5707963268e+00 9.8758923453e-01
7.6215378643e-05 1.3033738562e+04 1.5707963268e+00 9.9101592841e-01
7.6479083290e-05 1.3033040410e+04 1.5707963268e+00 9.9444298770e-01
7.6742818026e-05 1.3032339076e+04 1.5707963268e+00 9.9787041412e-01
7.7006582998e-05 1.3031634551e+04 1.5707963268e+00 1.0012982094e+00
7.7270378354e-05 1.3030926825e+04 1.5707963268e+00 1.0047263753e+00
7.7534204243e-05 1.3030215891e+04 1.5707963268e+00 1.0081549136e+00
7.7798060813e-05 1.3029501738e+04 1.5707963268e+00 1.0115838260e+00
7.8061948214e-05 1.3028784358e+04 1.5707963268e+00 1.0150131142e+00
7.8325866596e-05 1.3028063742e+04 1.5707963268e+00 1.0184427801e+00
7.8589816109e-05 1.3027339881e+04 1.5707963268e+00 1.0218728253e+00
7.8853796905e-05 1.3026612765e+04 1.5707963268e+00 1.0253032517e+00
7.9117809134e-05 1.3025882385e+04 1.5707963268e+00 1.0287340610e+00
7.9381852950e-05 1.3025148732e+04 1.5707963268e+00 1.0321652551e+00
7.9645928504e-05 1.3024411797e+04 1.5707963268e+00 1.0355968357e+00
7.9910035950e-05 1.3023671570e+04 1.5707963268e+00 1.0390288045e+00
8.0174175442e-05 1.3022928041e+04 1.5707963268e+00 1.0424611635e+00
8.0438347135e-05 1.3022181202e+04 1.5707963268e+00 1.0458939144e+00
8.0702551182e-05 1.3021431043e+04 1.5707963268e+00 1.0493270590e+00
8.0966787741e-05 1.3020677554e+04 1.5707963268e+00 1.0527605991e+00
8.1231056966e-05 1.3019920725e+04 1.5707963268e+00 1.0561945366e+00
8.1495359015e-05 1.3019160547e+04 1.5707963268e+00 1.0596288733e+00
8.1759694044e-05 1.3018397011e+04 1.5707963268e+00 1.0630636111e+00
8.2024062212e-05 1.3017630106e+04 1.5707963268e+00 1.0664987517e+00
8.2288463678e-05 1.3016859823e+04 1.5707963268e+00 1.0699342970e+00
8.2552898599e-05 1.3016086152e+04 1.5707963268e+00 1.0733702489e+00
8.2817367136e-05 1.3015309082e+04 1.5707963268e+00 1.0768066093e+00
8.3081869450e-05 1.3014528605e+04 1.5707963268e+00 1.0802433799e+00
8.3346405700e-05 1.3013744709e+04 1.5707963268e+00 1.0836805628e+00
8.3610976048e-05 1.3012957386e+04 1.5707963268e+00 1.0871181597e+00
8.3875580657e-05 1.3012166624e+04 1.5707963268e+00 1.0905561725e+00
8.4140219690e-05 1.3011372414e+04 1.5707963268e+00 1.0939946032e+00
8.4404893308e-05 1.3010574746e+04 1.5707963268e+00 1.0974334536e+00
8.4669601677e-05 1.3009773609e+04 1.5707963268e+00 1.1008727257e+00
8.4934344961e-05 1.3008968993e+04 1.5707963268e+00 1.1043124213e+00
8.5199123325e-05 1.3008160888e+04 1.5707963268e+00 1.1077525424e+00
8.5463936935e-05 1.3007349283e+04 1.5707963268e+00 1.1111930908e+00
8.5728785957e-05 1.3006534168e+04 1.5707963268e+00 1.1146340686e+00
8.5993670559e-05 1.3005715533e+04 1.5707963268e+00 1.1180754777e+00
8.6258590908e-05 1.3004893366e+04 1.5707963268e+00 1.1215173200e+00
8.6523547173e-05 1.3004067658e+04 1.5707963268e+00 1.1249595974e+00
8.6788539522e-05 1.3003238397e+04 1.5707963268e+00 1.1284023119e+00
8.7053568126e-05 1.3002405573e+04 1.5707963268e+00 1.1318454656e+00
8.7318633155e-05 1.3001569176e+04 1.5707963268e+00 1.1352890602e+00
8.7583734779e-05 1.3000729194e+04 1.5707963268e+00 1.1387330979e+00
8.7848873172e-05 1.2999885616e+04 1.5707963268e+00 1.1421775806e+00
8.8114048504e-05 1.2999038432e+04 1.5707963268e+00 1.1456225103e+00
8.8379260949e-05 1.2998187631e+04 1.5707963268e+00 1.1490678891e+00
8.8644510681e-05 1.2997333202e+04 1.5707963268e+00 1.1525137188e+00
8.8909797875e-05 1.2996475134e+04 1.5707963268e+00 1.1559600015e+00
8.9175122705e-05 1.2995613415e+04 1.5707963268e+00 1.1594067393e+00
8.9440485347e-05 1.2994748034e+04 1.5707963268e+00 1.1628539342e+00
8.9705885978e-05 1.2993878981e+04 1.5707963268e+00 1.1663015881e+00
8.9971324774e-05 1.2993006244e+04 1.5707963268e+00 1.1697497032e+00
9.0236801915e-05 1.2992129811e+04 1.5707963268e+00 1.1731982815e+00
9.0502317579e-05 1.2991249672e+04 1.5707963268e+00 1.1766473250e+00
9.0767871944e-05 1.2990365814e+04 1.5707963268e+00 1.1800968358e+00
9.1033465191e-05 1.2989478227e+04 1.5707963268e+00 1.1835468160e+00
9.1299097502e-05 1.2988586899e+04 1.5707963268e+00 1.1869972676e+00
9.1564769057e-05 1.2987691818e+04 1.5707963268e+00 1.1904481928e+00
9.1830480038e-05 1.2986792973e+04 1.5707963268e+00 1.1938995936e+00
9.2096230629e-05 1.2985890352e+04 1.5707963268e+00 1.1973514722e+00
9.2362021014e-05 1.2984983943e+04 1.5707963268e+00 1.2008038305e+00
9.2627851377e-05 1.2984073734e+04 1.5707963268e+00 1.2042566708e+00
9.2893721903e-05 1.2983159714e+04 1.5707963268e+00 1.2077099952e+00
9.3159632779e-05 1.2982241870e+04 1.5707963268e+00 1.2111638058e+00
9.3425584191e-05 1.2981320191e+04 1.5707963268e+00 1.2146181047e+00
9.3691576326e-05 1.2980394664e+04 1.5707963268e+00 1.2180728941e+00
9.3957609374e-05 1.2979465278e+04 1.5707963268e+00 1.2215281761e+00
9.4223683522e-05 1.2978532021e+04 1.5707963268e+00 1.2249839529e+00
9.4489798962e-05 1.2977594879e+04 1.5707963268e+00 1.2284402267e+00
9.4755955883e-05 1.2976653841e+04 1.5707963268e+00 1.2318969996e+00
9.5022154478e-05 1.2975708895e+04 1.5707963268e+00 1.2353542738e+00
9.5288394938e-05 1.2974760028e+04 1.5707963268e+00 1.2388120515e+00
9.5554677456e-05 1.2973807228e+04 1.5707963268e+00 1.2422703349e+00
9.5821002227e-05 1.2972850482e+04 1.5707963268e+00 1.2457291263e+00
9.6087369445e-05 1.2971889777e+04 1.5707963268e+00 1.2491884278e+00
9.6353779305e-05 1.2970925102e+04 1.5707963268e+00 1.2526482416e+00
9.6620232004e-05 1.2969956443e+04 1.5707963268e+00 1.2561085701e+00
9.6886727740e-05 1.2968983788e+04 1.5707963268e+00 1.2595694153e+00
9.7153266709e-05 1.2968007123e+04 1.5707963268e+00 1.2630307797e+00
9.7419849111e-05 1.2967026437e+04 1.5707963268e+00 1.2664926654e+00
9.7686475145e-05 1.2966041716e+04 1.5707963268e+00 1.2699550746e+00
9.7953145012e-05 1.2965052946e+04 1.5707963268e+00 1.2734180098e+00
9.8219858914e-05 1.2964060116e+04 1.5707963268e+00 1.2768814731e+00
9.8486617052e-05 1.2963063212e+04 1.5707963268e+00 1.2803454669e+00
9.8753419629e-05 1.2962062221e+04 1.5707963268e+00 1.2838099934e+00
9.9020266850e-05 1.2961057129e+04 1.5707963268e+00 1.2872750549e+00
9.9287158919e-05 1.2960047924e+04 1.5707963268e+00 1.2907406538e+00
9.9554096042e-05 1.2959034591e+04 1.5707963268e+00 1.2942067924e+00
9.9821078426e-05 1.2958017119e+04 1.5707963268e+00 1.2976734731e+00
1.0008810628e-04 1.2956995492e+04 1.5707963268e+00 1.3011406981e+00
1.0035517981e-04 1.2955969698e+04 1.5707963268e+00 1.3046084698e+00
1.0062229922e-04 1.2954939722e+04 1.5707963268e+00 1.3080767906e+00
1.0088946473e-04 1.2953905552e+04 1.5707963268e+00 1.3115456629e+00
1.0115667654e-04 1.2952867174e+04 1.5707963268e+00 1.3150150890e+00
1.0142393488e-04 1.2951824574e+04 1.5707963268e+00 1.3184850713e+00
1.0169123995e-04 1.2950777737e+04 1.5707963268e+00 1.3219556122e+00
1.0195859196e-04 1.2949726650e+04 1.5707963268e+00 1.3254267141e+00
1.0222599113e-04 1.2948671300e+04 1.5707963268e+00 1.3288983795e+00
1.0249343768e-04 1.2947611671e+04 1.5707963268e+00 1.3323706107e+00
1.0276093182e-04 1.2946547751e+04 1.5707963268e+00 1.3358434102e+00
1.0302847377e-04 1.2945479524e+04 1.5707963268e+00 1.3393167805e+00
1.0329606375e-04 1.2944406976e+04 1.5707963268e+00 1.3427907239e+00
1.0356370198e-04 1.2943330094e+04 1.5707963268e+00 1.3462652429e+00
1.0383138868e-04 1.2942248862e+04 1.5707963268e+00 1.3497403401e+00
1.0409912406e-04 1.2941163267e+04 1.5707963268e+00 1.3532160178e+00
1.0436690837e-04 1.2940073293e+04 1.5707963268e+00 1.3566922787e+00
1.0463474180e-04 1.2938978927e+04 1.5707963268e+00 1.3601691251e+00
1.0490262460e-04 1.2937880153e+04 1.5707963268e+00 1.3636465596e+00
1.0517055698e-04 1.2936776957e+04 1.5707963268e+00 1.3671245847e+00
1.0543853918e-04 1.2935669324e+04 1.5707963268e+00 1.3706032029e+00
1.0570657142e-04 1.2934557239e+04 1.5707963268e+00 1.3740824168e+00
1.0597465392e-04 1.2933440687e+04 1.5707963268e+00 1.3775622289e+00
1.0624278693e-04 1.2932319654e+04 1.5707963268e+00 1.3810426418e+00
1.0651097066e-04 1.2931194124e+04 1.5707963268e+00 1.3845236581e+00
1.0677920535e-04 1.2930064082e+04 1.5707963268e+00 1.3880052802e+00
1.0704749124e-04 1.2928929513e+04 1.5707963268e+00 1.3914875109e+00
1.0731582855e-04 1.2927790401e+04 1.5707963268e+00 1.3949703527e+00
1.0758421753e-04 1.2926646731e+04 1.5707963268e+00 1.3984538082e+00
1.0785265840e-04 1.2925498488e+04 1.5707963268e+00 1.4019378800e+00
1.0812115140e-04 1.2924345657e+04 1.5707963268e+00 1.4054225708e+00
1.0838969678e-04 1.2923188221e+04 1.5707963268e+00 1.4089078832e+00
1.0865829477e-04 1.2922026165e+04 1.5707963268e+00 1.4123938199e+00
1.0892694561e-04 1.2920859474e+04 1.5707963268e+00 1.4158803834e+00
1.0919564954e-04 1.2919688131e+04 1.5707963268e+00 1.4193675766e+00
1.0946440681e-04 1.2918512120e+04 1.5707963268e+00 1.4228554020e+00
1.0973321766e-04 1.2917331427e+04 1.5707963268e+00 1.4263438624e+00
1.1000208233e-04 1.2916146034e+04 1.5707963268e+00 1.4298329604e+00
1.1027100107e-04 1.2914955926e+04 1.5707963268e+00 1.4333226988e+00
1.1053997412e-04 1.2913761086e+04 1.5707963268e+00 1.4368130803e+00
1.1080900174e-04 1.2912561499e+04 1.5707963268e+00 1.4403041076e+00
1.1107808417e-04 1.2911357147e+04 1.5707963268e+00 1.4437957835e+00
1.1134722166e-04 1.2910148015e+04 1.5707963268e+00 1.4472881108e+00
1.1161641447e-04 1.2908934086e+04 1.5707963268e+00 1.4507810921e+00
1.1188566285e-04 1.2907715344e+04 1.5707963268e+00 1.4542747304e+00
1.1215496705e-04 1.2906491772e+04 1.5707963268e+00 1.4577690283e+00
1.1242432733e-04 1.2905263352e+04 1.5707963268e+00 1.4612639886e+00
1.1269374393e-04 1.2904030069e+04 1.5707963268e+00 1.4647596143e+00
1.1296321713e-04 1.2902791906e+04 1.5707963268e+00 1.4682559081e+00
1.1323274718e-04 1.2901548845e+04 1.5707963268e+00 1.4717528728e+00
1.1350233433e-04 1.2900300870e+04 1.5707963268e+00 1.4752505114e+00
1.1377197886e-04 1.2899047964e+04 1.5707963268e+00 1.4787488266e+00
1.1404168102e-04 1.2897790108e+04 1.5707963268e+00 1.4822478213e+00
1.1431144107e-04 1.2896527287e+04 1.5707963268e+00 1.4857474984e+00
1.1458125929e-04 1.2895259483e+04 1.5707963268e+00 1.4892478608e+00
1.1485113593e-04 1.2893986678e+04 1.5707963268e+00 1.4927489115e+00
1.1512107127e-04 1.2892708854e+04 1.5707963268e+00 1.4962506533e+00
1.1539106557e-04 1.2891425995e+04 1.5707963268e+00 1.4997530891e+00
1.1566111910e-04 1.2890138082e+04 1.5707963268e+00 1.5032562220e+00
1.1593123214e-04 1.2888845099e+04 1.5707963268e+00 1.5067600548e+00
1.1620140495e-04 1.2887547026e+04 1.5707963268e+00 1.5102645905e+00
1.1647163781e-04 1.2886243846e+04 1.5707963268e+00 1.5137698321e+00
1.1674193100e-04 1.2884935542e+04 1.5707963268e+00 1.5172757827e+00
1.1701228480e-04 1.2883622094e+04 1.5707963268e+00 1.5207824451e+00
1.1728269947e-04 1.2882303485e+04 1.5707963268e+00 1.5242898224e+00
1.1755317530e-04 1.2880979697e+04 1.5707963268e+00 1.5277979177e+00
1.1782371258e-04 1.2879650710e+04 1.5707963268e+00 1.5313067340e+00
1.1809431157e-04 1.2878316508e+04 1.5707963268e+00 1.5348162743e+00
1.1836497257e-04 1.2876977071e+04 1.5707963268e+00 1.5383265417e+00
1.1863569586e-04 1.2875632380e+04 1.5707963268e+00 1.5418375393e+00
1.1890648173e-04 1.2874282418e+04 1.5707963268e+00 1.5453492702e+00
1.1917733046e-04 1.2872927164e+04 1.5707963268e+00 1.5488617374e+00
1.1944824235e-04 1.2871566601e+04 1.5707963268e+00 1.5523749442e+00
1.1971921767e-04 1.2870200709e+04 1.5707963268e+00 1.5558888936e+00
1.1999025674e-04 1.2868829470e+04 1.5707963268e+00 1.5594035888e+00
1.2026135983e-04 1.2867452864e+04 1.5707963268e+00 1.5629190329e+00
1.2053252724e-04 1.2866070871e+04 1.5707963268e+00 1.5664352291e+00
1.2080375927e-04 1.2864683474e+04 1.5707963268e+00 1.5699521807e+00
1.2107505622e-04 1.2863290651e+04 1.5707963268e+00 1.5734698907e+00
1.2134641839e-04 1.2861892384e+04 1.5707963268e+00 1.5769883624e+00
1.2161784607e-04 1.2860488653e+04 1.5707963268e+00 1.5805075990e+00
1.2188933957e-04 1.2859079439e+04 1.5707963268e+00 1.5840276039e+00
1.2216089919e-04 1.2857664721e+04 1.5707963268e+00 1.5875483801e+00
1.2243252524e-04 1.2856244480e+04 1.5707963268e+00 1.5910699310e+00
1.2270421802e-04 1.2854818696e+04 1.5707963268e+00 1.5945922599e+00
1.2297597784e-04 1.2853387349e+04 1.5707963268e+00 1.5981153701e+00
1.2324780502e-04 1.2851950418e+04 1.5707963268e+00 1.6016392649e+00
1.2351969986e-04 1.2850507883e+04 1.5707963268e+00 1.6051639475e+00
1.2379166267e-04 1.2849059725e+04 1.5707963268e+00 1.6086894214e+00
1.2406369378e-04 1.2847605921e+04 1.5707963268e+00 1.6122156899e+00
1.2433579349e-04 1.2846146453e+04 1.5707963268e+00 1.6157427563e+00
1.2460796212e-04 1.2844681299e+04 1.5707963268e+00 1.6192706241e+00
1.2488020000e-04 1.2843210439e+04 1.5707963268e+00 1.6227992966e+00
1.2515250745e-04 1.2841733852e+04 1.5707963268e+00 1.6263287773e+00
1.2542488478e-04 1.2840251516e+04 1.5707963268e+00 1.6298590695e+00
1.2569733232e-04 1.2838763411e+04 1.5707963268e+00 1.6333901767e+00
1.2596985040e-04 1.2837269515e+04 1.5707963268e+00 1.6369221024e+00
1.2624243934e-04 1.2835769808e+04 1.5707963268e+00 1.6404548501e+00
1.2651509948e-04 1.2834264268e+04 1.5707963268e+00 1.6439884231e+00
1.2678783114e-04 1.2832752874e+04 1.5707963268e+00 1.6475228251e+00
1.2706063466e-04 1.2831235604e+04 1.5707963268e+00 1.6510580595e+00
1.2733351038e-04 1.2829712436e+04 1.5707963268e+00 1.6545941299e+00
1.2760645862e-04 1.2828183348e+04 1.5707963268e+00 1.6581310399e+00
1.2787947972e-04 1.2826648320e+04 1.5707963268e+00 1.6616687928e+00
1.2815257404e-04 1.2825107328e+04 1.5707963268e+00 1.6652073925e+00
1.2842574190e-04 1.2823560351e+04 1.5707963268e+00 1.6687468424e+00
1.2869898365e-04 1.2822007366e+04 1.5707963268e+00 1.6722871462e+00
1.2897229963e-04 1.2820448352e+04 1.5707963268e+00 1.6758283075e+00
1.2924569020e-04 1.2818883286e+04 1.5707963268e+00 1.6793703298e+00
1.2951915569e-04 1.2817312145e+04 1.5707963268e+00 1.6829132170e+00
1.2979269647e-04 1.2815734907e+04 1.5707963268e+00 1.6864569727e+00
1.3006631288e-04 1.2814151549e+04 1.5707963268e+00 1.6900016005e+00
1.3034000528e-04 1.2812562048e+04 1.5707963268e+00 1.6935471042e+00
1.3061377403e-04 1.2810966381e+04 1.5707963268e+00 1.6970934874e+00
1.3088761947e-04 1.2809364526e+04 1.5707963268e+00 1.7006407540e+00
1.3116154198e-04 1.2807756459e+04 1.5707963268e+00 1.7041889077e+00
1.3143554191e-04 1.2806142157e+04 1.5707963268e+00 1.7077379522e+00
1.3170961962e-04 1.2804521596e+04 1.5707963268e+00 1.7112878914e+00
1.3198377549e-04 1.2802894754e+04 1.5707963268e+00 1.7148387290e+00
1.3225800988e-04 1.2801261605e+04 1.5707963268e+00 1.7183904689e+00
1.3253232316e-04 1.2799622128e+04 1.5707963268e+00 1.7219431150e+00
1.3280671570e-04 1.2797976297e+04 1.5707963268e+00 1.7254966710e+00
1.3308118787e-04 1.2796324089e+04 1.5707963268e+00 1.7290511409e+00
1.3335574005e-04 1.2794665480e+04 1.5707963268e+00 1.7326065286e+00
1.3363037262e-04 1.2793000445e+04 1.5707963268e+00 1.7361628379e+00
1.3390508596e-04 1.2791328961e+04 1.5707963268e+00 1.7397200728e+00
1.3417988045e-04 1.2789651003e+04 1.5707963268e+00 1.7432782373e+00
1.3445475647e-04 1.2787966546e+04 1.5707963268e+00 1.7468373353e+00
1.3472971441e-04 1.2786275565e+04 1.5707963268e+00 1.7503973708e+00
1.3500475466e-04 1.2784578037e+04 1.5707963268e+00 1.7539583478e+00
1.3527987760e-04 1.2782873936e+04 1.5707963268e+00 1.7575202703e+00
1.3555508364e-04 1.2781163237e+04 1.5707963268e+00 1.7610831424e+00
1.3583037315e-04 1.2779445914e+04 1.5707963268e+00 1.7646469680e+00
1.3610574655e-04 1.2777721944e+04 1.5707963268e+00 1.7682117514e+00
1.3638120422e-04 1.2775991299e+04 1.5707963268e+00 1.7717774966e+00
1.3665674658e-04 1.2774253956e+04 1.5707963268e+00 1.7753442077e+00
1.3693237401e-04 1.2772509887e+04 1.5707963268e+00 1.7789118888e+00
1.3720808694e-04 1.2770759068e+04 1.5707963268e+00 1.7824805442e+00
1.3748388576e-04 1.2769001472e+04 1.5707963268e+00 1.7860501779e+00
1.3775977088e-04 1.2767237073e+04 1.5707963268e+00 1.7896207941e+00
1.3803574272e-04 1.2765465846e+04 1.5707963268e+00 1.7931923971e+00
1.3831180170e-04 1.2763687764e+04 1.5707963268e+00 1.7967649911e+00
1.3858794822e-04 1.2761902800e+04 1.5707963268e+00 1.8003385803e+00
1.3886418271e-04 1.2760110928e+04 1.5707963268e+00 1.8039131691e+00
1.3914050560e-04 1.2758312122e+04 1.5707963268e+00 1.8074887616e+00
1.3941691729e-04 1.2756506354e+04 1.5707963268e+00 1.8110653623e+00
1.3969341822e-04 1.2754693598e+04 1.5707963268e+00 1.8146429754e+00
1.3997000882e-04 1.2752873827e+04 1.5707963268e+00 1.8182216052e+00
1.4024668952e-04 1.2751047013e+04 1.5707963268e+00 1.8218012563e+00
1.4052346076e-04 1.2749213129e+04 1.5707963268e+00 1.8253819329e+00
1.4080032296e-04 1.2747372148e+04 1.5707963268e+00 1.8289636394e+00
1.4107727657e-04 1.2745524042e+04 1.5707963268e+00 1.8325463804e+00
1.4135432202e-04 1.2743668783e+04 1.5707963268e+00 1.8361301602e+00
1.4163145977e-04 1.2741806344e+04 1.5707963268e+00 1.8397149833e+00
1.4190869025e-04 1.2739936696e+04 1.5707963268e+00 1.8433008542e+00
1.4218601392e-04 1.2738059811e+04 1.5707963268e+00 1.8468877775e+00
1.4246343123e-04 1.2736175661e+04 1.5707963268e+00 1.8504757577e+00
1.4274094262e-04 1.2734284218e+04 1.5707963268e+00 1.8540647992e+00
1.4301854857e-04 1.2732385453e+04 1.5707963268e+00 1.8576549068e+00
1.4329624951e-04 1.2730479336e+04 1.5707963268e+00 1.8612460850e+00
1.4357404593e-04 1.2728565841e+04 1.5707963268e+00 1.8648383385e+00
1.4385193828e-04 1.2726644936e+04 1.5707963268e+00 1.8684316718e+00
1.4412992702e-04 1.2724716594e+04 1.5707963268e+00 1.8720260897e+00
1.4440801263e-04 1.2722780785e+04 1.5707963268e+00 1.8756215969e+00
1.4468619559e-04 1.2720837479e+04 1.5707963268e+00 1.8792181980e+00
1.4496447635e-04 1.2718886648e+04 1.5707963268e+00 1.8828158978e+00
1.4524285542e-04 1.2716928260e+04 1.5707963268e+00 1.8864147011e+00
1.4552133325e-04 1.2714962286e+04 1.5707963268e+00 1.8900146126e+00
1.4579991035e-04 1.2712988697e+04 1.5707963268e+00 1.8936156372e+00
1.4607858718e-04 1.2711007462e+04 1.5707963268e+00 1.8972177797e+00
1.4635736426e-04 1.2709018551e+04 1.5707963268e+00 1.9008210449e+00
1.4663624205e-04 1.2707021932e+04 1.5707963268e+00 1.9044254378e+00
1.4691522107e-04 1.2705017577e+04 1.5707963268e+00 1.9080309631e+00
1.4719430181e-04 1.2703005453e+04 1.5707963268e+00 1.9116376260e+00
1.4747348476e-04 1.2700985529e+04 1.5707963268e+00 1.9152454311e+00
1.4775277044e-04 1.2698957776e+04 1.5707963268e+00 1.9188543837e+00
1.4803215935e-04 1.2696922160e+04 1.5707963268e+00 1.9224644886e+00
1.4831165200e-04 1.2694878652e+04 1.5707963268e+00 1.9260757509e+00
1.4859124890e-04 1.2692827219e+04 1.5707963268e+00 1.9296881757e+00
1.4887095058e-04 1.2690767830e+04 1.5707963268e+00 1.9333017679e+00
1.4915075754e-04 1.2688700452e+04 1.5707963268e+00 1.9369165327e+00
1.4943067031e-04 1.2686625054e+04 1.5707963268e+00 1.9405324753e+00
1.4971068942e-04 1.2684541603e+04 1.5707963268e+00 1.9441496007e+00
1.4999081540e-04 1.2682450067e+04 1.5707963268e+00 1.9477679142e+00
1.5027104877e-04 1.2680350414e+04 1.5707963268e+00 1.9513874209e+00
1.5055139008e-04 1.2678242610e+04 1.5707963268e+00 1.9550081260e+00
1.5083183985e-04 1.2676126623e+04 1.5707963268e+00 1.9586300349e+00
1.5111239864e-04 1.2674002419e+04 1.5707963268e+00 1.9622531528e+00
1.5139306699e-04 1.2671869966e+04 1.5707963268e+00 1.9658774849e+00
1.5167384544e-04 1.2669729230e+04 1.5707963268e+00 1.9695030367e+00
1.5195473455e-04 1.2667580177e+04 1.5707963268e+00 1.9731298134e+00
1.5223573487e-04 1.2665422774e+04 1.5707963268e+00 1.9767578205e+00
1.5251684697e-04 1.2663256986e+04 1.5707963268e+00 1.9803870634e+00
1.5279807139e-04 1.2661082780e+04 1.5707963268e+00 1.9840175474e+00
1.5307940872e-04 1.2658900122e+04 1.5707963268e+00 1.9876492781e+00
1.5336085951e-04 1.2656708976e+04 1.5707963268e+00 1.9912822610e+00
1.5364242434e-04 1.2654509308e+04 1.5707963268e+00 1.9949165016e+00
1.5392410379e-04 1.2652301083e+04 1.5707963268e+00 1.9985520053e+00
1.5420589843e-04 1.2650084267e+04 1.5707963268e+00 2.0021887779e+00
1.5448780885e-04 1.2647858824e+04 1.5707963268e+00 2.0058268249e+00
1.5476983564e-04 1.2645624719e+04 1.5707963268e+00 2.0094661519e+00
1.5505197938e-04 1.2643381916e+04 1.5707963268e+00 2.0131067646e+00
1.5533424068e-04 1.2641130380e+04 1.5707963268e+00 2.0167486687e+00
1.5561662012e-04 1.2638870074e+04 1.5707963268e+00 2.0203918699e+00
1.5589911831e-04 1.2636600962e+04 1.5707963268e+00 2.0240363739e+00
1.5618173586e-04 1.2634323009e+04 1.5707963268e+00 2.0276821866e+00
1.5646447338e-04 1.2632036177e+04 1.5707963268e+00 2.0313293137e+00
1.5674733147e-04 1.2629740430e+04 1.5707963268e+00 2.0349777611e+00
1.5703031076e-04 1.2627435731e+04 1.5707963268e+00 2.0386275346e+00
1.5731341186e-04 1.2625122044e+04 1.5707963268e+00 2.0422786401e+00
1.5759663541e-04 1.2622799329e+04 1.5707963268e+00 2.0459310836e+00
1.5787998203e-04 1.2620467552e+04 1.5707963268e+00 2.0495848711e+00
1.5816345235e-04 1.2618126672e+04 1.5707963268e+00 2.0532400084e+00
1.5844704702e-04 1.2615776654e+04 1.5707963268e+00 2.0568965017e+00
1.5873076667e-04 1.2613417458e+04 1.5707963268e+00 2.0605543569e+00
1.5901461195e-04 1.2611049047e+04 1.5707963268e+00 2.0642135802e+00
1.5929858350e-04 1.2608671382e+04 1.5707963268e+00 2.0678741777e+00
1.5958268199e-04 1.2606284423e+04 1.5707963268e+00 2.0715361556e+00
1.5986690807e-04 1.2603888134e+04 1.5707963268e+00 2.0751995199e+00
1.6015126240e-04 1.2601482473e+04 1.5707963268e+00 2.0788642769e+00
1.6043574566e-04 1.2599067403e+04 1.5707963268e+00 2.0825304329e+00
1.6072035850e-04 1.2596642883e+04 1.5707963268e+00 2.0861979942e+00
1.6100510161e-04 1.2594208874e+04 1.5707963268e+00 2.0898669669e+00
1.6128997567e-04 1.2591765336e+04 1.5707963268e+00 2.0935373576e+00
1.6157498135e-04 1.2589312229e+04 1.5707963268e+00 2.0972091725e+00
1.6186011936e-04 1.2586849512e+04 1.5707963268e+00 2.1008824181e+00
1.6214539038e-04 1.2584377145e+04 1.5707963268e+00 2.1045571009e+00
1.6243079512e-04 1.2581895088e+04 1.5707963268e+00 2.1082332272e+00
1.6271633426e-04 1.2579403298e+04 1.5707963268e+00 2.1119108036e+00
1.6300200853e-04 1.2576901735e+04 1.5707963268e+00 2.1155898367e+00
1.6328781864e-04 1.2574390357e+04 1.5707963268e+00 2.1192703330e+00
1.6357376529e-04 1.2571869123e+04 1.5707963268e+00 2.1229522992e+00
1.6385984922e-04 1.2569337991e+04 1.5707963268e+00 2.1266357419e+00
1.6414607115e-04 1.2566796919e+04 1.5707963268e+00 2.1303206678e+00
1.6443243181e-04 1.2564245864e+04 1.5707963268e+00 2.1340070836e+00
1.6471893194e-04 1.2561684784e+04 1.5707963268e+00 2.1376949960e+00
1.6500557228e-04 1.2559113636e+04 1.5707963268e+00 2.1413844120e+00
1.6529235357e-04 1.2556532376e+04 1.5707963268e+00 2.1450753383e+00
1.6557927657e-04 1.2553940963e+04 1.5707963268e+00 2.1487677818e+00
1.6586634204e-04 1.2551339351e+04 1.5707963268e+00 2.1524617493e+00
1.6615355073e-04 1.2548727498e+04 1.5707963268e+00 2.1561572479e+00
1.6644090342e-04 1.2546105359e+04 1.5707963268e+00 2.1598542845e+00
1.6672840087e-04 1.2543472890e+04 1.5707963268e+00 2.1635528661e+00
1.6701604386e-04 1.2540830047e+04 1.5707963268e+00 2.1672529999e+00
1.6730383318e-04 1.2538176785e+04 1.5707963268e+00 2.1709546928e+00
1.6759176961e-04 1.2535513058e+04 1.5707963268e+00 2.1746579521e+00
1.6787985395e-04 1.2532838823e+04 1.5707963268e+00 2.1783627849e+00
1.6816808700e-04 1.2530154033e+04 1.5707963268e+00 2.1820691984e+00
1.6845646956e-04 1.2527458642e+04 1.5707963268e+00 2.1857771999e+00
1.6874500245e-04 1.2524752605e+04 1.5707963268e+00 2.1894867967e+00
1.6903368647e-04 1.2522035875e+04 1.5707963268e+00 2.1931979960e+00
1.6932252246e-04 1.2519308406e+04 1.5707963268e+00 2.1969108054e+00
1.6961151124e-04 1.2516570151e+04 1.5707963268e+00 2.2006252322e+00
1.6990065363e-04 1.2513821063e+04 1.5707963268e+00 2.2043412838e+00
1.7018995049e-04 1.2511061095e+04 1.5707963268e+00 2.2080589677e+00
1.7047940266e-04 1.2508290200e+04 1.5707963268e+00 2.2117782916e+00
1.7076901099e-04 1.2505508329e+04 1.5707963268e+00 2.2154992630e+00
1.7105877633e-04 1.2502715434e+04 1.5707963268e+00 2.2192218894e+00
1.7134869955e-04 1.2499911468e+04 1.5707963268e+00 2.2229461786e+00
1.7163878152e-04 1.2497096381e+04 1.5707963268e+00 2.2266721383e+00
1.7192902311e-04 1.2494270124e+04 1.5707963268e+00 2.2303997763e+00
1.7221942521e-04 1.2491432650e+04 1.5707963268e+00 2.2341291003e+00
1.7250998871e-04 1.2488583907e+04 1.5707963268e+00 2.2378601181e+00
1.7280071450e-04 1.2485723847e+04 1.5707963268e+00 2.2415928377e+00
1.7309160348e-04 1.2482852419e+04 1.5707963268e+00 2.2453272670e+00
1.7338265655e-04 1.2479969574e+04 1.5707963268e+00 2.2490634140e+00
1.7367387465e-04 1.2477075260e+04 1.5707963268e+00 2.2528012866e+00
1.7396525867e-04 1.2474169426e+04 1.5707963268e+00 2.2565408930e+00
1.7425680956e-04 1.2471252023e+04 1.5707963268e+00 2.2602822413e+00
1.7454852825e-04 1.2468322997e+04 1.5707963268e+00 2.2640253396e+00
1.7484041567e-04 1.2465382298e+04 1.5707963268e+00 2.2677701961e+00
1.7513247279e-04 1.2462429873e+04 1.5707963268e+00 2.2715168191e+00
1.7542470054e-04 1.2459465671e+04 1.5707963268e+00 2.2752652168e+00
1.7571709990e-04 1.2456489638e+04 1.5707963268e+00 2.2790153977e+00
1.7600967183e-04 1.2453501722e+04 1.5707963268e+00 2.2827673701e+00
1.7630241732e-04 1.2450501869e+04 1.5707963268e+00 2.2865211424e+00
1.7659533734e-04 1.2447490026e+04 1.5707963268e+00 2.2902767232e+00
1.7688843288e-04 1.2444466139e+04 1.5707963268e+00 2.2940341210e+00
1.7718170495e-04 1.2441430155e+04 1.5707963268e+00 2.2977933444e+00
1.7747515455e-04 1.2438382017e+04 1.5707963268e+00 2.3015544020e+00
1.7776878269e-04 1.2435321672e+04 1.5707963268e+00 2.3053173025e+00
1.7806259040e-04 1.2432249065e+04 1.5707963268e+00 2.3090820547e+00
1.7835657871e-04 1.2429164141e+04 1.5707963268e+00 2.3128486672e+00
1.7865074864e-04 1.2426066842e+04 1.5707963268e+00 2.3166171491e+00
1.7894510126e-04 1.2422957114e+04 1.5707963268e+00 2.3203875092e+00
1.7923963760e-04 1.2419834901e+04 1.5707963268e+00 2.3241597564e+00
1.7953435873e-04 1.2416700144e+04 1.5707963268e+00 2.3279338997e+00
1.7982926571e-04 1.2413552788e+04 1.5707963268e+00 2.3317099482e+00
1.8012435964e-04 1.2410392775e+04 1.5707963268e+00 2.3354879110e+00
1.8041964158e-04 1.2407220047e+04 1.5707963268e+00 2.3392677972e+00
1.8071511264e-04 1.2404034546e+04 1.5707963268e+00 2.3430496161e+00
1.8101077391e-04 1.2400836214e+04 1.5707963268e+00 2.3468333770e+00
1.8130662651e-04 1.2397624991e+04 1.5707963268e+00 2.3506190891e+00
1.8160267155e-04 1.2394400820e+04 1.5707963268e+00 2.3544067618e+00
1.8189891017e-04 1.2391163640e+04 1.5707963268e+00 2.3581964046e+00
1.8219534350e-04 1.2387913392e+04 1.5707963268e+00 2.3619880269e+00
1.8249197268e-04 1.2384650016e+04 1.5707963268e+00 2.3657816384e+00
1.8278879887e-04 1.2381373451e+04 1.5707963268e+00 2.3695772486e+00
1.8308582324e-04 1.2378083635e+04 1.5707963268e+00 2.3733748672e+00
1.8338304695e-04 1.2374780509e+04 1.5707963268e+00 2.3771745039e+00
1.8368047119e-04 1.2371464010e+04 1.5707963268e+00 2.3809761684e+00
1.8397809715e-04 1.2368134076e+04 1.5707963268e+00 2.3847798707e+00
1.8427592603e-04 1.2364790646e+04 1.5707963268e+00 2.3885856207e+00
1.8457395904e-04 1.2361433656e+04 1.5707963268e+00 2.3923934282e+00
1.8487219740e-04 1.2358063043e+04 1.5707963268e+00 2.3962033033e+00
1.8517064235e-04 1.2354678743e+04 1.5707963268e+00 2.4000152561e+00
1.8546929511e-04 1.2351280694e+04 1.5707963268e+00 2.4038292968e+00
1.8576815694e-04 1.2347868830e+04 1.5707963268e+00 2.4076454354e+00
1.8606722910e-04 1.2344443088e+04 1.5707963268e+00 2.4114636824e+00
1.8636651287e-04 1.2341003401e+04 1.5707963268e+00 2.4152840481e+00
1.8666600951e-04 1.2337549705e+04 1.5707963268e+00 2.4191065427e+00
1.8696572032e-04 1.2334081934e+04 1.5707963268e+00 2.4229311769e+00
1.8726564661e-04 1.2330600021e+04 1.5707963268e+00 2.4267579611e+00
1.8756578968e-04 1.2327103900e+04 1.5707963268e+00 2.4305869058e+00
1.8786615086e-04 1.2323593504e+04 1.5707963268e+00 2.4344180219e+00
1.8816673147e-04 1.2320068766e+04 1.5707963268e+00 2.4382513199e+00
1.8846753287e-04 1.2316529616e+04 1.5707963268e+00 2.4420868106e+00
1.8876855641e-04 1.2312975989e+04 1.5707963268e+00 2.4459245050e+00
1.8906980346e-04 1.2309407813e+04 1.5707963268e+00 2.4497644140e+00
1.8937127540e-04 1.2305825022e+04 1.5707963268e+00 2.4536065484e+00
1.8967297361e-04 1.2302227544e+04 1.5707963268e+00 2.4574509195e+00
1.8997489949e-04 1.2298615310e+04 1.5707963268e+00 2.4612975383e+00
1.9027705447e-04 1.2294988249e+04 1.5707963268e+00 2.4651464160e+00
1.9057943996e-04 1.2291346291e+04 1.5707963268e+00 2.4689975639e+00
1.9088205741e-04 1.2287689365e+04 1.5707963268e+00 2.4728509933e+00
1.9118490825e-04 1.2284017398e+04 1.5707963268e+00 2.4767067157e+00
1.9148799396e-04 1.2280330318e+04 1.5707963268e+00 2.4805647425e+00
1.9179131600e-04 1.2276628053e+04 1.5707963268e+00 2.4844250853e+00
1.9209487587e-04 1.2272910529e+04 1.5707963268e+00 2.4882877557e+00
1.9239867506e-04 1.2269177674e+04 1.5707963268e+00 2.4921527655e+00
1.9270271508e-04 1.2265429412e+04 1.5707963268e+00 2.4960201264e+00
1.9300699747e-04 1.2261665670e+04 1.5707963268e+00 2.4998898503e+00
1.9331152375e-04 1.2257886372e+04 1.5707963268e+00 2.5037619490e+00
1.9361629548e-04 1.2254091443e+04 1.5707963268e+00 2.5076364347e+00
1.9392131423e-04 1.2250280808e+04 1.5707963268e+00 2.5115133194e+00
1.9422658157e-04 1.2246454389e+04 1.5707963268e+00 2.5153926153e+00
1.9453209910e-04 1.2242612110e+04 1.5707963268e+00 2.5192743346e+00
1.9483786842e-04 1.2238753893e+04 1.5707963268e+00 2.5231584896e+00
1.9514389115e-04 1.2234879660e+04 1.5707963268e+00 2.5270450929e+00
1.9545016893e-04 1.2230989334e+04 1.5707963268e+00 2.5309341567e+00
1.9575670341e-04 1.2227082835e+04 1.5707963268e+00 2.5348256938e+00
1.9606349625e-04 1.2223160084e+04 1.5707963268e+00 2.5387197167e+00
1.9637054913e-04 1.2219221000e+04 1.5707963268e+00 2.5426162382e+00
1.9667786374e-04 1.2215265504e+04 1.5707963268e+00 2.5465152712e+00
1.9698544180e-04 1.2211293514e+04 1.5707963268e+00 2.5504168284e+00
1.9729328502e-04 1.2207304949e+04 1.5707963268e+00 2.5543209230e+00
1.9760139515e-04 1.2203299727e+04 1.5707963268e+00 2.5582275680e+00
1.9790977394e-04 1.2199277765e+04 1.5707963268e+00 2.5621367764e+00
1.9821842316e-04 1.2195238981e+04 1.5707963268e+00 2.5660485617e+00
1.9852734460e-04 1.2191183290e+04 1.5707963268e+00 2.5699629372e+00
1.9883654007e-04 1.2187110609e+04 1.5707963268e+00 2.5738799161e+00
1.9914601138e-04 1.2183020853e+04 1.5707963268e+00 2.5777995122e+00
1.9945576037e-04 1.2178913936e+04 1.5707963268e+00 2.5817217389e+00
1.9976578890e-04 1.2174789772e+04 1.5707963268e+00 2.5856466100e+00
2.0007609883e-04 1.2170648275e+04 1.5707963268e+00 2.5895741393e+00
2.0038669206e-04 1.2166489359e+04 1.5707963268e+00 2.5935043406e+00
2.0069757048e-04 1.2162312935e+04 1.5707963268e+00 2.5974372280e+00
2.0100873603e-04 1.2158118916e+04 1.5707963268e+00 2.6013728155e+00
2.0132019064e-04 1.2153907212e+04 1.5707963268e+00 2.6053111172e+00
2.0163193627e-04 1.2149677734e+04 1.5707963268e+00 2.6092521475e+00
2.0194397490e-04 1.2145430393e+04 1.5707963268e+00 2.6131959207e+00
2.0225630853e-04 1.2141165097e+04 1.5707963268e+00 2.6171424512e+00
2.0256893917e-04 1.2136881756e+04 1.5707963268e+00 2.6210917537e+00
2.0288186886e-04 1.2132580278e+04 1.5707963268e+00 2.6250438428e+00
2.0319509966e-04 1.2128260571e+04 1.5707963268e+00 2.6289987332e+00
2.0350863362e-04 1.2123922540e+04 1.5707963268e+00 2.6329564398e+00
2.0382247286e-04 1.2119566094e+04 1.5707963268e+00 2.6369169776e+00
2.0413661947e-04 1.2115191137e+04 1.5707963268e+00 2.6408803617e+00
2.0445107560e-04 1.2110797575e+04 1.5707963268e+00 2.6448466072e+00
2.0476584340e-04 1.2106385311e+04 1.5707963268e+00 2.6488157294e+00
2.0508092504e-04 1.2101954250e+04 1.5707963268e+00 2.6527877437e+00
2.0539632273e-04 1.2097504295e+04 1.5707963268e+00 2.6567626656e+00
2.0571203868e-04 1.2093035349e+04 1.5707963268e+00 2.6607405107e+00
2.0602807512e-04 1.2088547312e+04 1.5707963268e+00 2.6647212947e+00
2.0634443433e-04 1.2084040087e+04 1.5707963268e+00 2.6687050335e+00
2.0666111858e-04 1.2079513573e+04 1.5707963268e+00 2.6726917429e+00
2.0697813018e-04 1.2074967671e+04 1.5707963268e+00 2.6766814391e+00
2.0729547146e-04 1.2070402279e+04 1.5707963268e+00 2.6806741381e+00
2.0761314478e-04 1.2065817295e+04 1.5707963268e+00 2.6846698564e+00
2.0793115251e-04 1.2061212618e+04 1.5707963268e+00 2.6886686102e+00
2.0824949705e-04 1.2056588143e+04 1.5707963268e+00 2.6926704161e+00
2.0856818083e-04 1.2051943769e+04 1.5707963268e+00 2.6966752908e+00
2.0888720629e-04 1.2047279388e+04 1.5707963268e+00 2.7006832509e+00
2.0920657590e-04 1.2042594898e+04 1.5707963268e+00 2.7046943133e+00
2.0952629217e-04 1.2037890190e+04 1.5707963268e+00 2.7087084951e+00
2.0984635763e-04 1.2033165159e+04 1.5707963268e+00 2.7127258133e+00
2.1016677481e-04 1.2028419698e+04 1.5707963268e+00 2.7167462853e+00
2.1048754630e-04 1.2023653697e+04 1.5707963268e+00 2.7207699283e+00
2.1080867470e-04 1.2018867048e+04 1.5707963268e+00 2.7247967599e+00
2.1113016265e-04 1.2014059640e+04 1.5707963268e+00 2.7288267977e+00
2.1145201278e-04 1.2009231364e+04 1.5707963268e+00 2.7328600594e+00
2.1177422781e-04 1.2004382107e+04 1.5707963268e+00 2.7368965629e+00
2.1209681042e-04 1.1999511758e+04 1.5707963268e+00 2.7409363262e+00
2.1241976337e-04 1.1994620203e+04 1.5707963268e+00 2.7449793676e+00
2.1274308943e-04 1.1989707329e+04 1.5707963268e+00 2.7490257052e+00
2.1306679140e-04 1.1984773021e+04 1.5707963268e+00 2.7530753574e+00
2.1339087210e-04 1.1979817163e+04 1.5707963268e+00 2.7571283429e+00
2.1371533440e-04 1.1974839639e+04 1.5707963268e+00 2.7611846804e+00
2.1404018118e-04 1.1969840332e+04 1.5707963268e+00 2.7652443885e+00
2.1436541536e-04 1.1964819123e+04 1.5707963268e+00 2.7693074865e+00
2.1469103991e-04 1.1959775894e+04 1.5707963268e+00 2.7733739932e+00
2.1501705780e-04 1.1954710526e+04 1.5707963268e+00 2.7774439281e+00
2.1534347205e-04 1.1949622896e+04 1.5707963268e+00 2.7815173104e+00
2.1567028571e-04 1.1944512884e+04 1.5707963268e+00 2.7855941599e+00
2.1599750186e-04 1.1939380368e+04 1.5707963268e+00 2.7896744961e+00
2.1632512361e-04 1.1934225223e+04 1.5707963268e+00 2.7937583389e+00
2.1665315413e-04 1.1929047326e+04 1.5707963268e+00 2.7978457083e+00
2.1698159659e-04 1.1923846551e+04 1.5707963268e+00 2.8019366245e+00
2.1731045422e-04 1.1918622772e+04 1.5707963268e+00 2.8060311077e+00
2.1763973027e-04 1.1913375862e+04 1.5707963268e+00 2.8101291786e+00
2.1796942804e-04 1.1908105693e+04 1.5707963268e+00 2.8142308576e+00
2.1829955086e-04 1.1902812137e+04 1.5707963268e+00 2.8183361655e+00
2.1863010208e-04 1.1897495062e+04 1.5707963268e+00 2.8224451233e+00
2.1896108513e-04 1.1892154338e+04 1.5707963268e+00 2.8265577522e+00
2.1929250345e-04 1.1886789833e+04 1.5707963268e+00 2.8306740733e+00
2.1962436051e-04 1.1881401414e+04 1.5707963268e+00 2.8347941081e+00
2.1995665984e-04 1.1875988947e+04 1.5707963268e+00 2.8389178783e+00
2.2028940501e-04 1.1870552297e+04 1.5707963268e+00 2.8430454055e+00
2.2062259962e-04 1.1865091328e+04 1.5707963268e+00 2.8471767118e+00
2.2095624731e-04 1.1859605903e+04 1.5707963268e+00 2.8513118192e+00
2.2129035178e-04 1.1854095884e+04 1.5707963268e+00 2.8554507501e+00
2.2162491676e-04 1.1848561131e+04 1.5707963268e+00 2.8595935270e+00
2.2195994603e-04 1.1843001505e+04 1.5707963268e+00 2.8637401724e+00
2.2229544339e-04 1.1837416863e+04 1.5707963268e+00 2.8678907092e+00
2.2263141273e-04 1.1831807064e+04 1.5707963268e+00 2.8720451604e+00
2.2296785794e-04 1.1826171963e+04 1.5707963268e+00 2.8762035493e+00
2.2330478299e-04 1.1820511417e+04 1.5707963268e+00 2.8803658991e+00
2.2364219189e-04 1.1814825279e+04 1.5707963268e+00 2.8845322336e+00
2.2398008868e-04 1.1809113402e+04 1.5707963268e+00 2.8887025764e+00
2.2431847746e-04 1.1803375639e+04 1.5707963268e+00 2.8928769515e+00
2.2465736239e-04 1.1797611839e+04 1.5707963268e+00 2.8970553830e+00
2.2499674767e-04 1.1791821853e+04 1.5707963268e+00 2.9012378954e+00
2.2533663755e-04 1.1786005528e+04 1.5707963268e+00 2.9054245131e+00
2.2567703634e-04 1.1780162712e+04 1.5707963268e+00 2.9096152609e+00
2.2601794839e-04 1.1774293251e+04 1.5707963268e+00 2.9138101638e+00
2.2635937811e-04 1.1768396989e+04 1.5707963268e+00 2.9180092469e+00
2.2670132998e-04 1.1762473769e+04 1.5707963268e+00 2.9222125356e+00
2.2704380851e-04 1.1756523435e+04 1.5707963268e+00 2.9264200554e+00
2.2738681828e-04 1.1750545826e+04 1.5707963268e+00 2.9306318322e+00
2.2773036393e-04 1.1744540783e+04 1.5707963268e+00 2.9348478920e+00
2.2807445015e-04 1.1738508143e+04 1.5707963268e+00 2.9390682609e+00
2.2841908169e-04 1.1732447743e+04 1.5707963268e+00 2.9432929655e+00
2.2876426337e-04 1.1726359420e+04 1.5707963268e+00 2.9475220323e+00
2.2911000006e-04 1.1720243008e+04 1.5707963268e+00 2.9517554884e+00
2.2945629671e-04 1.1714098338e+04 1.5707963268e+00 2.9559933607e+00
2.2980315831e-04 1.1707925244e+04 1.5707963268e+00 2.9602356767e+00
2.3015058993e-04 1.1701723555e+04 1.5707963268e+00 2.9644824639e+00
2.3049859670e-04 1.1695493100e+04 1.5707963268e+00 2.9687337502e+00
2.3084718383e-04 1.1689233706e+04 1.5707963268e+00 2.9729895635e+00
2.3119635657e-04 1.1682945199e+04 1.5707963268e+00 2.9772499323e+00
2.3154612027e-04 1.1676627404e+04 1.5707963268e+00 2.9815148850e+00
2.3189648033e-04 1.1670280143e+04 1.5707963268e+00 2.9857844504e+00
2.3224744223e-04 1.1663903239e+04 1.5707963268e+00 2.9900586576e+00
2.3259901153e-04 1.1657496511e+04 1.5707963268e+00 2.9943375358e+00
2.3295119385e-04 1.1651059777e+04 1.5707963268e+00 2.9986211146e+00
2.3330399490e-04 1.1644592855e+04 1.5707963268e+00 3.0029094239e+00
2.3365742045e-04 1.1638095560e+04 1.5707963268e+00 3.0072024935e+00
2.3401147636e-04 1.1631567706e+04 1.5707963268e+00 3.0115003540e+00
2.3436616857e-04 1.1625009105e+04 1.5707963268e+00 3.0158030358e+00
2.3472150311e-04 1.1618419567e+04 1.5707963268e+00 3.0201105698e+00
2.3507748607e-04 1.1611798903e+04 1.5707963268e+00 3.0244229873e+00
2.3543412364e-04 1.1605146918e+04 1.5707963268e+00 3.0287403195e+00
2.3579142210e-04 1.1598463419e+04 1.5707963268e+00 3.0330625982e+00
2.3614938781e-04 1.1591748210e+04 1.5707963268e+00 3.0373898554e+00
2.3650802721e-04 1.1585001093e+04 1.5707963268e+00 3.0417221233e+00
2.3686734686e-04 1.1578221869e+04 1.5707963268e+00 3.0460594346e+00
2.3722735338e-04 1.1571410336e+04 1.5707963268e+00 3.0504018219e+00
2.3758805351e-04 1.1564566292e+04 1.5707963268e+00 3.0547493186e+00
2.3794945406e-04 1.1557689532e+04 1.5707963268e+00 3.0591019580e+00
2.3831156197e-04 1.1550779849e+04 1.5707963268e+00 3.0634597740e+00
2.3867438426e-04 1.1543837036e+04 1.5707963268e+00 3.0678228005e+00
2.3903792806e-04 1.1536860881e+04 1.5707963268e+00 3.0721910720e+00
2.3940220059e-04 1.1529851173e+04 1.5707963268e+00 3.0765646231e+00
2.3976720919e-04 1.1522807699e+04 1.5707963268e+00 3.0809434889e+00
2.4013296132e-04 1.1515730241e+04 1.5707963268e+00 3.0853277048e+00
2.4049946451e-04 1.1508618583e+04 1.5707963268e+00 3.0897173063e+00
2.4086672645e-04 1.1501472505e+04 1.5707963268e+00 3.0941123295e+00
2.4123475491e-04 1.1494291784e+04 1.5707963268e+00 3.0985128107e+00
2.4160355780e-04 1.1487076198e+04 1.5707963268e+00 3.1029187866e+00
2.4197314313e-04 1.1479825520e+04 1.5707963268e+00 3.1073302943e+00
2.4234351905e-04 1.1472539522e+04 1.5707963268e+00 3.1117473711e+00
2.4271469382e-04 1.1465217975e+04 1.5707963268e+00 3.1161700547e+00
2.4308667583e-04 1.1457860647e+04 1.5707963268e+00 3.1205983832e+00
2.4345947362e-04 1.1450467303e+04 1.5707963268e+00 3.1250323952e+00
2.4383309583e-04 1.1443037708e+04 1.5707963268e+00 3.1294721294e+00
2.4420755126e-04 1.1435571622e+04 1.5707963268e+00 3.1339176250e+00
2.4458284883e-04 1.1428068805e+04 1.5707963268e+00 3.1383689215e+00
2.4495899762e-04 1.1420529013e+04 1.5707963268e+00 3.1428260591e+00
2.4533600684e-04 1.1412952003e+04 1.5707963268e+00 3.1472890779e+00
2.4571388585e-04 1.1405337525e+04 1.5707963268e+00 3.1517580187e+00
2.4609264415e-04 1.1397685331e+04 1.5707963268e+00 3.1562329227e+00
2.4647229143e-04 1.1389995168e+04 1.5707963268e+00 3.1607138314e+00
2.4685283749e-04 1.1382266781e+04 1.5707963268e+00 3.1652007867e+00
2.4723429232e-04 1.1374499914e+04 1.5707963268e+00 3.1696938311e+00
2.4761666607e-04 1.1366694306e+04 1.5707963268e+00 3.1741930073e+00
2.4799996904e-04 1.1358849696e+04 1.5707963268e+00 3.1786983584e+00
2.4838421172e-04 1.1350965820e+04 1.5707963268e+00 3.1832099283e+00
2.4876940477e-04 1.1343042409e+04 1.5707963268e+00 3.1877277608e+00
2.4915555904e-04 1.1335079196e+04 1.5707963268e+00 3.1922519006e+00
2.4954268552e-04 1.1327075907e+04 1.5707963268e+00 3.1967823926e+00
2.4993079545e-04 1.1319032267e+04 1.5707963268e+00 3.2013192822e+00
2.5031990021e-04 1.1310947999e+04 1.5707963268e+00 3.2058626153e+00
2.5071001139e-04 1.1302822823e+04 1.5707963268e+00 3.2104124383e+00
2.5110114080e-04 1.1294656456e+04 1.5707963268e+00 3.2149687980e+00
2.5149330044e-04 1.1286448611e+04 1.5707963268e+00 3.2195317417e+00
2.5188650250e-04 1.1278199001e+04 1.5707963268e+00 3.2241013173e+00
2.5228075943e-04 1.1269907333e+04 1.5707963268e+00 3.2286775728e+00
2.5267608385e-04 1.1261573313e+04 1.5707963268e+00 3.2332605573e+00
2.5307248865e-04 1.1253196644e+04 1.5707963268e+00 3.2378503199e+00
2.5346998691e-04 1.1244777025e+04 1.5707963268e+00 3.2424469106e+00
2.5386859198e-04 1.1236314153e+04 1.5707963268e+00 3.2470503795e+00
2.5426831743e-04 1.1227807721e+04 1.5707963268e+00 3.2516607776e+00
2.5466917708e-04 1.1219257421e+04 1.5707963268e+00 3.2562781563e+00
2.5507118501e-04 1.1210662938e+04 1.5707963268e+00 3.2609025676e+00
2.5547435557e-04 1.1202023958e+04 1.5707963268e+00 3.2655340639e+00
2.5587870335e-04 1.1193340161e+04 1.5707963268e+00 3.2701726982e+00
2.5628424323e-04 1.1184611225e+04 1.5707963268e+00 3.2748185243e+00
2.5669099036e-04 1.1175836823e+04 1.5707963268e+00 3.2794715964e+00
2.5709896021e-04 1.1167016628e+04 1.5707963268e+00 3.2841319692e+00
2.5750816849e-04 1.1158150305e+04 1.5707963268e+00 3.2887996981e+00
2.5791863125e-04 1.1149237520e+04 1.5707963268e+00 3.2934748391e+00
2.5833036484e-04 1.1140277932e+04 1.5707963268e+00 3.2981574488e+00
2.5874338593e-04 1.1131271199e+04 1.5707963268e+00 3.3028475845e+00
2.5915771152e-04 1.1122216974e+04 1.5707963268e+00 3.3075453039e+00
2.5957335892e-04 1.1113114906e+04 1.5707963268e+00 3.3122506657e+00
2.5999034582e-04 1.1103964642e+04 1.5707963268e+00 3.3169637289e+00
2.6040869023e-04 1.1094765823e+04 1.5707963268e+00 3.3216845533e+00
2.6082841055e-04 1.1085518087e+04 1.5707963268e+00 3.3264131995e+00
2.6124952553e-04 1.1076221070e+04 1.5707963268e+00 3.3311497285e+00
2.6167205431e-04 1.1066874401e+04 1.5707963268e+00 3.3358942022e+00
2.6209601643e-04 1.1057477707e+04 1.5707963268e+00 3.3406466831e+00
2.6252143182e-04 1.1048030610e+04 1.5707963268e+00 3.3454072346e+00
2.6294832085e-04 1.1038532729e+04 1.5707963268e+00 3.3501759205e+00
2.6337670427e-04 1.1028983677e+04 1.5707963268e+00 3.3549528057e+00
2.6380660332e-04 1.1019383065e+04 1.5707963268e+00 3.3597379554e+00
2.6423803966e-04 1.1009730498e+04 1.5707963268e+00 3.3645314360e+00
2.6467103541e-04 1.1000025577e+04 1.5707963268e+00 3.3693333144e+00
2.6510561320e-04 1.0990267900e+04 1.5707963268e+00 3.3741436584e+00
2.6554179612e-04 1.0980457057e+04 1.5707963268e+00 3.3789625366e+00
2.6597960777e-04 1.0970592638e+04 1.5707963268e+00 3.3837900181e+00
2.6641907228e-04 1.0960674224e+04 1.5707963268e+00 3.3886261734e+00
2.6686021431e-04 1.0950701395e+04 1.5707963268e+00 3.3934710733e+00
2.6730305908e-04 1.0940673724e+04 1.5707963268e+00 3.3983247897e+00
2.6774763236e-04 1.0930590780e+04 1.5707963268e+00 3.4031873952e+00
2.6819396053e-04 1.0920452126e+04 1.5707963268e+00 3.4080589636e+00
2.6864207055e-04 1.0910257321e+04 1.5707963268e+00 3.4129395692e+00
2.6909199002e-04 1.0900005920e+04 1.5707963268e+00 3.4178292874e+00
2.6954374718e-04 1.0889697470e+04 1.5707963268e+00 3.4227281944e+00
2.6999737092e-04 1.0879331515e+04 1.5707963268e+00 3.4276363675e+00
2.7045289081e-04 1.0868907594e+04 1.5707963268e+00 3.4325538849e+00
2.7091033716e-04 1.0858425238e+04 1.5707963268e+00 3.4374808256e+00
2.7136974096e-04 1.0847883975e+04 1.5707963268e+00 3.4424172697e+00
2.7183113398e-04 1.0837283326e+04 1.5707963268e+00 3.4473632983e+00
2.7229454876e-04 1.0826622808e+04 1.5707963268e+00 3.4523189935e+00
2.7276001864e-04 1.0815901931e+04 1.5707963268e+00 3.4572844385e+00
2.7322757777e-04 1.0805120198e+04 1.5707963268e+00 3.4622597174e+00
2.7369726119e-04 1.0794277110e+04 1.5707963268e+00 3.4672449153e+00
2.7416910480e-04 1.0783372157e+04 1.5707963268e+00 3.4722401187e+00
2.7464314541e-04 1.0772404826e+04 1.5707963268e+00 3.4772454150e+00
2.7511942079e-04 1.0761374598e+04 1.5707963268e+00 3.4822608926e+00
2.7559796967e-04 1.0750280945e+04 1.5707963268e+00 3.4872866413e+00
2.7607883183e-04 1.0739123336e+04 1.5707963268e+00 3.4923227518e+00
2.7656204804e-04 1.0727901232e+04 1.5707963268e+00 3.4973693161e+00
2.7704766021e-04 1.0716614086e+04 1.5707963268e+00 3.5024264276e+00
2.7753571134e-04 1.0705261345e+04 1.5707963268e+00 3.5074941805e+00
2.7802624561e-04 1.0693842452e+04 1.5707963268e+00 3.5125726705e+00
2.7851930839e-04 1.0682356838e+04 1.5707963268e+00 3.5176619946e+00
2.7901494634e-04 1.0670803931e+04 1.5707963268e+00 3.5227622510e+00
2.7951320736e-04 1.0659183150e+04 1.5707963268e+00 3.5278735391e+00
2.8001414076e-04 1.0647493908e+04 1.5707963268e+00 3.5329959599e+00
2.8051779719e-04 1.0635735608e+04 1.5707963268e+00 3.5381296156e+00
2.8102422880e-04 1.0623907649e+04 1.5707963268e+00 3.5432746098e+00
2.8153348922e-04 1.0612009418e+04 1.5707963268e+00 3.5484310473e+00
2.8204563366e-04 1.0600040299e+04 1.5707963268e+00 3.5535990348e+00
2.8256071894e-04 1.0587999664e+04 1.5707963268e+00 3.5587786801e+00
2.8307880359e-04 1.0575886879e+04 1.5707963268e+00 3.5639700925e+00
2.8359994790e-04 1.0563701301e+04 1.5707963268e+00 3.5691733830e+00
2.8412421398e-04 1.0551442280e+04 1.5707963268e+00 3.5743886640e+00
2.8465166587e-04 1.0539109156e+04 1.5707963268e+00 3.5796160495e+00
2.8518236957e-04 1.0526701261e+04 1.5707963268e+00 3.5848556552e+00
2.8571639318e-04 1.0514217918e+04 1.5707963268e+00 3.5901075982e+00
2.8625380693e-04 1.0501658441e+04 1.5707963268e+00 3.5953719975e+00
2.8679468331e-04 1.0489022135e+04 1.5707963268e+00 3.6006489737e+00
2.8733909717e-04 1.0476308296e+04 1.5707963268e+00 3.6059386491e+00
2.8788712580e-04 1.0463516211e+04 1.5707963268e+00 3.6112411478e+00
2.8843884904e-04 1.0450645156e+04 1.5707963268e+00 3.6165565958e+00
2.8899434941e-04 1.0437694399e+04 1.5707963268e+00 3.6218851207e+00
2.8955371224e-04 1.0424663197e+04 1.5707963268e+00 3.6272268522e+00
2.9011702574e-04 1.0411550796e+04 1.5707963268e+00 3.6325819217e+00
2.9068438123e-04 1.0398356435e+04 1.5707963268e+00 3.6379504627e+00
2.9125587319e-04 1.0385079340e+04 1.5707963268e+00 3.6433326105e+00
2.9183159945e-04 1.0371718726e+04 1.5707963268e+00 3.6487285028e+00
2.9241166138e-04 1.0358273800e+04 1.5707963268e+00 3.6541382788e+00
2.9299616401e-04 1.0344743755e+04 1.5707963268e+00 3.6595620804e+00
2.9358521624e-04 1.0331127775e+04 1.5707963268e+00 3.6650000511e+00
2.9417893102e-04 1.0317425031e+04 1.5707963268e+00 3.6704523370e+00
2.9477742555e-04 1.0303634685e+04 1.5707963268e+00 3.6759190862e+00
2.9538082153e-04 1.0289755884e+04 1.5707963268e+00 3.6814004492e+00
2.9598924534e-04 1.0275787766e+04 1.5707963268e+00 3.6868965788e+00
2.9660282832e-04 1.0261729456e+04 1.5707963268e+00 3.6924076302e+00
2.9722170702e-04 1.0247580066e+04 1.5707963268e+00 3.6979337609e+00
2.9784602351e-04 1.0233338696e+04 1.5707963268e+00 3.7034751310e+00
2.9847592561e-04 1.0219004434e+04 1.5707963268e+00 3.7090319031e+00
2.9911156729e-04 1.0204576354e+04 1.5707963268e+00 3.7146042425e+00
2.9975310895e-04 1.0190053517e+04 1.5707963268e+00 3.7201923168e+00
3.0040071781e-04 1.0175434972e+04 1.5707963268e+00 3.7257962967e+00
3.0105456832e-04 1.0160719753e+04 1.5707963268e+00 3.7314163555e+00
3.0171484255e-04 1.0145906882e+04 1.5707963268e+00 3.7370526691e+00
3.0238173065e-04 1.0130995365e+04 1.5707963268e+00 3.7427054166e+00
3.0305543136e-04 1.0115984196e+04 1.5707963268e+00 3.7483747799e+00
3.0373615248e-04 1.0100872353e+04 1.5707963268e+00 3.7540609439e+00
3.0442411150e-04 1.0085658801e+04 1.5707963268e+00 3.7597640965e+00
3.0511953616e-04 1.0070342489e+04 1.5707963268e+00 3.7654844288e+00
3.0582266512e-04 1.0054922353e+04 1.5707963268e+00 3.7712221352e+00
3.0653374867e-04 1.0039397311e+04 1.5707963268e+00 3.7769774133e+00
3.0725304948e-04 1.0023766270e+04 1.5707963268e+00 3.7827504639e+00
3.0798084349e-04 1.0008028117e+04 1.5707963268e+00 3.7885414914e+00
3.0871742073e-04 9.9921817269e+03 1.5707963268e+00 3.7943507038e+00
3.0946308637e-04 9.9762259583e+03 1.5707963268e+00 3.8001783124e+00
3.1021816174e-04 9.9601596535e+03 1.5707963268e+00 3.8060245323e+00
3.1098298552e-04 9.9439816394e+03 1.5707963268e+00 3.8118895824e+00
3.1175791502e-04 9.9276907267e+03 1.5707963268e+00 3.8177736854e+00
3.1254332753e-04 9.9112857106e+03 1.5707963268e+00 3.8236770679e+00
3.1333962187e-04 9.8947653702e+03 1.5707963268e+00 3.8295999605e+00
3.1414722004e-04 9.8781284687e+03 1.5707963268e+00 3.8355425979e+00
3.1496656908e-04 9.8613737536e+03 1.5707963268e+00 3.8415052190e+00
3.1579814303e-04 9.8444999565e+03 1.5707963268e+00 3.8474880670e+00
3.1664244521e-04 9.8275057936e+03 1.5707963268e+00 3.8534913896e+00
3.1750001063e-04 9.8103899659e+03 1.5707963268e+00 3.8595154387e+00
3.1837140874e-04 9.7931511592e+03 1.5707963268e+00 3.8655604710e+00
3.1925724641e-04 9.7757880451e+03 1.5707963268e+00 3.8716267481e+00
3.2015817130e-04 9.7582992808e+03 1.5707963268e+00 3.8777145359e+00
3.2107487559e-04 9.7406835102e+03 1.5707963268e+00 3.8838241057e+00
3.2200810013e-04 9.7229393646e+03 1.5707963268e+00 3.8899557337e+00
3.2295863912e-04 9.7050654634e+03 1.5707963268e+00 3.8961097010e+00
3.2392734535e-04 9.6870604154e+03 1.5707963268e+00 3.9022862942e+00
3.2491513606e-04 9.6689228202e+03 1.5707963268e+00 3.9084858054e+00
3.2592299964e-04 9.6506512694e+03 1.5707963268e+00 3.9147085319e+00
3.2695200312e-04 9.6322443490e+03 1.5707963268e+00 3.9209547769e+00
3.2800330071e-04 9.6137006413e+03 1.5707963268e+00 3.9272248490e+00
3.2907814360e-04 9.5950187274e+03 1.5707963268e+00 3.9335190631e+00
3.3017789102e-04 9.5761971907e+03 1.5707963268e+00 3.9398377397e+00
3.3130402305e-04 9.5572346204e+03 1.5707963268e+00 3.9461812058e+00
3.3245815535e-04 9.5381296159e+03 1.5707963268e+00 3.9525497942e+00
3.3364205614e-04 9.5188807922e+03 1.5707963268e+00 3.9589438443e+00
3.3485766601e-04 9.4994867858e+03 1.5707963268e+00 3.9653637020e+00
3.3610712091e-04 9.4799462626e+03 1.5707963268e+00 3.9718097196e+00
3.3739277929e-04 9.4602579264e+03 1.5707963268e+00 3.9782822563e+00
3.3871725387e-04 9.4404205297e+03 1.5707963268e+00 3.9847816778e+00
3.4008344946e-04 9.4204328867e+03 1.5707963268e+00 3.9913083569e+00
3.4149460794e-04 9.4002938888e+03 1.5707963268e+00 3.9978626730e+00
3.4295436229e-04 9.3800025235e+03 1.5707963268e+00 4.0044450128e+00
3.4446680177e-04 9.3595578977e+03 1.5707963268e+00 4.0110557697e+00
3.4603655130e-04 9.3389592659e+03 1.5707963268e+00 4.0176953442e+00
3.4766886867e-04 9.3182060661e+03 1.5707963268e+00 4.0243641436e+00
3.4936976492e-04 9.2972979629e+03 1.5707963268e+00 4.0310625821e+00
3.5114615448e-04 9.2762349036e+03 1.5707963268e+00 4.0377910803e+00
3.5300604450e-04 9.2550171882e+03 1.5707963268e+00 4.0445500654e+00
3.5495877630e-04 9.2336455594e+03 1.5707963268e+00 4.0513399704e+00
3.5701533695e-04 9.2121213191e+03 1.5707963268e+00 4.0581612338e+00
3.5918876682e-04 9.1904464821e+03 1.5707963268e+00 4.0650142989e+00
3.6149470081e-04 9.1686239796e+03 1.5707963268e+00 4.0718996126e+00
3.6395209912e-04 9.1466579357e+03 1.5707963268e+00 4.0788176243e+00
3.6658425273e-04 9.1245540467e+03 1.5707963268e+00 4.0857687842e+00
3.6942019676e-04 9.1023201155e+03 1.5707963268e+00 4.0927535405e+00
3.7249674611e-04 9.0799668193e+03 1.5707963268e+00 4.0997723365e+00
3.7586151128e-04 9.0575088438e+03 1.5707963268e+00 4.1068256057e+00
3.7957751574e-04 9.0349666122e+03 1.5707963268e+00 4.1139137655e+00
3.8373054615e-04 9.0123690206e+03 1.5707963268e+00 4.1210372071e+00
3.8844141430e-04 8.9897579595e+03 1.5707963268e+00 4.1281962819e+00
3.9388762486e-04 8.9671962077e+03 1.5707963268e+00 4.1353912795e+00
4.0034454267e-04 8.9447821760e+03 1.5707963268e+00 4.1426223918e+00
4.0827135648e-04 8.9226799641e+03 1.5707963268e+00 4.1498896534e+00
4.1851532185e-04 8.9011883079e+03 1.5707963268e+00 4.1571928291e+00
4.3289845928e-04 8.8809281397e+03 1.5707963268e+00 4.1645311866e+00
