0.0000000000e+00 1.6409140777e+04 1.5707963268e+00 0.0000000000e+00
2.1824274491e-07 1.6409140777e+04 1.5707963268e+00 -2.7027027027e-03
4.3648548982e-07 1.6409163454e+04 1.5707963268e+00 -5.4054054054e-03
6.5472787990e-07 1.6409208807e+04 1.5707963268e+00 -8.1081006381e-03
8.7296956034e-07 1.6409276837e+04 1.5707963268e+00 -1.0810780931e-02
1.0912101763e-06 1.6409367544e+04 1.5707963268e+00 -1.3513438814e-02
1.3094493731e-06 1.6409480928e+04 1.5707963268e+00 -1.6216066817e-02
1.5276867958e-06 1.6409616989e+04 1.5707963268e+00 -1.8918657472e-02
1.7459220897e-06 1.6409775727e+04 1.5707963268e+00 -2.1621203309e-02
1.9641549001e-06 1.6409957143e+04 1.5707963268e+00 -2.4323696861e-02
2.1823848724e-06 1.6410161237e+04 1.5707963268e+00 -2.7026130658e-02
2.4006116519e-06 1.6410388009e+04 1.5707963268e+00 -2.9728497233e-02
2.6188348840e-06 1.6410637459e+04 1.5707963268e+00 -3.2430789121e-02
2.8370542142e-06 1.6410909589e+04 1.5707963268e+00 -3.5132998855e-02
3.0552692881e-06 1.6411204398e+04 1.5707963268e+00 -3.7835118970e-02
3.2734797512e-06 1.6411521888e+04 1.5707963268e+00 -4.0537142002e-02
3.4916852492e-06 1.6411862057e+04 1.5707963268e+00 -4.3239060488e-02
3.7098854279e-06 1.6412224908e+04 1.5707963268e+00 -4.5940866965e-02
3.9280799331e-06 1.6412610441e+04 1.5707963268e+00 -4.8642553974e-02
4.1462684107e-06 1.6413018656e+04 1.5707963268e+00 -5.1344114055e-02
4.3644505069e-06 1.6413449555e+04 1.5707963268e+00 -5.4045539749e-02
4.5826258676e-06 1.6413903137e+04 1.5707963268e+00 -5.6746823599e-02
4.8007941391e-06 1.6414379404e+04 1.5707963268e+00 -5.9447958151e-02
5.0189549679e-06 1.6414878356e+04 1.5707963268e+00 -6.2148935950e-02
5.2371080003e-06 1.6415399995e+04 1.5707963268e+00 -6.4849749544e-02
5.4552528830e-06 1.6415944320e+04 1.5707963268e+00 -6.7550391483e-02
5.6733892626e-06 1.6416511334e+04 1.5707963268e+00 -7.0250854319e-02
5.8915167861e-06 1.6417101038e+04 1.5707963268e+00 -7.2951130604e-02
6.1096351005e-06 1.6417713431e+04 1.5707963268e+00 -7.5651212894e-02
6.3277438528e-06 1.6418348515e+04 1.5707963268e+00 -7.8351093747e-02
6.5458426904e-06 1.6419006292e+04 1.5707963268e+00 -8.1050765721e-02
6.7639312609e-06 1.6419686763e+04 1.5707963268e+00 -8.3750221378e-02
6.9820092116e-06 1.6420389928e+04 1.5707963268e+00 -8.6449453282e-02
7.2000761906e-06 1.6421115788e+04 1.5707963268e+00 -8.9148454000e-02
7.4181318458e-06 1.6421864346e+04 1.5707963268e+00 -9.1847216100e-02
7.6361758253e-06 1.6422635602e+04 1.5707963268e+00 -9.4545732154e-02
7.8542077775e-06 1.6423429558e+04 1.5707963268e+00 -9.7243994734e-02
8.0722273508e-06 1.6424246215e+04 1.5707963268e+00 -9.9941996419e-02
8.2902341942e-06 1.6425085575e+04 1.5707963268e+00 -1.0263972979e-01
8.5082279564e-06 1.6425947639e+04 1.5707963268e+00 -1.0533718742e-01
8.7262082866e-06 1.6426832407e+04 1.5707963268e+00 -1.0803436190e-01
8.9441748343e-06 1.6427739883e+04 1.5707963268e+00 -1.1073124582e-01
9.1621272490e-06 1.6428670068e+04 1.5707963268e+00 -1.1342783177e-01
9.3800651805e-06 1.6429622962e+04 1.5707963268e+00 -1.1612411235e-01
9.5979882789e-06 1.6430598568e+04 1.5707963268e+00 -1.1882008014e-01
9.8158961944e-06 1.6431596888e+04 1.5707963268e+00 -1.2151572776e-01
1.0033788578e-05 1.6432617923e+04 1.5707963268e+00 -1.2421104780e-01
1.0251665079e-05 1.6433661675e+04 1.5707963268e+00 -1.2690603288e-01
1.0469525351e-05 1.6434728145e+04 1.5707963268e+00 -1.2960067560e-01
1.0687369043e-05 1.6435817336e+04 1.5707963268e+00 -1.3229496858e-01
1.0905195807e-05 1.6436929249e+04 1.5707963268e+00 -1.3498890444e-01
1.1123005295e-05 1.6438063886e+04 1.5707963268e+00 -1.3768247580e-01
1.1340797160e-05 1.6439221250e+04 1.5707963268e+00 -1.4037567529e-01
1.1558571054e-05 1.6440401342e+04 1.5707963268e+00 -1.4306849554e-01
1.1776326629e-05 1.6441604164e+04 1.5707963268e+00 -1.4576092917e-01
1.1994063539e-05 1.6442829718e+04 1.5707963268e+00 -1.4845296884e-01
1.2211781436e-05 1.6444078007e+04 1.5707963268e+00 -1.5114460717e-01
1.2429479974e-05 1.6445349032e+04 1.5707963268e+00 -1.5383583683e-01
1.2647158807e-05 1.6446642795e+04 1.5707963268e+00 -1.5652665045e-01
1.2864817590e-05 1.6447959300e+04 1.5707963268e+00 -1.5921704070e-01
1.3082455977e-05 1.6449298547e+04 1.5707963268e+00 -1.6190700023e-01
1.3300073622e-05 1.6450660540e+04 1.5707963268e+00 -1.6459652171e-01
1.3517670182e-05 1.6452045280e+04 1.5707963268e+00 -1.6728559781e-01
1.3735245311e-05 1.6453452770e+04 1.5707963268e+00 -1.6997422121e-01
1.3952798665e-05 1.6454883013e+04 1.5707963268e+00 -1.7266238457e-01
1.4170329901e-05 1.6456336010e+04 1.5707963268e+00 -1.7535008059e-01
1.4387838675e-05 1.6457811764e+04 1.5707963268e+00 -1.7803730195e-01
1.4605324644e-05 1.6459310278e+04 1.5707963268e+00 -1.8072404135e-01
1.4822787465e-05 1.6460831553e+04 1.5707963268e+00 -1.8341029148e-01
1.5040226796e-05 1.6462375594e+04 1.5707963268e+00 -1.8609604505e-01
1.5257642296e-05 1.6463942402e+04 1.5707963268e+00 -1.8878129477e-01
1.5475033622e-05 1.6465531979e+04 1.5707963268e+00 -1.9146603335e-01
1.5692400433e-05 1.6467144329e+04 1.5707963268e+00 -1.9415025351e-01
1.5909742389e-05 1.6468779454e+04 1.5707963268e+00 -1.9683394798e-01
1.6127059150e-05 1.6470437357e+04 1.5707963268e+00 -1.9951710949e-01
1.6344350374e-05 1.6472118041e+04 1.5707963268e+00 -2.0219973077e-01
1.6561615723e-05 1.6473821508e+04 1.5707963268e+00 -2.0488180458e-01
1.6778854857e-05 1.6475547761e+04 1.5707963268e+00 -2.0756332364e-01
1.6996067438e-05 1.6477296803e+04 1.5707963268e+00 -2.1024428073e-01
1.7213253127e-05 1.6479068637e+04 1.5707963268e+00 -2.1292466860e-01
1.7430411587e-05 1.6480863266e+04 1.5707963268e+00 -2.1560448001e-01
1.7647542479e-05 1.6482680693e+04 1.5707963268e+00 -2.1828370775e-01
1.7864645468e-05 1.6484520920e+04 1.5707963268e+00 -2.2096234457e-01
1.8081720216e-05 1.6486383951e+04 1.5707963268e+00 -2.2364038328e-01
1.8298766387e-05 1.6488269789e+04 1.5707963268e+00 -2.2631781666e-01
1.8515783645e-05 1.6490178436e+04 1.5707963268e+00 -2.2899463751e-01
1.8732771656e-05 1.6492109897e+04 1.5707963268e+00 -2.3167083864e-01
1.8949730085e-05 1.6494064174e+04 1.5707963268e+00 -2.3434641285e-01
1.9166658597e-05 1.6496041269e+04 1.5707963268e+00 -2.3702135296e-01
1.9383556858e-05 1.6498041188e+04 1.5707963268e+00 -2.3969565179e-01
1.9600424535e-05 1.6500063931e+04 1.5707963268e+00 -2.4236930219e-01
1.9817261296e-05 1.6502109504e+04 1.5707963268e+00 -2.4504229697e-01
2.0034066807e-05 1.6504177909e+04 1.5707963268e+00 -2.4771462900e-01
2.0250840738e-05 1.6506269149e+04 1.5707963268e+00 -2.5038629111e-01
2.0467582756e-05 1.6508383228e+04 1.5707963268e+00 -2.5305727617e-01
2.0684292531e-05 1.6510520149e+04 1.5707963268e+00 -2.5572757705e-01
2.0900969733e-05 1.6512679915e+04 1.5707963268e+00 -2.5839718661e-01
2.1117614031e-05 1.6514862531e+04 1.5707963268e+00 -2.6106609775e-01
2.1334225097e-05 1.6517067999e+04 1.5707963268e+00 -2.6373430334e-01
2.1550802602e-05 1.6519296322e+04 1.5707963268e+00 -2.6640179628e-01
2.1767346216e-05 1.6521547505e+04 1.5707963268e+00 -2.6906856948e-01
2.1983855614e-05 1.6523821551e+04 1.5707963268e+00 -2.7173461584e-01
2.2200330467e-05 1.6526118464e+04 1.5707963268e+00 -2.7439992829e-01
2.2416770449e-05 1.6528438246e+04 1.5707963268e+00 -2.7706449975e-01
2.2633175233e-05 1.6530780902e+04 1.5707963268e+00 -2.7972832315e-01
2.2849544495e-05 1.6533146436e+04 1.5707963268e+00 -2.8239139144e-01
2.3065877909e-05 1.6535534850e+04 1.5707963268e+00 -2.8505369756e-01
2.3282175151e-05 1.6537946149e+04 1.5707963268e+00 -2.8771523449e-01
2.3498435897e-05 1.6540380337e+04 1.5707963268e+00 -2.9037599517e-01
2.3714659824e-05 1.6542837416e+04 1.5707963268e+00 -2.9303597259e-01
2.3930846609e-05 1.6545317391e+04 1.5707963268e+00 -2.9569515972e-01
2.4146995931e-05 1.6547820266e+04 1.5707963268e+00 -2.9835354957e-01
2.4363107466e-05 1.6550346045e+04 1.5707963268e+00 -3.0101113513e-01
2.4579180895e-05 1.6552894730e+04 1.5707963268e+00 -3.0366790940e-01
2.4795215898e-05 1.6555466327e+04 1.5707963268e+00 -3.0632386541e-01
2.5011212154e-05 1.6558060839e+04 1.5707963268e+00 -3.0897899618e-01
2.5227169345e-05 1.6560678270e+04 1.5707963268e+00 -3.1163329475e-01
2.5443087152e-05 1.6563318624e+04 1.5707963268e+00 -3.1428675415e-01
2.5658965256e-05 1.6565981905e+04 1.5707963268e+00 -3.1693936745e-01
2.5874803342e-05 1.6568668116e+04 1.5707963268e+00 -3.1959112770e-01
2.6090601092e-05 1.6571377262e+04 1.5707963268e+00 -3.2224202797e-01
2.6306358190e-05 1.6574109347e+04 1.5707963268e+00 -3.2489206134e-01
2.6522074321e-05 1.6576864375e+04 1.5707963268e+00 -3.2754122090e-01
2.6737749171e-05 1.6579642350e+04 1.5707963268e+00 -3.3018949975e-01
2.6953382424e-05 1.6582443276e+04 1.5707963268e+00 -3.3283689099e-01
2.7168973768e-05 1.6585267157e+04 1.5707963268e+00 -3.3548338775e-01
2.7384522890e-05 1.6588113998e+04 1.5707963268e+00 -3.3812898314e-01
2.7600029477e-05 1.6590983802e+04 1.5707963268e+00 -3.4077367031e-01
2.7815493219e-05 1.6593876573e+04 1.5707963268e+00 -3.4341744240e-01
2.8030913804e-05 1.6596792316e+04 1.5707963268e+00 -3.4606029256e-01
2.8246290922e-05 1.6599731035e+04 1.5707963268e+00 -3.4870221396e-01
2.8461624265e-05 1.6602692735e+04 1.5707963268e+00 -3.5134319977e-01
2.8676913522e-05 1.6605677418e+04 1.5707963268e+00 -3.5398324319e-01
2.8892158387e-05 1.6608685091e+04 1.5707963268e+00 -3.5662233739e-01
2.9107358551e-05 1.6611715756e+04 1.5707963268e+00 -3.5926047560e-01
2.9322513707e-05 1.6614769419e+04 1.5707963268e+00 -3.6189765101e-01
2.9537623551e-05 1.6617846083e+04 1.5707963268e+00 -3.6453385687e-01
2.9752687776e-05 1.6620945753e+04 1.5707963268e+00 -3.6716908640e-01
2.9967706079e-05 1.6624068434e+04 1.5707963268e+00 -3.6980333284e-01
3.0182678154e-05 1.6627214129e+04 1.5707963268e+00 -3.7243658947e-01
3.0397603699e-05 1.6630382843e+04 1.5707963268e+00 -3.7506884953e-01
3.0612482411e-05 1.6633574580e+04 1.5707963268e+00 -3.7770010632e-01
3.0827313989e-05 1.6636789345e+04 1.5707963268e+00 -3.8033035311e-01
3.1042098131e-05 1.6640027143e+04 1.5707963268e+00 -3.8295958321e-01
3.1256834537e-05 1.6643287977e+04 1.5707963268e+00 -3.8558778992e-01
3.1471522909e-05 1.6646571852e+04 1.5707963268e+00 -3.8821496657e-01
3.1686162946e-05 1.6649878773e+04 1.5707963268e+00 -3.9084110649e-01
3.1900754350e-05 1.6653208744e+04 1.5707963268e+00 -3.9346620302e-01
3.2115296825e-05 1.6656561769e+04 1.5707963268e+00 -3.9609024951e-01
3.2329790074e-05 1.6659937854e+04 1.5707963268e+00 -3.9871323932e-01
3.2544233801e-05 1.6663337002e+04 1.5707963268e+00 -4.0133516584e-01
3.2758627710e-05 1.6666759218e+04 1.5707963268e+00 -4.0395602245e-01
3.2972971508e-05 1.6670204506e+04 1.5707963268e+00 -4.0657580255e-01
3.3187264901e-05 1.6673672872e+04 1.5707963268e+00 -4.0919449955e-01
3.3401507596e-05 1.6677164320e+04 1.5707963268e+00 -4.1181210687e-01
3.3615699301e-05 1.6680678854e+04 1.5707963268e+00 -4.1442861794e-01
3.3829839724e-05 1.6684216479e+04 1.5707963268e+00 -4.1704402620e-01
3.4043928576e-05 1.6687777200e+04 1.5707963268e+00 -4.1965832512e-01
3.4257965567e-05 1.6691361020e+04 1.5707963268e+00 -4.2227150816e-01
3.4471950408e-05 1.6694967946e+04 1.5707963268e+00 -4.2488356879e-01
3.4685882810e-05 1.6698597981e+04 1.5707963268e+00 -4.2749450052e-01
3.4899762486e-05 1.6702251129e+04 1.5707963268e+00 -4.3010429685e-01
3.5113589150e-05 1.6705927397e+04 1.5707963268e+00 -4.3271295129e-01
3.5327362516e-05 1.6709626788e+04 1.5707963268e+00 -4.3532045736e-01
3.5541082299e-05 1.6713349307e+04 1.5707963268e+00 -4.3792680861e-01
3.5754748215e-05 1.6717094958e+04 1.5707963268e+00 -4.4053199860e-01
3.5968359981e-05 1.6720863747e+04 1.5707963268e+00 -4.4313602087e-01
3.6181917314e-05 1.6724655677e+04 1.5707963268e+00 -4.4573886902e-01
3.6395419933e-05 1.6728470755e+04 1.5707963268e+00 -4.4834053663e-01
3.6608867556e-05 1.6732308983e+04 1.5707963268e+00 -4.5094101731e-01
3.6822259904e-05 1.6736170368e+04 1.5707963268e+00 -4.5354030465e-01
3.7035596698e-05 1.6740054914e+04 1.5707963268e+00 -4.5613839231e-01
3.7248877658e-05 1.6743962625e+04 1.5707963268e+00 -4.5873527390e-01
3.7462102508e-05 1.6747893506e+04 1.5707963268e+00 -4.6133094309e-01
3.7675270972e-05 1.6751847562e+04 1.5707963268e+00 -4.6392539354e-01
3.7888382772e-05 1.6755824798e+04 1.5707963268e+00 -4.6651861893e-01
3.8101437634e-05 1.6759825218e+04 1.5707963268e+00 -4.6911061294e-01
3.8314435284e-05 1.6763848827e+04 1.5707963268e+00 -4.7170136929e-01
3.8527375449e-05 1.6767895630e+04 1.5707963268e+00 -4.7429088169e-01
3.8740257857e-05 1.6771965631e+04 1.5707963268e+00 -4.7687914387e-01
3.8953082234e-05 1.6776058836e+04 1.5707963268e+00 -4.7946614958e-01
3.9165848312e-05 1.6780175249e+04 1.5707963268e+00 -4.8205189256e-01
3.9378555820e-05 1.6784314874e+04 1.5707963268e+00 -4.8463636660e-01
3.9591204489e-05 1.6788477717e+04 1.5707963268e+00 -4.8721956547e-01
3.9803794050e-05 1.6792663782e+04 1.5707963268e+00 -4.8980148297e-01
4.0016324238e-05 1.6796873074e+04 1.5707963268e+00 -4.9238211291e-01
4.0228794785e-05 1.6801105597e+04 1.5707963268e+00 -4.9496144912e-01
4.0441205426e-05 1.6805361357e+04 1.5707963268e+00 -4.9753948543e-01
4.0653555896e-05 1.6809640358e+04 1.5707963268e+00 -5.0011621569e-01
4.0865845931e-05 1.6813942605e+04 1.5707963268e+00 -5.0269163378e-01
4.1078075269e-05 1.6818268103e+04 1.5707963268e+00 -5.0526573356e-01
4.1290243648e-05 1.6822616856e+04 1.5707963268e+00 -5.0783850894e-01
4.1502350807e-05 1.6826988869e+04 1.5707963268e+00 -5.1040995381e-01
4.1714396486e-05 1.6831384146e+04 1.5707963268e+00 -5.1298006210e-01
4.1926380425e-05 1.6835802693e+04 1.5707963268e+00 -5.1554882775e-01
4.2138302365e-05 1.6840244515e+04 1.5707963268e+00 -5.1811624470e-01
4.2350162051e-05 1.6844709615e+04 1.5707963268e+00 -5.2068230692e-01
4.2561959224e-05 1.6849197999e+04 1.5707963268e+00 -5.2324700838e-01
4.2773693630e-05 1.6853709671e+04 1.5707963268e+00 -5.2581034309e-01
4.2985365014e-05 1.6858244636e+04 1.5707963268e+00 -5.2837230503e-01
4.3196973121e-05 1.6862802899e+04 1.5707963268e+00 -5.3093288824e-01
4.3408517700e-05 1.6867384464e+04 1.5707963268e+00 -5.3349208674e-01
4.3619998498e-05 1.6871989336e+04 1.5707963268e+00 -5.3604989460e-01
4.3831415264e-05 1.6876617520e+04 1.5707963268e+00 -5.3860630587e-01
4.4042767747e-05 1.6881269020e+04 1.5707963268e+00 -5.4116131463e-01
4.4254055700e-05 1.6885943841e+04 1.5707963268e+00 -5.4371491498e-01
4.4465278873e-05 1.6890641988e+04 1.5707963268e+00 -5.4626710103e-01
4.4676437020e-05 1.6895363465e+04 1.5707963268e+00 -5.4881786690e-01
4.4887529894e-05 1.6900108277e+04 1.5707963268e+00 -5.5136720672e-01
4.5098557249e-05 1.6904876429e+04 1.5707963268e+00 -5.5391511465e-01
4.5309518841e-05 1.6909667925e+04 1.5707963268e+00 -5.5646158487e-01
4.5520414426e-05 1.6914482769e+04 1.5707963268e+00 -5.5900661155e-01
4.5731243763e-05 1.6919320967e+04 1.5707963268e+00 -5.6155018889e-01
4.5942006608e-05 1.6924182523e+04 1.5707963268e+00 -5.6409231111e-01
4.6152702722e-05 1.6929067441e+04 1.5707963268e+00 -5.6663297243e-01
4.6363331865e-05 1.6933975726e+04 1.5707963268e+00 -5.6917216710e-01
4.6573893798e-05 1.6938907383e+04 1.5707963268e+00 -5.7170988939e-01
4.6784388283e-05 1.6943862416e+04 1.5707963268e+00 -5.7424613356e-01
4.6994815083e-05 1.6948840830e+04 1.5707963268e+00 -5.7678089390e-01
4.7205173963e-05 1.6953842628e+04 1.5707963268e+00 -5.7931416473e-01
4.7415464687e-05 1.6958867816e+04 1.5707963268e+00 -5.8184594037e-01
4.7625687021e-05 1.6963916399e+04 1.5707963268e+00 -5.8437621515e-01
4.7835840733e-05 1.6968988380e+04 1.5707963268e+00 -5.8690498342e-01
4.8045925590e-05 1.6974083764e+04 1.5707963268e+00 -5.8943223956e-01
4.8255941361e-05 1.6979202555e+04 1.5707963268e+00 -5.9195797795e-01
4.8465887816e-05 1.6984344758e+04 1.5707963268e+00 -5.9448219299e-01
4.8675764727e-05 1.6989510377e+04 1.5707963268e+00 -5.9700487909e-01
4.8885571864e-05 1.6994699417e+04 1.5707963268e+00 -5.9952603070e-01
4.9095309001e-05 1.6999911882e+04 1.5707963268e+00 -6.0204564226e-01
4.9304975911e-05 1.7005147776e+04 1.5707963268e+00 -6.0456370823e-01
4.9514572369e-05 1.7010407104e+04 1.5707963268e+00 -6.0708022309e-01
4.9724098152e-05 1.7015689870e+04 1.5707963268e+00 -6.0959518135e-01
4.9933553035e-05 1.7020996078e+04 1.5707963268e+00 -6.1210857751e-01
5.0142936797e-05 1.7026325733e+04 1.5707963268e+00 -6.1462040611e-01
5.0352249215e-05 1.7031678838e+04 1.5707963268e+00 -6.1713066168e-01
5.0561490071e-05 1.7037055399e+04 1.5707963268e+00 -6.1963933880e-01
5.0770659145e-05 1.7042455419e+04 1.5707963268e+00 -6.2214643204e-01
5.0979756217e-05 1.7047878902e+04 1.5707963268e+00 -6.2465193600e-01
5.1188781072e-05 1.7053325853e+04 1.5707963268e+00 -6.2715584529e-01
5.1397733492e-05 1.7058796275e+04 1.5707963268e+00 -6.2965815453e-01
5.1606613263e-05 1.7064290174e+04 1.5707963268e+00 -6.3215885838e-01
5.1815420170e-05 1.7069807552e+04 1.5707963268e+00 -6.3465795149e-01
5.2024154000e-05 1.7075348415e+04 1.5707963268e+00 -6.3715542854e-01
5.2232814540e-05 1.7080912766e+04 1.5707963268e+00 -6.3965128423e-01
5.2441401580e-05 1.7086500609e+04 1.5707963268e+00 -6.4214551326e-01
5.2649914908e-05 1.7092111948e+04 1.5707963268e+00 -6.4463811038e-01
5.2858354316e-05 1.7097746788e+04 1.5707963268e+00 -6.4712907031e-01
5.3066719595e-05 1.7103405131e+04 1.5707963268e+00 -6.4961838784e-01
5.3275010539e-05 1.7109086983e+04 1.5707963268e+00 -6.5210605773e-01
5.3483226940e-05 1.7114792347e+04 1.5707963268e+00 -6.5459207478e-01
5.3691368594e-05 1.7120521227e+04 1.5707963268e+00 -6.5707643381e-01
5.3899435296e-05 1.7126273627e+04 1.5707963268e+00 -6.5955912965e-01
5.4107426843e-05 1.7132049550e+04 1.5707963268e+00 -6.6204015714e-01
5.4315343033e-05 1.7137849001e+04 1.5707963268e+00 -6.6451951116e-01
5.4523183665e-05 1.7143671984e+04 1.5707963268e+00 -6.6699718658e-01
5.4730948538e-05 1.7149518501e+04 1.5707963268e+00 -6.6947317830e-01
5.4938637454e-05 1.7155388557e+04 1.5707963268e+00 -6.7194748125e-01
5.5146250214e-05 1.7161282156e+04 1.5707963268e+00 -6.7442009035e-01
5.5353786622e-05 1.7167199301e+04 1.5707963268e+00 -6.7689100056e-01
5.5561246480e-05 1.7173139996e+04 1.5707963268e+00 -6.7936020685e-01
5.5768629595e-05 1.7179104244e+04 1.5707963268e+00 -6.8182770421e-01
5.5975935771e-05 1.7185092050e+04 1.5707963268e+00 -6.8429348764e-01
5.6183164817e-05 1.7191103416e+04 1.5707963268e+00 -6.8675755216e-01
5.6390316539e-05 1.7197138346e+04 1.5707963268e+00 -6.8921989282e-01
5.6597390747e-05 1.7203196844e+04 1.5707963268e+00 -6.9168050467e-01
5.6804387252e-05 1.7209278913e+04 1.5707963268e+00 -6.9413938279e-01
5.7011305863e-05 1.7215384556e+04 1.5707963268e+00 -6.9659652227e-01
5.7218146394e-05 1.7221513778e+04 1.5707963268e+00 -6.9905191822e-01
5.7424908658e-05 1.7227666581e+04 1.5707963268e+00 -7.0150556578e-01
5.7631592467e-05 1.7233842968e+04 1.5707963268e+00 -7.0395746009e-01
5.7838197639e-05 1.7240042944e+04 1.5707963268e+00 -7.0640759631e-01
5.8044723989e-05 1.7246266511e+04 1.5707963268e+00 -7.0885596963e-01
5.8251171334e-05 1.7252513672e+04 1.5707963268e+00 -7.1130257525e-01
5.8457539493e-05 1.7258784432e+04 1.5707963268e+00 -7.1374740839e-01
5.8663828284e-05 1.7265078792e+04 1.5707963268e+00 -7.1619046428e-01
5.8870037529e-05 1.7271396756e+04 1.5707963268e+00 -7.1863173819e-01
5.9076167049e-05 1.7277738328e+04 1.5707963268e+00 -7.2107122538e-01
5.9282216666e-05 1.7284103509e+04 1.5707963268e+00 -7.2350892115e-01
5.9488186203e-05 1.7290492304e+04 1.5707963268e+00 -7.2594482081e-01
5.9694075486e-05 1.7296904715e+04 1.5707963268e+00 -7.2837891968e-01
5.9899884339e-05 1.7303340746e+04 1.5707963268e+00 -7.3081121312e-01
6.0105612590e-05 1.7309800399e+04 1.5707963268e+00 -7.3324169649e-01
6.0311260065e-05 1.7316283676e+04 1.5707963268e+00 -7.3567036517e-01
6.0516826594e-05 1.7322790582e+04 1.5707963268e+00 -7.3809721456e-01
6.0722312007e-05 1.7329321118e+04 1.5707963268e+00 -7.4052224009e-01
6.0927716133e-05 1.7335875288e+04 1.5707963268e+00 -7.4294543720e-01
6.1133038805e-05 1.7342453094e+04 1.5707963268e+00 -7.4536680133e-01
6.1338279855e-05 1.7349054539e+04 1.5707963268e+00 -7.4778632798e-01
6.1543439118e-05 1.7355679626e+04 1.5707963268e+00 -7.5020401263e-01
6.1748516428e-05 1.7362328357e+04 1.5707963268e+00 -7.5261985079e-01
6.1953511621e-05 1.7369000734e+04 1.5707963268e+00 -7.5503383800e-01
6.2158424534e-05 1.7375696761e+04 1.5707963268e+00 -7.5744596981e-01
6.2363255006e-05 1.7382416440e+04 1.5707963268e+00 -7.5985624180e-01
6.2568002874e-05 1.7389159773e+04 1.5707963268e+00 -7.6226464954e-01
6.2772667980e-05 1.7395926763e+04 1.5707963268e+00 -7.6467118864e-01
6.2977250164e-05 1.7402717411e+04 1.5707963268e+00 -7.6707585474e-01
6.3181749268e-05 1.7409531721e+04 1.5707963268e+00 -7.6947864347e-01
6.3386165136e-05 1.7416369695e+04 1.5707963268e+00 -7.7187955050e-01
6.3590497612e-05 1.7423231335e+04 1.5707963268e+00 -7.7427857152e-01
6.3794746541e-05 1.7430116643e+04 1.5707963268e+00 -7.7667570221e-01
6.3998911770e-05 1.7437025621e+04 1.5707963268e+00 -7.7907093832e-01
6.4202993145e-05 1.7443958271e+04 1.5707963268e+00 -7.8146427557e-01
6.4406990515e-05 1.7450914596e+04 1.5707963268e+00 -7.8385570972e-01
6.4610903730e-05 1.7457894598e+04 1.5707963268e+00 -7.8624523655e-01
6.4814732640e-05 1.7464898278e+04 1.5707963268e+00 -7.8863285187e-01
6.5018477096e-05 1.7471925638e+04 1.5707963268e+00 -7.9101855147e-01
6.5222136952e-05 1.7478976680e+04 1.5707963268e+00 -7.9340233121e-01
6.5425712060e-05 1.7486051407e+04 1.5707963268e+00 -7.9578418693e-01
6.5629202275e-05 1.7493149820e+04 1.5707963268e+00 -7.9816411451e-01
6.5832607452e-05 1.7500271920e+04 1.5707963268e+00 -8.0054210983e-01
6.6035927450e-05 1.7507417710e+04 1.5707963268e+00 -8.0291816883e-01
6.6239162124e-05 1.7514587191e+04 1.5707963268e+00 -8.0529228741e-01
6.6442311334e-05 1.7521780364e+04 1.5707963268e+00 -8.0766446154e-01
6.6645374940e-05 1.7528997232e+04 1.5707963268e+00 -8.1003468718e-01
6.6848352803e-05 1.7536237795e+04 1.5707963268e+00 -8.1240296033e-01
6.7051244783e-05 1.7543502056e+04 1.5707963268e+00 -8.1476927699e-01
6.7254050745e-05 1.7550790015e+04 1.5707963268e+00 -8.1713363319e-01
6.7456770552e-05 1.7558101674e+04 1.5707963268e+00 -8.1949602498e-01
6.7659404069e-05 1.7565437035e+04 1.5707963268e+00 -8.2185644842e-01
6.7861951161e-05 1.7572796098e+04 1.5707963268e+00 -8.2421489961e-01
6.8064411697e-05 1.7580178865e+04 1.5707963268e+00 -8.2657137464e-01
6.8266785544e-05 1.7587585337e+04 1.5707963268e+00 -8.2892586964e-01
6.8469072570e-05 1.7595015515e+04 1.5707963268e+00 -8.3127838077e-01
6.8671272647e-05 1.7602469400e+04 1.5707963268e+00 -8.3362890417e-01
6.8873385645e-05 1.7609946994e+04 1.5707963268e+00 -8.3597743604e-01
6.9075411436e-05 1.7617448296e+04 1.5707963268e+00 -8.3832397259e-01
6.9277349893e-05 1.7624973309e+04 1.5707963268e+00 -8.4066851002e-01
6.9479200892e-05 1.7632522033e+04 1.5707963268e+00 -8.4301104460e-01
6.9680964306e-05 1.7640094468e+04 1.5707963268e+00 -8.4535157257e-01
6.9882640012e-05 1.7647690616e+04 1.5707963268e+00 -8.4769009022e-01
7.0084227887e-05 1.7655310477e+04 1.5707963268e+00 -8.5002659385e-01
7.0285727810e-05 1.7662954052e+04 1.5707963268e+00 -8.5236107979e-01
7.0487139660e-05 1.7670621341e+04 1.5707963268e+00 -8.5469354438e-01
7.0688463317e-05 1.7678312346e+04 1.5707963268e+00 -8.5702398397e-01
7.0889698663e-05 1.7686027066e+04 1.5707963268e+00 -8.5935239495e-01
7.1090845579e-05 1.7693765501e+04 1.5707963268e+00 -8.6167877372e-01
7.1291903949e-05 1.7701527654e+04 1.5707963268e+00 -8.6400311669e-01
7.1492873659e-05 1.7709313523e+04 1.5707963268e+00 -8.6632542032e-01
7.1693754592e-05 1.7717123108e+04 1.5707963268e+00 -8.6864568105e-01
7.1894546635e-05 1.7724956411e+04 1.5707963268e+00 -8.7096389537e-01
7.2095249677e-05 1.7732813432e+04 1.5707963268e+00 -8.7328005978e-01
7.2295863604e-05 1.7740694169e+04 1.5707963268e+00 -8.7559417079e-01
7.2496388307e-05 1.7748598625e+04 1.5707963268e+00 -8.7790622495e-01
7.2696823677e-05 1.7756526797e+04 1.5707963268e+00 -8.8021621882e-01
7.2897169604e-05 1.7764478688e+04 1.5707963268e+00 -8.8252414897e-01
7.3097425981e-05 1.7772454295e+04 1.5707963268e+00 -8.8483001201e-01
7.3297592701e-05 1.7780453620e+04 1.5707963268e+00 -8.8713380454e-01
7.3497669659e-05 1.7788476661e+04 1.5707963268e+00 -8.8943552322e-01
7.3697656751e-05 1.7796523419e+04 1.5707963268e+00 -8.9173516470e-01
7.3897553873e-05 1.7804593893e+04 1.5707963268e+00 -8.9403272565e-01
7.4097360922e-05 1.7812688084e+04 1.5707963268e+00 -8.9632820278e-01
7.4297077797e-05 1.7820805989e+04 1.5707963268e+00 -8.9862159281e-01
7.4496704398e-05 1.7828947610e+04 1.5707963268e+00 -9.0091289247e-01
7.4696240624e-05 1.7837112944e+04 1.5707963268e+00 -9.0320209852e-01
7.4895686377e-05 1.7845301993e+04 1.5707963268e+00 -9.0548920774e-01
7.5095041560e-05 1.7853514754e+04 1.5707963268e+00 -9.0777421693e-01
7.5294306077e-05 1.7861751228e+04 1.5707963268e+00 -9.1005712291e-01
7.5493479830e-05 1.7870011413e+04 1.5707963268e+00 -9.1233792251e-01
7.5692562727e-05 1.7878295308e+04 1.5707963268e+00 -9.1461661260e-01
7.5891554674e-05 1.7886602913e+04 1.5707963268e+00 -9.1689319005e-01
7.6090455577e-05 1.7894934227e+04 1.5707963268e+00 -9.1916765176e-01
7.6289265345e-05 1.7903289248e+04 1.5707963268e+00 -9.2143999465e-01
7.6487983888e-05 1.7911667975e+04 1.5707963268e+00 -9.2371021565e-01
7.6686611116e-05 1.7920070408e+04 1.5707963268e+00 -9.2597831174e-01
7.6885146940e-05 1.7928496544e+04 1.5707963268e+00 -9.2824427987e-01
7.7083591273e-05 1.7936946384e+04 1.5707963268e+00 -9.3050811706e-01
7.7281944027e-05 1.7945419924e+04 1.5707963268e+00 -9.3276982033e-01
7.7480205118e-05 1.7953917165e+04 1.5707963268e+00 -9.3502938670e-01
7.7678374460e-05 1.7962438104e+04 1.5707963268e+00 -9.3728681324e-01
7.7876451969e-05 1.7970982739e+04 1.5707963268e+00 -9.3954209703e-01
7.8074437563e-05 1.7979551070e+04 1.5707963268e+00 -9.4179523517e-01
7.8272331160e-05 1.7988143095e+04 1.5707963268e+00 -9.4404622478e-01
7.8470132679e-05 1.7996758811e+04 1.5707963268e+00 -9.4629506299e-01
7.8667842040e-05 1.8005398217e+04 1.5707963268e+00 -9.4854174696e-01
7.8865459164e-05 1.8014061311e+04 1.5707963268e+00 -9.5078627388e-01
7.9062983972e-05 1.8022748092e+04 1.5707963268e+00 -9.5302864094e-01
7.9260416389e-05 1.8031458556e+04 1.5707963268e+00 -9.5526884536e-01
7.9457756338e-05 1.8040192703e+04 1.5707963268e+00 -9.5750688438e-01
7.9655003743e-05 1.8048950530e+04 1.5707963268e+00 -9.5974275526e-01
7.9852158531e-05 1.8057732035e+04 1.5707963268e+00 -9.6197645528e-01
8.0049220628e-05 1.8066537215e+04 1.5707963268e+00 -9.6420798174e-01
8.0246189962e-05 1.8075366069e+04 1.5707963268e+00 -9.6643733196e-01
8.0443066462e-05 1.8084218593e+04 1.5707963268e+00 -9.6866450328e-01
8.0639850057e-05 1.8093094786e+04 1.5707963268e+00 -9.7088949305e-01
8.0836540678e-05 1.8101994645e+04 1.5707963268e+00 -9.7311229866e-01
8.1033138256e-05 1.8110918168e+04 1.5707963268e+00 -9.7533291751e-01
8.1229642724e-05 1.8119865351e+04 1.5707963268e+00 -9.7755134702e-01
8.1426054015e-05 1.8128836192e+04 1.5707963268e+00 -9.7976758462e-01
8.1622372064e-05 1.8137830688e+04 1.5707963268e+00 -9.8198162778e-01
8.1818596805e-05 1.8146848837e+04 1.5707963268e+00 -9.8419347397e-01
8.2014728175e-05 1.8155890635e+04 1.5707963268e+00 -9.8640312070e-01
8.2210766111e-05 1.8164956080e+04 1.5707963268e+00 -9.8861056548e-01
8.2406710551e-05 1.8174045168e+04 1.5707963268e+00 -9.9081580586e-01
8.2602561434e-05 1.8183157897e+04 1.5707963268e+00 -9.9301883939e-01
8.2798318700e-05 1.8192294263e+04 1.5707963268e+00 -9.9521966366e-01
8.2993982289e-05 1.8201454263e+04 1.5707963268e+00 -9.9741827626e-01
8.3189552144e-05 1.8210637893e+04 1.5707963268e+00 -9.9961467482e-01
8.3385028206e-05 1.8219845151e+04 1.5707963268e+00 -1.0018088570e+00
8.3580410420e-05 1.8229076033e+04 1.5707963268e+00 -1.0040008204e+00
8.3775698730e-05 1.8238330536e+04 1.5707963268e+00 -1.0061905627e+00
8.3970893082e-05 1.8247608655e+04 1.5707963268e+00 -1.0083780817e+00
8.4165993421e-05 1.8256910387e+04 1.5707963268e+00 -1.0105633750e+00
8.4360999695e-05 1.8266235729e+04 1.5707963268e+00 -1.0127464404e+00
8.4555911851e-05 1.8275584676e+04 1.5707963268e+00 -1.0149272756e+00
8.4750729840e-05 1.8284957225e+04 1.5707963268e+00 -1.0171058785e+00
8.4945453611e-05 1.8294353373e+04 1.5707963268e+00 -1.0192822468e+00
8.5140083114e-05 1.8303773114e+04 1.5707963268e+00 -1.0214563784e+00
8.5334618301e-05 1.8313216445e+04 1.5707963268e+00 -1.0236282710e+00
8.5529059125e-05 1.8322683362e+04 1.5707963268e+00 -1.0257979226e+00
8.5723405539e-05 1.8332173860e+04 1.5707963268e+00 -1.0279653310e+00
8.5917657499e-05 1.8341687936e+04 1.5707963268e+00 -1.0301304941e+00
8.6111814958e-05 1.8351225585e+04 1.5707963268e+00 -1.0322934099e+00
8.6305877872e-05 1.8360786802e+04 1.5707963268e+00 -1.0344540762e+00
8.6499846200e-05 1.8370371584e+04 1.5707963268e+00 -1.0366124911e+00
8.6693719899e-05 1.8379979925e+04 1.5707963268e+00 -1.0387686525e+00
8.6887498928e-05 1.8389611821e+04 1.5707963268e+00 -1.0409225584e+00
8.7081183246e-05 1.8399267268e+04 1.5707963268e+00 -1.0430742068e+00
8.7274772813e-05 1.8408946260e+04 1.5707963268e+00 -1.0452235957e+00
8.7468267592e-05 1.8418648793e+04 1.5707963268e+00 -1.0473707233e+00
8.7661667544e-05 1.8428374863e+04 1.5707963268e+00 -1.0495155876e+00
8.7854972632e-05 1.8438124463e+04 1.5707963268e+00 -1.0516581866e+00
8.8048182821e-05 1.8447897589e+04 1.5707963268e+00 -1.0537985186e+00
8.8241298076e-05 1.8457694236e+04 1.5707963268e+00 -1.0559365816e+00
8.8434318361e-05 1.8467514398e+04 1.5707963268e+00 -1.0580723737e+00
8.8627243643e-05 1.8477358071e+04 1.5707963268e+00 -1.0602058933e+00
8.8820073890e-05 1.8487225250e+04 1.5707963268e+00 -1.0623371384e+00
8.9012809071e-05 1.8497115928e+04 1.5707963268e+00 -1.0644661072e+00
8.9205449153e-05 1.8507030100e+04 1.5707963268e+00 -1.0665927981e+00
8.9397994108e-05 1.8516967762e+04 1.5707963268e+00 -1.0687172092e+00
8.9590443905e-05 1.8526928907e+04 1.5707963268e+00 -1.0708393388e+00
8.9782798517e-05 1.8536913529e+04 1.5707963268e+00 -1.0729591853e+00
8.9975057915e-05 1.8546921624e+04 1.5707963268e+00 -1.0750767469e+00
9.0167222074e-05 1.8556953184e+04 1.5707963268e+00 -1.0771920219e+00
9.0359290966e-05 1.8567008205e+04 1.5707963268e+00 -1.0793050087e+00
9.0551264568e-05 1.8577086680e+04 1.5707963268e+00 -1.0814157057e+00
9.0743142855e-05 1.8587188604e+04 1.5707963268e+00 -1.0835241113e+00
9.0934925803e-05 1.8597313969e+04 1.5707963268e+00 -1.0856302238e+00
9.1126613389e-05 1.8607462771e+04 1.5707963268e+00 -1.0877340417e+00
9.1318205593e-05 1.8617635003e+04 1.5707963268e+00 -1.0898355635e+00
9.1509702393e-05 1.8627830659e+04 1.5707963268e+00 -1.0919347875e+00
9.1701103768e-05 1.8638049731e+04 1.5707963268e+00 -1.0940317124e+00
9.1892409700e-05 1.8648292215e+04 1.5707963268e+00 -1.0961263365e+00
9.2083620170e-05 1.8658558103e+04 1.5707963268e+00 -1.0982186585e+00
9.2274735161e-05 1.8668847388e+04 1.5707963268e+00 -1.1003086768e+00
9.2465754654e-05 1.8679160065e+04 1.5707963268e+00 -1.1023963900e+00
9.2656678634e-05 1.8689496126e+04 1.5707963268e+00 -1.1044817967e+00
9.2847507087e-05 1.8699855565e+04 1.5707963268e+00 -1.1065648955e+00
9.3038239996e-05 1.8710238375e+04 1.5707963268e+00 -1.1086456850e+00
9.3228877349e-05 1.8720644548e+04 1.5707963268e+00 -1.1107241638e+00
9.3419419132e-05 1.8731074078e+04 1.5707963268e+00 -1.1128003307e+00
9.3609865333e-05 1.8741526958e+04 1.5707963268e+00 -1.1148741842e+00
9.3800215941e-05 1.8752003181e+04 1.5707963268e+00 -1.1169457231e+00
9.3990470946e-05 1.8762502739e+04 1.5707963268e+00 -1.1190149461e+00
9.4180630337e-05 1.8773025625e+04 1.5707963268e+00 -1.1210818519e+00
9.4370694105e-05 1.8783571832e+04 1.5707963268e+00 -1.1231464392e+00
9.4560662241e-05 1.8794141353e+04 1.5707963268e+00 -1.1252087069e+00
9.4750534740e-05 1.8804734179e+04 1.5707963268e+00 -1.1272686538e+00
9.4940311593e-05 1.8815350304e+04 1.5707963268e+00 -1.1293262785e+00
9.5129992794e-05 1.8825989719e+04 1.5707963268e+00 -1.1313815800e+00
9.5319578339e-05 1.8836652417e+04 1.5707963268e+00 -1.1334345571e+00
9.5509068222e-05 1.8847338390e+04 1.5707963268e+00 -1.1354852087e+00
9.5698462441e-05 1.8858047630e+04 1.5707963268e+00 -1.1375335336e+00
9.5887760992e-05 1.8868780130e+04 1.5707963268e+00 -1.1395795308e+00
9.6076963872e-05 1.8879535882e+04 1.5707963268e+00 -1.1416231991e+00
9.6266071081e-05 1.8890314876e+04 1.5707963268e+00 -1.1436645375e+00
9.6455082618e-05 1.8901117106e+04 1.5707963268e+00 -1.1457035450e+00
9.6643998482e-05 1.8911942562e+04 1.5707963268e+00 -1.1477402205e+00
9.6832818674e-05 1.8922791238e+04 1.5707963268e+00 -1.1497745630e+00
9.7021543196e-05 1.8933663123e+04 1.5707963268e+00 -1.1518065716e+00
9.7210172050e-05 1.8944558211e+04 1.5707963268e+00 -1.1538362452e+00
9.7398705239e-05 1.8955476492e+04 1.5707963268e+00 -1.1558635830e+00
9.7587142766e-05 1.8966417957e+04 1.5707963268e+00 -1.1578885839e+00
9.7775484637e-05 1.8977382599e+04 1.5707963268e+00 -1.1599112470e+00
9.7963730855e-05 1.8988370409e+04 1.5707963268e+00 -1.1619315716e+00
9.8151881426e-05 1.8999381377e+04 1.5707963268e+00 -1.1639495566e+00
9.8339936358e-05 1.9010415494e+04 1.5707963268e+00 -1.1659652012e+00
9.8527895658e-05 1.9021472753e+04 1.5707963268e+00 -1.1679785047e+00
9.8715759333e-05 1.9032553144e+04 1.5707963268e+00 -1.1699894661e+00
9.8903527391e-05 1.9043656657e+04 1.5707963268e+00 -1.1719980846e+00
9.9091199844e-05 1.9054783285e+04 1.5707963268e+00 -1.1740043595e+00
9.9278776699e-05 1.9065933016e+04 1.5707963268e+00 -1.1760082899e+00
9.9466257969e-05 1.9077105843e+04 1.5707963268e+00 -1.1780098753e+00
9.9653643664e-05 1.9088301756e+04 1.5707963268e+00 -1.1800091147e+00
9.9840933797e-05 1.9099520746e+04 1.5707963268e+00 -1.1820060075e+00
1.0002812838e-04 1.9110762802e+04 1.5707963268e+00 -1.1840005530e+00
1.0021522743e-04 1.9122027916e+04 1.5707963268e+00 -1.1859927505e+00
1.0040223095e-04 1.9133316077e+04 1.5707963268e+00 -1.1879825993e+00
1.0058913897e-04 1.9144627277e+04 1.5707963268e+00 -1.1899700988e+00
1.0077595150e-04 1.9155961505e+04 1.5707963268e+00 -1.1919552484e+00
1.0096266855e-04 1.9167318751e+04 1.5707963268e+00 -1.1939380475e+00
1.0114929014e-04 1.9178699006e+04 1.5707963268e+00 -1.1959184954e+00
1.0133581630e-04 1.9190102260e+04 1.5707963268e+00 -1.1978965916e+00
1.0152224703e-04 1.9201528502e+04 1.5707963268e+00 -1.1998723356e+00
1.0170858235e-04 1.9212977722e+04 1.5707963268e+00 -1.2018457267e+00
1.0189482229e-04 1.9224449911e+04 1.5707963268e+00 -1.2038167645e+00
1.0208096687e-04 1.9235945057e+04 1.5707963268e+00 -1.2057854484e+00
1.0226701611e-04 1.9247463152e+04 1.5707963268e+00 -1.2077517781e+00
1.0245297002e-04 1.9259004183e+04 1.5707963268e+00 -1.2097157529e+00
1.0263882863e-04 1.9270568141e+04 1.5707963268e+00 -1.2116773725e+00
1.0282459197e-04 1.9282155015e+04 1.5707963268e+00 -1.2136366364e+00
1.0301026005e-04 1.9293764795e+04 1.5707963268e+00 -1.2155935442e+00
1.0319583291e-04 1.9305397470e+04 1.5707963268e+00 -1.2175480955e+00
1.0338131055e-04 1.9317053029e+04 1.5707963268e+00 -1.2195002899e+00
1.0356669302e-04 1.9328731462e+04 1.5707963268e+00 -1.2214501270e+00
1.0375198034e-04 1.9340432757e+04 1.5707963268e+00 -1.2233976065e+00
1.0393717253e-04 1.9352156903e+04 1.5707963268e+00 -1.2253427281e+00
1.0412226962e-04 1.9363903890e+04 1.5707963268e+00 -1.2272854914e+00
1.0430727164e-04 1.9375673706e+04 1.5707963268e+00 -1.2292258962e+00
1.0449217861e-04 1.9387466340e+04 1.5707963268e+00 -1.2311639421e+00
1.0467699057e-04 1.9399281782e+04 1.5707963268e+00 -1.2330996289e+00
1.0486170754e-04 1.9411120019e+04 1.5707963268e+00 -1.2350329563e+00
1.0504632956e-04 1.9422981040e+04 1.5707963268e+00 -1.2369639242e+00
1.0523085666e-04 1.9434864834e+04 1.5707963268e+00 -1.2388925322e+00
1.0541528887e-04 1.9446771390e+04 1.5707963268e+00 -1.2408187803e+00
1.0559962621e-04 1.9458700695e+04 1.5707963268e+00 -1.2427426681e+00
1.0578386873e-04 1.9470652739e+04 1.5707963268e+00 -1.2446641956e+00
1.0596801645e-04 1.9482627509e+04 1.5707963268e+00 -1.2465833626e+00
1.0615206941e-04 1.9494624994e+04 1.5707963268e+00 -1.2485001690e+00
1.0633602765e-04 1.9506645182e+04 1.5707963268e+00 -1.2504146146e+00
1.0651989119e-04 1.9518688060e+04 1.5707963268e+00 -1.2523266993e+00
1.0670366009e-04 1.9530753618e+04 1.5707963268e+00 -1.2542364231e+00
1.0688733436e-04 1.9542841842e+04 1.5707963268e+00 -1.2561437859e+00
1.0707091405e-04 1.9554952721e+04 1.5707963268e+00 -1.2580487877e+00
1.0725439919e-04 1.9567086243e+04 1.5707963268e+00 -1.2599514283e+00
1.0743778983e-04 1.9579242395e+04 1.5707963268e+00 -1.2618517078e+00
1.0762108599e-04 1.9591421165e+04 1.5707963268e+00 -1.2637496263e+00
1.0780428773e-04 1.9603622541e+04 1.5707963268e+00 -1.2656451836e+00
1.0798739508e-04 1.9615846510e+04 1.5707963268e+00 -1.2675383798e+00
1.0817040808e-04 1.9628093060e+04 1.5707963268e+00 -1.2694292150e+00
1.0835332677e-04 1.9640362178e+04 1.5707963268e+00 -1.2713176892e+00
1.0853615119e-04 1.9652653852e+04 1.5707963268e+00 -1.2732038026e+00
1.0871888138e-04 1.9664968068e+04 1.5707963268e+00 -1.2750875551e+00
1.0890151740e-04 1.9677304814e+04 1.5707963268e+00 -1.2769689470e+00
1.0908405927e-04 1.9689664078e+04 1.5707963268e+00 -1.2788479783e+00
1.0926650704e-04 1.9702045845e+04 1.5707963268e+00 -1.2807246491e+00
1.0944886076e-04 1.9714450104e+04 1.5707963268e+00 -1.2825989597e+00
1.0963112047e-04 1.9726876842e+04 1.5707963268e+00 -1.2844709102e+00
1.0981328621e-04 1.9739326044e+04 1.5707963268e+00 -1.2863405007e+00
1.0999535804e-04 1.9751797699e+04 1.5707963268e+00 -1.2882077316e+00
1.1017733599e-04 1.9764291792e+04 1.5707963268e+00 -1.2900726029e+00
1.1035922012e-04 1.9776808310e+04 1.5707963268e+00 -1.2919351150e+00
1.1054101047e-04 1.9789347241e+04 1.5707963268e+00 -1.2937952680e+00
1.1072270709e-04 1.9801908570e+04 1.5707963268e+00 -1.2956530623e+00
1.1090431003e-04 1.9814492285e+04 1.5707963268e+00 -1.2975084982e+00
1.1108581933e-04 1.9827098371e+04 1.5707963268e+00 -1.2993615758e+00
1.1126723505e-04 1.9839726815e+04 1.5707963268e+00 -1.3012122956e+00
1.1144855723e-04 1.9852377604e+04 1.5707963268e+00 -1.3030606578e+00
1.1162978592e-04 1.9865050723e+04 1.5707963268e+00 -1.3049066628e+00
1.1181092118e-04 1.9877746159e+04 1.5707963268e+00 -1.3067503109e+00
1.1199196306e-04 1.9890463898e+04 1.5707963268e+00 -1.3085916025e+00
1.1217291161e-04 1.9903203926e+04 1.5707963268e+00 -1.3104305381e+00
1.1235376687e-04 1.9915966229e+04 1.5707963268e+00 -1.3122671179e+00
1.1253452891e-04 1.9928750793e+04 1.5707963268e+00 -1.3141013424e+00
1.1271519778e-04 1.9941557603e+04 1.5707963268e+00 -1.3159332121e+00
1.1289577352e-04 1.9954386647e+04 1.5707963268e+00 -1.3177627273e+00
1.1307625620e-04 1.9967237908e+04 1.5707963268e+00 -1.3195898886e+00
1.1325664587e-04 1.9980111374e+04 1.5707963268e+00 -1.3214146963e+00
1.1343694258e-04 1.9993007030e+04 1.5707963268e+00 -1.3232371511e+00
1.1361714639e-04 2.0005924860e+04 1.5707963268e+00 -1.3250572533e+00
1.1379725735e-04 2.0018864852e+04 1.5707963268e+00 -1.3268750035e+00
1.1397727552e-04 2.0031826990e+04 1.5707963268e+00 -1.3286904023e+00
1.1415720097e-04 2.0044811259e+04 1.5707963268e+00 -1.3305034501e+00
1.1433703373e-04 2.0057817646e+04 1.5707963268e+00 -1.3323141476e+00
1.1451677388e-04 2.0070846135e+04 1.5707963268e+00 -1.3341224952e+00
1.1469642148e-04 2.0083896711e+04 1.5707963268e+00 -1.3359284937e+00
1.1487597657e-04 2.0096969360e+04 1.5707963268e+00 -1.3377321435e+00
1.1505543922e-04 2.0110064066e+04 1.5707963268e+00 -1.3395334454e+00
1.1523480949e-04 2.0123180815e+04 1.5707963268e+00 -1.3413323998e+00
1.1541408744e-04 2.0136319592e+04 1.5707963268e+00 -1.3431290076e+00
1.1559327313e-04 2.0149480382e+04 1.5707963268e+00 -1.3449232692e+00
1.1577236662e-04 2.0162663169e+04 1.5707963268e+00 -1.3467151855e+00
1.1595136797e-04 2.0175867938e+04 1.5707963268e+00 -1.3485047570e+00
1.1613027725e-04 2.0189094674e+04 1.5707963268e+00 -1.3502919846e+00
1.1630909451e-04 2.0202343362e+04 1.5707963268e+00 -1.3520768688e+00
1.1648781981e-04 2.0215613986e+04 1.5707963268e+00 -1.3538594104e+00
1.1666645323e-04 2.0228906531e+04 1.5707963268e+00 -1.3556396101e+00
1.1684499483e-04 2.0242220981e+04 1.5707963268e+00 -1.3574174688e+00
1.1702344466e-04 2.0255557321e+04 1.5707963268e+00 -1.3591929871e+00
1.1720180279e-04 2.0268915535e+04 1.5707963268e+00 -1.3609661659e+00
1.1738006930e-04 2.0282295607e+04 1.5707963268e+00 -1.3627370059e+00
1.1755824423e-04 2.0295697522e+04 1.5707963268e+00 -1.3645055080e+00
1.1773632766e-04 2.0309121264e+04 1.5707963268e+00 -1.3662716729e+00
1.1791431966e-04 2.0322566818e+04 1.5707963268e+00 -1.3680355014e+00
1.1809222029e-04 2.0336034166e+04 1.5707963268e+00 -1.3697969946e+00
1.1827002961e-04 2.0349523294e+04 1.5707963268e+00 -1.3715561531e+00
1.1844774770e-04 2.0363034185e+04 1.5707963268e+00 -1.3733129779e+00
1.1862537462e-04 2.0376566823e+04 1.5707963268e+00 -1.3750674698e+00
1.1880291044e-04 2.0390121192e+04 1.5707963268e+00 -1.3768196297e+00
1.1898035523e-04 2.0403697276e+04 1.5707963268e+00 -1.3785694586e+00
1.1915770906e-04 2.0417295058e+04 1.5707963268e+00 -1.3803169574e+00
1.1933497198e-04 2.0430914523e+04 1.5707963268e+00 -1.3820621270e+00
1.1951214409e-04 2.0444555654e+04 1.5707963268e+00 -1.3838049683e+00
1.1968922544e-04 2.0458218435e+04 1.5707963268e+00 -1.3855454823e+00
1.1986621610e-04 2.0471902848e+04 1.5707963268e+00 -1.3872836700e+00
1.2004311615e-04 2.0485608879e+04 1.5707963268e+00 -1.3890195324e+00
1.2021992565e-04 2.0499336509e+04 1.5707963268e+00 -1.3907530705e+00
1.2039664469e-04 2.0513085723e+04 1.5707963268e+00 -1.3924842852e+00
1.2057327332e-04 2.0526856503e+04 1.5707963268e+00 -1.3942131776e+00
1.2074981162e-04 2.0540648834e+04 1.5707963268e+00 -1.3959397488e+00
1.2092625967e-04 2.0554462698e+04 1.5707963268e+00 -1.3976639997e+00
1.2110261753e-04 2.0568298078e+04 1.5707963268e+00 -1.3993859315e+00
1.2127888528e-04 2.0582154958e+04 1.5707963268e+00 -1.4011055451e+00
1.2145506299e-04 2.0596033320e+04 1.5707963268e+00 -1.4028228418e+00
1.2163115074e-04 2.0609933148e+04 1.5707963268e+00 -1.4045378225e+00
1.2180714860e-04 2.0623854425e+04 1.5707963268e+00 -1.4062504885e+00
1.2198305664e-04 2.0637797133e+04 1.5707963268e+00 -1.4079608407e+00
1.2215887494e-04 2.0651761256e+04 1.5707963268e+00 -1.4096688804e+00
1.2233460358e-04 2.0665746776e+04 1.5707963268e+00 -1.4113746087e+00
1.2251024263e-04 2.0679753676e+04 1.5707963268e+00 -1.4130780267e+00
1.2268579216e-04 2.0693781938e+04 1.5707963268e+00 -1.4147791356e+00
1.2286125225e-04 2.0707831546e+04 1.5707963268e+00 -1.4164779366e+00
1.2303662299e-04 2.0721902482e+04 1.5707963268e+00 -1.4181744308e+00
1.2321190443e-04 2.0735994728e+04 1.5707963268e+00 -1.4198686196e+00
1.2338709667e-04 2.0750108267e+04 1.5707963268e+00 -1.4215605040e+00
1.2356219978e-04 2.0764243082e+04 1.5707963268e+00 -1.4232500853e+00
1.2373721383e-04 2.0778399155e+04 1.5707963268e+00 -1.4249373648e+00
1.2391213891e-04 2.0792576467e+04 1.5707963268e+00 -1.4266223436e+00
1.2408697509e-04 2.0806775003e+04 1.5707963268e+00 -1.4283050231e+00
1.2426172245e-04 2.0820994743e+04 1.5707963268e+00 -1.4299854045e+00
1.2443638108e-04 2.0835235670e+04 1.5707963268e+00 -1.4316634891e+00
1.2461095104e-04 2.0849497766e+04 1.5707963268e+00 -1.4333392782e+00
1.2478543242e-04 2.0863781014e+04 1.5707963268e+00 -1.4350127730e+00
1.2495982530e-04 2.0878085394e+04 1.5707963268e+00 -1.4366839750e+00
1.2513412976e-04 2.0892410891e+04 1.5707963268e+00 -1.4383528854e+00
1.2530834588e-04 2.0906757484e+04 1.5707963268e+00 -1.4400195055e+00
1.2548247374e-04 2.0921125157e+04 1.5707963268e+00 -1.4416838367e+00
1.2565651342e-04 2.0935513891e+04 1.5707963268e+00 -1.4433458804e+00
1.2583046500e-04 2.0949923668e+04 1.5707963268e+00 -1.4450056379e+00
1.2600432857e-04 2.0964354470e+04 1.5707963268e+00 -1.4466631106e+00
1.2617810420e-04 2.0978806279e+04 1.5707963268e+00 -1.4483182999e+00
1.2635179198e-04 2.0993279075e+04 1.5707963268e+00 -1.4499712072e+00
1.2652539198e-04 2.1007772842e+04 1.5707963268e+00 -1.4516218339e+00
1.2669890430e-04 2.1022287560e+04 1.5707963268e+00 -1.4532701814e+00
1.2687232902e-04 2.1036823211e+04 1.5707963268e+00 -1.4549162511e+00
1.2704566622e-04 2.1051379776e+04 1.5707963268e+00 -1.4565600445e+00
1.2721891597e-04 2.1065957238e+04 1.5707963268e+00 -1.4582015631e+00
1.2739207837e-04 2.1080555577e+04 1.5707963268e+00 -1.4598408082e+00
1.2756515351e-04 2.1095174775e+04 1.5707963268e+00 -1.4614777814e+00
1.2773814145e-04 2.1109814813e+04 1.5707963268e+00 -1.4631124842e+00
1.2791104230e-04 2.1124475673e+04 1.5707963268e+00 -1.4647449179e+00
1.2808385612e-04 2.1139157335e+04 1.5707963268e+00 -1.4663750843e+00
1.2825658302e-04 2.1153859781e+04 1.5707963268e+00 -1.4680029846e+00
1.2842922306e-04 2.1168582993e+04 1.5707963268e+00 -1.4696286206e+00
1.2860177635e-04 2.1183326950e+04 1.5707963268e+00 -1.4712519936e+00
1.2877424296e-04 2.1198091635e+04 1.5707963268e+00 -1.4728731052e+00
1.2894662298e-04 2.1212877029e+04 1.5707963268e+00 -1.4744919571e+00
1.2911891650e-04 2.1227683112e+04 1.5707963268e+00 -1.4761085507e+00
1.2929112360e-04 2.1242509865e+04 1.5707963268e+00 -1.4777228876e+00
1.2946324437e-04 2.1257357269e+04 1.5707963268e+00 -1.4793349694e+00
1.2963527889e-04 2.1272225306e+04 1.5707963268e+00 -1.4809447976e+00
1.2980722726e-04 2.1287113955e+04 1.5707963268e+00 -1.4825523740e+00
1.2997908956e-04 2.1302023199e+04 1.5707963268e+00 -1.4841577000e+00
1.3015086588e-04 2.1316953016e+04 1.5707963268e+00 -1.4857607773e+00
1.3032255630e-04 2.1331903389e+04 1.5707963268e+00 -1.4873616076e+00
1.3049416092e-04 2.1346874298e+04 1.5707963268e+00 -1.4889601924e+00
1.3066567982e-04 2.1361865724e+04 1.5707963268e+00 -1.4905565334e+00
1.3083711309e-04 2.1376877646e+04 1.5707963268e+00 -1.4921506323e+00
1.3100846082e-04 2.1391910047e+04 1.5707963268e+00 -1.4937424906e+00
1.3117972310e-04 2.1406962905e+04 1.5707963268e+00 -1.4953321102e+00
1.3135090002e-04 2.1422036203e+04 1.5707963268e+00 -1.4969194926e+00
1.3152199166e-04 2.1437129919e+04 1.5707963268e+00 -1.4985046395e+00
1.3169299812e-04 2.1452244035e+04 1.5707963268e+00 -1.5000875528e+00
1.3186391948e-04 2.1467378531e+04 1.5707963268e+00 -1.5016682339e+00
1.3203475584e-04 2.1482533387e+04 1.5707963268e+00 -1.5032466848e+00
1.3220550729e-04 2.1497708584e+04 1.5707963268e+00 -1.5048229070e+00
1.3237617391e-04 2.1512904101e+04 1.5707963268e+00 -1.5063969023e+00
1.3254675580e-04 2.1528119920e+04 1.5707963268e+00 -1.5079686726e+00
1.3271725305e-04 2.1543356019e+04 1.5707963268e+00 -1.5095382194e+00
1.3288766574e-04 2.1558612380e+04 1.5707963268e+00 -1.5111055446e+00
1.3305799397e-04 2.1573888983e+04 1.5707963268e+00 -1.5126706499e+00
1.3322823784e-04 2.1589185807e+04 1.5707963268e+00 -1.5142335371e+00
1.3339839742e-04 2.1604502832e+04 1.5707963268e+00 -1.5157942081e+00
1.3356847282e-04 2.1619840040e+04 1.5707963268e+00 -1.5173526645e+00
1.3373846413e-04 2.1635197408e+04 1.5707963268e+00 -1.5189089081e+00
1.3390837143e-04 2.1650574919e+04 1.5707963268e+00 -1.5204629409e+00
1.3407819482e-04 2.1665972550e+04 1.5707963268e+00 -1.5220147646e+00
1.3424793439e-04 2.1681390283e+04 1.5707963268e+00 -1.5235643810e+00
1.3441759024e-04 2.1696828097e+04 1.5707963268e+00 -1.5251117919e+00
1.3458716245e-04 2.1712285972e+04 1.5707963268e+00 -1.5266569993e+00
1.3475665112e-04 2.1727763887e+04 1.5707963268e+00 -1.5282000048e+00
1.3492605635e-04 2.1743261823e+04 1.5707963268e+00 -1.5297408105e+00
1.3509537822e-04 2.1758779759e+04 1.5707963268e+00 -1.5312794181e+00
1.3526461683e-04 2.1774317674e+04 1.5707963268e+00 -1.5328158296e+00
1.3543377227e-04 2.1789875549e+04 1.5707963268e+00 -1.5343500467e+00
1.3560284464e-04 2.1805453363e+04 1.5707963268e+00 -1.5358820715e+00
1.3577183403e-04 2.1821051096e+04 1.5707963268e+00 -1.5374119057e+00
1.3594074053e-04 2.1836668727e+04 1.5707963268e+00 -1.5389395513e+00
1.3610956424e-04 2.1852306235e+04 1.5707963268e+00 -1.5404650101e+00
1.3627830526e-04 2.1867963600e+04 1.5707963268e+00 -1.5419882842e+00
1.3644696367e-04 2.1883640802e+04 1.5707963268e+00 -1.5435093754e+00
1.3661553957e-04 2.1899337820e+04 1.5707963268e+00 -1.5450282857e+00
1.3678403305e-04 2.1915054633e+04 1.5707963268e+00 -1.5465450169e+00
1.3695244422e-04 2.1930791221e+04 1.5707963268e+00 -1.5480595711e+00
1.3712077316e-04 2.1946547563e+04 1.5707963268e+00 -1.5495719501e+00
1.3728901998e-04 2.1962323638e+04 1.5707963268e+00 -1.5510821560e+00
1.3745718476e-04 2.1978119425e+04 1.5707963268e+00 -1.5525901907e+00
1.3762526760e-04 2.1993934905e+04 1.5707963268e+00 -1.5540960562e+00
1.3779326860e-04 2.2009770055e+04 1.5707963268e+00 -1.5555997544e+00
1.3796118785e-04 2.2025624856e+04 1.5707963268e+00 -1.5571012874e+00
1.3812902544e-04 2.2041499286e+04 1.5707963268e+00 -1.5586006571e+00
1.3829678149e-04 2.2057393325e+04 1.5707963268e+00 -1.5600978655e+00
1.3846445607e-04 2.2073306951e+04 1.5707963268e+00 -1.5615929147e+00
1.3863204929e-04 2.2089240144e+04 1.5707963268e+00 -1.5630858066e+00
1.3879956124e-04 2.2105192882e+04 1.5707963268e+00 -1.5645765433e+00
1.3896699202e-04 2.2121165145e+04 1.5707963268e+00 -1.5660651268e+00
1.3913434173e-04 2.2137156912e+04 1.5707963268e+00 -1.5675515591e+00
1.3930161045e-04 2.2153168161e+04 1.5707963268e+00 -1.5690358423e+00
1.3946879830e-04 2.2169198872e+04 1.5707963268e+00 -1.5705179784e+00
1.3963590536e-04 2.2185249024e+04 1.5707963268e+00 -1.5719979694e+00
1.3980293174e-04 2.2201318595e+04 1.5707963268e+00 -1.5734758175e+00
1.3996987752e-04 2.2217407564e+04 1.5707963268e+00 -1.5749515246e+00
1.4013674281e-04 2.2233515910e+04 1.5707963268e+00 -1.5764250929e+00
1.4030352771e-04 2.2249643612e+04 1.5707963268e+00 -1.5778965245e+00
1.4047023230e-04 2.2265790649e+04 1.5707963268e+00 -1.5793658213e+00
1.4063685670e-04 2.2281956999e+04 1.5707963268e+00 -1.5808329856e+00
1.4080340099e-04 2.2298142641e+04 1.5707963268e+00 -1.5822980193e+00
1.4096986527e-04 2.2314347554e+04 1.5707963268e+00 -1.5837609247e+00
1.4113624965e-04 2.2330571717e+04 1.5707963268e+00 -1.5852217037e+00
1.4130255422e-04 2.2346815108e+04 1.5707963268e+00 -1.5866803585e+00
1.4146877907e-04 2.2363077706e+04 1.5707963268e+00 -1.5881368913e+00
1.4163492431e-04 2.2379359489e+04 1.5707963268e+00 -1.5895913042e+00
1.4180099004e-04 2.2395660436e+04 1.5707963268e+00 -1.5910435992e+00
1.4196697634e-04 2.2411980526e+04 1.5707963268e+00 -1.5924937785e+00
1.4213288333e-04 2.2428319737e+04 1.5707963268e+00 -1.5939418443e+00
1.4229871110e-04 2.2444678047e+04 1.5707963268e+00 -1.5953877988e+00
1.4246445974e-04 2.2461055436e+04 1.5707963268e+00 -1.5968316439e+00
1.4263012936e-04 2.2477451882e+04 1.5707963268e+00 -1.5982733820e+00
1.4279572005e-04 2.2493867363e+04 1.5707963268e+00 -1.5997130152e+00
1.4296123192e-04 2.2510301857e+04 1.5707963268e+00 -1.6011505456e+00
1.4312666506e-04 2.2526755343e+04 1.5707963268e+00 -1.6025859754e+00
1.4329201957e-04 2.2543227800e+04 1.5707963268e+00 -1.6040193069e+00
1.4345729555e-04 2.2559719206e+04 1.5707963268e+00 -1.6054505421e+00
1.4362249309e-04 2.2576229538e+04 1.5707963268e+00 -1.6068796832e+00
1.4378761231e-04 2.2592758776e+04 1.5707963268e+00 -1.6083067326e+00
1.4395265329e-04 2.2609306898e+04 1.5707963268e+00 -1.6097316923e+00
1.4411761614e-04 2.2625873882e+04 1.5707963268e+00 -1.6111545646e+00
1.4428250096e-04 2.2642459707e+04 1.5707963268e+00 -1.6125753517e+00
1.4444730784e-04 2.2659064350e+04 1.5707963268e+00 -1.6139940557e+00
1.4461203689e-04 2.2675687790e+04 1.5707963268e+00 -1.6154106790e+00
1.4477668820e-04 2.2692330005e+04 1.5707963268e+00 -1.6168252237e+00
1.4494126187e-04 2.2708990973e+04 1.5707963268e+00 -1.6182376921e+00
1.4510575801e-04 2.2725670673e+04 1.5707963268e+00 -1.6196480863e+00
1.4527017670e-04 2.2742369083e+04 1.5707963268e+00 -1.6210564087e+00
1.4543451807e-04 2.2759086180e+04 1.5707963268e+00 -1.6224626615e+00
1.4559878219e-04 2.2775821943e+04 1.5707963268e+00 -1.6238668469e+00
1.4576296918e-04 2.2792576351e+04 1.5707963268e+00 -1.6252689672e+00
1.4592707912e-04 2.2809349380e+04 1.5707963268e+00 -1.6266690247e+00
1.4609111213e-04 2.2826141010e+04 1.5707963268e+00 -1.6280670215e+00
1.4625506830e-04 2.2842951218e+04 1.5707963268e+00 -1.6294629600e+00
1.4641894774e-04 2.2859779983e+04 1.5707963268e+00 -1.6308568424e+00
1.4658275053e-04 2.2876627282e+04 1.5707963268e+00 -1.6322486711e+00
1.4674647679e-04 2.2893493094e+04 1.5707963268e+00 -1.6336384482e+00
1.4691012661e-04 2.2910377396e+04 1.5707963268e+00 -1.6350261761e+00
1.4707370009e-04 2.2927280166e+04 1.5707963268e+00 -1.6364118571e+00
1.4723719734e-04 2.2944201383e+04 1.5707963268e+00 -1.6377954934e+00
1.4740061844e-04 2.2961141024e+04 1.5707963268e+00 -1.6391770873e+00
1.4756396351e-04 2.2978099068e+04 1.5707963268e+00 -1.6405566412e+00
1.4772723265e-04 2.2995075492e+04 1.5707963268e+00 -1.6419341574e+00
1.4789042595e-04 2.3012070274e+04 1.5707963268e+00 -1.6433096381e+00
1.4805354351e-04 2.3029083392e+04 1.5707963268e+00 -1.6446830857e+00
1.4821658544e-04 2.3046114824e+04 1.5707963268e+00 -1.6460545024e+00
1.4837955183e-04 2.3063164548e+04 1.5707963268e+00 -1.6474238907e+00
1.4854244279e-04 2.3080232542e+04 1.5707963268e+00 -1.6487912528e+00
1.4870525841e-04 2.3097318783e+04 1.5707963268e+00 -1.6501565911e+00
1.4886799880e-04 2.3114423250e+04 1.5707963268e+00 -1.6515199078e+00
1.4903066406e-04 2.3131545920e+04 1.5707963268e+00 -1.6528812054e+00
1.4919325429e-04 2.3148686771e+04 1.5707963268e+00 -1.6542404861e+00
1.4935576958e-04 2.3165845781e+04 1.5707963268e+00 -1.6555977523e+00
1.4951821005e-04 2.3183022928e+04 1.5707963268e+00 -1.6569530064e+00
1.4968057578e-04 2.3200218189e+04 1.5707963268e+00 -1.6583062506e+00
1.4984286689e-04 2.3217431542e+04 1.5707963268e+00 -1.6596574875e+00
1.5000508347e-04 2.3234662965e+04 1.5707963268e+00 -1.6610067192e+00
1.5016722561e-04 2.3251912436e+04 1.5707963268e+00 -1.6623539482e+00
1.5032929344e-04 2.3269179933e+04 1.5707963268e+00 -1.6636991768e+00
1.5049128703e-04 2.3286465432e+04 1.5707963268e+00 -1.6650424074e+00
1.5065320650e-04 2.3303768913e+04 1.5707963268e+00 -1.6663836424e+00
1.5081505194e-04 2.3321090352e+04 1.5707963268e+00 -1.6677228841e+00
1.5097682346e-04 2.3338429727e+04 1.5707963268e+00 -1.6690601349e+00
1.5113852116e-04 2.3355787017e+04 1.5707963268e+00 -1.6703953972e+00
1.5130014513e-04 2.3373162198e+04 1.5707963268e+00 -1.6717286734e+00
1.5146169548e-04 2.3390555248e+04 1.5707963268e+00 -1.6730599658e+00
1.5162317232e-04 2.3407966145e+04 1.5707963268e+00 -1.6743892769e+00
1.5178457573e-04 2.3425394867e+04 1.5707963268e+00 -1.6757166091e+00
1.5194590582e-04 2.3442841392e+04 1.5707963268e+00 -1.6770419646e+00
1.5210716269e-04 2.3460305696e+04 1.5707963268e+00 -1.6783653460e+00
1.5226834644e-04 2.3477787758e+04 1.5707963268e+00 -1.6796867556e+00
1.5242945718e-04 2.3495287555e+04 1.5707963268e+00 -1.6810061959e+00
1.5259049500e-04 2.3512805064e+04 1.5707963268e+00 -1.6823236692e+00
1.5275146001e-04 2.3530340264e+04 1.5707963268e+00 -1.6836391779e+00
1.5291235230e-04 2.3547893132e+04 1.5707963268e+00 -1.6849527246e+00
1.5307317198e-04 2.3565463646e+04 1.5707963268e+00 -1.6862643114e+00
1.5323391914e-04 2.3583051783e+04 1.5707963268e+00 -1.6875739410e+00
1.5339459389e-04 2.3600657520e+04 1.5707963268e+00 -1.6888816157e+00
1.5355519633e-04 2.3618280836e+04 1.5707963268e+00 -1.6901873379e+00
1.5371572656e-04 2.3635921707e+04 1.5707963268e+00 -1.6914911101e+00
1.5387618468e-04 2.3653580112e+04 1.5707963268e+00 -1.6927929346e+00
1.5403657079e-04 2.3671256028e+04 1.5707963268e+00 -1.6940928140e+00
1.5419688499e-04 2.3688949433e+04 1.5707963268e+00 -1.6953907506e+00
1.5435712739e-04 2.3706660303e+04 1.5707963268e+00 -1.6966867469e+00
1.5451729808e-04 2.3724388617e+04 1.5707963268e+00 -1.6979808053e+00
1.5467739716e-04 2.3742134352e+04 1.5707963268e+00 -1.6992729283e+00
1.5483742473e-04 2.3759897486e+04 1.5707963268e+00 -1.7005631182e+00
1.5499738090e-04 2.3777677996e+04 1.5707963268e+00 -1.7018513776e+00
1.5515726576e-04 2.3795475860e+04 1.5707963268e+00 -1.7031377089e+00
1.5531707943e-04 2.3813291054e+04 1.5707963268e+00 -1.7044221145e+00
1.5547682198e-04 2.3831123558e+04 1.5707963268e+00 -1.7057045969e+00
1.5563649354e-04 2.3848973348e+04 1.5707963268e+00 -1.7069851586e+00
1.5579609419e-04 2.3866840401e+04 1.5707963268e+00 -1.7082638019e+00
1.5595562404e-04 2.3884724695e+04 1.5707963268e+00 -1.7095405293e+00
1.5611508319e-04 2.3902626209e+04 1.5707963268e+00 -1.7108153434e+00
1.5627447174e-04 2.3920544918e+04 1.5707963268e+00 -1.7120882465e+00
1.5643378978e-04 2.3938480801e+04 1.5707963268e+00 -1.7133592412e+00
1.5659303743e-04 2.3956433836e+04 1.5707963268e+00 -1.7146283298e+00
1.5675221478e-04 2.3974403999e+04 1.5707963268e+00 -1.7158955149e+00
1.5691132193e-04 2.3992391268e+04 1.5707963268e+00 -1.7171607990e+00
1.5707035898e-04 2.4010395620e+04 1.5707963268e+00 -1.7184241844e+00
1.5722932603e-04 2.4028417034e+04 1.5707963268e+00 -1.7196856737e+00
1.5738822318e-04 2.4046455486e+04 1.5707963268e+00 -1.7209452693e+00
1.5754705054e-04 2.4064510955e+04 1.5707963268e+00 -1.7222029737e+00
1.5770580819e-04 2.4082583417e+04 1.5707963268e+00 -1.7234587894e+00
1.5786449625e-04 2.4100672850e+04 1.5707963268e+00 -1.7247127189e+00
1.5802311481e-04 2.4118779231e+04 1.5707963268e+00 -1.7259647646e+00
1.5818166397e-04 2.4136902538e+04 1.5707963268e+00 -1.7272149290e+00
1.5834014384e-04 2.4155042749e+04 1.5707963268e+00 -1.7284632147e+00
1.5849855450e-04 2.4173199840e+04 1.5707963268e+00 -1.7297096240e+00
1.5865689607e-04 2.4191373790e+04 1.5707963268e+00 -1.7309541595e+00
1.5881516864e-04 2.4209564576e+04 1.5707963268e+00 -1.7321968237e+00
1.5897337231e-04 2.4227772175e+04 1.5707963268e+00 -1.7334376190e+00
1.5913150719e-04 2.4245996565e+04 1.5707963268e+00 -1.7346765479e+00
1.5928957336e-04 2.4264237723e+04 1.5707963268e+00 -1.7359136130e+00
1.5944757094e-04 2.4282495626e+04 1.5707963268e+00 -1.7371488167e+00
1.5960550002e-04 2.4300770253e+04 1.5707963268e+00 -1.7383821615e+00
1.5976336070e-04 2.4319061581e+04 1.5707963268e+00 -1.7396136499e+00
1.5992115308e-04 2.4337369587e+04 1.5707963268e+00 -1.7408432845e+00
1.6007887725e-04 2.4355694248e+04 1.5707963268e+00 -1.7420710676e+00
1.6023653333e-04 2.4374035542e+04 1.5707963268e+00 -1.7432970018e+00
1.6039412141e-04 2.4392393447e+04 1.5707963268e+00 -1.7445210896e+00
1.6055164158e-04 2.4410767940e+04 1.5707963268e+00 -1.7457433336e+00
1.6070909395e-04 2.4429158999e+04 1.5707963268e+00 -1.7469637361e+00
1.6086647862e-04 2.4447566600e+04 1.5707963268e+00 -1.7481822997e+00
1.6102379568e-04 2.4465990723e+04 1.5707963268e+00 -1.7493990269e+00
1.6118104524e-04 2.4484431343e+04 1.5707963268e+00 -1.7506139202e+00
1.6133822739e-04 2.4502888438e+04 1.5707963268e+00 -1.7518269822e+00
1.6149534224e-04 2.4521361987e+04 1.5707963268e+00 -1.7530382152e+00
1.6165238987e-04 2.4539851966e+04 1.5707963268e+00 -1.7542476219e+00
1.6180937040e-04 2.4558358354e+04 1.5707963268e+00 -1.7554552047e+00
1.6196628392e-04 2.4576881126e+04 1.5707963268e+00 -1.7566609661e+00
1.6212313053e-04 2.4595420262e+04 1.5707963268e+00 -1.7578649087e+00
1.6227991032e-04 2.4613975739e+04 1.5707963268e+00 -1.7590670349e+00
1.6243662340e-04 2.4632547533e+04 1.5707963268e+00 -1.7602673473e+00
1.6259326987e-04 2.4651135623e+04 1.5707963268e+00 -1.7614658484e+00
1.6274984982e-04 2.4669739987e+04 1.5707963268e+00 -1.7626625406e+00
1.6290636335e-04 2.4688360600e+04 1.5707963268e+00 -1.7638574266e+00
1.6306281057e-04 2.4706997443e+04 1.5707963268e+00 -1.7650505088e+00
1.6321919156e-04 2.4725650491e+04 1.5707963268e+00 -1.7662417897e+00
1.6337550643e-04 2.4744319722e+04 1.5707963268e+00 -1.7674312718e+00
1.6353175528e-04 2.4763005114e+04 1.5707963268e+00 -1.7686189577e+00
1.6368793819e-04 2.4781706645e+04 1.5707963268e+00 -1.7698048498e+00
1.6384405529e-04 2.4800424291e+04 1.5707963268e+00 -1.7709889507e+00
1.6400010665e-04 2.4819158032e+04 1.5707963268e+00 -1.7721712629e+00
1.6415609238e-04 2.4837907843e+04 1.5707963268e+00 -1.7733517890e+00
1.6431201257e-04 2.4856673703e+04 1.5707963268e+00 -1.7745305313e+00
1.6446786733e-04 2.4875455589e+04 1.5707963268e+00 -1.7757074925e+00
1.6462365675e-04 2.4894253480e+04 1.5707963268e+00 -1.7768826751e+00
1.6477938094e-04 2.4913067352e+04 1.5707963268e+00 -1.7780560815e+00
1.6493503997e-04 2.4931897183e+04 1.5707963268e+00 -1.7792277143e+00
1.6509063397e-04 2.4950742951e+04 1.5707963268e+00 -1.7803975761e+00
1.6524616301e-04 2.4969604633e+04 1.5707963268e+00 -1.7815656692e+00
1.6540162721e-04 2.4988482207e+04 1.5707963268e+00 -1.7827319963e+00
1.6555702665e-04 2.5007375651e+04 1.5707963268e+00 -1.7838965599e+00
1.6571236144e-04 2.5026284942e+04 1.5707963268e+00 -1.7850593624e+00
1.6586763167e-04 2.5045210058e+04 1.5707963268e+00 -1.7862204065e+00
1.6602283744e-04 2.5064150977e+04 1.5707963268e+00 -1.7873796945e+00
1.6617797884e-04 2.5083107676e+04 1.5707963268e+00 -1.7885372291e+00
1.6633305598e-04 2.5102080133e+04 1.5707963268e+00 -1.7896930127e+00
1.6648806894e-04 2.5121068326e+04 1.5707963268e+00 -1.7908470480e+00
1.6664301784e-04 2.5140072232e+04 1.5707963268e+00 -1.7919993372e+00
1.6679790275e-04 2.5159091829e+04 1.5707963268e+00 -1.7931498831e+00
1.6695272379e-04 2.5178127094e+04 1.5707963268e+00 -1.7942986882e+00
1.6710748105e-04 2.5197178007e+04 1.5707963268e+00 -1.7954457548e+00
1.6726217461e-04 2.5216244543e+04 1.5707963268e+00 -1.7965910856e+00
1.6741680459e-04 2.5235326682e+04 1.5707963268e+00 -1.7977346831e+00
1.6757137107e-04 2.5254424400e+04 1.5707963268e+00 -1.7988765498e+00
1.6772587416e-04 2.5273537675e+04 1.5707963268e+00 -1.8000166881e+00
1.6788031395e-04 2.5292666486e+04 1.5707963268e+00 -1.8011551007e+00
1.6803469052e-04 2.5311810810e+04 1.5707963268e+00 -1.8022917901e+00
1.6818900400e-04 2.5330970624e+04 1.5707963268e+00 -1.8034267586e+00
1.6834325445e-04 2.5350145907e+04 1.5707963268e+00 -1.8045600090e+00
1.6849744199e-04 2.5369336637e+04 1.5707963268e+00 -1.8056915436e+00
1.6865156671e-04 2.5388542791e+04 1.5707963268e+00 -1.8068213651e+00
1.6880562870e-04 2.5407764346e+04 1.5707963268e+00 -1.8079494758e+00
1.6895962807e-04 2.5427001282e+04 1.5707963268e+00 -1.8090758784e+00
1.6911356489e-04 2.5446253575e+04 1.5707963268e+00 -1.8102005753e+00
1.6926743928e-04 2.5465521204e+04 1.5707963268e+00 -1.8113235690e+00
1.6942125133e-04 2.5484804146e+04 1.5707963268e+00 -1.8124448621e+00
1.6957500112e-04 2.5504102379e+04 1.5707963268e+00 -1.8135644571e+00
1.6972868877e-04 2.5523415882e+04 1.5707963268e+00 -1.8146823565e+00
1.6988231435e-04 2.5542744631e+04 1.5707963268e+00 -1.8157985628e+00
1.7003587797e-04 2.5562088606e+04 1.5707963268e+00 -1.8169130784e+00
1.7018937973e-04 2.5581447784e+04 1.5707963268e+00 -1.8180259060e+00
1.7034281971e-04 2.5600822142e+04 1.5707963268e+00 -1.8191370480e+00
1.7049619801e-04 2.5620211660e+04 1.5707963268e+00 -1.8202465070e+00
1.7064951472e-04 2.5639616314e+04 1.5707963268e+00 -1.8213542854e+00
1.7080276995e-04 2.5659036082e+04 1.5707963268e+00 -1.8224603857e+00
1.7095596378e-04 2.5678470944e+04 1.5707963268e+00 -1.8235648105e+00
1.7110909632e-04 2.5697920876e+04 1.5707963268e+00 -1.8246675622e+00
1.7126216764e-04 2.5717385857e+04 1.5707963268e+00 -1.8257686434e+00
1.7141517785e-04 2.5736865865e+04 1.5707963268e+00 -1.8268680566e+00
1.7156812705e-04 2.5756360877e+04 1.5707963268e+00 -1.8279658042e+00
1.7172101532e-04 2.5775870872e+04 1.5707963268e+00 -1.8290618888e+00
1.7187384276e-04 2.5795395828e+04 1.5707963268e+00 -1.8301563129e+00
1.7202660946e-04 2.5814935724e+04 1.5707963268e+00 -1.8312490789e+00
1.7217931552e-04 2.5834490536e+04 1.5707963268e+00 -1.8323401894e+00
1.7233196103e-04 2.5854060243e+04 1.5707963268e+00 -1.8334296469e+00
1.7248454609e-04 2.5873644823e+04 1.5707963268e+00 -1.8345174539e+00
1.7263707078e-04 2.5893244255e+04 1.5707963268e+00 -1.8356036128e+00
1.7278953521e-04 2.5912858517e+04 1.5707963268e+00 -1.8366881261e+00
1.7294193946e-04 2.5932487585e+04 1.5707963268e+00 -1.8377709964e+00
1.7309428362e-04 2.5952131440e+04 1.5707963268e+00 -1.8388522262e+00
1.7324656780e-04 2.5971790059e+04 1.5707963268e+00 -1.8399318179e+00
1.7339879208e-04 2.5991463420e+04 1.5707963268e+00 -1.8410097740e+00
1.7355095656e-04 2.6011151502e+04 1.5707963268e+00 -1.8420860970e+00
1.7370306132e-04 2.6030854282e+04 1.5707963268e+00 -1.8431607895e+00
1.7385510647e-04 2.6050571738e+04 1.5707963268e+00 -1.8442338538e+00
1.7400709209e-04 2.6070303850e+04 1.5707963268e+00 -1.8453052926e+00
1.7415901828e-04 2.6090050596e+04 1.5707963268e+00 -1.8463751082e+00
1.7431088513e-04 2.6109811953e+04 1.5707963268e+00 -1.8474433031e+00
1.7446269273e-04 2.6129587900e+04 1.5707963268e+00 -1.8485098799e+00
1.7461444117e-04 2.6149378415e+04 1.5707963268e+00 -1.8495748410e+00
1.7476613055e-04 2.6169183477e+04 1.5707963268e+00 -1.8506381889e+00
1.7491776095e-04 2.6189003063e+04 1.5707963268e+00 -1.8516999261e+00
1.7506933247e-04 2.6208837153e+04 1.5707963268e+00 -1.8527600550e+00
1.7522084521e-04 2.6228685725e+04 1.5707963268e+00 -1.8538185782e+00
1.7537229925e-04 2.6248548757e+04 1.5707963268e+00 -1.8548754981e+00
1.7552369468e-04 2.6268426227e+04 1.5707963268e+00 -1.8559308172e+00
1.7567503159e-04 2.6288318114e+04 1.5707963268e+00 -1.8569845379e+00
1.7582631008e-04 2.6308224396e+04 1.5707963268e+00 -1.8580366628e+00
1.7597753025e-04 2.6328145052e+04 1.5707963268e+00 -1.8590871942e+00
1.7612869217e-04 2.6348080060e+04 1.5707963268e+00 -1.8601361348e+00
1.7627979594e-04 2.6368029399e+04 1.5707963268e+00 -1.8611834868e+00
1.7643084165e-04 2.6387993047e+04 1.5707963268e+00 -1.8622292529e+00
1.7658182939e-04 2.6407970982e+04 1.5707963268e+00 -1.8632734355e+00
1.7673275925e-04 2.6427963184e+04 1.5707963268e+00 -1.8643160369e+00
1.7688363133e-04 2.6447969631e+04 1.5707963268e+00 -1.8653570598e+00
1.7703444571e-04 2.6467990300e+04 1.5707963268e+00 -1.8663965065e+00
1.7718520249e-04 2.6488025172e+04 1.5707963268e+00 -1.8674343795e+00
1.7733590175e-04 2.6508074224e+04 1.5707963268e+00 -1.8684706813e+00
1.7748654358e-04 2.6528137436e+04 1.5707963268e+00 -1.8695054144e+00
1.7763712808e-04 2.6548214785e+04 1.5707963268e+00 -1.8705385811e+00
1.7778765533e-04 2.6568306250e+04 1.5707963268e+00 -1.8715701839e+00
1.7793812542e-04 2.6588411811e+04 1.5707963268e+00 -1.8726002253e+00
1.7808853845e-04 2.6608531445e+04 1.5707963268e+00 -1.8736287078e+00
1.7823889450e-04 2.6628665132e+04 1.5707963268e+00 -1.8746556337e+00
1.7838919367e-04 2.6648812850e+04 1.5707963268e+00 -1.8756810056e+00
1.7853943603e-04 2.6668974577e+04 1.5707963268e+00 -1.8767048258e+00
1.7868962169e-04 2.6689150293e+04 1.5707963268e+00 -1.8777270969e+00
1.7883975073e-04 2.6709339977e+04 1.5707963268e+00 -1.8787478212e+00
1.7898982324e-04 2.6729543607e+04 1.5707963268e+00 -1.8797670012e+00
1.7913983931e-04 2.6749761162e+04 1.5707963268e+00 -1.8807846393e+00
1.7928979902e-04 2.6769992620e+04 1.5707963268e+00 -1.8818007380e+00
1.7943970247e-04 2.6790237961e+04 1.5707963268e+00 -1.8828152997e+00
1.7958954975e-04 2.6810497164e+04 1.5707963268e+00 -1.8838283269e+00
1.7973934094e-04 2.6830770207e+04 1.5707963268e+00 -1.8848398219e+00
1.7988907613e-04 2.6851057069e+04 1.5707963268e+00 -1.8858497872e+00
1.8003875541e-04 2.6871357729e+04 1.5707963268e+00 -1.8868582252e+00
1.8018837886e-04 2.6891672167e+04 1.5707963268e+00 -1.8878651383e+00
1.8033794659e-04 2.6912000360e+04 1.5707963268e+00 -1.8888705291e+00
1.8048745867e-04 2.6932342289e+04 1.5707963268e+00 -1.8898743998e+00
1.8063691519e-04 2.6952697931e+04 1.5707963268e+00 -1.8908767529e+00
1.8078631624e-04 2.6973067267e+04 1.5707963268e+00 -1.8918775909e+00
1.8093566191e-04 2.6993450274e+04 1.5707963268e+00 -1.8928769161e+00
1.8108495228e-04 2.7013846933e+04 1.5707963268e+00 -1.8938747310e+00
1.8123418744e-04 2.7034257222e+04 1.5707963268e+00 -1.8948710379e+00
1.8138336749e-04 2.7054681120e+04 1.5707963268e+00 -1.8958658394e+00
1.8153249250e-04 2.7075118606e+04 1.5707963268e+00 -1.8968591377e+00
1.8168156256e-04 2.7095569659e+04 1.5707963268e+00 -1.8978509353e+00
1.8183057776e-04 2.7116034260e+04 1.5707963268e+00 -1.8988412346e+00
1.8197953819e-04 2.7136512385e+04 1.5707963268e+00 -1.8998300380e+00
1.8212844394e-04 2.7157004016e+04 1.5707963268e+00 -1.9008173480e+00
1.8227729509e-04 2.7177509131e+04 1.5707963268e+00 -1.9018031668e+00
1.8242609172e-04 2.7198027709e+04 1.5707963268e+00 -1.9027874969e+00
1.8257483393e-04 2.7218559730e+04 1.5707963268e+00 -1.9037703407e+00
1.8272352179e-04 2.7239105172e+04 1.5707963268e+00 -1.9047517007e+00
1.8287215541e-04 2.7259664016e+04 1.5707963268e+00 -1.9057315790e+00
1.8302073485e-04 2.7280236240e+04 1.5707963268e+00 -1.9067099783e+00
1.8316926021e-04 2.7300821823e+04 1.5707963268e+00 -1.9076869008e+00
1.8331773158e-04 2.7321420746e+04 1.5707963268e+00 -1.9086623489e+00
1.8346614903e-04 2.7342032987e+04 1.5707963268e+00 -1.9096363251e+00
1.8361451266e-04 2.7362658525e+04 1.5707963268e+00 -1.9106088316e+00
1.8376282255e-04 2.7383297341e+04 1.5707963268e+00 -1.9115798709e+00
1.8391107878e-04 2.7403949414e+04 1.5707963268e+00 -1.9125494454e+00
1.8405928145e-04 2.7424614722e+04 1.5707963268e+00 -1.9135175574e+00
1.8420743063e-04 2.7445293246e+04 1.5707963268e+00 -1.9144842093e+00
1.8435552641e-04 2.7465984964e+04 1.5707963268e+00 -1.9154494034e+00
1.8450356888e-04 2.7486689857e+04 1.5707963268e+00 -1.9164131422e+00
1.8465155811e-04 2.7507407904e+04 1.5707963268e+00 -1.9173754280e+00
1.8479949421e-04 2.7528139085e+04 1.5707963268e+00 -1.9183362631e+00
1.8494737724e-04 2.7548883378e+04 1.5707963268e+00 -1.9192956500e+00
1.8509520729e-04 2.7569640764e+04 1.5707963268e+00 -1.9202535909e+00
1.8524298446e-04 2.7590411222e+04 1.5707963268e+00 -1.9212100882e+00
1.8539070881e-04 2.7611194733e+04 1.5707963268e+00 -1.9221651444e+00
1.8553838044e-04 2.7631991274e+04 1.5707963268e+00 -1.9231187617e+00
1.8568599943e-04 2.7652800827e+04 1.5707963268e+00 -1.9240709424e+00
1.8583356587e-04 2.7673623370e+04 1.5707963268e+00 -1.9250216890e+00
1.8598107983e-04 2.7694458884e+04 1.5707963268e+00 -1.9259710038e+00
1.8612854141e-04 2.7715307348e+04 1.5707963268e+00 -1.9269188891e+00
1.8627595068e-04 2.7736168743e+04 1.5707963268e+00 -1.9278653472e+00
1.8642330772e-04 2.7757043047e+04 1.5707963268e+00 -1.9288103806e+00
1.8657061263e-04 2.7777930240e+04 1.5707963268e+00 -1.9297539914e+00
1.8671786548e-04 2.7798830303e+04 1.5707963268e+00 -1.9306961822e+00
1.8686506636e-04 2.7819743215e+04 1.5707963268e+00 -1.9316369551e+00
1.8701221535e-04 2.7840668956e+04 1.5707963268e+00 -1.9325763126e+00
1.8715931253e-04 2.7861607506e+04 1.5707963268e+00 -1.9335142569e+00
1.8730635798e-04 2.7882558845e+04 1.5707963268e+00 -1.9344507904e+00
1.8745335180e-04 2.7903522953e+04 1.5707963268e+00 -1.9353859153e+00
1.8760029405e-04 2.7924499809e+04 1.5707963268e+00 -1.9363196341e+00
1.8774718483e-04 2.7945489394e+04 1.5707963268e+00 -1.9372519490e+00
1.8789402421e-04 2.7966491687e+04 1.5707963268e+00 -1.9381828624e+00
1.8804081228e-04 2.7987506670e+04 1.5707963268e+00 -1.9391123765e+00
1.8818754911e-04 2.8008534321e+04 1.5707963268e+00 -1.9400404937e+00
1.8833423480e-04 2.8029574620e+04 1.5707963268e+00 -1.9409672162e+00
1.8848086942e-04 2.8050627549e+04 1.5707963268e+00 -1.9418925464e+00
1.8862745305e-04 2.8071693086e+04 1.5707963268e+00 -1.9428164866e+00
1.8877398578e-04 2.8092771212e+04 1.5707963268e+00 -1.9437390391e+00
1.8892046768e-04 2.8113861908e+04 1.5707963268e+00 -1.9446602061e+00
1.8906689884e-04 2.8134965152e+04 1.5707963268e+00 -1.9455799900e+00
1.8921327934e-04 2.8156080927e+04 1.5707963268e+00 -1.9464983931e+00
1.8935960925e-04 2.8177209211e+04 1.5707963268e+00 -1.9474154176e+00
1.8950588867e-04 2.8198349984e+04 1.5707963268e+00 -1.9483310658e+00
1.8965211767e-04 2.8219503228e+04 1.5707963268e+00 -1.9492453401e+00
1.8979829633e-04 2.8240668923e+04 1.5707963268e+00 -1.9501582426e+00
1.8994442473e-04 2.8261847048e+04 1.5707963268e+00 -1.9510697757e+00
1.9009050295e-04 2.8283037585e+04 1.5707963268e+00 -1.9519799417e+00
1.9023653108e-04 2.8304240512e+04 1.5707963268e+00 -1.9528887428e+00
1.9038250918e-04 2.8325455812e+04 1.5707963268e+00 -1.9537961813e+00
1.9052843736e-04 2.8346683464e+04 1.5707963268e+00 -1.9547022595e+00
1.9067431567e-04 2.8367923448e+04 1.5707963268e+00 -1.9556069796e+00
1.9082014420e-04 2.8389175745e+04 1.5707963268e+00 -1.9565103439e+00
1.9096592304e-04 2.8410440336e+04 1.5707963268e+00 -1.9574123546e+00
1.9111165226e-04 2.8431717201e+04 1.5707963268e+00 -1.9583130141e+00
1.9125733193e-04 2.8453006320e+04 1.5707963268e+00 -1.9592123246e+00
1.9140296215e-04 2.8474307674e+04 1.5707963268e+00 -1.9601102883e+00
1.9154854299e-04 2.8495621243e+04 1.5707963268e+00 -1.9610069074e+00
1.9169407452e-04 2.8516947009e+04 1.5707963268e+00 -1.9619021843e+00
1.9183955683e-04 2.8538284951e+04 1.5707963268e+00 -1.9627961212e+00
1.9198499000e-04 2.8559635051e+04 1.5707963268e+00 -1.9636887203e+00
1.9213037410e-04 2.8580997289e+04 1.5707963268e+00 -1.9645799838e+00
1.9227570921e-04 2.8602371645e+04 1.5707963268e+00 -1.9654699140e+00
1.9242099542e-04 2.8623758101e+04 1.5707963268e+00 -1.9663585132e+00
1.9256623279e-04 2.8645156636e+04 1.5707963268e+00 -1.9672457835e+00
1.9271142141e-04 2.8666567232e+04 1.5707963268e+00 -1.9681317272e+00
1.9285656136e-04 2.8687989870e+04 1.5707963268e+00 -1.9690163465e+00
1.9300165271e-04 2.8709424530e+04 1.5707963268e+00 -1.9698996436e+00
1.9314669554e-04 2.8730871193e+04 1.5707963268e+00 -1.9707816209e+00
1.9329168994e-04 2.8752329840e+04 1.5707963268e+00 -1.9716622804e+00
1.9343663596e-04 2.8773800452e+04 1.5707963268e+00 -1.9725416244e+00
1.9358153371e-04 2.8795283009e+04 1.5707963268e+00 -1.9734196551e+00
1.9372638324e-04 2.8816777493e+04 1.5707963268e+00 -1.9742963747e+00
1.9387118464e-04 2.8838283884e+04 1.5707963268e+00 -1.9751717855e+00
1.9401593799e-04 2.8859802164e+04 1.5707963268e+00 -1.9760458896e+00
1.9416064336e-04 2.8881332313e+04 1.5707963268e+00 -1.9769186892e+00
1.9430530083e-04 2.8902874312e+04 1.5707963268e+00 -1.9777901866e+00
1.9444991048e-04 2.8924428143e+04 1.5707963268e+00 -1.9786603839e+00
1.9459447238e-04 2.8945993786e+04 1.5707963268e+00 -1.9795292834e+00
1.9473898661e-04 2.8967571222e+04 1.5707963268e+00 -1.9803968871e+00
1.9488345324e-04 2.8989160433e+04 1.5707963268e+00 -1.9812631974e+00
1.9502787236e-04 2.9010761400e+04 1.5707963268e+00 -1.9821282164e+00
1.9517224403e-04 2.9032374103e+04 1.5707963268e+00 -1.9829919462e+00
1.9531656834e-04 2.9053998525e+04 1.5707963268e+00 -1.9838543891e+00
1.9546084536e-04 2.9075634645e+04 1.5707963268e+00 -1.9847155473e+00
1.9560507516e-04 2.9097282446e+04 1.5707963268e+00 -1.9855754229e+00
1.9574925783e-04 2.9118941909e+04 1.5707963268e+00 -1.9864340180e+00
1.9589339343e-04 2.9140613014e+04 1.5707963268e+00 -1.9872913349e+00
1.9603748205e-04 2.9162295744e+04 1.5707963268e+00 -1.9881473758e+00
1.9618152375e-04 2.9183990078e+04 1.5707963268e+00 -1.9890021427e+00
1.9632551861e-04 2.9205696000e+04 1.5707963268e+00 -1.9898556378e+00
1.9646946672e-04 2.9227413489e+04 1.5707963268e+00 -1.9907078634e+00
1.9661336813e-04 2.9249142528e+04 1.5707963268e+00 -1.9915588216e+00
1.9675722293e-04 2.9270883098e+04 1.5707963268e+00 -1.9924085144e+00
1.9690103120e-04 2.9292635180e+04 1.5707963268e+00 -1.9932569441e+00
1.9704479300e-04 2.9314398756e+04 1.5707963268e+00 -1.9941041129e+00
1.9718850841e-04 2.9336173807e+04 1.5707963268e+00 -1.9949500228e+00
1.9733217751e-04 2.9357960315e+04 1.5707963268e+00 -1.9957946759e+00
1.9747580037e-04 2.9379758261e+04 1.5707963268e+00 -1.9966380746e+00
1.9761937706e-04 2.9401567626e+04 1.5707963268e+00 -1.9974802208e+00
1.9776290766e-04 2.9423388393e+04 1.5707963268e+00 -1.9983211167e+00
1.9790639224e-04 2.9445220543e+04 1.5707963268e+00 -1.9991607644e+00
1.9804983088e-04 2.9467064057e+04 1.5707963268e+00 -1.9999991661e+00
1.9819322364e-04 2.9488918918e+04 1.5707963268e+00 -2.0008363239e+00
1.9833657061e-04 2.9510785106e+04 1.5707963268e+00 -2.0016722399e+00
1.9847987186e-04 2.9532662604e+04 1.5707963268e+00 -2.0025069162e+00
1.9862312745e-04 2.9554551393e+04 1.5707963268e+00 -2.0033403550e+00
1.9876633746e-04 2.9576451455e+04 1.5707963268e+00 -2.0041725583e+00
1.9890950197e-04 2.9598362771e+04 1.5707963268e+00 -2.0050035283e+00
1.9905262105e-04 2.9620285325e+04 1.5707963268e+00 -2.0058332670e+00
1.9919569477e-04 2.9642219096e+04 1.5707963268e+00 -2.0066617767e+00
1.9933872320e-04 2.9664164068e+04 1.5707963268e+00 -2.0074890593e+00
1.9948170642e-04 2.9686120222e+04 1.5707963268e+00 -2.0083151170e+00
1.9962464449e-04 2.9708087539e+04 1.5707963268e+00 -2.0091399519e+00
1.9976753750e-04 2.9730066003e+04 1.5707963268e+00 -2.0099635660e+00
1.9991038551e-04 2.9752055594e+04 1.5707963268e+00 -2.0107859615e+00
2.0005318859e-04 2.9774056295e+04 1.5707963268e+00 -2.0116071405e+00
2.0019594682e-04 2.9796068087e+04 1.5707963268e+00 -2.0124271049e+00
2.0033866027e-04 2.9818090953e+04 1.5707963268e+00 -2.0132458570e+00
2.0048132901e-04 2.9840124875e+04 1.5707963268e+00 -2.0140633988e+00
2.0062395311e-04 2.9862169835e+04 1.5707963268e+00 -2.0148797323e+00
2.0076653265e-04 2.9884225815e+04 1.5707963268e+00 -2.0156948597e+00
2.0090906769e-04 2.9906292796e+04 1.5707963268e+00 -2.0165087830e+00
2.0105155830e-04 2.9928370762e+04 1.5707963268e+00 -2.0173215042e+00
2.0119400457e-04 2.9950459694e+04 1.5707963268e+00 -2.0181330255e+00
2.0133640655e-04 2.9972559574e+04 1.5707963268e+00 -2.0189433489e+00
2.0147876431e-04 2.9994670385e+04 1.5707963268e+00 -2.0197524764e+00
2.0162107794e-04 3.0016792109e+04 1.5707963268e+00 -2.0205604102e+00
2.0176334750e-04 3.0038924728e+04 1.5707963268e+00 -2.0213671522e+00
2.0190557306e-04 3.0061068225e+04 1.5707963268e+00 -2.0221727045e+00
2.0204775469e-04 3.0083222581e+04 1.5707963268e+00 -2.0229770692e+00
2.0218989246e-04 3.0105387779e+04 1.5707963268e+00 -2.0237802483e+00
2.0233198644e-04 3.0127563801e+04 1.5707963268e+00 -2.0245822438e+00
2.0247403671e-04 3.0149750631e+04 1.5707963268e+00 -2.0253830578e+00
2.0261604332e-04 3.0171948249e+04 1.5707963268e+00 -2.0261826923e+00
2.0275800636e-04 3.0194156639e+04 1.5707963268e+00 -2.0269811494e+00
2.0289992589e-04 3.0216375783e+04 1.5707963268e+00 -2.0277784310e+00
2.0304180198e-04 3.0238605664e+04 1.5707963268e+00 -2.0285745393e+00
2.0318363470e-04 3.0260846264e+04 1.5707963268e+00 -2.0293694761e+00
2.0332542411e-04 3.0283097565e+04 1.5707963268e+00 -2.0301632436e+00
2.0346717030e-04 3.0305359550e+04 1.5707963268e+00 -2.0309558438e+00
2.0360887333e-04 3.0327632202e+04 1.5707963268e+00 -2.0317472786e+00
2.0375053326e-04 3.0349915504e+04 1.5707963268e+00 -2.0325375501e+00
2.0389215016e-04 3.0372209437e+04 1.5707963268e+00 -2.0333266603e+00
2.0403372411e-04 3.0394513984e+04 1.5707963268e+00 -2.0341146112e+00
2.0417525517e-04 3.0416829129e+04 1.5707963268e+00 -2.0349014048e+00
2.0431674342e-04 3.0439154854e+04 1.5707963268e+00 -2.0356870431e+00
2.0445818891e-04 3.0461491142e+04 1.5707963268e+00 -2.0364715281e+00
2.0459959172e-04 3.0483837975e+04 1.5707963268e+00 -2.0372548618e+00
2.0474095192e-04 3.0506195336e+04 1.5707963268e+00 -2.0380370462e+00
2.0488226958e-04 3.0528563208e+04 1.5707963268e+00 -2.0388180832e+00
2.0502354475e-04 3.0550941574e+04 1.5707963268e+00 -2.0395979749e+00
2.0516477751e-04 3.0573330417e+04 1.5707963268e+00 -2.0403767232e+00
2.0530596794e-04 3.0595729719e+04 1.5707963268e+00 -2.0411543301e+00
2.0544711608e-04 3.0618139464e+04 1.5707963268e+00 -2.0419307976e+00
2.0558822202e-04 3.0640559633e+04 1.5707963268e+00 -2.0427061277e+00
2.0572928583e-04 3.0662990212e+04 1.5707963268e+00 -2.0434803223e+00
2.0587030755e-04 3.0685431181e+04 1.5707963268e+00 -2.0442533834e+00
2.0601128727e-04 3.0707882525e+04 1.5707963268e+00 -2.0450253129e+00
2.0615222506e-04 3.0730344226e+04 1.5707963268e+00 -2.0457961129e+00
2.0629312097e-04 3.0752816267e+04 1.5707963268e+00 -2.0465657852e+00
2.0643397508e-04 3.0775298632e+04 1.5707963268e+00 -2.0473343319e+00
2.0657478745e-04 3.0797791304e+04 1.5707963268e+00 -2.0481017548e+00
2.0671555814e-04 3.0820294265e+04 1.5707963268e+00 -2.0488680560e+00
2.0685628724e-04 3.0842807498e+04 1.5707963268e+00 -2.0496332374e+00
2.0699697479e-04 3.0865330988e+04 1.5707963268e+00 -2.0503973009e+00
2.0713762087e-04 3.0887864717e+04 1.5707963268e+00 -2.0511602484e+00
2.0727822554e-04 3.0910408668e+04 1.5707963268e+00 -2.0519220819e+00
2.0741878888e-04 3.0932962825e+04 1.5707963268e+00 -2.0526828034e+00
2.0755931094e-04 3.0955527171e+04 1.5707963268e+00 -2.0534424147e+00
2.0769979179e-04 3.0978101689e+04 1.5707963268e+00 -2.0542009178e+00
2.0784023149e-04 3.1000686363e+04 1.5707963268e+00 -2.0549583146e+00
2.0798063012e-04 3.1023281175e+04 1.5707963268e+00 -2.0557146071e+00
2.0812098774e-04 3.1045886110e+04 1.5707963268e+00 -2.0564697971e+00
2.0826130440e-04 3.1068501150e+04 1.5707963268e+00 -2.0572238866e+00
2.0840158019e-04 3.1091126279e+04 1.5707963268e+00 -2.0579768775e+00
2.0854181516e-04 3.1113761481e+04 1.5707963268e+00 -2.0587287716e+00
2.0868200938e-04 3.1136406739e+04 1.5707963268e+00 -2.0594795710e+00
2.0882216291e-04 3.1159062036e+04 1.5707963268e+00 -2.0602292774e+00
2.0896227582e-04 3.1181727357e+04 1.5707963268e+00 -2.0609778929e+00
2.0910234817e-04 3.1204402683e+04 1.5707963268e+00 -2.0617254193e+00
2.0924238003e-04 3.1227088000e+04 1.5707963268e+00 -2.0624718585e+00
2.0938237145e-04 3.1249783291e+04 1.5707963268e+00 -2.0632172123e+00
2.0952232252e-04 3.1272488539e+04 1.5707963268e+00 -2.0639614828e+00
2.0966223328e-04 3.1295203728e+04 1.5707963268e+00 -2.0647046717e+00
2.0980210381e-04 3.1317928841e+04 1.5707963268e+00 -2.0654467809e+00
2.0994193416e-04 3.1340663863e+04 1.5707963268e+00 -2.0661878124e+00
2.1008172441e-04 3.1363408777e+04 1.5707963268e+00 -2.0669277680e+00
2.1022147461e-04 3.1386163567e+04 1.5707963268e+00 -2.0676666496e+00
2.1036118483e-04 3.1408928216e+04 1.5707963268e+00 -2.0684044590e+00
2.1050085513e-04 3.1431702709e+04 1.5707963268e+00 -2.0691411982e+00
2.1064048558e-04 3.1454487029e+04 1.5707963268e+00 -2.0698768689e+00
2.1078007623e-04 3.1477281159e+04 1.5707963268e+00 -2.0706114731e+00
2.1091962716e-04 3.1500085085e+04 1.5707963268e+00 -2.0713450126e+00
2.1105913842e-04 3.1522898790e+04 1.5707963268e+00 -2.0720774893e+00
2.1119861009e-04 3.1545722257e+04 1.5707963268e+00 -2.0728089049e+00
2.1133804221e-04 3.1568555471e+04 1.5707963268e+00 -2.0735392615e+00
2.1147743485e-04 3.1591398415e+04 1.5707963268e+00 -2.0742685608e+00
2.1161678808e-04 3.1614251074e+04 1.5707963268e+00 -2.0749968046e+00
2.1175610196e-04 3.1637113432e+04 1.5707963268e+00 -2.0757239948e+00
2.1189537656e-04 3.1659985472e+04 1.5707963268e+00 -2.0764501333e+00
2.1203461192e-04 3.1682867179e+04 1.5707963268e+00 -2.0771752218e+00
2.1217380812e-04 3.1705758537e+04 1.5707963268e+00 -2.0778992623e+00
2.1231296522e-04 3.1728659530e+04 1.5707963268e+00 -2.0786222565e+00
2.1245208327e-04 3.1751570141e+04 1.5707963268e+00 -2.0793442062e+00
2.1259116235e-04 3.1774490357e+04 1.5707963268e+00 -2.0800651134e+00
2.1273020251e-04 3.1797420159e+04 1.5707963268e+00 -2.0807849798e+00
2.1286920382e-04 3.1820359533e+04 1.5707963268e+00 -2.0815038071e+00
2.1300816633e-04 3.1843308463e+04 1.5707963268e+00 -2.0822215974e+00
2.1314709011e-04 3.1866266933e+04 1.5707963268e+00 -2.0829383523e+00
2.1328597521e-04 3.1889234928e+04 1.5707963268e+00 -2.0836540736e+00
2.1342482171e-04 3.1912212431e+04 1.5707963268e+00 -2.0843687632e+00
2.1356362966e-04 3.1935199427e+04 1.5707963268e+00 -2.0850824229e+00
2.1370239912e-04 3.1958195901e+04 1.5707963268e+00 -2.0857950545e+00
2.1384113015e-04 3.1981201837e+04 1.5707963268e+00 -2.0865066598e+00
2.1397982282e-04 3.2004217218e+04 1.5707963268e+00 -2.0872172405e+00
2.1411847718e-04 3.2027242031e+04 1.5707963268e+00 -2.0879267984e+00
2.1425709330e-04 3.2050276258e+04 1.5707963268e+00 -2.0886353354e+00
2.1439567123e-04 3.2073319886e+04 1.5707963268e+00 -2.0893428533e+00
2.1453421103e-04 3.2096372897e+04 1.5707963268e+00 -2.0900493537e+00
2.1467271278e-04 3.2119435277e+04 1.5707963268e+00 -2.0907548386e+00
2.1481117651e-04 3.2142507010e+04 1.5707963268e+00 -2.0914593096e+00
2.1494960231e-04 3.2165588081e+04 1.5707963268e+00 -2.0921627685e+00
2.1508799022e-04 3.2188678474e+04 1.5707963268e+00 -2.0928652172e+00
2.1522634030e-04 3.2211778175e+04 1.5707963268e+00 -2.0935666573e+00
2.1536465262e-04 3.2234887167e+04 1.5707963268e+00 -2.0942670907e+00
2.1550292723e-04 3.2258005435e+04 1.5707963268e+00 -2.0949665191e+00
2.1564116420e-04 3.2281132964e+04 1.5707963268e+00 -2.0956649443e+00
2.1577936358e-04 3.2304269740e+04 1.5707963268e+00 -2.0963623680e+00
2.1591752544e-04 3.2327415745e+04 1.5707963268e+00 -2.0970587919e+00
2.1605564982e-04 3.2350570966e+04 1.5707963268e+00 -2.0977542179e+00
2.1619373680e-04 3.2373735388e+04 1.5707963268e+00 -2.0984486477e+00
2.1633178642e-04 3.2396908994e+04 1.5707963268e+00 -2.0991420829e+00
2.1646979876e-04 3.2420091770e+04 1.5707963268e+00 -2.0998345255e+00
2.1660777386e-04 3.2443283700e+04 1.5707963268e+00 -2.1005259770e+00
2.1674571179e-04 3.2466484770e+04 1.5707963268e+00 -2.1012164393e+00
2.1688361260e-04 3.2489694965e+04 1.5707963268e+00 -2.1019059140e+00
2.1702147636e-04 3.2512914269e+04 1.5707963268e+00 -2.1025944029e+00
2.1715930311e-04 3.2536142667e+04 1.5707963268e+00 -2.1032819077e+00
2.1729709293e-04 3.2559380145e+04 1.5707963268e+00 -2.1039684302e+00
2.1743484586e-04 3.2582626687e+04 1.5707963268e+00 -2.1046539720e+00
2.1757256197e-04 3.2605882279e+04 1.5707963268e+00 -2.1053385350e+00
2.1771024131e-04 3.2629146905e+04 1.5707963268e+00 -2.1060221207e+00
2.1784788394e-04 3.2652420551e+04 1.5707963268e+00 -2.1067047309e+00
2.1798548992e-04 3.2675703202e+04 1.5707963268e+00 -2.1073863674e+00
2.1812305930e-04 3.2698994842e+04 1.5707963268e+00 -2.1080670317e+00
2.1826059215e-04 3.2722295458e+04 1.5707963268e+00 -2.1087467257e+00
2.1839808852e-04 3.2745605034e+04 1.5707963268e+00 -2.1094254511e+00
2.1853554847e-04 3.2768923555e+04 1.5707963268e+00 -2.1101032094e+00
2.1867297206e-04 3.2792251007e+04 1.5707963268e+00 -2.1107800025e+00
2.1881035933e-04 3.2815587374e+04 1.5707963268e+00 -2.1114558320e+00
2.1894771036e-04 3.2838932643e+04 1.5707963268e+00 -2.1121306996e+00
2.1908502519e-04 3.2862286799e+04 1.5707963268e+00 -2.1128046069e+00
2.1922230388e-04 3.2885649826e+04 1.5707963268e+00 -2.1134775558e+00
2.1935954650e-04 3.2909021711e+04 1.5707963268e+00 -2.1141495478e+00
2.1949675309e-04 3.2932402438e+04 1.5707963268e+00 -2.1148205846e+00
2.1963392371e-04 3.2955791993e+04 1.5707963268e+00 -2.1154906679e+00
2.1977105842e-04 3.2979190362e+04 1.5707963268e+00 -2.1161597995e+00
2.1990815727e-04 3.3002597529e+04 1.5707963268e+00 -2.1168279808e+00
2.2004522033e-04 3.3026013481e+04 1.5707963268e+00 -2.1174952137e+00
2.2018224764e-04 3.3049438203e+04 1.5707963268e+00 -2.1181614997e+00
2.2031923927e-04 3.3072871680e+04 1.5707963268e+00 -2.1188268406e+00
2.2045619527e-04 3.3096313898e+04 1.5707963268e+00 -2.1194912379e+00
2.2059311569e-04 3.3119764842e+04 1.5707963268e+00 -2.1201546934e+00
2.2073000059e-04 3.3143224499e+04 1.5707963268e+00 -2.1208172087e+00
2.2086685002e-04 3.3166692853e+04 1.5707963268e+00 -2.1214787854e+00
2.2100366405e-04 3.3190169891e+04 1.5707963268e+00 -2.1221394252e+00
2.2114044272e-04 3.3213655597e+04 1.5707963268e+00 -2.1227991298e+00
2.2127718609e-04 3.3237149959e+04 1.5707963268e+00 -2.1234579007e+00
2.2141389422e-04 3.3260652961e+04 1.5707963268e+00 -2.1241157397e+00
2.2155056717e-04 3.3284164588e+04 1.5707963268e+00 -2.1247726483e+00
2.2168720498e-04 3.3307684828e+04 1.5707963268e+00 -2.1254286281e+00
2.2182380771e-04 3.3331213666e+04 1.5707963268e+00 -2.1260836809e+00
2.2196037541e-04 3.3354751087e+04 1.5707963268e+00 -2.1267378082e+00
2.2209690815e-04 3.3378297077e+04 1.5707963268e+00 -2.1273910116e+00
2.2223340597e-04 3.3401851622e+04 1.5707963268e+00 -2.1280432928e+00
2.2236986893e-04 3.3425414709e+04 1.5707963268e+00 -2.1286946534e+00
2.2250629709e-04 3.3448986322e+04 1.5707963268e+00 -2.1293450950e+00
2.2264269049e-04 3.3472566449e+04 1.5707963268e+00 -2.1299946193e+00
2.2277904919e-04 3.3496155074e+04 1.5707963268e+00 -2.1306432277e+00
2.2291537325e-04 3.3519752184e+04 1.5707963268e+00 -2.1312909220e+00
2.2305166273e-04 3.3543357764e+04 1.5707963268e+00 -2.1319377037e+00
2.2318791766e-04 3.3566971802e+04 1.5707963268e+00 -2.1325835745e+00
2.2332413811e-04 3.3590594282e+04 1.5707963268e+00 -2.1332285359e+00
2.2346032414e-04 3.3614225192e+04 1.5707963268e+00 -2.1338725895e+00
2.2359647578e-04 3.3637864516e+04 1.5707963268e+00 -2.1345157369e+00
2.2373259311e-04 3.3661512242e+04 1.5707963268e+00 -2.1351579798e+00
2.2386867617e-04 3.3685168354e+04 1.5707963268e+00 -2.1357993196e+00
2.2400472501e-04 3.3708832841e+04 1.5707963268e+00 -2.1364397581e+00
2.2414073969e-04 3.3732505686e+04 1.5707963268e+00 -2.1370792966e+00
2.2427672026e-04 3.3756186878e+04 1.5707963268e+00 -2.1377179369e+00
2.2441266678e-04 3.3779876401e+04 1.5707963268e+00 -2.1383556806e+00
2.2454857929e-04 3.3803574243e+04 1.5707963268e+00 -2.1389925291e+00
2.2468445785e-04 3.3827280389e+04 1.5707963268e+00 -2.1396284841e+00
2.2482030251e-04 3.3850994827e+04 1.5707963268e+00 -2.1402635470e+00
2.2495611333e-04 3.3874717541e+04 1.5707963268e+00 -2.1408977196e+00
2.2509189035e-04 3.3898448519e+04 1.5707963268e+00 -2.1415310033e+00
2.2522763363e-04 3.3922187747e+04 1.5707963268e+00 -2.1421633998e+00
2.2536334323e-04 3.3945935210e+04 1.5707963268e+00 -2.1427949104e+00
2.2549901918e-04 3.3969690897e+04 1.5707963268e+00 -2.1434255369e+00
2.2563466156e-04 3.3993454793e+04 1.5707963268e+00 -2.1440552808e+00
2.2577027040e-04 3.4017226884e+04 1.5707963268e+00 -2.1446841436e+00
2.2590584576e-04 3.4041007157e+04 1.5707963268e+00 -2.1453121268e+00
2.2604138769e-04 3.4064795599e+04 1.5707963268e+00 -2.1459392320e+00
2.2617689625e-04 3.4088592196e+04 1.5707963268e+00 -2.1465654608e+00
2.2631237148e-04 3.4112396935e+04 1.5707963268e+00 -2.1471908146e+00
2.2644781343e-04 3.4136209802e+04 1.5707963268e+00 -2.1478152950e+00
2.2658322217e-04 3.4160030783e+04 1.5707963268e+00 -2.1484389036e+00
2.2671859773e-04 3.4183859866e+04 1.5707963268e+00 -2.1490616418e+00
2.2685394017e-04 3.4207697037e+04 1.5707963268e+00 -2.1496835113e+00
2.2698924954e-04 3.4231542283e+04 1.5707963268e+00 -2.1503045134e+00
2.2712452590e-04 3.4255395590e+04 1.5707963268e+00 -2.1509246498e+00
2.2725976928e-04 3.4279256945e+04 1.5707963268e+00 -2.1515439219e+00
2.2739497976e-04 3.4303126335e+04 1.5707963268e+00 -2.1521623313e+00
2.2753015736e-04 3.4327003746e+04 1.5707963268e+00 -2.1527798795e+00
2.2766530216e-04 3.4350889166e+04 1.5707963268e+00 -2.1533965679e+00
2.2780041418e-04 3.4374782581e+04 1.5707963268e+00 -2.1540123982e+00
2.2793549350e-04 3.4398683978e+04 1.5707963268e+00 -2.1546273717e+00
2.2807054015e-04 3.4422593344e+04 1.5707963268e+00 -2.1552414900e+00
2.2820555418e-04 3.4446510666e+04 1.5707963268e+00 -2.1558547547e+00
2.2834053566e-04 3.4470435930e+04 1.5707963268e+00 -2.1564671671e+00
2.2847548462e-04 3.4494369124e+04 1.5707963268e+00 -2.1570787288e+00
2.2861040112e-04 3.4518310234e+04 1.5707963268e+00 -2.1576894412e+00
2.2874528520e-04 3.4542259247e+04 1.5707963268e+00 -2.1582993060e+00
2.2888013693e-04 3.4566216151e+04 1.5707963268e+00 -2.1589083244e+00
2.2901495633e-04 3.4590180932e+04 1.5707963268e+00 -2.1595164982e+00
2.2914974348e-04 3.4614153577e+04 1.5707963268e+00 -2.1601238286e+00
2.2928449841e-04 3.4638134074e+04 1.5707963268e+00 -2.1607303171e+00
2.2941922118e-04 3.4662122409e+04 1.5707963268e+00 -2.1613359654e+00
2.2955391183e-04 3.4686118570e+04 1.5707963268e+00 -2.1619407748e+00
2.2968857041e-04 3.4710122544e+04 1.5707963268e+00 -2.1625447467e+00
2.2982319698e-04 3.4734134317e+04 1.5707963268e+00 -2.1631478828e+00
2.2995779158e-04 3.4758153877e+04 1.5707963268e+00 -2.1637501843e+00
2.3009235426e-04 3.4782181212e+04 1.5707963268e+00 -2.1643516529e+00
2.3022688507e-04 3.4806216308e+04 1.5707963268e+00 -2.1649522898e+00
2.3036138406e-04 3.4830259152e+04 1.5707963268e+00 -2.1655520967e+00
2.3049585127e-04 3.4854309732e+04 1.5707963268e+00 -2.1661510750e+00
2.3063028677e-04 3.4878368036e+04 1.5707963268e+00 -2.1667492260e+00
2.3076469058e-04 3.4902434049e+04 1.5707963268e+00 -2.1673465513e+00
2.3089906277e-04 3.4926507761e+04 1.5707963268e+00 -2.1679430523e+00
2.3103340338e-04 3.4950589157e+04 1.5707963268e+00 -2.1685387304e+00
2.3116771247e-04 3.4974678226e+04 1.5707963268e+00 -2.1691335871e+00
2.3130199006e-04 3.4998774954e+04 1.5707963268e+00 -2.1697276238e+00
2.3143623623e-04 3.5022879330e+04 1.5707963268e+00 -2.1703208419e+00
2.3157045101e-04 3.5046991340e+04 1.5707963268e+00 -2.1709132429e+00
2.3170463445e-04 3.5071110972e+04 1.5707963268e+00 -2.1715048282e+00
2.3183878660e-04 3.5095238213e+04 1.5707963268e+00 -2.1720955993e+00
2.3197290751e-04 3.5119373052e+04 1.5707963268e+00 -2.1726855575e+00
2.3210699722e-04 3.5143515475e+04 1.5707963268e+00 -2.1732747043e+00
2.3224105579e-04 3.5167665470e+04 1.5707963268e+00 -2.1738630411e+00
2.3237508325e-04 3.5191823024e+04 1.5707963268e+00 -2.1744505693e+00
2.3250907966e-04 3.5215988126e+04 1.5707963268e+00 -2.1750372903e+00
2.3264304507e-04 3.5240160762e+04 1.5707963268e+00 -2.1756232056e+00
2.3277697952e-04 3.5264340921e+04 1.5707963268e+00 -2.1762083165e+00
2.3291088306e-04 3.5288528589e+04 1.5707963268e+00 -2.1767926244e+00
2.3304475574e-04 3.5312723755e+04 1.5707963268e+00 -2.1773761308e+00
2.3317859759e-04 3.5336926406e+04 1.5707963268e+00 -2.1779588371e+00
2.3331240868e-04 3.5361136531e+04 1.5707963268e+00 -2.1785407446e+00
2.3344618905e-04 3.5385354116e+04 1.5707963268e+00 -2.1791218547e+00
2.3357993874e-04 3.5409579149e+04 1.5707963268e+00 -2.1797021689e+00
2.3371365779e-04 3.5433811619e+04 1.5707963268e+00 -2.1802816885e+00
2.3384734627e-04 3.5458051512e+04 1.5707963268e+00 -2.1808604149e+00
