0.0000000000e+00 1.1442049515e+04 1.5707963268e+00 0.0000000000e+00
3.1200335937e-07 1.1442049515e+04 1.5707963268e+00 3.8759689922e-03
6.2400671873e-07 1.1442021532e+04 1.5707963268e+00 7.7519379845e-03
9.3601270928e-07 1.1441965566e+04 1.5707963268e+00 1.1627925935e-02
1.2480239623e-06 1.1441881617e+04 1.5707963268e+00 1.5503951803e-02
1.5600431094e-06 1.1441769683e+04 1.5707963268e+00 1.9380034547e-02
1.8720727829e-06 1.1441629762e+04 1.5707963268e+00 2.3256193129e-02
2.1841156156e-06 1.1441461852e+04 1.5707963268e+00 2.7132446513e-02
2.4961742418e-06 1.1441265949e+04 1.5707963268e+00 3.1008813669e-02
2.8082512968e-06 1.1441042050e+04 1.5707963268e+00 3.4885313568e-02
3.1203494174e-06 1.1440790149e+04 1.5707963268e+00 3.8761965189e-02
3.4324712423e-06 1.1440510241e+04 1.5707963268e+00 4.2638787517e-02
3.7446194122e-06 1.1440202320e+04 1.5707963268e+00 4.6515799545e-02
4.0567965700e-06 1.1439866380e+04 1.5707963268e+00 5.0393020271e-02
4.3690053610e-06 1.1439502411e+04 1.5707963268e+00 5.4270468706e-02
4.6812484334e-06 1.1439110408e+04 1.5707963268e+00 5.8148163869e-02
4.9935284383e-06 1.1438690359e+04 1.5707963268e+00 6.2026124790e-02
5.3058480300e-06 1.1438242257e+04 1.5707963268e+00 6.5904370511e-02
5.6182098661e-06 1.1437766090e+04 1.5707963268e+00 6.9782920088e-02
5.9306166080e-06 1.1437261847e+04 1.5707963268e+00 7.3661792588e-02
6.2430709213e-06 1.1436729518e+04 1.5707963268e+00 7.7541007093e-02
6.5555754752e-06 1.1436169088e+04 1.5707963268e+00 8.1420582703e-02
6.8681329440e-06 1.1435580546e+04 1.5707963268e+00 8.5300538532e-02
7.1807460060e-06 1.1434963877e+04 1.5707963268e+00 8.9180893710e-02
7.4934173450e-06 1.1434319067e+04 1.5707963268e+00 9.3061667388e-02
7.8061496496e-06 1.1433646101e+04 1.5707963268e+00 9.6942878735e-02
8.1189456139e-06 1.1432944963e+04 1.5707963268e+00 1.0082454694e-01
8.4318079377e-06 1.1432215635e+04 1.5707963268e+00 1.0470669121e-01
8.7447393268e-06 1.1431458101e+04 1.5707963268e+00 1.0858933078e-01
9.0577424931e-06 1.1430672343e+04 1.5707963268e+00 1.1247248489e-01
9.3708201549e-06 1.1429858342e+04 1.5707963268e+00 1.1635617284e-01
9.6839750371e-06 1.1429016078e+04 1.5707963268e+00 1.2024041392e-01
9.9972098718e-06 1.1428145531e+04 1.5707963268e+00 1.2412522746e-01
1.0310527398e-05 1.1427246681e+04 1.5707963268e+00 1.2801063280e-01
1.0623930363e-05 1.1426319505e+04 1.5707963268e+00 1.3189664934e-01
1.0937421520e-05 1.1425363981e+04 1.5707963268e+00 1.3578329648e-01
1.1251003632e-05 1.1424380086e+04 1.5707963268e+00 1.3967059367e-01
1.1564679470e-05 1.1423367797e+04 1.5707963268e+00 1.4355856036e-01
1.1878451812e-05 1.1422327089e+04 1.5707963268e+00 1.4744721606e-01
1.2192323447e-05 1.1421257936e+04 1.5707963268e+00 1.5133658030e-01
1.2506297172e-05 1.1420160313e+04 1.5707963268e+00 1.5522667264e-01
1.2820375793e-05 1.1419034193e+04 1.5707963268e+00 1.5911751269e-01
1.3134562126e-05 1.1417879548e+04 1.5707963268e+00 1.6300912007e-01
1.3448858997e-05 1.1416696350e+04 1.5707963268e+00 1.6690151446e-01
1.3763269242e-05 1.1415484571e+04 1.5707963268e+00 1.7079471556e-01
1.4077795708e-05 1.1414244181e+04 1.5707963268e+00 1.7468874312e-01
1.4392441252e-05 1.1412975148e+04 1.5707963268e+00 1.7858361692e-01
1.4707208743e-05 1.1411677444e+04 1.5707963268e+00 1.8247935678e-01
1.5022101059e-05 1.1410351034e+04 1.5707963268e+00 1.8637598256e-01
1.5337121094e-05 1.1408995887e+04 1.5707963268e+00 1.9027351417e-01
1.5652271749e-05 1.1407611970e+04 1.5707963268e+00 1.9417197157e-01
1.5967555940e-05 1.1406199248e+04 1.5707963268e+00 1.9807137473e-01
1.6282976597e-05 1.1404757686e+04 1.5707963268e+00 2.0197174370e-01
1.6598536658e-05 1.1403287249e+04 1.5707963268e+00 2.0587309856e-01
1.6914239080e-05 1.1401787900e+04 1.5707963268e+00 2.0977545943e-01
1.7230086828e-05 1.1400259602e+04 1.5707963268e+00 2.1367884650e-01
1.7546082885e-05 1.1398702318e+04 1.5707963268e+00 2.1758328000e-01
1.7862230247e-05 1.1397116008e+04 1.5707963268e+00 2.2148878019e-01
1.8178531922e-05 1.1395500633e+04 1.5707963268e+00 2.2539536740e-01
1.8494990935e-05 1.1393856153e+04 1.5707963268e+00 2.2930306202e-01
1.8811610328e-05 1.1392182527e+04 1.5707963268e+00 2.3321188447e-01
1.9128393153e-05 1.1390479713e+04 1.5707963268e+00 2.3712185525e-01
1.9445342484e-05 1.1388747669e+04 1.5707963268e+00 2.4103299489e-01
1.9762461405e-05 1.1386986350e+04 1.5707963268e+00 2.4494532399e-01
2.0079753022e-05 1.1385195713e+04 1.5707963268e+00 2.4885886321e-01
2.0397220455e-05 1.1383375714e+04 1.5707963268e+00 2.5277363325e-01
2.0714866840e-05 1.1381526305e+04 1.5707963268e+00 2.5668965491e-01
2.1032695334e-05 1.1379647442e+04 1.5707963268e+00 2.6060694900e-01
2.1350709108e-05 1.1377739075e+04 1.5707963268e+00 2.6452553642e-01
2.1668911354e-05 1.1375801158e+04 1.5707963268e+00 2.6844543814e-01
2.1987305281e-05 1.1373833641e+04 1.5707963268e+00 2.7236667518e-01
2.2305894120e-05 1.1371836474e+04 1.5707963268e+00 2.7628926862e-01
2.2624681116e-05 1.1369809607e+04 1.5707963268e+00 2.8021323963e-01
2.2943669540e-05 1.1367752988e+04 1.5707963268e+00 2.8413860941e-01
2.3262862678e-05 1.1365666565e+04 1.5707963268e+00 2.8806539927e-01
2.3582263839e-05 1.1363550286e+04 1.5707963268e+00 2.9199363057e-01
2.3901876354e-05 1.1361404095e+04 1.5707963268e+00 2.9592332474e-01
2.4221703572e-05 1.1359227938e+04 1.5707963268e+00 2.9985450328e-01
2.4541748867e-05 1.1357021760e+04 1.5707963268e+00 3.0378718777e-01
2.4862015635e-05 1.1354785504e+04 1.5707963268e+00 3.0772139986e-01
2.5182507292e-05 1.1352519113e+04 1.5707963268e+00 3.1165716129e-01
2.5503227279e-05 1.1350222528e+04 1.5707963268e+00 3.1559449385e-01
2.5824179062e-05 1.1347895691e+04 1.5707963268e+00 3.1953341944e-01
2.6145366127e-05 1.1345538541e+04 1.5707963268e+00 3.2347396002e-01
2.6466791989e-05 1.1343151019e+04 1.5707963268e+00 3.2741613764e-01
2.6788460184e-05 1.1340733061e+04 1.5707963268e+00 3.3135997441e-01
2.7110374275e-05 1.1338284606e+04 1.5707963268e+00 3.3530549256e-01
2.7432537852e-05 1.1335805590e+04 1.5707963268e+00 3.3925271437e-01
2.7754954530e-05 1.1333295949e+04 1.5707963268e+00 3.4320166223e-01
2.8077627950e-05 1.1330755618e+04 1.5707963268e+00 3.4715235862e-01
2.8400561782e-05 1.1328184529e+04 1.5707963268e+00 3.5110482608e-01
2.8723759723e-05 1.1325582618e+04 1.5707963268e+00 3.5505908727e-01
2.9047225498e-05 1.1322949814e+04 1.5707963268e+00 3.5901516493e-01
2.9370962861e-05 1.1320286050e+04 1.5707963268e+00 3.6297308189e-01
2.9694975597e-05 1.1317591256e+04 1.5707963268e+00 3.6693286108e-01
3.0019267518e-05 1.1314865361e+04 1.5707963268e+00 3.7089452551e-01
3.0343842470e-05 1.1312108292e+04 1.5707963268e+00 3.7485809832e-01
3.0668704326e-05 1.1309319979e+04 1.5707963268e+00 3.7882360272e-01
3.0993856993e-05 1.1306500346e+04 1.5707963268e+00 3.8279106203e-01
3.1319304411e-05 1.1303649320e+04 1.5707963268e+00 3.8676049966e-01
3.1645050550e-05 1.1300766825e+04 1.5707963268e+00 3.9073193915e-01
3.1971099416e-05 1.1297852785e+04 1.5707963268e+00 3.9470540412e-01
3.2297455048e-05 1.1294907121e+04 1.5707963268e+00 3.9868091830e-01
3.2624121518e-05 1.1291929756e+04 1.5707963268e+00 4.0265850553e-01
3.2951102936e-05 1.1288920610e+04 1.5707963268e+00 4.0663818977e-01
3.3278403446e-05 1.1285879604e+04 1.5707963268e+00 4.1061999507e-01
3.3606027229e-05 1.1282806654e+04 1.5707963268e+00 4.1460394561e-01
3.3933978502e-05 1.1279701679e+04 1.5707963268e+00 4.1859006567e-01
3.4262261523e-05 1.1276564596e+04 1.5707963268e+00 4.2257837965e-01
3.4590880585e-05 1.1273395320e+04 1.5707963268e+00 4.2656891207e-01
3.4919840022e-05 1.1270193765e+04 1.5707963268e+00 4.3056168757e-01
3.5249144208e-05 1.1266959846e+04 1.5707963268e+00 4.3455673090e-01
3.5578797556e-05 1.1263693473e+04 1.5707963268e+00 4.3855406694e-01
3.5908804522e-05 1.1260394560e+04 1.5707963268e+00 4.4255372069e-01
3.6239169604e-05 1.1257063015e+04 1.5707963268e+00 4.4655571729e-01
3.6569897343e-05 1.1253698749e+04 1.5707963268e+00 4.5056008197e-01
3.6900992322e-05 1.1250301669e+04 1.5707963268e+00 4.5456684013e-01
3.7232459171e-05 1.1246871682e+04 1.5707963268e+00 4.5857601728e-01
3.7564302563e-05 1.1243408695e+04 1.5707963268e+00 4.6258763907e-01
3.7896527218e-05 1.1239912612e+04 1.5707963268e+00 4.6660173126e-01
3.8229137904e-05 1.1236383337e+04 1.5707963268e+00 4.7061831977e-01
3.8562139436e-05 1.1232820773e+04 1.5707963268e+00 4.7463743067e-01
3.8895536676e-05 1.1229224821e+04 1.5707963268e+00 4.7865909013e-01
3.9229334539e-05 1.1225595381e+04 1.5707963268e+00 4.8268332449e-01
3.9563537986e-05 1.1221932353e+04 1.5707963268e+00 4.8671016022e-01
3.9898152034e-05 1.1218235635e+04 1.5707963268e+00 4.9073962395e-01
4.0233181750e-05 1.1214505123e+04 1.5707963268e+00 4.9477174245e-01
4.0568632255e-05 1.1210740714e+04 1.5707963268e+00 4.9880654263e-01
4.0904508722e-05 1.1206942301e+04 1.5707963268e+00 5.0284405155e-01
4.1240816383e-05 1.1203109779e+04 1.5707963268e+00 5.0688429645e-01
4.1577560524e-05 1.1199243039e+04 1.5707963268e+00 5.1092730469e-01
4.1914746489e-05 1.1195341972e+04 1.5707963268e+00 5.1497310381e-01
4.2252379680e-05 1.1191406468e+04 1.5707963268e+00 5.1902172151e-01
4.2590465559e-05 1.1187436416e+04 1.5707963268e+00 5.2307318562e-01
4.2929009649e-05 1.1183431702e+04 1.5707963268e+00 5.2712752418e-01
4.3268017534e-05 1.1179392212e+04 1.5707963268e+00 5.3118476537e-01
4.3607494862e-05 1.1175317832e+04 1.5707963268e+00 5.3524493753e-01
4.3947447342e-05 1.1171208445e+04 1.5707963268e+00 5.3930806918e-01
4.4287880754e-05 1.1167063932e+04 1.5707963268e+00 5.4337418903e-01
4.4628800938e-05 1.1162884174e+04 1.5707963268e+00 5.4744332593e-01
4.4970213808e-05 1.1158669052e+04 1.5707963268e+00 5.5151550894e-01
4.5312125342e-05 1.1154418442e+04 1.5707963268e+00 5.5559076727e-01
4.5654541593e-05 1.1150132223e+04 1.5707963268e+00 5.5966913033e-01
4.5997468681e-05 1.1145810269e+04 1.5707963268e+00 5.6375062771e-01
4.6340912803e-05 1.1141452455e+04 1.5707963268e+00 5.6783528918e-01
4.6684880230e-05 1.1137058653e+04 1.5707963268e+00 5.7192314472e-01
4.7029377307e-05 1.1132628735e+04 1.5707963268e+00 5.7601422447e-01
4.7374410458e-05 1.1128162570e+04 1.5707963268e+00 5.8010855879e-01
4.7719986186e-05 1.1123660028e+04 1.5707963268e+00 5.8420617822e-01
4.8066111074e-05 1.1119120975e+04 1.5707963268e+00 5.8830711351e-01
4.8412791788e-05 1.1114545277e+04 1.5707963268e+00 5.9241139561e-01
4.8760035077e-05 1.1109932798e+04 1.5707963268e+00 5.9651905566e-01
4.9107847776e-05 1.1105283401e+04 1.5707963268e+00 6.0063012503e-01
4.9456236806e-05 1.1100596948e+04 1.5707963268e+00 6.0474463528e-01
4.9805209177e-05 1.1095873297e+04 1.5707963268e+00 6.0886261820e-01
5.0154771991e-05 1.1091112308e+04 1.5707963268e+00 6.1298410578e-01
5.0504932441e-05 1.1086313838e+04 1.5707963268e+00 6.1710913023e-01
5.0855697814e-05 1.1081477740e+04 1.5707963268e+00 6.2123772399e-01
5.1207075494e-05 1.1076603870e+04 1.5707963268e+00 6.2536991972e-01
5.1559072964e-05 1.1071692079e+04 1.5707963268e+00 6.2950575031e-01
5.1911697804e-05 1.1066742217e+04 1.5707963268e+00 6.3364524887e-01
5.2264957700e-05 1.1061754134e+04 1.5707963268e+00 6.3778844875e-01
5.2618860438e-05 1.1056727677e+04 1.5707963268e+00 6.4193538353e-01
5.2973413913e-05 1.1051662692e+04 1.5707963268e+00 6.4608608705e-01
5.3328626129e-05 1.1046559022e+04 1.5707963268e+00 6.5024059337e-01
5.3684505198e-05 1.1041416510e+04 1.5707963268e+00 6.5439893679e-01
5.4041059348e-05 1.1036234996e+04 1.5707963268e+00 6.5856115189e-01
5.4398296921e-05 1.1031014320e+04 1.5707963268e+00 6.6272727348e-01
5.4756226377e-05 1.1025754319e+04 1.5707963268e+00 6.6689733662e-01
5.5114856296e-05 1.1020454829e+04 1.5707963268e+00 6.7107137665e-01
5.5474195381e-05 1.1015115682e+04 1.5707963268e+00 6.7524942916e-01
5.5834252461e-05 1.1009736711e+04 1.5707963268e+00 6.7943152999e-01
5.6195036493e-05 1.1004317747e+04 1.5707963268e+00 6.8361771529e-01
5.6556556564e-05 1.0998858617e+04 1.5707963268e+00 6.8780802144e-01
5.6918821896e-05 1.0993359149e+04 1.5707963268e+00 6.9200248514e-01
5.7281841846e-05 1.0987819167e+04 1.5707963268e+00 6.9620114332e-01
5.7645625913e-05 1.0982238493e+04 1.5707963268e+00 7.0040403324e-01
5.8010183736e-05 1.0976616949e+04 1.5707963268e+00 7.0461119243e-01
5.8375525101e-05 1.0970954354e+04 1.5707963268e+00 7.0882265870e-01
5.8741659944e-05 1.0965250525e+04 1.5707963268e+00 7.1303847018e-01
5.9108598350e-05 1.0959505276e+04 1.5707963268e+00 7.1725866528e-01
5.9476350563e-05 1.0953718422e+04 1.5707963268e+00 7.2148328273e-01
5.9844926985e-05 1.0947889774e+04 1.5707963268e+00 7.2571236156e-01
6.0214338180e-05 1.0942019140e+04 1.5707963268e+00 7.2994594110e-01
6.0584594879e-05 1.0936106327e+04 1.5707963268e+00 7.3418406103e-01
6.0955707983e-05 1.0930151142e+04 1.5707963268e+00 7.3842676132e-01
6.1327688567e-05 1.0924153386e+04 1.5707963268e+00 7.4267408228e-01
6.1700547884e-05 1.0918112861e+04 1.5707963268e+00 7.4692606455e-01
6.2074297369e-05 1.0912029366e+04 1.5707963268e+00 7.5118274910e-01
6.2448948644e-05 1.0905902696e+04 1.5707963268e+00 7.5544417723e-01
6.2824513521e-05 1.0899732647e+04 1.5707963268e+00 7.5971039061e-01
6.3201004007e-05 1.0893519010e+04 1.5707963268e+00 7.6398143124e-01
6.3578432310e-05 1.0887261576e+04 1.5707963268e+00 7.6825734147e-01
6.3956810840e-05 1.0880960132e+04 1.5707963268e+00 7.7253816402e-01
6.4336152218e-05 1.0874614463e+04 1.5707963268e+00 7.7682394197e-01
6.4716469281e-05 1.0868224354e+04 1.5707963268e+00 7.8111471877e-01
6.5097775082e-05 1.0861789584e+04 1.5707963268e+00 7.8541053823e-01
6.5480082901e-05 1.0855309932e+04 1.5707963268e+00 7.8971144457e-01
6.5863406248e-05 1.0848785173e+04 1.5707963268e+00 7.9401748235e-01
6.6247758868e-05 1.0842215083e+04 1.5707963268e+00 7.9832869656e-01
6.6633154749e-05 1.0835599430e+04 1.5707963268e+00 8.0264513257e-01
6.7019608126e-05 1.0828937985e+04 1.5707963268e+00 8.0696683614e-01
6.7407133489e-05 1.0822230514e+04 1.5707963268e+00 8.1129385346e-01
6.7795745586e-05 1.0815476779e+04 1.5707963268e+00 8.1562623110e-01
6.8185459434e-05 1.0808676542e+04 1.5707963268e+00 8.1996401609e-01
6.8576290322e-05 1.0801829561e+04 1.5707963268e+00 8.2430725584e-01
6.8968253822e-05 1.0794935593e+04 1.5707963268e+00 8.2865599823e-01
6.9361365790e-05 1.0787994389e+04 1.5707963268e+00 8.3301029154e-01
6.9755642380e-05 1.0781005702e+04 1.5707963268e+00 8.3737018452e-01
7.0151100049e-05 1.0773969277e+04 1.5707963268e+00 8.4173572636e-01
7.0547755564e-05 1.0766884860e+04 1.5707963268e+00 8.4610696671e-01
7.0945626010e-05 1.0759752193e+04 1.5707963268e+00 8.5048395567e-01
7.1344728800e-05 1.0752571016e+04 1.5707963268e+00 8.5486674382e-01
7.1745081685e-05 1.0745341064e+04 1.5707963268e+00 8.5925538221e-01
7.2146702759e-05 1.0738062071e+04 1.5707963268e+00 8.6364992238e-01
7.2549610471e-05 1.0730733768e+04 1.5707963268e+00 8.6805041635e-01
7.2953823635e-05 1.0723355882e+04 1.5707963268e+00 8.7245691665e-01
7.3359361438e-05 1.0715928137e+04 1.5707963268e+00 8.7686947631e-01
7.3766243451e-05 1.0708450255e+04 1.5707963268e+00 8.8128814885e-01
7.4174489643e-05 1.0700921954e+04 1.5707963268e+00 8.8571298835e-01
7.4584120385e-05 1.0693342949e+04 1.5707963268e+00 8.9014404939e-01
7.4995156468e-05 1.0685712952e+04 1.5707963268e+00 8.9458138710e-01
7.5407619112e-05 1.0678031672e+04 1.5707963268e+00 8.9902505712e-01
7.5821529978e-05 1.0670298814e+04 1.5707963268e+00 9.0347511570e-01
7.6236911182e-05 1.0662514081e+04 1.5707963268e+00 9.0793161959e-01
7.6653785307e-05 1.0654677171e+04 1.5707963268e+00 9.1239462615e-01
7.7072175415e-05 1.0646787779e+04 1.5707963268e+00 9.1686419330e-01
7.7492105067e-05 1.0638845597e+04 1.5707963268e+00 9.2134037954e-01
7.7913598330e-05 1.0630850314e+04 1.5707963268e+00 9.2582324399e-01
7.8336679798e-05 1.0622801614e+04 1.5707963268e+00 9.3031284634e-01
7.8761374605e-05 1.0614699180e+04 1.5707963268e+00 9.3480924691e-01
7.9187708441e-05 1.0606542687e+04 1.5707963268e+00 9.3931250666e-01
7.9615707570e-05 1.0598331811e+04 1.5707963268e+00 9.4382268714e-01
8.0045398848e-05 1.0590066221e+04 1.5707963268e+00 9.4833985059e-01
8.0476809740e-05 1.0581745584e+04 1.5707963268e+00 9.5286405987e-01
8.0909968341e-05 1.0573369562e+04 1.5707963268e+00 9.5739537850e-01
8.1344903392e-05 1.0564937814e+04 1.5707963268e+00 9.6193387071e-01
8.1781644305e-05 1.0556449995e+04 1.5707963268e+00 9.6647960137e-01
8.2220221179e-05 1.0547905755e+04 1.5707963268e+00 9.7103263606e-01
8.2660664827e-05 1.0539304741e+04 1.5707963268e+00 9.7559304107e-01
8.3103006799e-05 1.0530646595e+04 1.5707963268e+00 9.8016088342e-01
8.3547279401e-05 1.0521930955e+04 1.5707963268e+00 9.8473623082e-01
8.3993515724e-05 1.0513157456e+04 1.5707963268e+00 9.8931915175e-01
8.4441749670e-05 1.0504325728e+04 1.5707963268e+00 9.9390971543e-01
8.4892015977e-05 1.0495435395e+04 1.5707963268e+00 9.9850799184e-01
8.5344350249e-05 1.0486486079e+04 1.5707963268e+00 1.0031140518e+00
8.5798788984e-05 1.0477477396e+04 1.5707963268e+00 1.0077279667e+00
8.6255369607e-05 1.0468408959e+04 1.5707963268e+00 1.0123498091e+00
8.6714130498e-05 1.0459280374e+04 1.5707963268e+00 1.0169796520e+00
8.7175111030e-05 1.0450091243e+04 1.5707963268e+00 1.0216175695e+00
8.7638351600e-05 1.0440841166e+04 1.5707963268e+00 1.0262636364e+00
8.8103893667e-05 1.0431529735e+04 1.5707963268e+00 1.0309179284e+00
8.8571779790e-05 1.0422156539e+04 1.5707963268e+00 1.0355805221e+00
8.9042053668e-05 1.0412721159e+04 1.5707963268e+00 1.0402514948e+00
8.9514760181e-05 1.0403223176e+04 1.5707963268e+00 1.0449309250e+00
8.9989945433e-05 1.0393662161e+04 1.5707963268e+00 1.0496188919e+00
9.0467656797e-05 1.0384037683e+04 1.5707963268e+00 1.0543154757e+00
9.0947942966e-05 1.0374349304e+04 1.5707963268e+00 1.0590207575e+00
9.1430853999e-05 1.0364596582e+04 1.5707963268e+00 1.0637348194e+00
9.1916441372e-05 1.0354779068e+04 1.5707963268e+00 1.0684577445e+00
9.2404758039e-05 1.0344896310e+04 1.5707963268e+00 1.0731896169e+00
9.2895858482e-05 1.0334947847e+04 1.5707963268e+00 1.0779305216e+00
9.3389798777e-05 1.0324933216e+04 1.5707963268e+00 1.0826805448e+00
9.3886636652e-05 1.0314851945e+04 1.5707963268e+00 1.0874397736e+00
9.4386431558e-05 1.0304703558e+04 1.5707963268e+00 1.0922082962e+00
9.4889244735e-05 1.0294487574e+04 1.5707963268e+00 1.0969862019e+00
9.5395139287e-05 1.0284203503e+04 1.5707963268e+00 1.1017735812e+00
9.5904180258e-05 1.0273850852e+04 1.5707963268e+00 1.1065705256e+00
9.6416434713e-05 1.0263429119e+04 1.5707963268e+00 1.1113771277e+00
9.6931971826e-05 1.0252937799e+04 1.5707963268e+00 1.1161934813e+00
9.7450862963e-05 1.0242376378e+04 1.5707963268e+00 1.1210196816e+00
9.7973181785e-05 1.0231744337e+04 1.5707963268e+00 1.1258558247e+00
9.8499004340e-05 1.0221041149e+04 1.5707963268e+00 1.1307020080e+00
9.9028409172e-05 1.0210266281e+04 1.5707963268e+00 1.1355583303e+00
9.9561477435e-05 1.0199419195e+04 1.5707963268e+00 1.1404248916e+00
1.0009829300e-04 1.0188499344e+04 1.5707963268e+00 1.1453017930e+00
1.0063894259e-04 1.0177506175e+04 1.5707963268e+00 1.1501891371e+00
1.0118351591e-04 1.0166439127e+04 1.5707963268e+00 1.1550870280e+00
1.0173210578e-04 1.0155297633e+04 1.5707963268e+00 1.1599955708e+00
1.0228480827e-04 1.0144081118e+04 1.5707963268e+00 1.1649148722e+00
1.0284172289e-04 1.0132789000e+04 1.5707963268e+00 1.1698450404e+00
1.0340295272e-04 1.0121420691e+04 1.5707963268e+00 1.1747861848e+00
1.0396860461e-04 1.0109975592e+04 1.5707963268e+00 1.1797384165e+00
1.0453878934e-04 1.0098453100e+04 1.5707963268e+00 1.1847018479e+00
1.0511362184e-04 1.0086852601e+04 1.5707963268e+00 1.1896765932e+00
1.0569322140e-04 1.0075173476e+04 1.5707963268e+00 1.1946627678e+00
1.0627771187e-04 1.0063415097e+04 1.5707963268e+00 1.1996604890e+00
1.0686722190e-04 1.0051576826e+04 1.5707963268e+00 1.2046698755e+00
1.0746188525e-04 1.0039658020e+04 1.5707963268e+00 1.2096910477e+00
1.0806184097e-04 1.0027658026e+04 1.5707963268e+00 1.2147241279e+00
1.0866723376e-04 1.0015576182e+04 1.5707963268e+00 1.2197692396e+00
1.0927821423e-04 1.0003411819e+04 1.5707963268e+00 1.2248265087e+00
1.0989493926e-04 9.9911642584e+03 1.5707963268e+00 1.2298960622e+00
1.1051757236e-04 9.9788328136e+03 1.5707963268e+00 1.2349780295e+00
1.1114628400e-04 9.9664167888e+03 1.5707963268e+00 1.2400725415e+00
1.1178125208e-04 9.9539154792e+03 1.5707963268e+00 1.2451797310e+00
1.1242266228e-04 9.9413281713e+03 1.5707963268e+00 1.2502997328e+00
1.1307070863e-04 9.9286541424e+03 1.5707963268e+00 1.2554326837e+00
1.1372559393e-04 9.9158926607e+03 1.5707963268e+00 1.2605787225e+00
1.1438753031e-04 9.9030429852e+03 1.5707963268e+00 1.2657379898e+00
1.1505673986e-04 9.8901043656e+03 1.5707963268e+00 1.2709106286e+00
1.1573345517e-04 9.8770760423e+03 1.5707963268e+00 1.2760967838e+00
1.1641792011e-04 9.8639572462e+03 1.5707963268e+00 1.2812966026e+00
1.1711039049e-04 9.8507471989e+03 1.5707963268e+00 1.2865102342e+00
1.1781113487e-04 9.8374451123e+03 1.5707963268e+00 1.2917378302e+00
1.1852043546e-04 9.8240501892e+03 1.5707963268e+00 1.2969795446e+00
1.1923858902e-04 9.8105616224e+03 1.5707963268e+00 1.3022355334e+00
1.1996590788e-04 9.7969785958e+03 1.5707963268e+00 1.3075059554e+00
1.2070272108e-04 9.7833002833e+03 1.5707963268e+00 1.3127909715e+00
1.2144937556e-04 9.7695258499e+03 1.5707963268e+00 1.3180907452e+00
1.2220623746e-04 9.7556544509e+03 1.5707963268e+00 1.3234054426e+00
1.2297369361e-04 9.7416852328e+03 1.5707963268e+00 1.3287352323e+00
1.2375215308e-04 9.7276173326e+03 1.5707963268e+00 1.3340802856e+00
1.2454204894e-04 9.7134498789e+03 1.5707963268e+00 1.3394407763e+00
1.2534384015e-04 9.6991819914e+03 1.5707963268e+00 1.3448168813e+00
1.2615801370e-04 9.6848127815e+03 1.5707963268e+00 1.3502087800e+00
1.2698508687e-04 9.6703413526e+03 1.5707963268e+00 1.3556166547e+00
1.2782560988e-04 9.6557668006e+03 1.5707963268e+00 1.3610406907e+00
1.2868016867e-04 9.6410882139e+03 1.5707963268e+00 1.3664810763e+00
1.2954938809e-04 9.6263046747e+03 1.5707963268e+00 1.3719380027e+00
1.3043393540e-04 9.6114152591e+03 1.5707963268e+00 1.3774116643e+00
1.3133452421e-04 9.5964190381e+03 1.5707963268e+00 1.3829022586e+00
1.3225191884e-04 9.5813150784e+03 1.5707963268e+00 1.3884099863e+00
1.3318693927e-04 9.5661024435e+03 1.5707963268e+00 1.3939350514e+00
1.3414046661e-04 9.5507801951e+03 1.5707963268e+00 1.3994776613e+00
1.3511344936e-04 9.5353473942e+03 1.5707963268e+00 1.4050380265e+00
1.3610691044e-04 9.5198031031e+03 1.5707963268e+00 1.4106163615e+00
1.3712195513e-04 9.5041463871e+03 1.5707963268e+00 1.4162128837e+00
1.3815978018e-04 9.4883763169e+03 1.5707963268e+00 1.4218278146e+00
1.3922168410e-04 9.4724919716e+03 1.5707963268e+00 1.4274613790e+00
1.4030907907e-04 9.4564924411e+03 1.5707963268e+00 1.4331138055e+00
1.4142350448e-04 9.4403768304e+03 1.5707963268e+00 1.4387853265e+00
1.4256664269e-04 9.4241442638e+03 1.5707963268e+00 1.4444761781e+00
1.4374033723e-04 9.4077938896e+03 1.5707963268e+00 1.4501866004e+00
1.4494661393e-04 9.3913248868e+03 1.5707963268e+00 1.4559168372e+00
1.4618770575e-04 9.3747364715e+03 1.5707963268e+00 1.4616671364e+00
1.4746608187e-04 9.3580279060e+03 1.5707963268e+00 1.4674377497e+00
1.4878448204e-04 9.3411985086e+03 1.5707963268e+00 1.4732289329e+00
1.5014595750e-04 9.3242476660e+03 1.5707963268e+00 1.4790409458e+00
1.5155391977e-04 9.3071748477e+03 1.5707963268e+00 1.4848740520e+00
1.5301219945e-04 9.2899796245e+03 1.5707963268e+00 1.4907285191e+00
1.5452511739e-04 9.2726616894e+03 1.5707963268e+00 1.4966046188e+00
1.5609757163e-04 9.2552208853e+03 1.5707963268e+00 1.5025026264e+00
1.5773514439e-04 9.2376572377e+03 1.5707963268e+00 1.5084228209e+00
1.5944423492e-04 9.2199709962e+03 1.5707963268e+00 1.5143654850e+00
1.6123222609e-04 9.2021626871e+03 1.5707963268e+00 1.5203309045e+00
1.6310769541e-04 9.1842331791e+03 1.5707963268e+00 1.5263193683e+00
1.6508068568e-04 9.1661837692e+03 1.5707963268e+00 1.5323311679e+00
1.6716305618e-04 9.1480162939e+03 1.5707963268e+00 1.5383665971e+00
1.6936894525e-04 9.1297332753e+03 1.5707963268e+00 1.5444259508e+00
1.7171538899e-04 9.1113381175e+03 1.5707963268e+00 1.5505095248e+00
1.7422316363e-04 9.0928353738e+03 1.5707963268e+00 1.5566176138e+00
1.7691795540e-04 9.0742311172e+03 1.5707963268e+00 1.5627505107e+00
1.7983202256e-04 9.0555334664e+03 1.5707963268e+00 1.5689085039e+00
1.8300661883e-04 9.0367533494e+03 1.5707963268e+00 1.5750918744e+00
1.8649563522e-04 9.0179056477e+03 1.5707963268e+00 1.5813008920e+00
1.9037127054e-04 8.9990109655e+03 1.5707963268e+00 1.5875358097e+00
1.9473324182e-04 8.9800984822e+03 1.5707963268e+00 1.5937968546e+00
1.9972453218e-04 8.9612107738e+03 1.5707963268e+00 1.6000842162e+00
2.0556008702e-04 8.9424124726e+03 1.5707963268e+00 1.6063980260e+00
2.1258353800e-04 8.9238070351e+03 1.5707963268e+00 1.6127383253e+00
2.2139213389e-04 8.9055726207e+03 1.5707963268e+00 1.6191050076e+00
2.3315710095e-04 8.8880502136e+03 1.5707963268e+00 1.6254977086e+00
2.5066266046e-04 8.8720103664e+03 1.5707963268e+00 1.6319155659e+00
