0.0000000000e+00 9.8454844662e+03 1.5707963268e+00 0.0000000000e+00
4.6992501152e-07 9.8454844662e+03 1.5707963268e+00 -4.5045045045e-03
9.3985002304e-07 9.8454142766e+03 1.5707963268e+00 -9.0090090090e-03
1.4098054905e-06 9.8452738997e+03 1.5707963268e+00 -1.3513577740e-02
1.8798218775e-06 9.8450633343e+03 1.5707963268e+00 -1.8018274924e-02
2.3499296702e-06 9.8447825758e+03 1.5707963268e+00 -2.2523164796e-02
2.8201593918e-06 9.8444316163e+03 1.5707963268e+00 -2.7028311606e-02
3.2905416173e-06 9.8440104444e+03 1.5707963268e+00 -3.1533779627e-02
3.7611069881e-06 9.8435190451e+03 1.5707963268e+00 -3.6039633160e-02
4.2318862271e-06 9.8429574003e+03 1.5707963268e+00 -4.0545936545e-02
4.7029101537e-06 9.8423254882e+03 1.5707963268e+00 -4.5052754166e-02
5.1742096983e-06 9.8416232837e+03 1.5707963268e+00 -4.9560150456e-02
5.6458159181e-06 9.8408507583e+03 1.5707963268e+00 -5.4068189911e-02
6.1177600120e-06 9.8400078800e+03 1.5707963268e+00 -5.8576937089e-02
6.5900733364e-06 9.8390946133e+03 1.5707963268e+00 -6.3086456624e-02
7.0627874208e-06 9.8381109195e+03 1.5707963268e+00 -6.7596813231e-02
7.5359339833e-06 9.8370567562e+03 1.5707963268e+00 -7.2108071711e-02
8.0095449476e-06 9.8359320777e+03 1.5707963268e+00 -7.6620296962e-02
8.4836524583e-06 9.8347368347e+03 1.5707963268e+00 -8.1133553986e-02
8.9582888986e-06 9.8334709745e+03 1.5707963268e+00 -8.5647907895e-02
9.4334869062e-06 9.8321344411e+03 1.5707963268e+00 -9.0163423917e-02
9.9092793915e-06 9.8307271748e+03 1.5707963268e+00 -9.4680167407e-02
1.0385699555e-05 9.8292491123e+03 1.5707963268e+00 -9.9198203854e-02
1.0862780904e-05 9.8277001872e+03 1.5707963268e+00 -1.0371759889e-01
1.1340557273e-05 9.8260803293e+03 1.5707963268e+00 -1.0823841828e-01
1.1819062841e-05 9.8243894648e+03 1.5707963268e+00 -1.1276072797e-01
1.2298332152e-05 9.8226275167e+03 1.5707963268e+00 -1.1728459405e-01
1.2778400132e-05 9.8207944042e+03 1.5707963268e+00 -1.2181008279e-01
1.3259302114e-05 9.8188900429e+03 1.5707963268e+00 -1.2633726063e-01
1.3741073853e-05 9.8169143452e+03 1.5707963268e+00 -1.3086619422e-01
1.4223751552e-05 9.8148672194e+03 1.5707963268e+00 -1.3539695037e-01
1.4707371881e-05 9.8127485705e+03 1.5707963268e+00 -1.3992959613e-01
1.5191971999e-05 9.8105583000e+03 1.5707963268e+00 -1.4446419873e-01
1.5677589583e-05 9.8082963055e+03 1.5707963268e+00 -1.4900082564e-01
1.6164262843e-05 9.8059624811e+03 1.5707963268e+00 -1.5353954454e-01
1.6652030555e-05 9.8035567172e+03 1.5707963268e+00 -1.5808042337e-01
1.7140932079e-05 9.8010789006e+03 1.5707963268e+00 -1.6262353028e-01
1.7631007392e-05 9.7985289144e+03 1.5707963268e+00 -1.6716893371e-01
1.8122297111e-05 9.7959066377e+03 1.5707963268e+00 -1.7171670233e-01
1.8614842523e-05 9.7932119463e+03 1.5707963268e+00 -1.7626690508e-01
1.9108685610e-05 9.7904447120e+03 1.5707963268e+00 -1.8081961121e-01
1.9603869088e-05 9.7876048028e+03 1.5707963268e+00 -1.8537489023e-01
2.0100436429e-05 9.7846920831e+03 1.5707963268e+00 -1.8993281194e-01
2.0598431896e-05 9.7817064133e+03 1.5707963268e+00 -1.9449344646e-01
2.1097900582e-05 9.7786476500e+03 1.5707963268e+00 -1.9905686421e-01
2.1598888437e-05 9.7755156459e+03 1.5707963268e+00 -2.0362313595e-01
2.2101442309e-05 9.7723102501e+03 1.5707963268e+00 -2.0819233275e-01
2.2605609981e-05 9.7690313073e+03 1.5707963268e+00 -2.1276452603e-01
2.3111440209e-05 9.7656786587e+03 1.5707963268e+00 -2.1733978757e-01
2.3618982765e-05 9.7622521413e+03 1.5707963268e+00 -2.2191818949e-01
2.4128288476e-05 9.7587515882e+03 1.5707963268e+00 -2.2649980429e-01
2.4639409274e-05 9.7551768285e+03 1.5707963268e+00 -2.3108470484e-01
2.5152398235e-05 9.7515276872e+03 1.5707963268e+00 -2.3567296441e-01
2.5667309635e-05 9.7478039853e+03 1.5707963268e+00 -2.4026465667e-01
2.6184198994e-05 9.7440055397e+03 1.5707963268e+00 -2.4485985567e-01
2.6703123131e-05 9.7401321630e+03 1.5707963268e+00 -2.4945863592e-01
2.7224140222e-05 9.7361836640e+03 1.5707963268e+00 -2.5406107232e-01
2.7747309852e-05 9.7321598470e+03 1.5707963268e+00 -2.5866724024e-01
2.8272693080e-05 9.7280605122e+03 1.5707963268e+00 -2.6327721547e-01
2.8800352501e-05 9.7238854556e+03 1.5707963268e+00 -2.6789107429e-01
2.9330352308e-05 9.7196344688e+03 1.5707963268e+00 -2.7250889343e-01
2.9862758369e-05 9.7153073391e+03 1.5707963268e+00 -2.7713075011e-01
3.0397638294e-05 9.7109038497e+03 1.5707963268e+00 -2.8175672204e-01
3.0935061511e-05 9.7064237791e+03 1.5707963268e+00 -2.8638688744e-01
3.1475099352e-05 9.7018669016e+03 1.5707963268e+00 -2.9102132505e-01
3.2017825131e-05 9.6972329870e+03 1.5707963268e+00 -2.9566011411e-01
3.2563314236e-05 9.6925218005e+03 1.5707963268e+00 -3.0030333444e-01
3.3111644220e-05 9.6877331030e+03 1.5707963268e+00 -3.0495106637e-01
3.3662894904e-05 9.6828666507e+03 1.5707963268e+00 -3.0960339084e-01
3.4217148473e-05 9.6779221953e+03 1.5707963268e+00 -3.1426038932e-01
3.4774489594e-05 9.6728994837e+03 1.5707963268e+00 -3.1892214389e-01
3.5335005522e-05 9.6677982584e+03 1.5707963268e+00 -3.2358873725e-01
3.5898786228e-05 9.6626182571e+03 1.5707963268e+00 -3.2826025267e-01
3.6465924525e-05 9.6573592127e+03 1.5707963268e+00 -3.3293677408e-01
3.7036516205e-05 9.6520208533e+03 1.5707963268e+00 -3.3761838605e-01
3.7610660180e-05 9.6466029025e+03 1.5707963268e+00 -3.4230517378e-01
3.8188458634e-05 9.6411050787e+03 1.5707963268e+00 -3.4699722317e-01
3.8770017187e-05 9.6355270955e+03 1.5707963268e+00 -3.5169462077e-01
3.9355445064e-05 9.6298686618e+03 1.5707963268e+00 -3.5639745385e-01
3.9944855274e-05 9.6241294814e+03 1.5707963268e+00 -3.6110581038e-01
4.0538364804e-05 9.6183092530e+03 1.5707963268e+00 -3.6581977906e-01
4.1136094821e-05 9.6124076705e+03 1.5707963268e+00 -3.7053944931e-01
4.1738170893e-05 9.6064244227e+03 1.5707963268e+00 -3.7526491133e-01
4.2344723213e-05 9.6003591931e+03 1.5707963268e+00 -3.7999625609e-01
4.2955886853e-05 9.5942116605e+03 1.5707963268e+00 -3.8473357533e-01
4.3571802018e-05 9.5879814980e+03 1.5707963268e+00 -3.8947696159e-01
4.4192614330e-05 9.5816683741e+03 1.5707963268e+00 -3.9422650825e-01
4.4818475125e-05 9.5752719517e+03 1.5707963268e+00 -3.9898230951e-01
4.5449541770e-05 9.5687918886e+03 1.5707963268e+00 -4.0374446041e-01
4.6085978008e-05 9.5622278374e+03 1.5707963268e+00 -4.0851305689e-01
4.6727954317e-05 9.5555794454e+03 1.5707963268e+00 -4.1328819574e-01
4.7375648305e-05 9.5488463545e+03 1.5707963268e+00 -4.1806997467e-01
4.8029245128e-05 9.5420282014e+03 1.5707963268e+00 -4.2285849231e-01
4.8688937940e-05 9.5351246175e+03 1.5707963268e+00 -4.2765384824e-01
4.9354928377e-05 9.5281352288e+03 1.5707963268e+00 -4.3245614297e-01
5.0027427079e-05 9.5210596561e+03 1.5707963268e+00 -4.3726547801e-01
5.0706654245e-05 9.5138975148e+03 1.5707963268e+00 -4.4208195585e-01
5.1392840245e-05 9.5066484150e+03 1.5707963268e+00 -4.4690568001e-01
5.2086226267e-05 9.4993119616e+03 1.5707963268e+00 -4.5173675503e-01
5.2787065028e-05 9.4918877540e+03 1.5707963268e+00 -4.5657528650e-01
5.3495621529e-05 9.4843753867e+03 1.5707963268e+00 -4.6142138110e-01
5.4212173892e-05 9.4767744487e+03 1.5707963268e+00 -4.6627514660e-01
5.4937014249e-05 9.4690845242e+03 1.5707963268e+00 -4.7113669188e-01
5.5670449723e-05 9.4613051920e+03 1.5707963268e+00 -4.7600612695e-01
5.6412803485e-05 9.4534360263e+03 1.5707963268e+00 -4.8088356300e-01
5.7164415912e-05 9.4454765960e+03 1.5707963268e+00 -4.8576911238e-01
5.7925645848e-05 9.4374264656e+03 1.5707963268e+00 -4.9066288865e-01
5.8696871982e-05 9.4292851949e+03 1.5707963268e+00 -4.9556500659e-01
5.9478494355e-05 9.4210523390e+03 1.5707963268e+00 -5.0047558224e-01
6.0270936019e-05 9.4127274491e+03 1.5707963268e+00 -5.0539473288e-01
6.1074644847e-05 9.4043100721e+03 1.5707963268e+00 -5.1032257712e-01
6.1890095538e-05 9.3957997511e+03 1.5707963268e+00 -5.1525923485e-01
6.2717791817e-05 9.3871960259e+03 1.5707963268e+00 -5.2020482733e-01
6.3558268871e-05 9.3784984328e+03 1.5707963268e+00 -5.2515947715e-01
6.4412096039e-05 9.3697065055e+03 1.5707963268e+00 -5.3012330832e-01
6.5279879800e-05 9.3608197753e+03 1.5707963268e+00 -5.3509644623e-01
6.6162267094e-05 9.3518377717e+03 1.5707963268e+00 -5.4007901772e-01
6.7059949014e-05 9.3427600227e+03 1.5707963268e+00 -5.4507115108e-01
6.7973664937e-05 9.3335860560e+03 1.5707963268e+00 -5.5007297608e-01
6.8904207143e-05 9.3243153992e+03 1.5707963268e+00 -5.5508462400e-01
6.9852425998e-05 9.3149475809e+03 1.5707963268e+00 -5.6010622764e-01
7.0819235785e-05 9.3054821318e+03 1.5707963268e+00 -5.6513792134e-01
7.1805621286e-05 9.2959185858e+03 1.5707963268e+00 -5.7017984102e-01
7.2812645231e-05 9.2862564811e+03 1.5707963268e+00 -5.7523212419e-01
7.3841456745e-05 9.2764953621e+03 1.5707963268e+00 -5.8029490997e-01
7.4893300984e-05 9.2666347810e+03 1.5707963268e+00 -5.8536833910e-01
7.5969530130e-05 9.2566742997e+03 1.5707963268e+00 -5.9045255397e-01
7.7071616018e-05 9.2466134925e+03 1.5707963268e+00 -5.9554769865e-01
7.8201164658e-05 9.2364519486e+03 1.5707963268e+00 -6.0065391885e-01
7.9359933036e-05 9.2261892758e+03 1.5707963268e+00 -6.0577136199e-01
8.0549848609e-05 9.2158251036e+03 1.5707963268e+00 -6.1090017716e-01
8.1773032053e-05 9.2053590884e+03 1.5707963268e+00 -6.1604051518e-01
8.3031823903e-05 9.1947909186e+03 1.5707963268e+00 -6.2119252851e-01
8.4328815952e-05 9.1841203207e+03 1.5707963268e+00 -6.2635637133e-01
8.5666888422e-05 9.1733470672e+03 1.5707963268e+00 -6.3153219948e-01
8.7049254254e-05 9.1624709854e+03 1.5707963268e+00 -6.3672017043e-01
8.8479512203e-05 9.1514919684e+03 1.5707963268e+00 -6.4192044329e-01
8.9961710913e-05 9.1404099884e+03 1.5707963268e+00 -6.4713317870e-01
9.1500426808e-05 9.1292251128e+03 1.5707963268e+00 -6.5235853881e-01
9.3100859525e-05 9.1179375242e+03 1.5707963268e+00 -6.5759668719e-01
9.4768949833e-05 9.1065475451e+03 1.5707963268e+00 -6.6284778871e-01
9.6511526670e-05 9.0950556686e+03 1.5707963268e+00 -6.6811200941e-01
9.8336492358e-05 9.0834625977e+03 1.5707963268e+00 -6.7338951632e-01
1.0025305846e-04 9.0717692949e+03 1.5707963268e+00 -6.7868047725e-01
1.0227204981e-04 9.0599770467e+03 1.5707963268e+00 -6.8398506047e-01
1.0440630162e-04 9.0480875475e+03 1.5707963268e+00 -6.8930343439e-01
1.0667118600e-04 9.0361030111e+03 1.5707963268e+00 -6.9463576701e-01
1.0908532155e-04 9.0240263212e+03 1.5707963268e+00 -6.9998222539e-01
1.1167154789e-04 9.0118612374e+03 1.5707963268e+00 -7.0534297478e-01
1.1445829219e-04 8.9996126841e+03 1.5707963268e+00 -7.1071817757e-01
1.1748153247e-04 8.9872871638e+03 1.5707963268e+00 -7.1610799188e-01
1.2078769727e-04 8.9748933659e+03 1.5707963268e+00 -7.2151256955e-01
1.2443808952e-04 8.9624430901e+03 1.5707963268e+00 -7.2693205344e-01
1.2851589908e-04 8.9499527000e+03 1.5707963268e+00 -7.3236657351e-01
1.3313784145e-04 8.9374455132e+03 1.5707963268e+00 -7.3781624108e-01
1.3847459435e-04 8.9249559450e+03 1.5707963268e+00 -7.4328114001e-01
1.4478931298e-04 8.9125371843e+03 1.5707963268e+00 -7.4876131271e-01
1.5251719973e-04 8.9002766781e+03 1.5707963268e+00 -7.5425673635e-01
1.6245174537e-04 8.8883311472e+03 1.5707963268e+00 -7.5976727951e-01
1.7626761114e-04 8.8770198539e+03 1.5707963268e+00 -7.6529261465e-01
