0.0000000000e+00 1.0377672816e+04 1.5707963268e+00 0.0000000000e+00
3.8808949224e-07 1.0377672816e+04 1.5707963268e+00 -4.2735042735e-03
7.7617898448e-07 1.0377619360e+04 1.5707963268e+00 -8.5470085470e-03
1.1642802360e-06 1.0377512449e+04 1.5707963268e+00 -1.2820556847e-02
1.5524050074e-06 1.0377352081e+04 1.5707963268e+00 -1.7094193199e-02
1.9405650640e-06 1.0377138254e+04 1.5707963268e+00 -2.1367961636e-02
2.3287721784e-06 1.0376870961e+04 1.5707963268e+00 -2.5641906197e-02
2.7170381334e-06 1.0376550196e+04 1.5707963268e+00 -2.9916070932e-02
3.1053747255e-06 1.0376175948e+04 1.5707963268e+00 -3.4190499910e-02
3.4937937673e-06 1.0375748207e+04 1.5707963268e+00 -3.8465237217e-02
3.8823070906e-06 1.0375266957e+04 1.5707963268e+00 -4.2740326962e-02
4.2709265499e-06 1.0374732185e+04 1.5707963268e+00 -4.7015813283e-02
4.6596640247e-06 1.0374143870e+04 1.5707963268e+00 -5.1291740347e-02
5.0485314229e-06 1.0373501995e+04 1.5707963268e+00 -5.5568152356e-02
5.4375406841e-06 1.0372806536e+04 1.5707963268e+00 -5.9845093551e-02
5.8267037820e-06 1.0372057469e+04 1.5707963268e+00 -6.4122608214e-02
6.2160327281e-06 1.0371254769e+04 1.5707963268e+00 -6.8400740674e-02
6.6055395746e-06 1.0370398406e+04 1.5707963268e+00 -7.2679535309e-02
6.9952364173e-06 1.0369488350e+04 1.5707963268e+00 -7.6959036551e-02
7.3851353994e-06 1.0368524569e+04 1.5707963268e+00 -8.1239288890e-02
7.7752487138e-06 1.0367507028e+04 1.5707963268e+00 -8.5520336875e-02
8.1655886073e-06 1.0366435691e+04 1.5707963268e+00 -8.9802225123e-02
8.5561673830e-06 1.0365310517e+04 1.5707963268e+00 -9.4084998318e-02
8.9469974042e-06 1.0364131467e+04 1.5707963268e+00 -9.8368701218e-02
9.3380910975e-06 1.0362898498e+04 1.5707963268e+00 -1.0265337866e-01
9.7294609562e-06 1.0361611563e+04 1.5707963268e+00 -1.0693907555e-01
1.0121119544e-05 1.0360270615e+04 1.5707963268e+00 -1.1122583690e-01
1.0513079497e-05 1.0358875605e+04 1.5707963268e+00 -1.1551370779e-01
1.0905353530e-05 1.0357426482e+04 1.5707963268e+00 -1.1980273340e-01
1.1297954438e-05 1.0355923190e+04 1.5707963268e+00 -1.2409295901e-01
1.1690895100e-05 1.0354365675e+04 1.5707963268e+00 -1.2838443000e-01
1.2084188483e-05 1.0352753878e+04 1.5707963268e+00 -1.3267719185e-01
1.2477847646e-05 1.0351087739e+04 1.5707963268e+00 -1.3697129016e-01
1.2871885743e-05 1.0349367194e+04 1.5707963268e+00 -1.4126677062e-01
1.3266316029e-05 1.0347592180e+04 1.5707963268e+00 -1.4556367906e-01
1.3661151860e-05 1.0345762629e+04 1.5707963268e+00 -1.4986206142e-01
1.4056406701e-05 1.0343878472e+04 1.5707963268e+00 -1.5416196377e-01
1.4452094127e-05 1.0341939637e+04 1.5707963268e+00 -1.5846343231e-01
1.4848227831e-05 1.0339946051e+04 1.5707963268e+00 -1.6276651336e-01
1.5244821624e-05 1.0337897639e+04 1.5707963268e+00 -1.6707125340e-01
1.5641889441e-05 1.0335794321e+04 1.5707963268e+00 -1.7137769903e-01
1.6039445346e-05 1.0333636017e+04 1.5707963268e+00 -1.7568589702e-01
1.6437503536e-05 1.0331422646e+04 1.5707963268e+00 -1.7999589426e-01
1.6836078346e-05 1.0329154121e+04 1.5707963268e+00 -1.8430773784e-01
1.7235184253e-05 1.0326830355e+04 1.5707963268e+00 -1.8862147496e-01
1.7634835881e-05 1.0324451259e+04 1.5707963268e+00 -1.9293715302e-01
1.8035048007e-05 1.0322016741e+04 1.5707963268e+00 -1.9725481957e-01
1.8435835564e-05 1.0319526707e+04 1.5707963268e+00 -2.0157452234e-01
1.8837213648e-05 1.0316981059e+04 1.5707963268e+00 -2.0589630924e-01
1.9239197521e-05 1.0314379700e+04 1.5707963268e+00 -2.1022022836e-01
1.9641802620e-05 1.0311722528e+04 1.5707963268e+00 -2.1454632797e-01
2.0045044558e-05 1.0309009438e+04 1.5707963268e+00 -2.1887465655e-01
2.0448939135e-05 1.0306240326e+04 1.5707963268e+00 -2.2320526276e-01
2.0853502338e-05 1.0303415081e+04 1.5707963268e+00 -2.2753819547e-01
2.1258750352e-05 1.0300533594e+04 1.5707963268e+00 -2.3187350375e-01
2.1664699562e-05 1.0297595751e+04 1.5707963268e+00 -2.3621123687e-01
2.2071366563e-05 1.0294601436e+04 1.5707963268e+00 -2.4055144435e-01
2.2478768163e-05 1.0291550531e+04 1.5707963268e+00 -2.4489417591e-01
2.2886921391e-05 1.0288442914e+04 1.5707963268e+00 -2.4923948149e-01
2.3295843506e-05 1.0285278463e+04 1.5707963268e+00 -2.5358741127e-01
2.3705552001e-05 1.0282057051e+04 1.5707963268e+00 -2.5793801566e-01
2.4116064610e-05 1.0278778551e+04 1.5707963268e+00 -2.6229134532e-01
2.4527399318e-05 1.0275442830e+04 1.5707963268e+00 -2.6664745116e-01
2.4939574366e-05 1.0272049755e+04 1.5707963268e+00 -2.7100638433e-01
2.5352608260e-05 1.0268599191e+04 1.5707963268e+00 -2.7536819624e-01
2.5766519779e-05 1.0265090998e+04 1.5707963268e+00 -2.7973293858e-01
2.6181327985e-05 1.0261525035e+04 1.5707963268e+00 -2.8410066328e-01
2.6597052226e-05 1.0257901157e+04 1.5707963268e+00 -2.8847142256e-01
2.7013712152e-05 1.0254219218e+04 1.5707963268e+00 -2.9284526893e-01
2.7431327719e-05 1.0250479068e+04 1.5707963268e+00 -2.9722225517e-01
2.7849919200e-05 1.0246680555e+04 1.5707963268e+00 -3.0160243436e-01
2.8269507194e-05 1.0242823523e+04 1.5707963268e+00 -3.0598585986e-01
2.8690112637e-05 1.0238907816e+04 1.5707963268e+00 -3.1037258536e-01
2.9111756811e-05 1.0234933272e+04 1.5707963268e+00 -3.1476266485e-01
2.9534461358e-05 1.0230899728e+04 1.5707963268e+00 -3.1915615262e-01
2.9958248284e-05 1.0226807017e+04 1.5707963268e+00 -3.2355310331e-01
3.0383139977e-05 1.0222654971e+04 1.5707963268e+00 -3.2795357185e-01
3.0809159216e-05 1.0218443417e+04 1.5707963268e+00 -3.3235761355e-01
3.1236329183e-05 1.0214172181e+04 1.5707963268e+00 -3.3676528401e-01
3.1664673475e-05 1.0209841084e+04 1.5707963268e+00 -3.4117663923e-01
3.2094216119e-05 1.0205449945e+04 1.5707963268e+00 -3.4559173553e-01
3.2524981582e-05 1.0200998582e+04 1.5707963268e+00 -3.5001062959e-01
3.2956994788e-05 1.0196486806e+04 1.5707963268e+00 -3.5443337848e-01
3.3390281131e-05 1.0191914427e+04 1.5707963268e+00 -3.5886003962e-01
3.3824866489e-05 1.0187281254e+04 1.5707963268e+00 -3.6329067083e-01
3.4260777240e-05 1.0182587088e+04 1.5707963268e+00 -3.6772533030e-01
3.4698040280e-05 1.0177831732e+04 1.5707963268e+00 -3.7216407665e-01
3.5136683035e-05 1.0173014983e+04 1.5707963268e+00 -3.7660696886e-01
3.5576733481e-05 1.0168136634e+04 1.5707963268e+00 -3.8105406634e-01
3.6018220163e-05 1.0163196477e+04 1.5707963268e+00 -3.8550542893e-01
3.6461172210e-05 1.0158194300e+04 1.5707963268e+00 -3.8996111688e-01
3.6905619355e-05 1.0153129886e+04 1.5707963268e+00 -3.9442119088e-01
3.7351591957e-05 1.0148003018e+04 1.5707963268e+00 -3.9888571207e-01
3.7799121020e-05 1.0142813473e+04 1.5707963268e+00 -4.0335474201e-01
3.8248238214e-05 1.0137561025e+04 1.5707963268e+00 -4.0782834274e-01
3.8698975897e-05 1.0132245445e+04 1.5707963268e+00 -4.1230657678e-01
3.9151367139e-05 1.0126866501e+04 1.5707963268e+00 -4.1678950710e-01
3.9605445746e-05 1.0121423956e+04 1.5707963268e+00 -4.2127719716e-01
4.0061246284e-05 1.0115917571e+04 1.5707963268e+00 -4.2576971092e-01
4.0518804107e-05 1.0110347103e+04 1.5707963268e+00 -4.3026711282e-01
4.0978155381e-05 1.0104712304e+04 1.5707963268e+00 -4.3476946783e-01
4.1439337114e-05 1.0099012924e+04 1.5707963268e+00 -4.3927684144e-01
4.1902387187e-05 1.0093248709e+04 1.5707963268e+00 -4.4378929965e-01
4.2367344381e-05 1.0087419402e+04 1.5707963268e+00 -4.4830690902e-01
4.2834248411e-05 1.0081524739e+04 1.5707963268e+00 -4.5282973663e-01
4.3303139960e-05 1.0075564455e+04 1.5707963268e+00 -4.5735785015e-01
4.3774060710e-05 1.0069538282e+04 1.5707963268e+00 -4.6189131778e-01
4.4247053385e-05 1.0063445945e+04 1.5707963268e+00 -4.6643020833e-01
4.4722161781e-05 1.0057287167e+04 1.5707963268e+00 -4.7097459117e-01
4.5199430810e-05 1.0051061668e+04 1.5707963268e+00 -4.7552453629e-01
4.5678906544e-05 1.0044769160e+04 1.5707963268e+00 -4.8008011428e-01
4.6160636249e-05 1.0038409355e+04 1.5707963268e+00 -4.8464139635e-01
4.6644668441e-05 1.0031981960e+04 1.5707963268e+00 -4.8920845433e-01
4.7131052925e-05 1.0025486675e+04 1.5707963268e+00 -4.9378136070e-01
4.7619840849e-05 1.0018923200e+04 1.5707963268e+00 -4.9836018860e-01
4.8111084755e-05 1.0012291228e+04 1.5707963268e+00 -5.0294501183e-01
4.8604838630e-05 1.0005590447e+04 1.5707963268e+00 -5.0753590485e-01
4.9101157970e-05 9.9988205435e+03 1.5707963268e+00 -5.1213294284e-01
4.9600099831e-05 9.9919811971e+03 1.5707963268e+00 -5.1673620164e-01
5.0101722899e-05 9.9850720838e+03 1.5707963268e+00 -5.2134575785e-01
5.0606087551e-05 9.9780928750e+03 1.5707963268e+00 -5.2596168876e-01
5.1113255926e-05 9.9710432376e+03 1.5707963268e+00 -5.3058407241e-01
5.1623291998e-05 9.9639228335e+03 1.5707963268e+00 -5.3521298759e-01
5.2136261652e-05 9.9567313203e+03 1.5707963268e+00 -5.3984851387e-01
5.2652232761e-05 9.9494683506e+03 1.5707963268e+00 -5.4449073157e-01
5.3171275276e-05 9.9421335721e+03 1.5707963268e+00 -5.4913972184e-01
5.3693461310e-05 9.9347266279e+03 1.5707963268e+00 -5.5379556661e-01
5.4218865235e-05 9.9272471559e+03 1.5707963268e+00 -5.5845834864e-01
5.4747563778e-05 9.9196947892e+03 1.5707963268e+00 -5.6312815152e-01
5.5279636128e-05 9.9120691557e+03 1.5707963268e+00 -5.6780505972e-01
5.5815164043e-05 9.9043698783e+03 1.5707963268e+00 -5.7248915853e-01
5.6354231967e-05 9.8965965746e+03 1.5707963268e+00 -5.7718053416e-01
5.6896927154e-05 9.8887488572e+03 1.5707963268e+00 -5.8187927372e-01
5.7443339795e-05 9.8808263333e+03 1.5707963268e+00 -5.8658546520e-01
5.7993563157e-05 9.8728286046e+03 1.5707963268e+00 -5.9129919756e-01
5.8547693728e-05 9.8647552676e+03 1.5707963268e+00 -5.9602056069e-01
5.9105831368e-05 9.8566059133e+03 1.5707963268e+00 -6.0074964545e-01
5.9668079477e-05 9.8483801271e+03 1.5707963268e+00 -6.0548654368e-01
6.0234545162e-05 9.8400774889e+03 1.5707963268e+00 -6.1023134822e-01
6.0805339425e-05 9.8316975728e+03 1.5707963268e+00 -6.1498415294e-01
6.1380577354e-05 9.8232399475e+03 1.5707963268e+00 -6.1974505274e-01
6.1960378336e-05 9.8147041756e+03 1.5707963268e+00 -6.2451414358e-01
6.2544866268e-05 9.8060898140e+03 1.5707963268e+00 -6.2929152249e-01
6.3134169801e-05 9.7973964139e+03 1.5707963268e+00 -6.3407728761e-01
6.3728422583e-05 9.7886235204e+03 1.5707963268e+00 -6.3887153818e-01
6.4327763530e-05 9.7797706725e+03 1.5707963268e+00 -6.4367437460e-01
6.4932337109e-05 9.7708374035e+03 1.5707963268e+00 -6.4848589840e-01
6.5542293637e-05 9.7618232402e+03 1.5707963268e+00 -6.5330621232e-01
6.6157789616e-05 9.7527277036e+03 1.5707963268e+00 -6.5813542027e-01
6.6778988069e-05 9.7435503084e+03 1.5707963268e+00 -6.6297362741e-01
6.7406058921e-05 9.7342905630e+03 1.5707963268e+00 -6.6782094014e-01
6.8039179393e-05 9.7249479696e+03 1.5707963268e+00 -6.7267746611e-01
6.8678534432e-05 9.7155220241e+03 1.5707963268e+00 -6.7754331429e-01
6.9324317170e-05 9.7060122160e+03 1.5707963268e+00 -6.8241859496e-01
6.9976729419e-05 9.6964180286e+03 1.5707963268e+00 -6.8730341974e-01
7.0635982204e-05 9.6867389386e+03 1.5707963268e+00 -6.9219790161e-01
7.1302296334e-05 9.6769744164e+03 1.5707963268e+00 -6.9710215494e-01
7.1975903025e-05 9.6671239261e+03 1.5707963268e+00 -7.0201629555e-01
7.2657044563e-05 9.6571869252e+03 1.5707963268e+00 -7.0694044066e-01
7.3345975034e-05 9.6471628650e+03 1.5707963268e+00 -7.1187470900e-01
7.4042961098e-05 9.6370511902e+03 1.5707963268e+00 -7.1681922078e-01
7.4748282845e-05 9.6268513394e+03 1.5707963268e+00 -7.2177409774e-01
7.5462234710e-05 9.6165627448e+03 1.5707963268e+00 -7.2673946318e-01
7.6185126479e-05 9.6061848323e+03 1.5707963268e+00 -7.3171544198e-01
7.6917284375e-05 9.5957170218e+03 1.5707963268e+00 -7.3670216064e-01
7.7659052249e-05 9.5851587271e+03 1.5707963268e+00 -7.4169974731e-01
7.8410792874e-05 9.5745093559e+03 1.5707963268e+00 -7.4670833180e-01
7.9172889366e-05 9.5637683103e+03 1.5707963268e+00 -7.5172804563e-01
7.9945746735e-05 9.5529349868e+03 1.5707963268e+00 -7.5675902207e-01
8.0729793590e-05 9.5420087764e+03 1.5707963268e+00 -7.6180139616e-01
8.1525484011e-05 9.5309890651e+03 1.5707963268e+00 -7.6685530471e-01
8.2333299614e-05 9.5198752338e+03 1.5707963268e+00 -7.7192088641e-01
8.3153751820e-05 9.5086666590e+03 1.5707963268e+00 -7.7699828179e-01
8.3987384371e-05 9.4973627130e+03 1.5707963268e+00 -7.8208763329e-01
8.4834776116e-05 9.4859627644e+03 1.5707963268e+00 -7.8718908527e-01
8.5696544094e-05 9.4744661787e+03 1.5707963268e+00 -7.9230278408e-01
8.6573346973e-05 9.4628723187e+03 1.5707963268e+00 -7.9742887806e-01
8.7465888880e-05 9.4511805453e+03 1.5707963268e+00 -8.0256751760e-01
8.8374923676e-05 9.4393902183e+03 1.5707963268e+00 -8.0771885515e-01
8.9301259753e-05 9.4275006974e+03 1.5707963268e+00 -8.1288304526e-01
9.0245765417e-05 9.4155113430e+03 1.5707963268e+00 -8.1806024463e-01
9.1209374945e-05 9.4034215179e+03 1.5707963268e+00 -8.2325061213e-01
9.2193095441e-05 9.3912305881e+03 1.5707963268e+00 -8.2845430884e-01
9.3198014586e-05 9.3789379249e+03 1.5707963268e+00 -8.3367149806e-01
9.4225309452e-05 9.3665429068e+03 1.5707963268e+00 -8.3890234537e-01
9.5276256557e-05 9.3540449213e+03 1.5707963268e+00 -8.4414701866e-01
9.6352243360e-05 9.3414433678e+03 1.5707963268e+00 -8.4940568810e-01
9.7454781465e-05 9.3287376607e+03 1.5707963268e+00 -8.5467852627e-01
9.8585521850e-05 9.3159272326e+03 1.5707963268e+00 -8.5996570807e-01
9.9746272484e-05 9.3030115384e+03 1.5707963268e+00 -8.6526741082e-01
1.0093901882e-04 9.2899900605e+03 1.5707963268e+00 -8.7058381424e-01
1.0216594773e-04 9.2768623140e+03 1.5707963268e+00 -8.7591510046e-01
1.0342947559e-04 9.2636278540e+03 1.5707963268e+00 -8.8126145403e-01
1.0473228146e-04 9.2502862830e+03 1.5707963268e+00 -8.8662306192e-01
1.0607734637e-04 9.2368372613e+03 1.5707963268e+00 -8.9200011349e-01
1.0746800032e-04 9.2232805178e+03 1.5707963268e+00 -8.9739280049e-01
1.0890797871e-04 9.2096158645e+03 1.5707963268e+00 -9.0280131699e-01
1.1040149050e-04 9.1958432136e+03 1.5707963268e+00 -9.0822585935e-01
1.1195330150e-04 9.1819625978e+03 1.5707963268e+00 -9.1366662613e-01
1.1356883645e-04 9.1679741967e+03 1.5707963268e+00 -9.1912381798e-01
1.1525430570e-04 9.1538783686e+03 1.5707963268e+00 -9.2459763752e-01
1.1701686363e-04 9.1396756907e+03 1.5707963268e+00 -9.3008828913e-01
1.1886480888e-04 9.1253670103e+03 1.5707963268e+00 -9.3559597876e-01
1.2080784035e-04 9.1109535101e+03 1.5707963268e+00 -9.4112091358e-01
1.2285738863e-04 9.0964367927e+03 1.5707963268e+00 -9.4666330166e-01
1.2502705096e-04 9.0818189924e+03 1.5707963268e+00 -9.5222335140e-01
1.2733317088e-04 9.0671029237e+03 1.5707963268e+00 -9.5780127092e-01
1.2979562433e-04 9.0522922822e+03 1.5707963268e+00 -9.6339726723e-01
1.3243890624e-04 9.0373919230e+03 1.5707963268e+00 -9.6901154507e-01
1.3529366611e-04 9.0224082523e+03 1.5707963268e+00 -9.7464430548e-01
1.3839893353e-04 9.0073497944e+03 1.5707963268e+00 -9.8029574371e-01
1.4180543891e-04 8.9922280328e+03 1.5707963268e+00 -9.8596604652e-01
1.4558074096e-04 8.9770587022e+03 1.5707963268e+00 -9.9165538822e-01
1.4981747184e-04 8.9618638501e+03 1.5707963268e+00 -9.9736392505e-01
1.5464726247e-04 8.9466752811e+03 1.5707963268e+00 -1.0030917868e+00
1.6026573029e-04 8.9315406524e+03 1.5707963268e+00 -1.0088390637e+00
1.6698089927e-04 8.9165350602e+03 1.5707963268e+00 -1.0146057853e+00
1.7531701065e-04 8.9017852195e+03 1.5707963268e+00 -1.0203918839e+00
1.8627058269e-04 8.8875268004e+03 1.5707963268e+00 -1.0261971254e+00
2.0209039908e-04 8.8742686053e+03 1.5707963268e+00 -1.0320209639e+00
