0.0000000000e+00 1.0288974758e+04 1.5707963268e+00 0.0000000000e+00
3.9832027877e-07 1.0288974758e+04 1.5707963268e+00 -4.3103448276e-03
7.9664055754e-07 1.0288918728e+04 1.5707963268e+00 -8.6206896552e-03
1.1949743931e-06 1.0288806670e+04 1.5707963268e+00 -1.2931081428e-02
1.5933353442e-06 1.0288638582e+04 1.5707963268e+00 -1.7241567090e-02
1.9917369752e-06 1.0288414460e+04 1.5707963268e+00 -2.1552193593e-02
2.3901928600e-06 1.0288134300e+04 1.5707963268e+00 -2.5863007897e-02
2.7887165854e-06 1.0287798091e+04 1.5707963268e+00 -3.0174056973e-02
3.1873217557e-06 1.0287405825e+04 1.5707963268e+00 -3.4485387813e-02
3.5860219954e-06 1.0286957489e+04 1.5707963268e+00 -3.8797047428e-02
3.9848309541e-06 1.0286453068e+04 1.5707963268e+00 -4.3109082857e-02
4.3837623093e-06 1.0285892544e+04 1.5707963268e+00 -4.7421541168e-02
4.7828297710e-06 1.0285275898e+04 1.5707963268e+00 -5.1734469462e-02
5.1820470854e-06 1.0284603109e+04 1.5707963268e+00 -5.6047914883e-02
5.5814280384e-06 1.0283874152e+04 1.5707963268e+00 -6.0361924613e-02
5.9809864599e-06 1.0283089002e+04 1.5707963268e+00 -6.4676545883e-02
6.3807362277e-06 1.0282247630e+04 1.5707963268e+00 -6.8991825976e-02
6.7806912713e-06 1.0281350004e+04 1.5707963268e+00 -7.3307812231e-02
7.1808655762e-06 1.0280396093e+04 1.5707963268e+00 -7.7624552044e-02
7.5812731875e-06 1.0279385860e+04 1.5707963268e+00 -8.1942092877e-02
7.9819282145e-06 1.0278319268e+04 1.5707963268e+00 -8.6260482263e-02
8.3828448345e-06 1.0277196277e+04 1.5707963268e+00 -9.0579767802e-02
8.7840372971e-06 1.0276016844e+04 1.5707963268e+00 -9.4899997177e-02
9.1855199286e-06 1.0274780926e+04 1.5707963268e+00 -9.9221218149e-02
9.5873071358e-06 1.0273488475e+04 1.5707963268e+00 -1.0354347857e-01
9.9894134109e-06 1.0272139441e+04 1.5707963268e+00 -1.0786682637e-01
1.0391853336e-05 1.0270733775e+04 1.5707963268e+00 -1.1219130958e-01
1.0794641586e-05 1.0269271420e+04 1.5707963268e+00 -1.1651697634e-01
1.1197792937e-05 1.0267752322e+04 1.5707963268e+00 -1.2084387489e-01
1.1601322265e-05 1.0266176421e+04 1.5707963268e+00 -1.2517205356e-01
1.2005244557e-05 1.0264543657e+04 1.5707963268e+00 -1.2950156082e-01
1.2409574910e-05 1.0262853967e+04 1.5707963268e+00 -1.3383244523e-01
1.2814328541e-05 1.0261107284e+04 1.5707963268e+00 -1.3816475549e-01
1.3219520788e-05 1.0259303541e+04 1.5707963268e+00 -1.4249854043e-01
1.3625167118e-05 1.0257442666e+04 1.5707963268e+00 -1.4683384899e-01
1.4031283128e-05 1.0255524588e+04 1.5707963268e+00 -1.5117073026e-01
1.4437884557e-05 1.0253549231e+04 1.5707963268e+00 -1.5550923347e-01
1.4844987282e-05 1.0251516517e+04 1.5707963268e+00 -1.5984940799e-01
1.5252607334e-05 1.0249426366e+04 1.5707963268e+00 -1.6419130335e-01
1.5660760896e-05 1.0247278696e+04 1.5707963268e+00 -1.6853496922e-01
1.6069464310e-05 1.0245073421e+04 1.5707963268e+00 -1.7288045543e-01
1.6478734085e-05 1.0242810453e+04 1.5707963268e+00 -1.7722781200e-01
1.6888586902e-05 1.0240489704e+04 1.5707963268e+00 -1.8157708909e-01
1.7299039620e-05 1.0238111079e+04 1.5707963268e+00 -1.8592833703e-01
1.7710109281e-05 1.0235674485e+04 1.5707963268e+00 -1.9028160637e-01
1.8121813117e-05 1.0233179823e+04 1.5707963268e+00 -1.9463694779e-01
1.8534168561e-05 1.0230626994e+04 1.5707963268e+00 -1.9899441220e-01
1.8947193244e-05 1.0228015895e+04 1.5707963268e+00 -2.0335405069e-01
1.9360905012e-05 1.0225346421e+04 1.5707963268e+00 -2.0771591454e-01
1.9775321926e-05 1.0222618463e+04 1.5707963268e+00 -2.1208005526e-01
2.0190462274e-05 1.0219831912e+04 1.5707963268e+00 -2.1644652454e-01
2.0606344575e-05 1.0216986654e+04 1.5707963268e+00 -2.2081537430e-01
2.1022987588e-05 1.0214082574e+04 1.5707963268e+00 -2.2518665669e-01
2.1440410320e-05 1.0211119553e+04 1.5707963268e+00 -2.2956042407e-01
2.1858632033e-05 1.0208097472e+04 1.5707963268e+00 -2.3393672904e-01
2.2277672255e-05 1.0205016205e+04 1.5707963268e+00 -2.3831562442e-01
2.2697550785e-05 1.0201875626e+04 1.5707963268e+00 -2.4269716331e-01
2.3118287703e-05 1.0198675608e+04 1.5707963268e+00 -2.4708139902e-01
2.3539903382e-05 1.0195416017e+04 1.5707963268e+00 -2.5146838513e-01
2.3962418491e-05 1.0192096719e+04 1.5707963268e+00 -2.5585817549e-01
2.4385854011e-05 1.0188717577e+04 1.5707963268e+00 -2.6025082419e-01
2.4810231242e-05 1.0185278451e+04 1.5707963268e+00 -2.6464638562e-01
2.5235571811e-05 1.0181779199e+04 1.5707963268e+00 -2.6904491442e-01
2.5661897687e-05 1.0178219673e+04 1.5707963268e+00 -2.7344646554e-01
2.6089231188e-05 1.0174599725e+04 1.5707963268e+00 -2.7785109421e-01
2.6517594996e-05 1.0170919205e+04 1.5707963268e+00 -2.8225885594e-01
2.6947012164e-05 1.0167177957e+04 1.5707963268e+00 -2.8666980656e-01
2.7377506131e-05 1.0163375825e+04 1.5707963268e+00 -2.9108400222e-01
2.7809100734e-05 1.0159512648e+04 1.5707963268e+00 -2.9550149935e-01
2.8241820218e-05 1.0155588262e+04 1.5707963268e+00 -2.9992235473e-01
2.8675689253e-05 1.0151602502e+04 1.5707963268e+00 -3.0434662546e-01
2.9110732946e-05 1.0147555197e+04 1.5707963268e+00 -3.0877436897e-01
2.9546976855e-05 1.0143446177e+04 1.5707963268e+00 -3.1320564304e-01
2.9984447001e-05 1.0139275265e+04 1.5707963268e+00 -3.1764050581e-01
3.0423169888e-05 1.0135042283e+04 1.5707963268e+00 -3.2207901573e-01
3.0863172514e-05 1.0130747049e+04 1.5707963268e+00 -3.2652123167e-01
3.1304482392e-05 1.0126389378e+04 1.5707963268e+00 -3.3096721284e-01
3.1747127560e-05 1.0121969083e+04 1.5707963268e+00 -3.3541701882e-01
3.2191136605e-05 1.0117485972e+04 1.5707963268e+00 -3.3987070959e-01
3.2636538677e-05 1.0112939850e+04 1.5707963268e+00 -3.4432834552e-01
3.3083363509e-05 1.0108330520e+04 1.5707963268e+00 -3.4878998738e-01
3.3531641435e-05 1.0103657781e+04 1.5707963268e+00 -3.5325569634e-01
3.3981403412e-05 1.0098921429e+04 1.5707963268e+00 -3.5772553399e-01
3.4432681040e-05 1.0094121255e+04 1.5707963268e+00 -3.6219956235e-01
3.4885506583e-05 1.0089257049e+04 1.5707963268e+00 -3.6667784385e-01
3.5339912992e-05 1.0084328596e+04 1.5707963268e+00 -3.7116044139e-01
3.5795933930e-05 1.0079335677e+04 1.5707963268e+00 -3.7564741830e-01
3.6253603792e-05 1.0074278071e+04 1.5707963268e+00 -3.8013883836e-01
3.6712957734e-05 1.0069155554e+04 1.5707963268e+00 -3.8463476583e-01
3.7174031700e-05 1.0063967896e+04 1.5707963268e+00 -3.8913526543e-01
3.7636862445e-05 1.0058714865e+04 1.5707963268e+00 -3.9364040237e-01
3.8101487567e-05 1.0053396225e+04 1.5707963268e+00 -3.9815024235e-01
3.8567945536e-05 1.0048011736e+04 1.5707963268e+00 -4.0266485157e-01
3.9036275725e-05 1.0042561155e+04 1.5707963268e+00 -4.0718429674e-01
3.9506518442e-05 1.0037044235e+04 1.5707963268e+00 -4.1170864509e-01
3.9978714963e-05 1.0031460725e+04 1.5707963268e+00 -4.1623796438e-01
4.0452907568e-05 1.0025810370e+04 1.5707963268e+00 -4.2077232290e-01
4.0929139577e-05 1.0020092911e+04 1.5707963268e+00 -4.2531178950e-01
4.1407455389e-05 1.0014308087e+04 1.5707963268e+00 -4.2985643357e-01
4.1887900522e-05 1.0008455629e+04 1.5707963268e+00 -4.3440632510e-01
4.2370521653e-05 1.0002535268e+04 1.5707963268e+00 -4.3896153463e-01
4.2855366665e-05 9.9965467284e+03 1.5707963268e+00 -4.4352213329e-01
4.3342484688e-05 9.9904897323e+03 1.5707963268e+00 -4.4808819284e-01
4.3831926152e-05 9.9843639965e+03 1.5707963268e+00 -4.5265978562e-01
4.4323742832e-05 9.9781692337e+03 1.5707963268e+00 -4.5723698461e-01
4.4817987905e-05 9.9719051528e+03 1.5707963268e+00 -4.6181986340e-01
4.5314716001e-05 9.9655714581e+03 1.5707963268e+00 -4.6640849627e-01
4.5813983263e-05 9.9591678495e+03 1.5707963268e+00 -4.7100295811e-01
4.6315847407e-05 9.9526940228e+03 1.5707963268e+00 -4.7560332451e-01
4.6820367782e-05 9.9461496692e+03 1.5707963268e+00 -4.8020967172e-01
4.7327605444e-05 9.9395344755e+03 1.5707963268e+00 -4.8482207670e-01
4.7837623216e-05 9.9328481238e+03 1.5707963268e+00 -4.8944061711e-01
4.8350485771e-05 9.9260902918e+03 1.5707963268e+00 -4.9406537133e-01
4.8866259700e-05 9.9192606525e+03 1.5707963268e+00 -4.9869641848e-01
4.9385013601e-05 9.9123588742e+03 1.5707963268e+00 -5.0333383840e-01
4.9906818160e-05 9.9053846204e+03 1.5707963268e+00 -5.0797771171e-01
5.0431746241e-05 9.8983375499e+03 1.5707963268e+00 -5.1262811980e-01
5.0959872981e-05 9.8912173168e+03 1.5707963268e+00 -5.1728514485e-01
5.1491275892e-05 9.8840235699e+03 1.5707963268e+00 -5.2194886984e-01
5.2026034963e-05 9.8767559533e+03 1.5707963268e+00 -5.2661937855e-01
5.2564232774e-05 9.8694141062e+03 1.5707963268e+00 -5.3129675561e-01
5.3105954611e-05 9.8619976625e+03 1.5707963268e+00 -5.3598108649e-01
5.3651288591e-05 9.8545062511e+03 1.5707963268e+00 -5.4067245752e-01
5.4200325794e-05 9.8469394956e+03 1.5707963268e+00 -5.4537095591e-01
5.4753160398e-05 9.8392970146e+03 1.5707963268e+00 -5.5007666976e-01
5.5309889832e-05 9.8315784212e+03 1.5707963268e+00 -5.5478968807e-01
5.5870614926e-05 9.8237833232e+03 1.5707963268e+00 -5.5951010079e-01
5.6435440078e-05 9.8159113230e+03 1.5707963268e+00 -5.6423799880e-01
5.7004473430e-05 9.8079620176e+03 1.5707963268e+00 -5.6897347392e-01
5.7577827052e-05 9.7999349985e+03 1.5707963268e+00 -5.7371661900e-01
5.8155617138e-05 9.7918298514e+03 1.5707963268e+00 -5.7846752782e-01
5.8737964220e-05 9.7836461567e+03 1.5707963268e+00 -5.8322629524e-01
5.9324993387e-05 9.7753834889e+03 1.5707963268e+00 -5.8799301710e-01
5.9916834526e-05 9.7670414169e+03 1.5707963268e+00 -5.9276779032e-01
6.0513622571e-05 9.7586195037e+03 1.5707963268e+00 -5.9755071289e-01
6.1115497777e-05 9.7501173065e+03 1.5707963268e+00 -6.0234188389e-01
6.1722606006e-05 9.7415343768e+03 1.5707963268e+00 -6.0714140350e-01
6.2335099035e-05 9.7328702598e+03 1.5707963268e+00 -6.1194937305e-01
6.2953134885e-05 9.7241244951e+03 1.5707963268e+00 -6.1676589501e-01
6.3576878177e-05 9.7152966160e+03 1.5707963268e+00 -6.2159107304e-01
6.4206500502e-05 9.7063861501e+03 1.5707963268e+00 -6.2642501197e-01
6.4842180834e-05 9.6973926185e+03 1.5707963268e+00 -6.3126781788e-01
6.5484105957e-05 9.6883155364e+03 1.5707963268e+00 -6.3611959808e-01
6.6132470937e-05 9.6791544128e+03 1.5707963268e+00 -6.4098046112e-01
6.6787479621e-05 9.6699087507e+03 1.5707963268e+00 -6.4585051689e-01
6.7449345179e-05 9.6605780467e+03 1.5707963268e+00 -6.5072987654e-01
6.8118290685e-05 9.6511617913e+03 1.5707963268e+00 -6.5561865260e-01
6.8794549747e-05 9.6416594688e+03 1.5707963268e+00 -6.6051695892e-01
6.9478367183e-05 9.6320705572e+03 1.5707963268e+00 -6.6542491077e-01
7.0169999762e-05 9.6223945286e+03 1.5707963268e+00 -6.7034262483e-01
7.0869716990e-05 9.6126308487e+03 1.5707963268e+00 -6.7527021920e-01
7.1577801981e-05 9.6027789773e+03 1.5707963268e+00 -6.8020781347e-01
7.2294552389e-05 9.5928383678e+03 1.5707963268e+00 -6.8515552869e-01
7.3020281426e-05 9.5828084681e+03 1.5707963268e+00 -6.9011348748e-01
7.3755318975e-05 9.5726887198e+03 1.5707963268e+00 -6.9508181396e-01
7.4500012794e-05 9.5624785589e+03 1.5707963268e+00 -7.0006063386e-01
7.5254729839e-05 9.5521774157e+03 1.5707963268e+00 -7.0505007451e-01
7.6019857709e-05 9.5417847150e+03 1.5707963268e+00 -7.1005026487e-01
7.6795806226e-05 9.5312998762e+03 1.5707963268e+00 -7.1506133557e-01
7.7583009174e-05 9.5207223136e+03 1.5707963268e+00 -7.2008341895e-01
7.8381926206e-05 9.5100514367e+03 1.5707963268e+00 -7.2511664905e-01
7.9193044950e-05 9.4992866504e+03 1.5707963268e+00 -7.3016116169e-01
8.0016883323e-05 9.4884273553e+03 1.5707963268e+00 -7.3521709449e-01
8.0853992104e-05 9.4774729482e+03 1.5707963268e+00 -7.4028458685e-01
8.1704957770e-05 9.4664228225e+03 1.5707963268e+00 -7.4536378008e-01
8.2570405655e-05 9.4552763688e+03 1.5707963268e+00 -7.5045481734e-01
8.3451003455e-05 9.4440329754e+03 1.5707963268e+00 -7.5555784371e-01
8.4347465151e-05 9.4326920289e+03 1.5707963268e+00 -7.6067300623e-01
8.5260555380e-05 9.4212529153e+03 1.5707963268e+00 -7.6580045392e-01
8.6191094342e-05 9.4097150209e+03 1.5707963268e+00 -7.7094033782e-01
8.7139963316e-05 9.3980777330e+03 1.5707963268e+00 -7.7609281101e-01
8.8108110865e-05 9.3863404415e+03 1.5707963268e+00 -7.8125802865e-01
8.9096559862e-05 9.3745025403e+03 1.5707963268e+00 -7.8643614800e-01
9.0106415442e-05 9.3625634286e+03 1.5707963268e+00 -7.9162732848e-01
9.1138874053e-05 9.3505225134e+03 1.5707963268e+00 -7.9683173165e-01
9.2195233779e-05 9.3383792113e+03 1.5707963268e+00 -8.0204952127e-01
9.3276906158e-05 9.3261329512e+03 1.5707963268e+00 -8.0728086334e-01
9.4385429768e-05 9.3137831771e+03 1.5707963268e+00 -8.1252592606e-01
9.5522485902e-05 9.3013293523e+03 1.5707963268e+00 -8.1778487994e-01
9.6689916725e-05 9.2887709626e+03 1.5707963268e+00 -8.2305789772e-01
9.7889746407e-05 9.2761075220e+03 1.5707963268e+00 -8.2834515445e-01
9.9124205834e-05 9.2633385780e+03 1.5707963268e+00 -8.3364682749e-01
1.0039576164e-04 9.2504637185e+03 1.5707963268e+00 -8.3896309647e-01
1.0170715050e-04 9.2374825801e+03 1.5707963268e+00 -8.4429414333e-01
1.0306141988e-04 9.2243948576e+03 1.5707963268e+00 -8.4964015225e-01
1.0446197673e-04 9.2112003159e+03 1.5707963268e+00 -8.5500130970e-01
1.0591264606e-04 9.1978988043e+03 1.5707963268e+00 -8.6037780430e-01
1.0741774195e-04 9.1844902734e+03 1.5707963268e+00 -8.6576982685e-01
1.0898215412e-04 9.1709747967e+03 1.5707963268e+00 -8.7117757019e-01
1.1061145458e-04 9.1573525969e+03 1.5707963268e+00 -8.7660122910e-01
1.1231202998e-04 9.1436240782e+03 1.5707963268e+00 -8.8204100019e-01
1.1409124749e-04 9.1297898677e+03 1.5707963268e+00 -8.8749708166e-01
1.1595766507e-04 9.1158508675e+03 1.5707963268e+00 -8.9296967313e-01
1.1792130074e-04 9.1018083221e+03 1.5707963268e+00 -8.9845897527e-01
1.1999398223e-04 9.0876639052e+03 1.5707963268e+00 -9.0396518944e-01
1.2218980719e-04 9.0734198346e+03 1.5707963268e+00 -9.0948851717e-01
1.2452575856e-04 9.0590790262e+03 1.5707963268e+00 -9.1502915951e-01
1.2702254209e-04 9.0446453027e+03 1.5707963268e+00 -9.2058731615e-01
1.2970574893e-04 9.0301236833e+03 1.5707963268e+00 -9.2616318428e-01
1.3260750651e-04 9.0155207946e+03 1.5707963268e+00 -9.3175695706e-01
1.3576888425e-04 9.0008454662e+03 1.5707963268e+00 -9.3736882157e-01
1.3924350641e-04 8.9861096230e+03 1.5707963268e+00 -9.4299895590e-01
1.4310317286e-04 8.9713296626e+03 1.5707963268e+00 -9.4864752511e-01
1.4744697996e-04 8.9565286734e+03 1.5707963268e+00 -9.5431467535e-01
1.5241689692e-04 8.9417401806e+03 1.5707963268e+00 -9.6000052505e-01
1.5822610748e-04 8.9270148600e+03 1.5707963268e+00 -9.6570515102e-01
1.6521492571e-04 8.9124335169e+03 1.5707963268e+00 -9.7142856582e-01
1.7397362674e-04 8.8981347805e+03 1.5707963268e+00 -9.7717067783e-01
1.8565623345e-04 8.8843828847e+03 1.5707963268e+00 -9.8293121464e-01
2.0299194328e-04 8.8717716826e+03 1.5707963268e+00 -9.8870955705e-01
