0.0000000000e+00 1.2417728156e+04 1.5707963268e+00 0.0000000000e+00
2.7675624920e-07 1.2417728156e+04 1.5707963268e+00 3.5714285714e-03
5.5351249840e-07 1.2417716842e+04 1.5707963268e+00 7.1428571429e-03
8.3026937797e-07 1.2417694215e+04 1.5707963268e+00 1.0714292222e-02
1.1070275183e-06 1.2417660274e+04 1.5707963268e+00 1.4285740317e-02
1.3837875497e-06 1.2417615020e+04 1.5707963268e+00 1.7857207934e-02
1.6605501028e-06 1.2417558450e+04 1.5707963268e+00 2.1428701584e-02
1.9373158080e-06 1.2417490565e+04 1.5707963268e+00 2.5000227774e-02
2.2140852959e-06 1.2417411365e+04 1.5707963268e+00 2.8571793014e-02
2.4908591974e-06 1.2417320846e+04 1.5707963268e+00 3.2143403814e-02
2.7676381432e-06 1.2417219009e+04 1.5707963268e+00 3.5715066685e-02
3.0444227645e-06 1.2417105852e+04 1.5707963268e+00 3.9286788140e-02
3.3212136925e-06 1.2416981374e+04 1.5707963268e+00 4.2858574693e-02
3.5980115586e-06 1.2416845571e+04 1.5707963268e+00 4.6430432858e-02
3.8748169945e-06 1.2416698444e+04 1.5707963268e+00 5.0002369153e-02
4.1516306322e-06 1.2416539988e+04 1.5707963268e+00 5.3574390097e-02
4.4284531038e-06 1.2416370202e+04 1.5707963268e+00 5.7146502208e-02
4.7052850420e-06 1.2416189083e+04 1.5707963268e+00 6.0718712012e-02
4.9821270794e-06 1.2415996628e+04 1.5707963268e+00 6.4291026031e-02
5.2589798493e-06 1.2415792835e+04 1.5707963268e+00 6.7863450795e-02
5.5358439852e-06 1.2415577701e+04 1.5707963268e+00 7.1435992832e-02
5.8127201211e-06 1.2415351221e+04 1.5707963268e+00 7.5008658675e-02
6.0896088912e-06 1.2415113393e+04 1.5707963268e+00 7.8581454861e-02
6.3665109305e-06 1.2414864212e+04 1.5707963268e+00 8.2154387928e-02
6.6434268741e-06 1.2414603675e+04 1.5707963268e+00 8.5727464417e-02
6.9203573577e-06 1.2414331779e+04 1.5707963268e+00 8.9300690875e-02
7.1973030176e-06 1.2414048517e+04 1.5707963268e+00 9.2874073850e-02
7.4742644905e-06 1.2413753887e+04 1.5707963268e+00 9.6447619894e-02
7.7512424137e-06 1.2413447883e+04 1.5707963268e+00 1.0002133557e-01
8.0282374251e-06 1.2413130500e+04 1.5707963268e+00 1.0359522742e-01
8.3052501631e-06 1.2412801734e+04 1.5707963268e+00 1.0716930203e-01
8.5822812669e-06 1.2412461580e+04 1.5707963268e+00 1.1074356596e-01
8.8593313762e-06 1.2412110031e+04 1.5707963268e+00 1.1431802579e-01
9.1364011313e-06 1.2411747083e+04 1.5707963268e+00 1.1789268809e-01
9.4134911733e-06 1.2411372729e+04 1.5707963268e+00 1.2146755945e-01
9.6906021440e-06 1.2410986965e+04 1.5707963268e+00 1.2504264645e-01
9.9677346860e-06 1.2410589782e+04 1.5707963268e+00 1.2861795569e-01
1.0244889443e-05 1.2410181176e+04 1.5707963268e+00 1.3219349376e-01
1.0522067058e-05 1.2409761139e+04 1.5707963268e+00 1.3576926728e-01
1.0799268176e-05 1.2409329665e+04 1.5707963268e+00 1.3934528286e-01
1.1076493444e-05 1.2408886748e+04 1.5707963268e+00 1.4292154710e-01
1.1353743508e-05 1.2408432379e+04 1.5707963268e+00 1.4649806663e-01
1.1631019014e-05 1.2407966552e+04 1.5707963268e+00 1.5007484807e-01
1.1908320612e-05 1.2407489259e+04 1.5707963268e+00 1.5365189808e-01
1.2185648951e-05 1.2407000492e+04 1.5707963268e+00 1.5722922327e-01
1.2463004681e-05 1.2406500244e+04 1.5707963268e+00 1.6080683031e-01
1.2740388453e-05 1.2405988507e+04 1.5707963268e+00 1.6438472585e-01
1.3017800919e-05 1.2405465272e+04 1.5707963268e+00 1.6796291654e-01
1.3295242733e-05 1.2404930531e+04 1.5707963268e+00 1.7154140906e-01
1.3572714549e-05 1.2404384275e+04 1.5707963268e+00 1.7512021009e-01
1.3850217021e-05 1.2403826495e+04 1.5707963268e+00 1.7869932630e-01
1.4127750807e-05 1.2403257183e+04 1.5707963268e+00 1.8227876439e-01
1.4405316564e-05 1.2402676329e+04 1.5707963268e+00 1.8585853106e-01
1.4682914950e-05 1.2402083925e+04 1.5707963268e+00 1.8943863302e-01
1.4960546626e-05 1.2401479959e+04 1.5707963268e+00 1.9301907698e-01
1.5238212253e-05 1.2400864423e+04 1.5707963268e+00 1.9659986967e-01
1.5515912492e-05 1.2400237306e+04 1.5707963268e+00 2.0018101781e-01
1.5793648007e-05 1.2399598598e+04 1.5707963268e+00 2.0376252816e-01
1.6071419463e-05 1.2398948290e+04 1.5707963268e+00 2.0734440745e-01
1.6349227527e-05 1.2398286369e+04 1.5707963268e+00 2.1092666246e-01
1.6627072864e-05 1.2397612826e+04 1.5707963268e+00 2.1450929994e-01
1.6904956145e-05 1.2396927650e+04 1.5707963268e+00 2.1809232668e-01
1.7182878039e-05 1.2396230830e+04 1.5707963268e+00 2.2167574947e-01
1.7460839218e-05 1.2395522353e+04 1.5707963268e+00 2.2525957510e-01
1.7738840354e-05 1.2394802209e+04 1.5707963268e+00 2.2884381037e-01
1.8016882123e-05 1.2394070386e+04 1.5707963268e+00 2.3242846212e-01
1.8294965199e-05 1.2393326871e+04 1.5707963268e+00 2.3601353716e-01
1.8573090260e-05 1.2392571653e+04 1.5707963268e+00 2.3959904234e-01
1.8851257985e-05 1.2391804720e+04 1.5707963268e+00 2.4318498449e-01
1.9129469055e-05 1.2391026058e+04 1.5707963268e+00 2.4677137049e-01
1.9407724151e-05 1.2390235656e+04 1.5707963268e+00 2.5035820721e-01
1.9686023957e-05 1.2389433499e+04 1.5707963268e+00 2.5394550152e-01
1.9964369159e-05 1.2388619575e+04 1.5707963268e+00 2.5753326032e-01
2.0242760442e-05 1.2387793871e+04 1.5707963268e+00 2.6112149052e-01
2.0521198497e-05 1.2386956373e+04 1.5707963268e+00 2.6471019903e-01
2.0799684013e-05 1.2386107067e+04 1.5707963268e+00 2.6829939278e-01
2.1078217681e-05 1.2385245939e+04 1.5707963268e+00 2.7188907872e-01
2.1356800197e-05 1.2384372976e+04 1.5707963268e+00 2.7547926379e-01
2.1635432256e-05 1.2383488162e+04 1.5707963268e+00 2.7906995496e-01
2.1914114555e-05 1.2382591483e+04 1.5707963268e+00 2.8266115922e-01
2.2192847793e-05 1.2381682925e+04 1.5707963268e+00 2.8625288354e-01
2.2471632672e-05 1.2380762472e+04 1.5707963268e+00 2.8984513495e-01
2.2750469895e-05 1.2379830109e+04 1.5707963268e+00 2.9343792045e-01
2.3029360167e-05 1.2378885821e+04 1.5707963268e+00 2.9703124707e-01
2.3308304195e-05 1.2377929592e+04 1.5707963268e+00 3.0062512187e-01
2.3587302689e-05 1.2376961406e+04 1.5707963268e+00 3.0421955190e-01
2.3866356358e-05 1.2375981248e+04 1.5707963268e+00 3.0781454423e-01
2.4145465917e-05 1.2374989100e+04 1.5707963268e+00 3.1141010595e-01
2.4424632080e-05 1.2373984948e+04 1.5707963268e+00 3.1500624417e-01
2.4703855565e-05 1.2372968773e+04 1.5707963268e+00 3.1860296599e-01
2.4983137092e-05 1.2371940559e+04 1.5707963268e+00 3.2220027855e-01
2.5262477382e-05 1.2370900289e+04 1.5707963268e+00 3.2579818900e-01
2.5541877159e-05 1.2369847946e+04 1.5707963268e+00 3.2939670449e-01
2.5821337149e-05 1.2368783512e+04 1.5707963268e+00 3.3299583220e-01
2.6100858081e-05 1.2367706969e+04 1.5707963268e+00 3.3659557933e-01
2.6380440686e-05 1.2366618300e+04 1.5707963268e+00 3.4019595309e-01
2.6660085696e-05 1.2365517486e+04 1.5707963268e+00 3.4379696069e-01
2.6939793847e-05 1.2364404510e+04 1.5707963268e+00 3.4739860937e-01
2.7219565877e-05 1.2363279351e+04 1.5707963268e+00 3.5100090640e-01
2.7499402527e-05 1.2362141992e+04 1.5707963268e+00 3.5460385905e-01
2.7779304538e-05 1.2360992414e+04 1.5707963268e+00 3.5820747460e-01
2.8059272656e-05 1.2359830596e+04 1.5707963268e+00 3.6181176037e-01
2.8339307630e-05 1.2358656521e+04 1.5707963268e+00 3.6541672368e-01
2.8619410209e-05 1.2357470168e+04 1.5707963268e+00 3.6902237186e-01
2.8899581146e-05 1.2356271517e+04 1.5707963268e+00 3.7262871229e-01
2.9179821198e-05 1.2355060547e+04 1.5707963268e+00 3.7623575233e-01
2.9460131121e-05 1.2353837240e+04 1.5707963268e+00 3.7984349938e-01
2.9740511678e-05 1.2352601574e+04 1.5707963268e+00 3.8345196086e-01
3.0020963631e-05 1.2351353528e+04 1.5707963268e+00 3.8706114419e-01
3.0301487748e-05 1.2350093081e+04 1.5707963268e+00 3.9067105683e-01
3.0582084798e-05 1.2348820213e+04 1.5707963268e+00 3.9428170625e-01
3.0862755552e-05 1.2347534901e+04 1.5707963268e+00 3.9789309994e-01
3.1143500786e-05 1.2346237124e+04 1.5707963268e+00 4.0150524540e-01
3.1424321278e-05 1.2344926859e+04 1.5707963268e+00 4.0511815017e-01
3.1705217808e-05 1.2343604086e+04 1.5707963268e+00 4.0873182179e-01
3.1986191160e-05 1.2342268781e+04 1.5707963268e+00 4.1234626782e-01
3.2267242122e-05 1.2340920921e+04 1.5707963268e+00 4.1596149586e-01
3.2548371483e-05 1.2339560485e+04 1.5707963268e+00 4.1957751352e-01
3.2829580036e-05 1.2338187448e+04 1.5707963268e+00 4.2319432842e-01
3.3110868577e-05 1.2336801787e+04 1.5707963268e+00 4.2681194821e-01
3.3392237906e-05 1.2335403479e+04 1.5707963268e+00 4.3043038057e-01
3.3673688825e-05 1.2333992501e+04 1.5707963268e+00 4.3404963319e-01
3.3955222140e-05 1.2332568827e+04 1.5707963268e+00 4.3766971378e-01
3.4236838660e-05 1.2331132434e+04 1.5707963268e+00 4.4129063008e-01
3.4518539197e-05 1.2329683297e+04 1.5707963268e+00 4.4491238985e-01
3.4800324567e-05 1.2328221392e+04 1.5707963268e+00 4.4853500086e-01
3.5082195590e-05 1.2326746693e+04 1.5707963268e+00 4.5215847093e-01
3.5364153088e-05 1.2325259176e+04 1.5707963268e+00 4.5578280787e-01
3.5646197887e-05 1.2323758814e+04 1.5707963268e+00 4.5940801954e-01
3.5928330816e-05 1.2322245582e+04 1.5707963268e+00 4.6303411381e-01
3.6210552709e-05 1.2320719454e+04 1.5707963268e+00 4.6666109857e-01
3.6492864403e-05 1.2319180404e+04 1.5707963268e+00 4.7028898175e-01
3.6775266739e-05 1.2317628405e+04 1.5707963268e+00 4.7391777128e-01
3.7057760559e-05 1.2316063431e+04 1.5707963268e+00 4.7754747514e-01
3.7340346713e-05 1.2314485455e+04 1.5707963268e+00 4.8117810133e-01
3.7623026052e-05 1.2312894449e+04 1.5707963268e+00 4.8480965784e-01
3.7905799431e-05 1.2311290386e+04 1.5707963268e+00 4.8844215274e-01
3.8188667710e-05 1.2309673238e+04 1.5707963268e+00 4.9207559408e-01
3.8471631753e-05 1.2308042978e+04 1.5707963268e+00 4.9570998997e-01
3.8754692426e-05 1.2306399576e+04 1.5707963268e+00 4.9934534851e-01
3.9037850600e-05 1.2304743006e+04 1.5707963268e+00 5.0298167786e-01
3.9321107152e-05 1.2303073237e+04 1.5707963268e+00 5.0661898619e-01
3.9604462960e-05 1.2301390241e+04 1.5707963268e+00 5.1025728169e-01
3.9887918909e-05 1.2299693988e+04 1.5707963268e+00 5.1389657258e-01
4.0171475885e-05 1.2297984450e+04 1.5707963268e+00 5.1753686714e-01
4.0455134781e-05 1.2296261596e+04 1.5707963268e+00 5.2117817362e-01
4.0738896493e-05 1.2294525396e+04 1.5707963268e+00 5.2482050034e-01
4.1022761923e-05 1.2292775820e+04 1.5707963268e+00 5.2846385563e-01
4.1306731974e-05 1.2291012838e+04 1.5707963268e+00 5.3210824786e-01
4.1590807556e-05 1.2289236418e+04 1.5707963268e+00 5.3575368543e-01
4.1874989584e-05 1.2287446530e+04 1.5707963268e+00 5.3940017674e-01
4.2159278976e-05 1.2285643141e+04 1.5707963268e+00 5.4304773025e-01
4.2443676654e-05 1.2283826221e+04 1.5707963268e+00 5.4669635444e-01
4.2728183548e-05 1.2281995737e+04 1.5707963268e+00 5.5034605782e-01
4.3012800588e-05 1.2280151658e+04 1.5707963268e+00 5.5399684892e-01
4.3297528713e-05 1.2278293951e+04 1.5707963268e+00 5.5764873632e-01
4.3582368863e-05 1.2276422582e+04 1.5707963268e+00 5.6130172862e-01
4.3867321987e-05 1.2274537520e+04 1.5707963268e+00 5.6495583444e-01
4.4152389036e-05 1.2272638730e+04 1.5707963268e+00 5.6861106244e-01
4.4437570966e-05 1.2270726179e+04 1.5707963268e+00 5.7226742133e-01
4.4722868739e-05 1.2268799834e+04 1.5707963268e+00 5.7592491982e-01
4.5008283322e-05 1.2266859660e+04 1.5707963268e+00 5.7958356667e-01
4.5293815687e-05 1.2264905622e+04 1.5707963268e+00 5.8324337067e-01
4.5579466812e-05 1.2262937686e+04 1.5707963268e+00 5.8690434064e-01
4.5865237677e-05 1.2260955818e+04 1.5707963268e+00 5.9056648543e-01
4.6151129272e-05 1.2258959980e+04 1.5707963268e+00 5.9422981393e-01
4.6437142588e-05 1.2256950139e+04 1.5707963268e+00 5.9789433507e-01
4.6723278625e-05 1.2254926258e+04 1.5707963268e+00 6.0156005779e-01
4.7009538387e-05 1.2252888301e+04 1.5707963268e+00 6.0522699109e-01
4.7295922882e-05 1.2250836232e+04 1.5707963268e+00 6.0889514399e-01
4.7582433127e-05 1.2248770013e+04 1.5707963268e+00 6.1256452555e-01
4.7869070141e-05 1.2246689607e+04 1.5707963268e+00 6.1623514486e-01
4.8155834952e-05 1.2244594978e+04 1.5707963268e+00 6.1990701105e-01
4.8442728591e-05 1.2242486088e+04 1.5707963268e+00 6.2358013328e-01
4.8729752097e-05 1.2240362898e+04 1.5707963268e+00 6.2725452076e-01
4.9016906514e-05 1.2238225370e+04 1.5707963268e+00 6.3093018273e-01
4.9304192891e-05 1.2236073466e+04 1.5707963268e+00 6.3460712845e-01
4.9591612286e-05 1.2233907147e+04 1.5707963268e+00 6.3828536724e-01
4.9879165760e-05 1.2231726373e+04 1.5707963268e+00 6.4196490845e-01
5.0166854382e-05 1.2229531106e+04 1.5707963268e+00 6.4564576146e-01
5.0454679227e-05 1.2227321305e+04 1.5707963268e+00 6.4932793570e-01
5.0742641375e-05 1.2225096929e+04 1.5707963268e+00 6.5301144064e-01
5.1030741914e-05 1.2222857939e+04 1.5707963268e+00 6.5669628577e-01
5.1318981939e-05 1.2220604294e+04 1.5707963268e+00 6.6038248063e-01
5.1607362549e-05 1.2218335953e+04 1.5707963268e+00 6.6407003482e-01
5.1895884851e-05 1.2216052874e+04 1.5707963268e+00 6.6775895794e-01
5.2184549961e-05 1.2213755015e+04 1.5707963268e+00 6.7144925967e-01
5.2473358997e-05 1.2211442334e+04 1.5707963268e+00 6.7514094969e-01
5.2762313088e-05 1.2209114789e+04 1.5707963268e+00 6.7883403777e-01
5.3051413369e-05 1.2206772338e+04 1.5707963268e+00 6.8252853367e-01
5.3340660979e-05 1.2204414936e+04 1.5707963268e+00 6.8622444724e-01
5.3630057069e-05 1.2202042541e+04 1.5707963268e+00 6.8992178833e-01
5.3919602793e-05 1.2199655109e+04 1.5707963268e+00 6.9362056686e-01
5.4209299315e-05 1.2197252596e+04 1.5707963268e+00 6.9732079279e-01
5.4499147804e-05 1.2194834957e+04 1.5707963268e+00 7.0102247610e-01
5.4789149438e-05 1.2192402147e+04 1.5707963268e+00 7.0472562686e-01
5.5079305403e-05 1.2189954121e+04 1.5707963268e+00 7.0843025513e-01
5.5369616891e-05 1.2187490835e+04 1.5707963268e+00 7.1213637105e-01
5.5660085102e-05 1.2185012241e+04 1.5707963268e+00 7.1584398481e-01
5.5950711244e-05 1.2182518294e+04 1.5707963268e+00 7.1955310661e-01
5.6241496534e-05 1.2180008948e+04 1.5707963268e+00 7.2326374673e-01
5.6532442195e-05 1.2177484155e+04 1.5707963268e+00 7.2697591547e-01
5.6823549459e-05 1.2174943868e+04 1.5707963268e+00 7.3068962321e-01
5.7114819567e-05 1.2172388039e+04 1.5707963268e+00 7.3440488035e-01
5.7406253765e-05 1.2169816621e+04 1.5707963268e+00 7.3812169734e-01
5.7697853311e-05 1.2167229565e+04 1.5707963268e+00 7.4184008468e-01
5.7989619469e-05 1.2164626823e+04 1.5707963268e+00 7.4556005294e-01
5.8281553513e-05 1.2162008345e+04 1.5707963268e+00 7.4928161270e-01
5.8573656725e-05 1.2159374081e+04 1.5707963268e+00 7.5300477461e-01
5.8865930395e-05 1.2156723983e+04 1.5707963268e+00 7.5672954939e-01
5.9158375822e-05 1.2154057999e+04 1.5707963268e+00 7.6045594777e-01
5.9450994315e-05 1.2151376080e+04 1.5707963268e+00 7.6418398056e-01
5.9743787191e-05 1.2148678174e+04 1.5707963268e+00 7.6791365860e-01
6.0036755776e-05 1.2145964230e+04 1.5707963268e+00 7.7164499281e-01
6.0329901405e-05 1.2143234196e+04 1.5707963268e+00 7.7537799413e-01
6.0623225424e-05 1.2140488020e+04 1.5707963268e+00 7.7911267358e-01
6.0916729186e-05 1.2137725649e+04 1.5707963268e+00 7.8284904222e-01
6.1210414055e-05 1.2134947031e+04 1.5707963268e+00 7.8658711115e-01
6.1504281405e-05 1.2132152111e+04 1.5707963268e+00 7.9032689156e-01
6.1798332617e-05 1.2129340838e+04 1.5707963268e+00 7.9406839465e-01
6.2092569086e-05 1.2126513155e+04 1.5707963268e+00 7.9781163171e-01
6.2386992213e-05 1.2123669010e+04 1.5707963268e+00 8.0155661408e-01
6.2681603412e-05 1.2120808346e+04 1.5707963268e+00 8.0530335314e-01
6.2976404106e-05 1.2117931108e+04 1.5707963268e+00 8.0905186033e-01
6.3271395728e-05 1.2115037241e+04 1.5707963268e+00 8.1280214717e-01
6.3566579721e-05 1.2112126689e+04 1.5707963268e+00 8.1655422521e-01
6.3861957540e-05 1.2109199394e+04 1.5707963268e+00 8.2030810607e-01
6.4157530650e-05 1.2106255300e+04 1.5707963268e+00 8.2406380143e-01
6.4453300527e-05 1.2103294350e+04 1.5707963268e+00 8.2782132302e-01
6.4749268657e-05 1.2100316485e+04 1.5707963268e+00 8.3158068265e-01
6.5045436538e-05 1.2097321647e+04 1.5707963268e+00 8.3534189216e-01
6.5341805679e-05 1.2094309777e+04 1.5707963268e+00 8.3910496347e-01
6.5638377600e-05 1.2091280816e+04 1.5707963268e+00 8.4286990857e-01
6.5935153834e-05 1.2088234705e+04 1.5707963268e+00 8.4663673950e-01
6.6232135922e-05 1.2085171383e+04 1.5707963268e+00 8.5040546835e-01
6.6529325421e-05 1.2082090790e+04 1.5707963268e+00 8.5417610729e-01
6.6826723897e-05 1.2078992864e+04 1.5707963268e+00 8.5794866856e-01
6.7124332929e-05 1.2075877545e+04 1.5707963268e+00 8.6172316445e-01
6.7422154108e-05 1.2072744771e+04 1.5707963268e+00 8.6549960731e-01
6.7720189038e-05 1.2069594478e+04 1.5707963268e+00 8.6927800958e-01
6.8018439334e-05 1.2066426605e+04 1.5707963268e+00 8.7305838373e-01
6.8316906624e-05 1.2063241088e+04 1.5707963268e+00 8.7684074234e-01
6.8615592550e-05 1.2060037863e+04 1.5707963268e+00 8.8062509801e-01
6.8914498765e-05 1.2056816865e+04 1.5707963268e+00 8.8441146346e-01
6.9213626937e-05 1.2053578031e+04 1.5707963268e+00 8.8819985143e-01
6.9512978747e-05 1.2050321295e+04 1.5707963268e+00 8.9199027475e-01
6.9812555887e-05 1.2047046592e+04 1.5707963268e+00 8.9578274633e-01
7.0112360065e-05 1.2043753854e+04 1.5707963268e+00 8.9957727914e-01
7.0412393003e-05 1.2040443016e+04 1.5707963268e+00 9.0337388622e-01
7.0712656434e-05 1.2037114010e+04 1.5707963268e+00 9.0717258068e-01
7.1013152108e-05 1.2033766768e+04 1.5707963268e+00 9.1097337570e-01
7.1313881788e-05 1.2030401223e+04 1.5707963268e+00 9.1477628455e-01
7.1614847251e-05 1.2027017306e+04 1.5707963268e+00 9.1858132056e-01
7.1916050289e-05 1.2023614947e+04 1.5707963268e+00 9.2238849713e-01
7.2217492710e-05 1.2020194077e+04 1.5707963268e+00 9.2619782775e-01
7.2519176335e-05 1.2016754626e+04 1.5707963268e+00 9.3000932597e-01
7.2821103000e-05 1.2013296522e+04 1.5707963268e+00 9.3382300544e-01
7.3123274559e-05 1.2009819695e+04 1.5707963268e+00 9.3763887985e-01
7.3425692879e-05 1.2006324073e+04 1.5707963268e+00 9.4145696301e-01
7.3728359844e-05 1.2002809583e+04 1.5707963268e+00 9.4527726878e-01
7.4031277352e-05 1.1999276152e+04 1.5707963268e+00 9.4909981111e-01
7.4334447319e-05 1.1995723707e+04 1.5707963268e+00 9.5292460402e-01
7.4637871677e-05 1.1992152175e+04 1.5707963268e+00 9.5675166164e-01
7.4941552375e-05 1.1988561480e+04 1.5707963268e+00 9.6058099814e-01
7.5245491376e-05 1.1984951547e+04 1.5707963268e+00 9.6441262780e-01
7.5549690664e-05 1.1981322301e+04 1.5707963268e+00 9.6824656499e-01
7.5854152238e-05 1.1977673665e+04 1.5707963268e+00 9.7208282414e-01
7.6158878113e-05 1.1974005563e+04 1.5707963268e+00 9.7592141977e-01
7.6463870324e-05 1.1970317918e+04 1.5707963268e+00 9.7976236651e-01
7.6769130923e-05 1.1966610651e+04 1.5707963268e+00 9.8360567905e-01
7.7074661981e-05 1.1962883683e+04 1.5707963268e+00 9.8745137217e-01
7.7380465584e-05 1.1959136936e+04 1.5707963268e+00 9.9129946075e-01
7.7686543840e-05 1.1955370331e+04 1.5707963268e+00 9.9514995976e-01
7.7992898875e-05 1.1951583785e+04 1.5707963268e+00 9.9900288425e-01
7.8299532833e-05 1.1947777220e+04 1.5707963268e+00 1.0028582494e+00
7.8606447878e-05 1.1943950552e+04 1.5707963268e+00 1.0067160703e+00
7.8913646193e-05 1.1940103701e+04 1.5707963268e+00 1.0105763625e+00
7.9221129982e-05 1.1936236583e+04 1.5707963268e+00 1.0144391412e+00
7.9528901468e-05 1.1932349115e+04 1.5707963268e+00 1.0183044221e+00
7.9836962895e-05 1.1928441212e+04 1.5707963268e+00 1.0221722208e+00
8.0145316526e-05 1.1924512791e+04 1.5707963268e+00 1.0260425528e+00
8.0453964646e-05 1.1920563765e+04 1.5707963268e+00 1.0299154342e+00
8.0762909562e-05 1.1916594050e+04 1.5707963268e+00 1.0337908806e+00
8.1072153602e-05 1.1912603558e+04 1.5707963268e+00 1.0376689083e+00
8.1381699113e-05 1.1908592201e+04 1.5707963268e+00 1.0415495332e+00
8.1691548469e-05 1.1904559893e+04 1.5707963268e+00 1.0454327715e+00
8.2001704061e-05 1.1900506545e+04 1.5707963268e+00 1.0493186396e+00
8.2312168306e-05 1.1896432066e+04 1.5707963268e+00 1.0532071539e+00
8.2622943644e-05 1.1892336368e+04 1.5707963268e+00 1.0570983309e+00
8.2934032537e-05 1.1888219360e+04 1.5707963268e+00 1.0609921872e+00
8.3245437469e-05 1.1884080950e+04 1.5707963268e+00 1.0648887395e+00
8.3557160952e-05 1.1879921047e+04 1.5707963268e+00 1.0687880047e+00
8.3869205518e-05 1.1875739557e+04 1.5707963268e+00 1.0726899997e+00
8.4181573727e-05 1.1871536388e+04 1.5707963268e+00 1.0765947415e+00
8.4494268161e-05 1.1867311445e+04 1.5707963268e+00 1.0805022474e+00
8.4807291429e-05 1.1863064633e+04 1.5707963268e+00 1.0844125344e+00
8.5120646164e-05 1.1858795856e+04 1.5707963268e+00 1.0883256202e+00
8.5434335028e-05 1.1854505019e+04 1.5707963268e+00 1.0922415221e+00
8.5748360705e-05 1.1850192024e+04 1.5707963268e+00 1.0961602578e+00
8.6062725910e-05 1.1845856774e+04 1.5707963268e+00 1.1000818449e+00
8.6377433381e-05 1.1841499170e+04 1.5707963268e+00 1.1040063014e+00
8.6692485887e-05 1.1837119112e+04 1.5707963268e+00 1.1079336452e+00
8.7007886221e-05 1.1832716501e+04 1.5707963268e+00 1.1118638943e+00
8.7323637209e-05 1.1828291235e+04 1.5707963268e+00 1.1157970671e+00
8.7639741701e-05 1.1823843214e+04 1.5707963268e+00 1.1197331817e+00
8.7956202579e-05 1.1819372334e+04 1.5707963268e+00 1.1236722567e+00
8.8273022753e-05 1.1814878492e+04 1.5707963268e+00 1.1276143105e+00
8.8590205163e-05 1.1810361584e+04 1.5707963268e+00 1.1315593621e+00
8.8907752780e-05 1.1805821506e+04 1.5707963268e+00 1.1355074300e+00
8.9225668606e-05 1.1801258152e+04 1.5707963268e+00 1.1394585333e+00
8.9543955673e-05 1.1796671415e+04 1.5707963268e+00 1.1434126911e+00
8.9862617045e-05 1.1792061188e+04 1.5707963268e+00 1.1473699226e+00
9.0181655818e-05 1.1787427362e+04 1.5707963268e+00 1.1513302472e+00
9.0501075122e-05 1.1782769830e+04 1.5707963268e+00 1.1552936842e+00
9.0820878118e-05 1.1778088480e+04 1.5707963268e+00 1.1592602534e+00
9.1141068002e-05 1.1773383203e+04 1.5707963268e+00 1.1632299744e+00
9.1461648003e-05 1.1768653886e+04 1.5707963268e+00 1.1672028672e+00
9.1782621387e-05 1.1763900417e+04 1.5707963268e+00 1.1711789518e+00
9.2103991452e-05 1.1759122683e+04 1.5707963268e+00 1.1751582483e+00
9.2425761532e-05 1.1754320569e+04 1.5707963268e+00 1.1791407771e+00
9.2747935000e-05 1.1749493961e+04 1.5707963268e+00 1.1831265586e+00
9.3070515263e-05 1.1744642742e+04 1.5707963268e+00 1.1871156135e+00
9.3393505766e-05 1.1739766794e+04 1.5707963268e+00 1.1911079624e+00
9.3716909992e-05 1.1734866002e+04 1.5707963268e+00 1.1951036262e+00
9.4040731463e-05 1.1729940244e+04 1.5707963268e+00 1.1991026261e+00
9.4364973739e-05 1.1724989402e+04 1.5707963268e+00 1.2031049831e+00
9.4689640420e-05 1.1720013355e+04 1.5707963268e+00 1.2071107187e+00
9.5014735146e-05 1.1715011980e+04 1.5707963268e+00 1.2111198543e+00
9.5340261599e-05 1.1709985156e+04 1.5707963268e+00 1.2151324117e+00
9.5666223501e-05 1.1704932758e+04 1.5707963268e+00 1.2191484125e+00
9.5992624618e-05 1.1699854662e+04 1.5707963268e+00 1.2231678789e+00
9.6319468756e-05 1.1694750742e+04 1.5707963268e+00 1.2271908328e+00
9.6646759768e-05 1.1689620871e+04 1.5707963268e+00 1.2312172967e+00
9.6974501548e-05 1.1684464921e+04 1.5707963268e+00 1.2352472930e+00
9.7302698037e-05 1.1679282765e+04 1.5707963268e+00 1.2392808443e+00
9.7631353221e-05 1.1674074271e+04 1.5707963268e+00 1.2433179735e+00
9.7960471133e-05 1.1668839309e+04 1.5707963268e+00 1.2473587034e+00
9.8290055851e-05 1.1663577746e+04 1.5707963268e+00 1.2514030573e+00
9.8620111503e-05 1.1658289451e+04 1.5707963268e+00 1.2554510584e+00
9.8950642266e-05 1.1652974288e+04 1.5707963268e+00 1.2595027303e+00
9.9281652363e-05 1.1647632123e+04 1.5707963268e+00 1.2635580966e+00
9.9613146073e-05 1.1642262819e+04 1.5707963268e+00 1.2676171812e+00
9.9945127720e-05 1.1636866238e+04 1.5707963268e+00 1.2716800081e+00
1.0027760168e-04 1.1631442242e+04 1.5707963268e+00 1.2757466015e+00
1.0061057240e-04 1.1625990692e+04 1.5707963268e+00 1.2798169858e+00
1.0094404434e-04 1.1620511445e+04 1.5707963268e+00 1.2838911856e+00
1.0127802206e-04 1.1615004361e+04 1.5707963268e+00 1.2879692256e+00
1.0161251015e-04 1.1609469296e+04 1.5707963268e+00 1.2920511310e+00
1.0194751326e-04 1.1603906105e+04 1.5707963268e+00 1.2961369267e+00
1.0228303609e-04 1.1598314642e+04 1.5707963268e+00 1.3002266383e+00
1.0261908343e-04 1.1592694762e+04 1.5707963268e+00 1.3043202912e+00
1.0295566009e-04 1.1587046315e+04 1.5707963268e+00 1.3084179111e+00
1.0329277096e-04 1.1581369152e+04 1.5707963268e+00 1.3125195242e+00
1.0363042099e-04 1.1575663124e+04 1.5707963268e+00 1.3166251564e+00
1.0396861519e-04 1.1569928076e+04 1.5707963268e+00 1.3207348343e+00
1.0430735863e-04 1.1564163858e+04 1.5707963268e+00 1.3248485844e+00
1.0464665646e-04 1.1558370313e+04 1.5707963268e+00 1.3289664335e+00
1.0498651388e-04 1.1552547287e+04 1.5707963268e+00 1.3330884086e+00
1.0532693616e-04 1.1546694621e+04 1.5707963268e+00 1.3372145369e+00
1.0566792865e-04 1.1540812159e+04 1.5707963268e+00 1.3413448460e+00
1.0600949675e-04 1.1534899739e+04 1.5707963268e+00 1.3454793634e+00
1.0635164594e-04 1.1528957201e+04 1.5707963268e+00 1.3496181171e+00
1.0669438177e-04 1.1522984382e+04 1.5707963268e+00 1.3537611351e+00
1.0703770988e-04 1.1516981118e+04 1.5707963268e+00 1.3579084460e+00
1.0738163595e-04 1.1510947243e+04 1.5707963268e+00 1.3620600781e+00
1.0772616577e-04 1.1504882592e+04 1.5707963268e+00 1.3662160605e+00
1.0807130519e-04 1.1498786995e+04 1.5707963268e+00 1.3703764221e+00
1.0841706014e-04 1.1492660283e+04 1.5707963268e+00 1.3745411922e+00
1.0876343663e-04 1.1486502284e+04 1.5707963268e+00 1.3787104004e+00
1.0911044076e-04 1.1480312827e+04 1.5707963268e+00 1.3828840765e+00
1.0945807870e-04 1.1474091736e+04 1.5707963268e+00 1.3870622506e+00
1.0980635671e-04 1.1467838836e+04 1.5707963268e+00 1.3912449529e+00
1.1015528114e-04 1.1461553950e+04 1.5707963268e+00 1.3954322140e+00
1.1050485843e-04 1.1455236899e+04 1.5707963268e+00 1.3996240647e+00
1.1085509510e-04 1.1448887502e+04 1.5707963268e+00 1.4038205361e+00
1.1120599776e-04 1.1442505578e+04 1.5707963268e+00 1.4080216595e+00
1.1155757312e-04 1.1436090942e+04 1.5707963268e+00 1.4122274665e+00
1.1190982800e-04 1.1429643410e+04 1.5707963268e+00 1.4164379891e+00
1.1226276928e-04 1.1423162795e+04 1.5707963268e+00 1.4206532594e+00
1.1261640396e-04 1.1416648907e+04 1.5707963268e+00 1.4248733098e+00
1.1297073915e-04 1.1410101557e+04 1.5707963268e+00 1.4290981730e+00
1.1332578205e-04 1.1403520553e+04 1.5707963268e+00 1.4333278821e+00
1.1368153996e-04 1.1396905701e+04 1.5707963268e+00 1.4375624703e+00
1.1403802030e-04 1.1390256805e+04 1.5707963268e+00 1.4418019713e+00
1.1439523057e-04 1.1383573669e+04 1.5707963268e+00 1.4460464188e+00
1.1475317843e-04 1.1376856093e+04 1.5707963268e+00 1.4502958472e+00
1.1511187160e-04 1.1370103876e+04 1.5707963268e+00 1.4545502908e+00
1.1547131796e-04 1.1363316815e+04 1.5707963268e+00 1.4588097845e+00
1.1583152547e-04 1.1356494707e+04 1.5707963268e+00 1.4630743633e+00
1.1619250223e-04 1.1349637344e+04 1.5707963268e+00 1.4673440627e+00
1.1655425646e-04 1.1342744519e+04 1.5707963268e+00 1.4716189185e+00
1.1691679651e-04 1.1335816021e+04 1.5707963268e+00 1.4758989666e+00
1.1728013085e-04 1.1328851638e+04 1.5707963268e+00 1.4801842435e+00
1.1764426808e-04 1.1321851155e+04 1.5707963268e+00 1.4844747859e+00
1.1800921693e-04 1.1314814358e+04 1.5707963268e+00 1.4887706309e+00
1.1837498627e-04 1.1307741026e+04 1.5707963268e+00 1.4930718157e+00
1.1874158512e-04 1.1300630941e+04 1.5707963268e+00 1.4973783783e+00
1.1910902261e-04 1.1293483880e+04 1.5707963268e+00 1.5016903566e+00
1.1947730806e-04 1.1286299619e+04 1.5707963268e+00 1.5060077891e+00
1.1984645089e-04 1.1279077931e+04 1.5707963268e+00 1.5103307146e+00
1.2021646071e-04 1.1271818587e+04 1.5707963268e+00 1.5146591723e+00
1.2058734726e-04 1.1264521358e+04 1.5707963268e+00 1.5189932017e+00
1.2095912043e-04 1.1257186009e+04 1.5707963268e+00 1.5233328427e+00
1.2133179031e-04 1.1249812305e+04 1.5707963268e+00 1.5276781355e+00
1.2170536711e-04 1.1242400010e+04 1.5707963268e+00 1.5320291208e+00
1.2207986124e-04 1.1234948884e+04 1.5707963268e+00 1.5363858398e+00
1.2245528327e-04 1.1227458683e+04 1.5707963268e+00 1.5407483337e+00
1.2283164393e-04 1.1219929165e+04 1.5707963268e+00 1.5451166445e+00
1.2320895416e-04 1.1212360082e+04 1.5707963268e+00 1.5494908143e+00
1.2358722506e-04 1.1204751185e+04 1.5707963268e+00 1.5538708859e+00
1.2396646792e-04 1.1197102223e+04 1.5707963268e+00 1.5582569022e+00
1.2434669425e-04 1.1189412941e+04 1.5707963268e+00 1.5626489068e+00
1.2472791571e-04 1.1181683084e+04 1.5707963268e+00 1.5670469436e+00
1.2511014420e-04 1.1173912392e+04 1.5707963268e+00 1.5714510569e+00
1.2549339181e-04 1.1166100603e+04 1.5707963268e+00 1.5758612914e+00
1.2587767085e-04 1.1158247453e+04 1.5707963268e+00 1.5802776924e+00
1.2626299382e-04 1.1150352676e+04 1.5707963268e+00 1.5847003055e+00
1.2664937347e-04 1.1142416003e+04 1.5707963268e+00 1.5891291769e+00
1.2703682277e-04 1.1134437160e+04 1.5707963268e+00 1.5935643531e+00
1.2742535490e-04 1.1126415874e+04 1.5707963268e+00 1.5980058812e+00
1.2781498331e-04 1.1118351866e+04 1.5707963268e+00 1.6024538086e+00
1.2820572168e-04 1.1110244856e+04 1.5707963268e+00 1.6069081835e+00
1.2859758391e-04 1.1102094562e+04 1.5707963268e+00 1.6113690542e+00
1.2899058421e-04 1.1093900696e+04 1.5707963268e+00 1.6158364697e+00
1.2938473700e-04 1.1085662971e+04 1.5707963268e+00 1.6203104796e+00
1.2978005701e-04 1.1077381093e+04 1.5707963268e+00 1.6247911338e+00
1.3017655920e-04 1.1069054768e+04 1.5707963268e+00 1.6292784828e+00
1.3057425886e-04 1.1060683699e+04 1.5707963268e+00 1.6337725776e+00
1.3097317152e-04 1.1052267583e+04 1.5707963268e+00 1.6382734698e+00
1.3137331305e-04 1.1043806118e+04 1.5707963268e+00 1.6427812116e+00
1.3177469960e-04 1.1035298995e+04 1.5707963268e+00 1.6472958554e+00
1.3217734763e-04 1.1026745904e+04 1.5707963268e+00 1.6518174546e+00
1.3258127393e-04 1.1018146532e+04 1.5707963268e+00 1.6563460629e+00
1.3298649561e-04 1.1009500561e+04 1.5707963268e+00 1.6608817345e+00
1.3339303012e-04 1.1000807672e+04 1.5707963268e+00 1.6654245245e+00
1.3380089525e-04 1.0992067540e+04 1.5707963268e+00 1.6699744883e+00
1.3421010917e-04 1.0983279838e+04 1.5707963268e+00 1.6745316820e+00
1.3462069037e-04 1.0974444236e+04 1.5707963268e+00 1.6790961622e+00
1.3503265776e-04 1.0965560400e+04 1.5707963268e+00 1.6836679863e+00
1.3544603061e-04 1.0956627991e+04 1.5707963268e+00 1.6882472122e+00
1.3586082858e-04 1.0947646670e+04 1.5707963268e+00 1.6928338985e+00
1.3627707175e-04 1.0938616090e+04 1.5707963268e+00 1.6974281043e+00
1.3669478062e-04 1.0929535903e+04 1.5707963268e+00 1.7020298896e+00
1.3711397611e-04 1.0920405757e+04 1.5707963268e+00 1.7066393147e+00
1.3753467958e-04 1.0911225295e+04 1.5707963268e+00 1.7112564410e+00
1.3795691286e-04 1.0901994157e+04 1.5707963268e+00 1.7158813302e+00
1.3838069822e-04 1.0892711979e+04 1.5707963268e+00 1.7205140450e+00
1.3880605843e-04 1.0883378393e+04 1.5707963268e+00 1.7251546485e+00
1.3923301675e-04 1.0873993027e+04 1.5707963268e+00 1.7298032047e+00
1.3966159697e-04 1.0864555505e+04 1.5707963268e+00 1.7344597784e+00
1.4009182335e-04 1.0855065446e+04 1.5707963268e+00 1.7391244350e+00
1.4052372076e-04 1.0845522465e+04 1.5707963268e+00 1.7437972406e+00
1.4095731456e-04 1.0835926174e+04 1.5707963268e+00 1.7484782622e+00
1.4139263073e-04 1.0826276179e+04 1.5707963268e+00 1.7531675674e+00
1.4182969582e-04 1.0816572083e+04 1.5707963268e+00 1.7578652249e+00
1.4226853699e-04 1.0806813483e+04 1.5707963268e+00 1.7625713038e+00
1.4270918204e-04 1.0796999972e+04 1.5707963268e+00 1.7672858743e+00
1.4315165939e-04 1.0787131140e+04 1.5707963268e+00 1.7720090072e+00
1.4359599815e-04 1.0777206570e+04 1.5707963268e+00 1.7767407743e+00
1.4404222811e-04 1.0767225840e+04 1.5707963268e+00 1.7814812483e+00
1.4449037979e-04 1.0757188527e+04 1.5707963268e+00 1.7862305025e+00
1.4494048440e-04 1.0747094198e+04 1.5707963268e+00 1.7909886113e+00
1.4539257395e-04 1.0736942418e+04 1.5707963268e+00 1.7957556499e+00
1.4584668121e-04 1.0726732748e+04 1.5707963268e+00 1.8005316945e+00
1.4630283976e-04 1.0716464740e+04 1.5707963268e+00 1.8053168221e+00
1.4676108402e-04 1.0706137944e+04 1.5707963268e+00 1.8101111107e+00
1.4722144927e-04 1.0695751904e+04 1.5707963268e+00 1.8149146392e+00
1.4768397168e-04 1.0685306157e+04 1.5707963268e+00 1.8197274876e+00
1.4814868834e-04 1.0674800238e+04 1.5707963268e+00 1.8245497366e+00
1.4861563731e-04 1.0664233673e+04 1.5707963268e+00 1.8293814682e+00
1.4908485762e-04 1.0653605984e+04 1.5707963268e+00 1.8342227653e+00
1.4955638932e-04 1.0642916687e+04 1.5707963268e+00 1.8390737118e+00
1.5003027353e-04 1.0632165292e+04 1.5707963268e+00 1.8439343927e+00
1.5050655246e-04 1.0621351303e+04 1.5707963268e+00 1.8488048941e+00
1.5098526946e-04 1.0610474220e+04 1.5707963268e+00 1.8536853030e+00
1.5146646904e-04 1.0599533533e+04 1.5707963268e+00 1.8585757078e+00
1.5195019694e-04 1.0588528729e+04 1.5707963268e+00 1.8634761978e+00
1.5243650018e-04 1.0577459288e+04 1.5707963268e+00 1.8683868635e+00
1.5292542706e-04 1.0566324683e+04 1.5707963268e+00 1.8733077966e+00
1.5341702727e-04 1.0555124381e+04 1.5707963268e+00 1.8782390899e+00
1.5391135190e-04 1.0543857843e+04 1.5707963268e+00 1.8831808376e+00
1.5440845349e-04 1.0532524521e+04 1.5707963268e+00 1.8881331350e+00
1.5490838614e-04 1.0521123864e+04 1.5707963268e+00 1.8930960785e+00
1.5541120551e-04 1.0509655310e+04 1.5707963268e+00 1.8980697661e+00
1.5591696890e-04 1.0498118293e+04 1.5707963268e+00 1.9030542968e+00
1.5642573535e-04 1.0486512238e+04 1.5707963268e+00 1.9080497710e+00
1.5693756565e-04 1.0474836564e+04 1.5707963268e+00 1.9130562907e+00
1.5745252246e-04 1.0463090682e+04 1.5707963268e+00 1.9180739588e+00
1.5797067036e-04 1.0451273996e+04 1.5707963268e+00 1.9231028800e+00
1.5849207596e-04 1.0439385902e+04 1.5707963268e+00 1.9281431602e+00
1.5901680794e-04 1.0427425789e+04 1.5707963268e+00 1.9331949068e+00
1.5954493718e-04 1.0415393036e+04 1.5707963268e+00 1.9382582287e+00
1.6007653683e-04 1.0403287016e+04 1.5707963268e+00 1.9433332363e+00
1.6061168241e-04 1.0391107094e+04 1.5707963268e+00 1.9484200414e+00
1.6115045194e-04 1.0378852627e+04 1.5707963268e+00 1.9535187576e+00
1.6169292601e-04 1.0366522961e+04 1.5707963268e+00 1.9586294998e+00
1.6223918793e-04 1.0354117436e+04 1.5707963268e+00 1.9637523848e+00
1.6278932383e-04 1.0341635383e+04 1.5707963268e+00 1.9688875307e+00
1.6334342280e-04 1.0329076124e+04 1.5707963268e+00 1.9740350577e+00
1.6390157703e-04 1.0316438971e+04 1.5707963268e+00 1.9791950873e+00
1.6446388195e-04 1.0303723229e+04 1.5707963268e+00 1.9843677431e+00
1.6503043639e-04 1.0290928192e+04 1.5707963268e+00 1.9895531502e+00
1.6560134272e-04 1.0278053147e+04 1.5707963268e+00 1.9947514357e+00
1.6617670708e-04 1.0265097367e+04 1.5707963268e+00 1.9999627283e+00
1.6675663948e-04 1.0252060120e+04 1.5707963268e+00 2.0051871590e+00
1.6734125408e-04 1.0238940663e+04 1.5707963268e+00 2.0104248602e+00
1.6793066933e-04 1.0225738241e+04 1.5707963268e+00 2.0156759668e+00
1.6852500824e-04 1.0212452090e+04 1.5707963268e+00 2.0209406152e+00
1.6912439859e-04 1.0199081438e+04 1.5707963268e+00 2.0262189442e+00
1.6972897317e-04 1.0185625498e+04 1.5707963268e+00 2.0315110945e+00
1.7033887008e-04 1.0172083478e+04 1.5707963268e+00 2.0368172089e+00
1.7095423300e-04 1.0158454570e+04 1.5707963268e+00 2.0421374326e+00
1.7157521148e-04 1.0144737958e+04 1.5707963268e+00 2.0474719127e+00
1.7220196127e-04 1.0130932814e+04 1.5707963268e+00 2.0528207987e+00
1.7283464471e-04 1.0117038300e+04 1.5707963268e+00 2.0581842425e+00
1.7347343105e-04 1.0103053566e+04 1.5707963268e+00 2.0635623981e+00
1.7411849685e-04 1.0088977748e+04 1.5707963268e+00 2.0689554221e+00
1.7477002647e-04 1.0074809975e+04 1.5707963268e+00 2.0743634735e+00
1.7542821246e-04 1.0060549361e+04 1.5707963268e+00 2.0797867138e+00
1.7609325611e-04 1.0046195009e+04 1.5707963268e+00 2.0852253069e+00
1.7676536794e-04 1.0031746009e+04 1.5707963268e+00 2.0906794196e+00
1.7744476831e-04 1.0017201440e+04 1.5707963268e+00 2.0961492211e+00
1.7813168804e-04 1.0002560367e+04 1.5707963268e+00 2.1016348835e+00
1.7882636905e-04 9.9878218456e+03 1.5707963268e+00 2.1071365814e+00
1.7952906512e-04 9.9729849153e+03 1.5707963268e+00 2.1126544926e+00
1.8024004264e-04 9.9580486047e+03 1.5707963268e+00 2.1181887975e+00
1.8095958151e-04 9.9430119295e+03 1.5707963268e+00 2.1237396796e+00
1.8168797603e-04 9.9278738922e+03 1.5707963268e+00 2.1293073254e+00
1.8242553589e-04 9.9126334825e+03 1.5707963268e+00 2.1348919244e+00
1.8317258734e-04 9.8972896772e+03 1.5707963268e+00 2.1404936695e+00
1.8392947427e-04 9.8818414400e+03 1.5707963268e+00 2.1461127564e+00
1.8469655962e-04 9.8662877216e+03 1.5707963268e+00 2.1517493846e+00
1.8547422674e-04 9.8506274600e+03 1.5707963268e+00 2.1574037565e+00
1.8626288098e-04 9.8348595800e+03 1.5707963268e+00 2.1630760781e+00
1.8706295138e-04 9.8189829937e+03 1.5707963268e+00 2.1687665592e+00
1.8787489258e-04 9.8029966009e+03 1.5707963268e+00 2.1744754127e+00
1.8869918685e-04 9.7868992885e+03 1.5707963268e+00 2.1802028555e+00
1.8953634645e-04 9.7706899316e+03 1.5707963268e+00 2.1859491082e+00
1.9038691606e-04 9.7543673934e+03 1.5707963268e+00 2.1917143951e+00
1.9125147567e-04 9.7379305256e+03 1.5707963268e+00 2.1974989445e+00
1.9213064362e-04 9.7213781691e+03 1.5707963268e+00 2.2033029888e+00
1.9302508009e-04 9.7047091544e+03 1.5707963268e+00 2.2091267643e+00
1.9393549095e-04 9.6879223023e+03 1.5707963268e+00 2.2149705115e+00
1.9486263205e-04 9.6710164252e+03 1.5707963268e+00 2.2208344754e+00
1.9580731404e-04 9.6539903274e+03 1.5707963268e+00 2.2267189050e+00
1.9677040783e-04 9.6368428070e+03 1.5707963268e+00 2.2326240541e+00
1.9775285063e-04 9.6195726568e+03 1.5707963268e+00 2.2385501807e+00
1.9875565290e-04 9.6021786664e+03 1.5707963268e+00 2.2444975477e+00
1.9977990613e-04 9.5846596239e+03 1.5707963268e+00 2.2504664227e+00
2.0082679172e-04 9.5670143183e+03 1.5707963268e+00 2.2564570778e+00
2.0189759110e-04 9.5492415423e+03 1.5707963268e+00 2.2624697905e+00
2.0299369735e-04 9.5313400957e+03 1.5707963268e+00 2.2685048430e+00
2.0411662848e-04 9.5133087887e+03 1.5707963268e+00 2.2745625227e+00
2.0526804276e-04 9.4951464472e+03 1.5707963268e+00 2.2806431221e+00
2.0644975654e-04 9.4768519174e+03 1.5707963268e+00 2.2867469391e+00
2.0766376488e-04 9.4584240727e+03 1.5707963268e+00 2.2928742768e+00
2.0891226571e-04 9.4398618209e+03 1.5707963268e+00 2.2990254439e+00
2.1019768818e-04 9.4211641136e+03 1.5707963268e+00 2.3052007544e+00
2.1152272617e-04 9.4023299565e+03 1.5707963268e+00 2.3114005280e+00
2.1289037794e-04 9.3833584230e+03 1.5707963268e+00 2.3176250900e+00
2.1430399366e-04 9.3642486697e+03 1.5707963268e+00 2.3238747712e+00
2.1576733238e-04 9.3449999553e+03 1.5707963268e+00 2.3301499080e+00
2.1728463107e-04 9.3256116646e+03 1.5707963268e+00 2.3364508426e+00
2.1886068875e-04 9.3060833366e+03 1.5707963268e+00 2.3427779226e+00
2.2050096994e-04 9.2864147009e+03 1.5707963268e+00 2.3491315011e+00
2.2221173292e-04 9.2666057215e+03 1.5707963268e+00 2.3555119364e+00
2.2400019025e-04 9.2466566536e+03 1.5707963268e+00 2.3619195922e+00
2.2587471189e-04 9.2265681144e+03 1.5707963268e+00 2.3683548366e+00
2.2784508499e-04 9.2063411751e+03 1.5707963268e+00 2.3748180425e+00
2.2992285050e-04 9.1859774799e+03 1.5707963268e+00 2.3813095862e+00
2.3212174539e-04 9.1654794029e+03 1.5707963268e+00 2.3878298475e+00
2.3445829256e-04 9.1448502579e+03 1.5707963268e+00 2.3943792081e+00
2.3695260165e-04 9.1240945832e+03 1.5707963268e+00 2.4009580506e+00
2.3962947753e-04 9.1032185362e+03 1.5707963268e+00 2.4075667566e+00
2.4251998903e-04 9.0822304509e+03 1.5707963268e+00 2.4142057041e+00
2.4566374628e-04 9.0611416450e+03 1.5707963268e+00 2.4208752647e+00
2.4911230548e-04 9.0399676235e+03 1.5707963268e+00 2.4275757986e+00
2.5293443807e-04 9.0187299301e+03 1.5707963268e+00 2.4343076479e+00
2.5722462715e-04 8.9974591117e+03 1.5707963268e+00 2.4410711277e+00
2.6211746513e-04 8.9761996907e+03 1.5707963268e+00 2.4478665111e+00
2.6781359705e-04 8.9550190032e+03 1.5707963268e+00 2.4546940071e+00
2.7463026317e-04 8.9340240911e+03 1.5707963268e+00 2.4615537240e+00
2.8311044506e-04 8.9133972094e+03 1.5707963268e+00 2.4684456060e+00
2.9429487900e-04 8.8934808527e+03 1.5707963268e+00 2.4753693119e+00
3.1056434971e-04 8.8750249071e+03 1.5707963268e+00 2.4823239589e+00
