0.0000000000e+00 9.4019941750e+03 1.5707963268e+00 0.0000000000e+00
6.2178568793e-07 9.4019941750e+03 1.5707963268e+00 4.7169811321e-03
1.2435713759e-06 9.4019073399e+03 1.5707963268e+00 9.4339622642e-03
1.8654527754e-06 9.4017336765e+03 1.5707963268e+00 1.4151030527e-02
2.4875256532e-06 9.4014731862e+03 1.5707963268e+00 1.8868273048e-02
3.1098859307e-06 9.4011258656e+03 1.5707963268e+00 2.3585776966e-02
3.7326297834e-06 9.4006917059e+03 1.5707963268e+00 2.8303629445e-02
4.3558537420e-06 9.4001706933e+03 1.5707963268e+00 3.3021917680e-02
4.9796547933e-06 9.3995628089e+03 1.5707963268e+00 3.7740728916e-02
5.6041304824e-06 9.3988680287e+03 1.5707963268e+00 4.2460150459e-02
6.2293790171e-06 9.3980863237e+03 1.5707963268e+00 4.7180269685e-02
6.8554993729e-06 9.3972176597e+03 1.5707963268e+00 5.1901174057e-02
7.4825914009e-06 9.3962619974e+03 1.5707963268e+00 5.6622951135e-02
8.1107559372e-06 9.3952192926e+03 1.5707963268e+00 6.1345688586e-02
8.7400949155e-06 9.3940894959e+03 1.5707963268e+00 6.6069474204e-02
9.3707114822e-06 9.3928725527e+03 1.5707963268e+00 7.0794395914e-02
1.0002710115e-05 9.3915684036e+03 1.5707963268e+00 7.5520541790e-02
1.0636196744e-05 9.3901769840e+03 1.5707963268e+00 8.0248000065e-02
1.1271278880e-05 9.3886982242e+03 1.5707963268e+00 8.4976859145e-02
1.1908065742e-05 9.3871320495e+03 1.5707963268e+00 8.9707207621e-02
1.2546668395e-05 9.3854783799e+03 1.5707963268e+00 9.4439134282e-02
1.3187199887e-05 9.3837371306e+03 1.5707963268e+00 9.9172728128e-02
1.3829775399e-05 9.3819082117e+03 1.5707963268e+00 1.0390807838e-01
1.4474512395e-05 9.3799915279e+03 1.5707963268e+00 1.0864527451e-01
1.5121530778e-05 9.3779869792e+03 1.5707963268e+00 1.1338440621e-01
1.5770953063e-05 9.3758944603e+03 1.5707963268e+00 1.1812556346e-01
1.6422904544e-05 9.3737138607e+03 1.5707963268e+00 1.2286883651e-01
1.7077513481e-05 9.3714450650e+03 1.5707963268e+00 1.2761431589e-01
1.7734911288e-05 9.3690879527e+03 1.5707963268e+00 1.3236209245e-01
1.8395232741e-05 9.3666423980e+03 1.5707963268e+00 1.3711225733e-01
1.9058616181e-05 9.3641082700e+03 1.5707963268e+00 1.4186490203e-01
1.9725203750e-05 9.3614854329e+03 1.5707963268e+00 1.4662011836e-01
2.0395141616e-05 9.3587737455e+03 1.5707963268e+00 1.5137799852e-01
2.1068580235e-05 9.3559730616e+03 1.5707963268e+00 1.5613863505e-01
2.1745674606e-05 9.3530832300e+03 1.5707963268e+00 1.6090212090e-01
2.2426584563e-05 9.3501040940e+03 1.5707963268e+00 1.6566854939e-01
2.3111475068e-05 9.3470354921e+03 1.5707963268e+00 1.7043801428e-01
2.3800516532e-05 9.3438772575e+03 1.5707963268e+00 1.7521060975e-01
2.4493885150e-05 9.3406292183e+03 1.5707963268e+00 1.7998643040e-01
2.5191763272e-05 9.3372911976e+03 1.5707963268e+00 1.8476557131e-01
2.5894339778e-05 9.3338630130e+03 1.5707963268e+00 1.8954812803e-01
2.6601810498e-05 9.3303444774e+03 1.5707963268e+00 1.9433419657e-01
2.7314378653e-05 9.3267353984e+03 1.5707963268e+00 1.9912387347e-01
2.8032255324e-05 9.3230355784e+03 1.5707963268e+00 2.0391725577e-01
2.8755659964e-05 9.3192448150e+03 1.5707963268e+00 2.0871444104e-01
2.9484820942e-05 9.3153629005e+03 1.5707963268e+00 2.1351552740e-01
3.0219976132e-05 9.3113896223e+03 1.5707963268e+00 2.1832061353e-01
3.0961373540e-05 9.3073247626e+03 1.5707963268e+00 2.2312979868e-01
3.1709271993e-05 9.3031680989e+03 1.5707963268e+00 2.2794318270e-01
3.2463941868e-05 9.2989194035e+03 1.5707963268e+00 2.3276086605e-01
3.3225665894e-05 9.2945784441e+03 1.5707963268e+00 2.3758294980e-01
3.3994740012e-05 9.2901449834e+03 1.5707963268e+00 2.4240953569e-01
3.4771474309e-05 9.2856187793e+03 1.5707963268e+00 2.4724072608e-01
3.5556194038e-05 9.2809995851e+03 1.5707963268e+00 2.5207662404e-01
3.6349240719e-05 9.2762871495e+03 1.5707963268e+00 2.5691733329e-01
3.7150973343e-05 9.2714812166e+03 1.5707963268e+00 2.6176295829e-01
3.7961769690e-05 9.2665815264e+03 1.5707963268e+00 2.6661360422e-01
3.8782027758e-05 9.2615878141e+03 1.5707963268e+00 2.7146937697e-01
3.9612167341e-05 9.2564998114e+03 1.5707963268e+00 2.7633038323e-01
4.0452631748e-05 9.2513172457e+03 1.5707963268e+00 2.8119673043e-01
4.1303889699e-05 9.2460398406e+03 1.5707963268e+00 2.8606852681e-01
4.2166437407e-05 9.2406673165e+03 1.5707963268e+00 2.9094588141e-01
4.3040800878e-05 9.2351993900e+03 1.5707963268e+00 2.9582890411e-01
4.3927538452e-05 9.2296357753e+03 1.5707963268e+00 3.0071770561e-01
4.4827243611e-05 9.2239761835e+03 1.5707963268e+00 3.0561239749e-01
4.5740548101e-05 9.2182203234e+03 1.5707963268e+00 3.1051309219e-01
4.6668125404e-05 9.2123679022e+03 1.5707963268e+00 3.1541990307e-01
4.7610694600e-05 9.2064186254e+03 1.5707963268e+00 3.2033294438e-01
4.8569024695e-05 9.2003721977e+03 1.5707963268e+00 3.2525233129e-01
4.9543939457e-05 9.1942283237e+03 1.5707963268e+00 3.3017817994e-01
5.0536322855e-05 9.1879867081e+03 1.5707963268e+00 3.3511060741e-01
5.1547125182e-05 9.1816470573e+03 1.5707963268e+00 3.4004973176e-01
5.2577369970e-05 9.1752090797e+03 1.5707963268e+00 3.4499567203e-01
5.3628161826e-05 9.1686724869e+03 1.5707963268e+00 3.4994854829e-01
5.4700695338e-05 9.1620369953e+03 1.5707963268e+00 3.5490848159e-01
5.5796265227e-05 9.1553023269e+03 1.5707963268e+00 3.5987559403e-01
5.6916277964e-05 9.1484682117e+03 1.5707963268e+00 3.6485000874e-01
5.8062265124e-05 9.1415343889e+03 1.5707963268e+00 3.6983184991e-01
5.9235898765e-05 9.1345006099e+03 1.5707963268e+00 3.7482124277e-01
6.0439009251e-05 9.1273666402e+03 1.5707963268e+00 3.7981831362e-01
6.1673605968e-05 9.1201322630e+03 1.5707963268e+00 3.8482318981e-01
6.2941901537e-05 9.1127972825e+03 1.5707963268e+00 3.8983599976e-01
6.4246340230e-05 9.1053615287e+03 1.5707963268e+00 3.9485687294e-01
6.5589631522e-05 9.0978248617e+03 1.5707963268e+00 3.9988593986e-01
6.6974789908e-05 9.0901871786e+03 1.5707963268e+00 4.0492333208e-01
6.8405182452e-05 9.0824484207e+03 1.5707963268e+00 4.0996918215e-01
6.9884585925e-05 9.0746085818e+03 1.5707963268e+00 4.1502362359e-01
7.1417255962e-05 9.0666677197e+03 1.5707963268e+00 4.2008679087e-01
7.3008011366e-05 9.0586259690e+03 1.5707963268e+00 4.2515881935e-01
7.4662337729e-05 9.0504835577e+03 1.5707963268e+00 4.3023984517e-01
7.6386515905e-05 9.0422408273e+03 1.5707963268e+00 4.3533000523e-01
7.8187782820e-05 9.0338982582e+03 1.5707963268e+00 4.4042943702e-01
8.0074534851e-05 9.0254565022e+03 1.5707963268e+00 4.4553827850e-01
8.2056587996e-05 9.0169164242e+03 1.5707963268e+00 4.5065666793e-01
8.4145514894e-05 9.0082791552e+03 1.5707963268e+00 4.5578474361e-01
8.6355087475e-05 8.9995461638e+03 1.5707963268e+00 4.6092264363e-01
8.8701867429e-05 8.9907193500e+03 1.5707963268e+00 4.6607050542e-01
9.1206007552e-05 8.9818011733e+03 1.5707963268e+00 4.7122846532e-01
9.3892360730e-05 8.9727948301e+03 1.5707963268e+00 4.7639665791e-01
9.6792048996e-05 8.9637045032e+03 1.5707963268e+00 4.8157521512e-01
9.9944740646e-05 8.9545357238e+03 1.5707963268e+00 4.8676426512e-01
1.0340205350e-04 8.9452959104e+03 1.5707963268e+00 4.9196393065e-01
1.0723281959e-04 8.9359951972e+03 1.5707963268e+00 4.9717432682e-01
1.1153157008e-04 8.9266477602e+03 1.5707963268e+00 5.0239555782e-01
1.1643290472e-04 8.9172740396e+03 1.5707963268e+00 5.0762771209e-01
1.2213736452e-04 8.9079046867e+03 1.5707963268e+00 5.1287085475e-01
1.2896178616e-04 8.8985881030e+03 1.5707963268e+00 5.1812501532e-01
1.3744789431e-04 8.8894062655e+03 1.5707963268e+00 5.2339016631e-01
1.4863240055e-04 8.8805125608e+03 1.5707963268e+00 5.2866618280e-01
1.6488068941e-04 8.8722414582e+03 1.5707963268e+00 5.3395275642e-01
