0.0000000000e+00 9.3132961167e+03 1.5707963268e+00 0.0000000000e+00
6.7791159367e-07 9.3132961167e+03 1.5707963268e+00 4.7619047619e-03
1.3558231873e-06 9.3132056085e+03 1.5707963268e+00 9.5238095238e-03
2.0338665423e-06 9.3130246008e+03 1.5707963268e+00 1.4285806840e-02
2.7121735144e-06 9.3127530970e+03 1.5707963268e+00 1.9047989260e-02
3.3908762243e-06 9.3123910946e+03 1.5707963268e+00 2.3810449346e-02
4.0701072274e-06 9.3119385859e+03 1.5707963268e+00 2.8573279681e-02
4.7499996856e-06 9.3113955575e+03 1.5707963268e+00 3.3336572888e-02
5.4306875410e-06 9.3107619906e+03 1.5707963268e+00 3.8100421640e-02
6.1123056918e-06 9.3100378607e+03 1.5707963268e+00 4.2864918678e-02
6.7949901713e-06 9.3092231382e+03 1.5707963268e+00 4.7630156817e-02
7.4788783301e-06 9.3083177876e+03 1.5707963268e+00 5.2396228970e-02
8.1641090232e-06 9.3073217683e+03 1.5707963268e+00 5.7163228154e-02
8.8508228011e-06 9.3062350342e+03 1.5707963268e+00 6.1931247505e-02
9.5391621075e-06 9.3050575335e+03 1.5707963268e+00 6.6700380295e-02
1.0229271482e-05 9.3037892093e+03 1.5707963268e+00 7.1470719945e-02
1.0921297771e-05 9.3024299992e+03 1.5707963268e+00 7.6242360035e-02
1.1615390346e-05 9.3009798352e+03 1.5707963268e+00 8.1015394323e-02
1.2311701329e-05 9.2994386442e+03 1.5707963268e+00 8.5789916756e-02
1.3010385830e-05 9.2978063474e+03 1.5707963268e+00 9.0566021485e-02
1.3711602194e-05 9.2960828608e+03 1.5707963268e+00 9.5343802878e-02
1.4415512258e-05 9.2942680951e+03 1.5707963268e+00 1.0012335554e-01
1.5122281623e-05 9.2923619554e+03 1.5707963268e+00 1.0490477431e-01
1.5832079940e-05 9.2903643415e+03 1.5707963268e+00 1.0968815430e-01
1.6545081206e-05 9.2882751480e+03 1.5707963268e+00 1.1447359090e-01
1.7261464085e-05 9.2860942639e+03 1.5707963268e+00 1.1926117976e-01
1.7981412241e-05 9.2838215731e+03 1.5707963268e+00 1.2405101688e-01
1.8705114690e-05 9.2814569541e+03 1.5707963268e+00 1.2884319854e-01
1.9432766181e-05 9.2790002799e+03 1.5707963268e+00 1.3363782136e-01
2.0164567591e-05 9.2764514185e+03 1.5707963268e+00 1.3843498233e-01
2.0900726352e-05 9.2738102324e+03 1.5707963268e+00 1.4323477878e-01
2.1641456908e-05 9.2710765789e+03 1.5707963268e+00 1.4803730841e-01
2.2386981194e-05 9.2682503100e+03 1.5707963268e+00 1.5284266935e-01
2.3137529156e-05 9.2653312726e+03 1.5707963268e+00 1.5765096009e-01
2.3893339310e-05 9.2623193083e+03 1.5707963268e+00 1.6246227957e-01
2.4654659333e-05 9.2592142535e+03 1.5707963268e+00 1.6727672718e-01
2.5421746706e-05 9.2560159395e+03 1.5707963268e+00 1.7209440272e-01
2.6194869403e-05 9.2527241925e+03 1.5707963268e+00 1.7691540651e-01
2.6974306632e-05 9.2493388337e+03 1.5707963268e+00 1.8173983931e-01
2.7760349643e-05 9.2458596793e+03 1.5707963268e+00 1.8656780242e-01
2.8553302587e-05 9.2422865404e+03 1.5707963268e+00 1.9139939761e-01
2.9353483463e-05 9.2386192235e+03 1.5707963268e+00 1.9623472723e-01
3.0161225135e-05 9.2348575299e+03 1.5707963268e+00 2.0107389414e-01
3.0976876439e-05 9.2310012565e+03 1.5707963268e+00 2.0591700178e-01
3.1800803389e-05 9.2270501955e+03 1.5707963268e+00 2.1076415417e-01
3.2633390490e-05 9.2230041345e+03 1.5707963268e+00 2.1561545593e-01
3.3475042177e-05 9.2188628567e+03 1.5707963268e+00 2.2047101228e-01
3.4326184380e-05 9.2146261413e+03 1.5707963268e+00 2.2533092907e-01
3.5187266249e-05 9.2102937631e+03 1.5707963268e+00 2.3019531281e-01
3.6058762040e-05 9.2058654931e+03 1.5707963268e+00 2.3506427066e-01
3.6941173198e-05 9.2013410985e+03 1.5707963268e+00 2.3993791046e-01
3.7835030640e-05 9.1967203433e+03 1.5707963268e+00 2.4481634074e-01
3.8740897293e-05 9.1920029878e+03 1.5707963268e+00 2.4969967075e-01
3.9659370890e-05 9.1871887899e+03 1.5707963268e+00 2.5458801046e-01
4.0591087074e-05 9.1822775045e+03 1.5707963268e+00 2.5948147058e-01
4.1536722856e-05 9.1772688846e+03 1.5707963268e+00 2.6438016259e-01
4.2497000455e-05 9.1721626812e+03 1.5707963268e+00 2.6928419874e-01
4.3472691603e-05 9.1669586441e+03 1.5707963268e+00 2.7419369208e-01
4.4464622350e-05 9.1616565225e+03 1.5707963268e+00 2.7910875644e-01
4.5473678468e-05 9.1562560655e+03 1.5707963268e+00 2.8402950649e-01
4.6500811539e-05 9.1507570228e+03 1.5707963268e+00 2.8895605775e-01
4.7547045816e-05 9.1451591458e+03 1.5707963268e+00 2.9388852656e-01
4.8613486007e-05 9.1394621883e+03 1.5707963268e+00 2.9882703014e-01
4.9701326111e-05 9.1336659077e+03 1.5707963268e+00 3.0377168657e-01
5.0811859495e-05 9.1277700665e+03 1.5707963268e+00 3.0872261485e-01
5.1946490418e-05 9.1217744336e+03 1.5707963268e+00 3.1367993484e-01
5.3106747267e-05 9.1156787862e+03 1.5707963268e+00 3.1864376733e-01
5.4294297810e-05 9.1094829116e+03 1.5707963268e+00 3.2361423400e-01
5.5510966856e-05 9.1031866098e+03 1.5707963268e+00 3.2859145746e-01
5.6758756782e-05 9.0967896962e+03 1.5707963268e+00 3.3357556125e-01
5.8039871507e-05 9.0902920050e+03 1.5707963268e+00 3.3856666981e-01
5.9356744630e-05 9.0836933930e+03 1.5707963268e+00 3.4356490851e-01
6.0712072630e-05 9.0769937441e+03 1.5707963268e+00 3.4857040363e-01
6.2108854260e-05 9.0701929752e+03 1.5707963268e+00 3.5358328231e-01
6.3550437556e-05 9.0632910426e+03 1.5707963268e+00 3.5860367261e-01
6.5040576325e-05 9.0562879498e+03 1.5707963268e+00 3.6363170340e-01
6.6583498448e-05 9.0491837577e+03 1.5707963268e+00 3.6866750439e-01
6.8183989133e-05 9.0419785963e+03 1.5707963268e+00 3.7371120603e-01
6.9847493167e-05 9.0346726795e+03 1.5707963268e+00 3.7876293949e-01
7.1580241616e-05 9.0272663231e+03 1.5707963268e+00 3.8382283654e-01
7.3389410316e-05 9.0197599685e+03 1.5707963268e+00 3.8889102951e-01
7.5283320172e-05 9.0121542109e+03 1.5707963268e+00 3.9396765108e-01
7.7271693183e-05 9.0044498375e+03 1.5707963268e+00 3.9905283420e-01
7.9365983794e-05 8.9966478752e+03 1.5707963268e+00 4.0414671184e-01
8.1579813698e-05 8.9887496546e+03 1.5707963268e+00 4.0924941672e-01
8.3929551172e-05 8.9807568945e+03 1.5707963268e+00 4.1436108100e-01
8.6435096386e-05 8.9726718172e+03 1.5707963268e+00 4.1948183582e-01
8.9120966669e-05 8.9644973065e+03 1.5707963268e+00 4.2461181073e-01
9.2017829594e-05 8.9562371324e+03 1.5707963268e+00 4.2975113293e-01
9.5164723836e-05 8.9478962740e+03 1.5707963268e+00 4.3489992619e-01
9.8612371339e-05 8.9394814006e+03 1.5707963268e+00 4.4005830950e-01
1.0242828829e-04 8.9310016096e+03 1.5707963268e+00 4.4522639501e-01
1.0670499763e-04 8.9224696037e+03 1.5707963268e+00 4.5040428518e-01
1.1157388640e-04 8.9139036592e+03 1.5707963268e+00 4.5559206848e-01
1.1723004233e-04 8.9053311057e+03 1.5707963268e+00 4.6078981276e-01
1.2398030702e-04 8.8967949382e+03 1.5707963268e+00 4.6599755445e-01
1.3234608398e-04 8.8883676000e+03 1.5707963268e+00 4.7121527985e-01
1.4331614664e-04 8.8801836028e+03 1.5707963268e+00 4.7644289005e-01
1.5911287468e-04 8.8725325961e+03 1.5707963268e+00 4.8168012694e-01
