0.0000000000e+00 9.6680883497e+03 1.5707963268e+00 0.0000000000e+00
5.1481999753e-07 9.6680883497e+03 1.5707963268e+00 -4.5871559633e-03
1.0296399951e-06 9.6680118280e+03 1.5707963268e+00 -9.1743119266e-03
1.5445052675e-06 9.6678587878e+03 1.5707963268e+00 -1.3761540503e-02
2.0594611050e-06 9.6676292286e+03 1.5707963268e+00 -1.8348914308e-02
2.5745528417e-06 9.6673231456e+03 1.5707963268e+00 -2.2936505963e-02
3.0898258840e-06 9.6669405301e+03 1.5707963268e+00 -2.7524388109e-02
3.6053257391e-06 9.6664813694e+03 1.5707963268e+00 -3.2112633416e-02
4.1210980442e-06 9.6659456467e+03 1.5707963268e+00 -3.6701314589e-02
4.6371885947e-06 9.6653333412e+03 1.5707963268e+00 -4.1290504377e-02
5.1536433742e-06 9.6646444281e+03 1.5707963268e+00 -4.5880275584e-02
5.6705085835e-06 9.6638788785e+03 1.5707963268e+00 -5.0470701080e-02
6.1878306703e-06 9.6630366597e+03 1.5707963268e+00 -5.5061853802e-02
6.7056563600e-06 9.6621177346e+03 1.5707963268e+00 -5.9653806774e-02
7.2240326857e-06 9.6611220624e+03 1.5707963268e+00 -6.4246633107e-02
7.7430070196e-06 9.6600495980e+03 1.5707963268e+00 -6.8840406014e-02
8.2626271046e-06 9.6589002925e+03 1.5707963268e+00 -7.3435198813e-02
8.7829410868e-06 9.6576740928e+03 1.5707963268e+00 -7.8031084945e-02
9.3039975480e-06 9.6563709417e+03 1.5707963268e+00 -8.2628137974e-02
9.8258455394e-06 9.6549907781e+03 1.5707963268e+00 -8.7226431603e-02
1.0348534616e-05 9.6535335367e+03 1.5707963268e+00 -9.1826039680e-02
1.0872114872e-05 9.6519991481e+03 1.5707963268e+00 -9.6427036208e-02
1.1396636978e-05 9.6503875390e+03 1.5707963268e+00 -1.0102949535e-01
1.1922152213e-05 9.6486986317e+03 1.5707963268e+00 -1.0563349146e-01
1.2448712511e-05 9.6469323446e+03 1.5707963268e+00 -1.1023909905e-01
1.2976370492e-05 9.6450885920e+03 1.5707963268e+00 -1.1484639284e-01
1.3505179507e-05 9.6431672839e+03 1.5707963268e+00 -1.1945544775e-01
1.4035193680e-05 9.6411683262e+03 1.5707963268e+00 -1.2406633892e-01
1.4566467946e-05 9.6390916207e+03 1.5707963268e+00 -1.2867914169e-01
1.5099058103e-05 9.6369370651e+03 1.5707963268e+00 -1.3329393166e-01
1.5633020850e-05 9.6347045526e+03 1.5707963268e+00 -1.3791078464e-01
1.6168413842e-05 9.6323939726e+03 1.5707963268e+00 -1.4252977673e-01
1.6705295734e-05 9.6300052098e+03 1.5707963268e+00 -1.4715098426e-01
1.7243726234e-05 9.6275381452e+03 1.5707963268e+00 -1.5177448383e-01
1.7783766158e-05 9.6249926550e+03 1.5707963268e+00 -1.5640035235e-01
1.8325477481e-05 9.6223686116e+03 1.5707963268e+00 -1.6102866700e-01
1.8868923399e-05 9.6196658827e+03 1.5707963268e+00 -1.6565950527e-01
1.9414168389e-05 9.6168843319e+03 1.5707963268e+00 -1.7029294496e-01
1.9961278265e-05 9.6140238185e+03 1.5707963268e+00 -1.7492906418e-01
2.0510320253e-05 9.6110841973e+03 1.5707963268e+00 -1.7956794141e-01
2.1061363049e-05 9.6080653187e+03 1.5707963268e+00 -1.8420965544e-01
2.1614476900e-05 9.6049670289e+03 1.5707963268e+00 -1.8885428543e-01
2.2169733669e-05 9.6017891694e+03 1.5707963268e+00 -1.9350191090e-01
2.2727206920e-05 9.5985315776e+03 1.5707963268e+00 -1.9815261176e-01
2.3286971996e-05 9.5951940860e+03 1.5707963268e+00 -2.0280646831e-01
2.3849106105e-05 9.5917765230e+03 1.5707963268e+00 -2.0746356122e-01
2.4413688411e-05 9.5882787122e+03 1.5707963268e+00 -2.1212397161e-01
2.4980800126e-05 9.5847004729e+03 1.5707963268e+00 -2.1678778100e-01
2.5550524610e-05 9.5810416195e+03 1.5707963268e+00 -2.2145507135e-01
2.6122947477e-05 9.5773019621e+03 1.5707963268e+00 -2.2612592508e-01
2.6698156699e-05 9.5734813061e+03 1.5707963268e+00 -2.3080042505e-01
2.7276242727e-05 9.5695794522e+03 1.5707963268e+00 -2.3547865460e-01
2.7857298611e-05 9.5655961964e+03 1.5707963268e+00 -2.4016069755e-01
2.8441420125e-05 9.5615313300e+03 1.5707963268e+00 -2.4484663822e-01
2.9028705907e-05 9.5573846398e+03 1.5707963268e+00 -2.4953656144e-01
2.9619257596e-05 9.5531559075e+03 1.5707963268e+00 -2.5423055256e-01
3.0213179989e-05 9.5488449102e+03 1.5707963268e+00 -2.5892869745e-01
3.0810581199e-05 9.5444514202e+03 1.5707963268e+00 -2.6363108255e-01
3.1411572820e-05 9.5399752050e+03 1.5707963268e+00 -2.6833779486e-01
3.2016270112e-05 9.5354160270e+03 1.5707963268e+00 -2.7304892193e-01
3.2624792187e-05 9.5307736441e+03 1.5707963268e+00 -2.7776455192e-01
3.3237262214e-05 9.5260478089e+03 1.5707963268e+00 -2.8248477358e-01
3.3853807630e-05 9.5212382694e+03 1.5707963268e+00 -2.8720967629e-01
3.4474560369e-05 9.5163447683e+03 1.5707963268e+00 -2.9193935004e-01
3.5099657106e-05 9.5113670436e+03 1.5707963268e+00 -2.9667388548e-01
3.5729239514e-05 9.5063048283e+03 1.5707963268e+00 -3.0141337393e-01
3.6363454537e-05 9.5011578501e+03 1.5707963268e+00 -3.0615790735e-01
3.7002454688e-05 9.4959258318e+03 1.5707963268e+00 -3.1090757841e-01
3.7646398358e-05 9.4906084914e+03 1.5707963268e+00 -3.1566248049e-01
3.8295450153e-05 9.4852055413e+03 1.5707963268e+00 -3.2042270769e-01
3.8949781254e-05 9.4797166893e+03 1.5707963268e+00 -3.2518835482e-01
3.9609569797e-05 9.4741416379e+03 1.5707963268e+00 -3.2995951748e-01
4.0275001288e-05 9.4684800844e+03 1.5707963268e+00 -3.3473629201e-01
4.0946269042e-05 9.4627317212e+03 1.5707963268e+00 -3.3951877554e-01
4.1623574659e-05 9.4568962354e+03 1.5707963268e+00 -3.4430706602e-01
4.2307128532e-05 9.4509733091e+03 1.5707963268e+00 -3.4910126219e-01
4.2997150400e-05 9.4449626193e+03 1.5707963268e+00 -3.5390146364e-01
4.3693869932e-05 9.4388638379e+03 1.5707963268e+00 -3.5870777082e-01
4.4397527375e-05 9.4326766317e+03 1.5707963268e+00 -3.6352028504e-01
4.5108374235e-05 9.4264006626e+03 1.5707963268e+00 -3.6833910849e-01
4.5826674030e-05 9.4200355874e+03 1.5707963268e+00 -3.7316434429e-01
4.6552703092e-05 9.4135810580e+03 1.5707963268e+00 -3.7799609646e-01
4.7286751447e-05 9.4070367213e+03 1.5707963268e+00 -3.8283446999e-01
4.8029123764e-05 9.4004022195e+03 1.5707963268e+00 -3.8767957081e-01
4.8780140393e-05 9.3936771901e+03 1.5707963268e+00 -3.9253150583e-01
4.9540138485e-05 9.3868612657e+03 1.5707963268e+00 -3.9739038299e-01
5.0309473228e-05 9.3799540746e+03 1.5707963268e+00 -4.0225631122e-01
5.1088519182e-05 9.3729552406e+03 1.5707963268e+00 -4.0712940049e-01
5.1877671752e-05 9.3658643831e+03 1.5707963268e+00 -4.1200976186e-01
5.2677348795e-05 9.3586811178e+03 1.5707963268e+00 -4.1689750744e-01
5.3487992382e-05 9.3514050559e+03 1.5707963268e+00 -4.2179275046e-01
5.4310070748e-05 9.3440358055e+03 1.5707963268e+00 -4.2669560525e-01
5.5144080419e-05 9.3365729709e+03 1.5707963268e+00 -4.3160618730e-01
5.5990548583e-05 9.3290161534e+03 1.5707963268e+00 -4.3652461326e-01
5.6850035696e-05 9.3213649517e+03 1.5707963268e+00 -4.4145100094e-01
5.7723138373e-05 9.3136189618e+03 1.5707963268e+00 -4.4638546939e-01
5.8610492603e-05 9.3057777781e+03 1.5707963268e+00 -4.5132813886e-01
5.9512777327e-05 9.2978409932e+03 1.5707963268e+00 -4.5627913085e-01
6.0430718422e-05 9.2898081993e+03 1.5707963268e+00 -4.6123856812e-01
6.1365093164e-05 9.2816789880e+03 1.5707963268e+00 -4.6620657472e-01
6.2316735235e-05 9.2734529519e+03 1.5707963268e+00 -4.7118327600e-01
6.3286540335e-05 9.2651296847e+03 1.5707963268e+00 -4.7616879865e-01
6.4275472534e-05 9.2567087831e+03 1.5707963268e+00 -4.8116327067e-01
6.5284571425e-05 9.2481898470e+03 1.5707963268e+00 -4.8616682146e-01
6.6314960263e-05 9.2395724816e+03 1.5707963268e+00 -4.9117958178e-01
6.7367855200e-05 9.2308562987e+03 1.5707963268e+00 -4.9620168376e-01
6.8444575847e-05 9.2220409182e+03 1.5707963268e+00 -5.0123326098e-01
6.9546557365e-05 9.2131259708e+03 1.5707963268e+00 -5.0627444842e-01
7.0675364366e-05 9.2041111001e+03 1.5707963268e+00 -5.1132538249e-01
7.1832706966e-05 9.1949959651e+03 1.5707963268e+00 -5.1638620105e-01
7.3020459403e-05 9.1857802444e+03 1.5707963268e+00 -5.2145704340e-01
7.4240681701e-05 9.1764636392e+03 1.5707963268e+00 -5.2653805029e-01
7.5495645036e-05 9.1670458785e+03 1.5707963268e+00 -5.3162936393e-01
7.6787861558e-05 9.1575267245e+03 1.5707963268e+00 -5.3673112795e-01
7.8120119642e-05 9.1479059788e+03 1.5707963268e+00 -5.4184348741e-01
7.9495525819e-05 9.1381834906e+03 1.5707963268e+00 -5.4696658880e-01
8.0917554930e-05 9.1283591659e+03 1.5707963268e+00 -5.5210057995e-01
8.2390110522e-05 9.1184329790e+03 1.5707963268e+00 -5.5724561006e-01
8.3917598111e-05 9.1084049862e+03 1.5707963268e+00 -5.6240182959e-01
8.5505014702e-05 9.0982753430e+03 1.5707963268e+00 -5.6756939022e-01
8.7158059107e-05 9.0880443251e+03 1.5707963268e+00 -5.7274844475e-01
8.8883269096e-05 9.0777123547e+03 1.5707963268e+00 -5.7793914698e-01
9.0688193604e-05 9.0672800333e+03 1.5707963268e+00 -5.8314165158e-01
9.2581611244e-05 9.0567481846e+03 1.5707963268e+00 -5.8835611385e-01
9.4573810866e-05 9.0461179074e+03 1.5707963268e+00 -5.9358268955e-01
9.6676956460e-05 9.0353906474e+03 1.5707963268e+00 -5.9882153455e-01
9.8905568601e-05 9.0245682891e+03 1.5707963268e+00 -6.0407280442e-01
1.0127716988e-04 9.0136532813e+03 1.5707963268e+00 -6.0933665397e-01
1.0381316584e-04 9.0026488073e+03 1.5707963268e+00 -6.1461323652e-01
1.0654007192e-04 8.9915590209e+03 1.5707963268e+00 -6.1990270309e-01
1.0949126212e-04 8.9803893840e+03 1.5707963268e+00 -6.2520520117e-01
1.1270952841e-04 8.9691471568e+03 1.5707963268e+00 -6.3052087315e-01
1.1625094362e-04 8.9578421356e+03 1.5707963268e+00 -6.3584985414e-01
1.2019090737e-04 8.9464878003e+03 1.5707963268e+00 -6.4119226878e-01
1.2463402731e-04 8.9351031726e+03 1.5707963268e+00 -6.4654822677e-01
1.2973114329e-04 8.9237159828e+03 1.5707963268e+00 -6.5191781594e-01
1.3571064825e-04 8.9123684050e+03 1.5707963268e+00 -6.5730109147e-01
1.4294117875e-04 8.9011282949e+03 1.5707963268e+00 -6.6269805796e-01
1.5207206000e-04 8.8901136109e+03 1.5707963268e+00 -6.6810863756e-01
1.6440255676e-04 8.8795537596e+03 1.5707963268e+00 -6.7353260778e-01
1.8313014577e-04 8.8699821749e+03 1.5707963268e+00 -6.7896946339e-01
