0.0000000000e+00 9.2245980585e+03 1.5707963268e+00 0.0000000000e+00
7.5431038672e-07 9.2245980585e+03 1.5707963268e+00 -4.8076923077e-03
1.5086207734e-06 9.2245037512e+03 1.5707963268e+00 -9.6153846154e-03
2.2631239517e-06 9.2243151486e+03 1.5707963268e+00 -1.4423175226e-02
3.0180128933e-06 9.2240322569e+03 1.5707963268e+00 -1.9231162434e-02
3.7734810711e-06 9.2236550760e+03 1.5707963268e+00 -2.4039444546e-02
4.5297227808e-06 9.2231836000e+03 1.5707963268e+00 -2.8848119890e-02
5.2869334665e-06 9.2226178170e+03 1.5707963268e+00 -3.3657286834e-02
6.0453100503e-06 9.2219577093e+03 1.5707963268e+00 -3.8467043800e-02
6.8050512685e-06 9.2212032533e+03 1.5707963268e+00 -4.3277489283e-02
7.5663580137e-06 9.2203544194e+03 1.5707963268e+00 -4.8088721858e-02
8.3294336877e-06 9.2194111723e+03 1.5707963268e+00 -5.2900840204e-02
9.0944845628e-06 9.2183734710e+03 1.5707963268e+00 -5.7713943115e-02
9.8617201567e-06 9.2172412685e+03 1.5707963268e+00 -6.2528129515e-02
1.0631353620e-05 9.2160145122e+03 1.5707963268e+00 -6.7343498473e-02
1.1403602142e-05 9.2146931437e+03 1.5707963268e+00 -7.2160149221e-02
1.2178687367e-05 9.2132770990e+03 1.5707963268e+00 -7.6978181167e-02
1.2956835843e-05 9.2117663083e+03 1.5707963268e+00 -8.1797693911e-02
1.3738279477e-05 9.2101606963e+03 1.5707963268e+00 -8.6618787260e-02
1.4523256029e-05 9.2084601819e+03 1.5707963268e+00 -9.1441561243e-02
1.5312009624e-05 9.2066646786e+03 1.5707963268e+00 -9.6266116128e-02
1.6104791298e-05 9.2047740944e+03 1.5707963268e+00 -1.0109255244e-01
1.6901859577e-05 9.2027883314e+03 1.5707963268e+00 -1.0592097096e-01
1.7703481093e-05 9.2007072867e+03 1.5707963268e+00 -1.1075147277e-01
1.8509931240e-05 9.1985308516e+03 1.5707963268e+00 -1.1558415924e-01
1.9321494877e-05 9.1962589123e+03 1.5707963268e+00 -1.2041913206e-01
2.0138467081e-05 9.1938913495e+03 1.5707963268e+00 -1.2525649325e-01
2.0961153953e-05 9.1914280385e+03 1.5707963268e+00 -1.3009634519e-01
2.1789873485e-05 9.1888688495e+03 1.5707963268e+00 -1.3493879060e-01
2.2624956502e-05 9.1862136477e+03 1.5707963268e+00 -1.3978393260e-01
2.3466747670e-05 9.1834622928e+03 1.5707963268e+00 -1.4463187469e-01
2.4315606589e-05 9.1806146400e+03 1.5707963268e+00 -1.4948272078e-01
2.5171908988e-05 9.1776705391e+03 1.5707963268e+00 -1.5433657522e-01
2.6036048009e-05 9.1746298353e+03 1.5707963268e+00 -1.5919354280e-01
2.6908435615e-05 9.1714923692e+03 1.5707963268e+00 -1.6405372875e-01
2.7789504124e-05 9.1682579765e+03 1.5707963268e+00 -1.6891723880e-01
2.8679707886e-05 9.1649264889e+03 1.5707963268e+00 -1.7378417914e-01
2.9579525119e-05 9.1614977335e+03 1.5707963268e+00 -1.7865465651e-01
3.0489459924e-05 9.1579715333e+03 1.5707963268e+00 -1.8352877814e-01
3.1410044506e-05 9.1543477076e+03 1.5707963268e+00 -1.8840665180e-01
3.2341841615e-05 9.1506260719e+03 1.5707963268e+00 -1.9328838583e-01
3.3285447251e-05 9.1468064384e+03 1.5707963268e+00 -1.9817408912e-01
3.4241493653e-05 9.1428886160e+03 1.5707963268e+00 -2.0306387118e-01
3.5210652619e-05 9.1388724110e+03 1.5707963268e+00 -2.0795784208e-01
3.6193639199e-05 9.1347576272e+03 1.5707963268e+00 -2.1285611254e-01
3.7191215813e-05 9.1305440664e+03 1.5707963268e+00 -2.1775879390e-01
3.8204196861e-05 9.1262315291e+03 1.5707963268e+00 -2.2266599815e-01
3.9233453881e-05 9.1218198146e+03 1.5707963268e+00 -2.2757783794e-01
4.0279921353e-05 9.1173087220e+03 1.5707963268e+00 -2.3249442660e-01
4.1344603250e-05 9.1126980510e+03 1.5707963268e+00 -2.3741587815e-01
4.2428580431e-05 9.1079876021e+03 1.5707963268e+00 -2.4234230730e-01
4.3533019040e-05 9.1031771785e+03 1.5707963268e+00 -2.4727382950e-01
4.4659180062e-05 9.0982665864e+03 1.5707963268e+00 -2.5221056091e-01
4.5808430232e-05 9.0932556366e+03 1.5707963268e+00 -2.5715261843e-01
4.6982254550e-05 9.0881441461e+03 1.5707963268e+00 -2.6210011971e-01
4.8182270671e-05 9.0829319396e+03 1.5707963268e+00 -2.6705318316e-01
4.9410245534e-05 9.0776188513e+03 1.5707963268e+00 -2.7201192795e-01
5.0668114663e-05 9.0722047280e+03 1.5707963268e+00 -2.7697647400e-01
5.1958004652e-05 9.0666894309e+03 1.5707963268e+00 -2.8194694201e-01
5.3282259512e-05 9.0610728396e+03 1.5707963268e+00 -2.8692345345e-01
5.4643471670e-05 9.0553548555e+03 1.5707963268e+00 -2.9190613055e-01
5.6044518677e-05 9.0495354066e+03 1.5707963268e+00 -2.9689509628e-01
5.7488606898e-05 9.0436144531e+03 1.5707963268e+00 -3.0189047435e-01
5.8979323855e-05 9.0375919935e+03 1.5707963268e+00 -3.0689238919e-01
6.0520701355e-05 9.0314680735e+03 1.5707963268e+00 -3.1190096594e-01
6.2117292159e-05 9.0252427951e+03 1.5707963268e+00 -3.1691633037e-01
6.3774263860e-05 9.0189163290e+03 1.5707963268e+00 -3.2193860885e-01
6.5497514748e-05 9.0124889294e+03 1.5707963268e+00 -3.2696792831e-01
6.7293818177e-05 9.0059609529e+03 1.5707963268e+00 -3.3200441614e-01
6.9171004206e-05 8.9993328822e+03 1.5707963268e+00 -3.3704820008e-01
7.1138190647e-05 8.9926053557e+03 1.5707963268e+00 -3.4209940811e-01
7.3206080511e-05 8.9857792071e+03 1.5707963268e+00 -3.4715816830e-01
7.5387350001e-05 8.9788555157e+03 1.5707963268e+00 -3.5222460853e-01
7.7697162088e-05 8.9718356740e+03 1.5707963268e+00 -3.5729885632e-01
8.0153857557e-05 8.9647214782e+03 1.5707963268e+00 -3.6238103840e-01
8.2779902052e-05 8.9575152524e+03 1.5707963268e+00 -3.6747128028e-01
8.5603211264e-05 8.9502200229e+03 1.5707963268e+00 -3.7256970568e-01
8.8659049779e-05 8.9428397659e+03 1.5707963268e+00 -3.7767643564e-01
9.1992827335e-05 8.9353797729e+03 1.5707963268e+00 -3.8279158752e-01
9.5664349921e-05 8.9278472033e+03 1.5707963268e+00 -3.8791527338e-01
9.9754530247e-05 8.9202519513e+03 1.5707963268e+00 -3.9304759783e-01
1.0437646889e-04 8.9126080659e+03 1.5707963268e+00 -3.9818865479e-01
1.0969478951e-04 8.9049362011e+03 1.5707963268e+00 -4.0333852263e-01
1.1596178686e-04 8.8972681260e+03 1.5707963268e+00 -4.0849725637e-01
1.2359131518e-04 8.8896557419e+03 1.5707963268e+00 -4.1366487451e-01
1.3332917500e-04 8.8821912232e+03 1.5707963268e+00 -4.1884133534e-01
1.4672075949e-04 8.8750596470e+03 1.5707963268e+00 -4.2402648938e-01
