0.0000000000e+00 1.6675234952e+04 1.5707963268e+00 0.0000000000e+00
2.1622255878e-07 1.6675234952e+04 1.5707963268e+00 -2.6595744681e-03
4.3244511756e-07 1.6675258793e+04 1.5707963268e+00 -5.3191489362e-03
6.4866732504e-07 1.6675306474e+04 1.5707963268e+00 -7.9787157994e-03
8.6488882995e-07 1.6675377997e+04 1.5707963268e+00 -1.0638267453e-02
1.0811092810e-06 1.6675473361e+04 1.5707963268e+00 -1.3297796292e-02
1.2973283269e-06 1.6675592566e+04 1.5707963268e+00 -1.5957294712e-02
1.5135456165e-06 1.6675735612e+04 1.5707963268e+00 -1.8616755110e-02
1.7297607985e-06 1.6675902499e+04 1.5707963268e+00 -2.1276169881e-02
1.9459735217e-06 1.6676093229e+04 1.5707963268e+00 -2.3935531422e-02
2.1621834351e-06 1.6676307800e+04 1.5707963268e+00 -2.6594832130e-02
2.3783901874e-06 1.6676546213e+04 1.5707963268e+00 -2.9254064404e-02
2.5945934278e-06 1.6676808469e+04 1.5707963268e+00 -3.1913220643e-02
2.8107928051e-06 1.6677094568e+04 1.5707963268e+00 -3.4572293245e-02
3.0269879685e-06 1.6677404510e+04 1.5707963268e+00 -3.7231274612e-02
3.2431785671e-06 1.6677738296e+04 1.5707963268e+00 -3.9890157146e-02
3.4593642502e-06 1.6678095925e+04 1.5707963268e+00 -4.2548933248e-02
3.6755446670e-06 1.6678477400e+04 1.5707963268e+00 -4.5207595323e-02
3.8917194670e-06 1.6678882719e+04 1.5707963268e+00 -4.7866135777e-02
4.1078882996e-06 1.6679311884e+04 1.5707963268e+00 -5.0524547014e-02
4.3240508144e-06 1.6679764895e+04 1.5707963268e+00 -5.3182821445e-02
4.5402066611e-06 1.6680241752e+04 1.5707963268e+00 -5.5840951478e-02
4.7563554895e-06 1.6680742457e+04 1.5707963268e+00 -5.8498929524e-02
4.9724969496e-06 1.6681267011e+04 1.5707963268e+00 -6.1156747997e-02
5.1886306913e-06 1.6681815413e+04 1.5707963268e+00 -6.3814399311e-02
5.4047563649e-06 1.6682387664e+04 1.5707963268e+00 -6.6471875882e-02
5.6208736206e-06 1.6682983765e+04 1.5707963268e+00 -6.9129170130e-02
5.8369821089e-06 1.6683603718e+04 1.5707963268e+00 -7.1786274475e-02
6.0530814805e-06 1.6684247522e+04 1.5707963268e+00 -7.4443181340e-02
6.2691713859e-06 1.6684915179e+04 1.5707963268e+00 -7.7099883150e-02
6.4852514762e-06 1.6685606690e+04 1.5707963268e+00 -7.9756372333e-02
6.7013214024e-06 1.6686322055e+04 1.5707963268e+00 -8.2412641317e-02
6.9173808157e-06 1.6687061275e+04 1.5707963268e+00 -8.5068682537e-02
7.1334293676e-06 1.6687824352e+04 1.5707963268e+00 -8.7724488426e-02
7.3494667097e-06 1.6688611286e+04 1.5707963268e+00 -9.0380051422e-02
7.5654924937e-06 1.6689422079e+04 1.5707963268e+00 -9.3035363965e-02
7.7815063716e-06 1.6690256731e+04 1.5707963268e+00 -9.5690418499e-02
7.9975079956e-06 1.6691115243e+04 1.5707963268e+00 -9.8345207471e-02
8.2134970181e-06 1.6691997618e+04 1.5707963268e+00 -1.0099972333e-01
8.4294730917e-06 1.6692903855e+04 1.5707963268e+00 -1.0365395852e-01
8.6454358691e-06 1.6693833956e+04 1.5707963268e+00 -1.0630790551e-01
8.8613850035e-06 1.6694787923e+04 1.5707963268e+00 -1.0896155676e-01
9.0773201480e-06 1.6695765756e+04 1.5707963268e+00 -1.1161490472e-01
9.2932409562e-06 1.6696767457e+04 1.5707963268e+00 -1.1426794185e-01
9.5091470818e-06 1.6697793027e+04 1.5707963268e+00 -1.1692066064e-01
9.7250381788e-06 1.6698842467e+04 1.5707963268e+00 -1.1957305355e-01
9.9409139014e-06 1.6699915780e+04 1.5707963268e+00 -1.2222511306e-01
1.0156773904e-05 1.6701012965e+04 1.5707963268e+00 -1.2487683165e-01
1.0372617842e-05 1.6702134025e+04 1.5707963268e+00 -1.2752820181e-01
1.0588445369e-05 1.6703278962e+04 1.5707963268e+00 -1.3017921601e-01
1.0804256142e-05 1.6704447776e+04 1.5707963268e+00 -1.3282986676e-01
1.1020049815e-05 1.6705640469e+04 1.5707963268e+00 -1.3548014655e-01
1.1235826046e-05 1.6706857043e+04 1.5707963268e+00 -1.3813004789e-01
1.1451584488e-05 1.6708097499e+04 1.5707963268e+00 -1.4077956327e-01
1.1667324801e-05 1.6709361838e+04 1.5707963268e+00 -1.4342868520e-01
1.1883046639e-05 1.6710650064e+04 1.5707963268e+00 -1.4607740620e-01
1.2098749660e-05 1.6711962176e+04 1.5707963268e+00 -1.4872571880e-01
1.2314433522e-05 1.6713298177e+04 1.5707963268e+00 -1.5137361550e-01
1.2530097882e-05 1.6714658069e+04 1.5707963268e+00 -1.5402108885e-01
1.2745742398e-05 1.6716041853e+04 1.5707963268e+00 -1.5666813136e-01
1.2961366728e-05 1.6717449532e+04 1.5707963268e+00 -1.5931473559e-01
1.3176970532e-05 1.6718881106e+04 1.5707963268e+00 -1.6196089406e-01
1.3392553468e-05 1.6720336577e+04 1.5707963268e+00 -1.6460659934e-01
1.3608115196e-05 1.6721815949e+04 1.5707963268e+00 -1.6725184397e-01
1.3823655375e-05 1.6723319221e+04 1.5707963268e+00 -1.6989662052e-01
1.4039173666e-05 1.6724846397e+04 1.5707963268e+00 -1.7254092154e-01
1.4254669728e-05 1.6726397479e+04 1.5707963268e+00 -1.7518473960e-01
1.4470143224e-05 1.6727972467e+04 1.5707963268e+00 -1.7782806728e-01
1.4685593813e-05 1.6729571365e+04 1.5707963268e+00 -1.8047089716e-01
1.4901021158e-05 1.6731194174e+04 1.5707963268e+00 -1.8311322182e-01
1.5116424921e-05 1.6732840896e+04 1.5707963268e+00 -1.8575503386e-01
1.5331804763e-05 1.6734511534e+04 1.5707963268e+00 -1.8839632588e-01
1.5547160349e-05 1.6736206089e+04 1.5707963268e+00 -1.9103709047e-01
1.5762491340e-05 1.6737924564e+04 1.5707963268e+00 -1.9367732024e-01
1.5977797401e-05 1.6739666960e+04 1.5707963268e+00 -1.9631700782e-01
1.6193078196e-05 1.6741433280e+04 1.5707963268e+00 -1.9895614583e-01
1.6408333388e-05 1.6743223526e+04 1.5707963268e+00 -2.0159472688e-01
1.6623562643e-05 1.6745037701e+04 1.5707963268e+00 -2.0423274363e-01
1.6838765626e-05 1.6746875806e+04 1.5707963268e+00 -2.0687018869e-01
1.7053942003e-05 1.6748737844e+04 1.5707963268e+00 -2.0950705474e-01
1.7269091440e-05 1.6750623817e+04 1.5707963268e+00 -2.1214333441e-01
1.7484213603e-05 1.6752533727e+04 1.5707963268e+00 -2.1477902037e-01
1.7699308160e-05 1.6754467577e+04 1.5707963268e+00 -2.1741410529e-01
1.7914374778e-05 1.6756425370e+04 1.5707963268e+00 -2.2004858184e-01
1.8129413126e-05 1.6758407106e+04 1.5707963268e+00 -2.2268244270e-01
1.8344422870e-05 1.6760412790e+04 1.5707963268e+00 -2.2531568056e-01
1.8559403681e-05 1.6762442423e+04 1.5707963268e+00 -2.2794828812e-01
1.8774355228e-05 1.6764496007e+04 1.5707963268e+00 -2.3058025808e-01
1.8989277181e-05 1.6766573546e+04 1.5707963268e+00 -2.3321158315e-01
1.9204169210e-05 1.6768675042e+04 1.5707963268e+00 -2.3584225604e-01
1.9419030985e-05 1.6770800497e+04 1.5707963268e+00 -2.3847226949e-01
1.9633862179e-05 1.6772949914e+04 1.5707963268e+00 -2.4110161622e-01
1.9848662464e-05 1.6775123296e+04 1.5707963268e+00 -2.4373028897e-01
2.0063431510e-05 1.6777320644e+04 1.5707963268e+00 -2.4635828049e-01
2.0278168992e-05 1.6779541962e+04 1.5707963268e+00 -2.4898558355e-01
2.0492874583e-05 1.6781787252e+04 1.5707963268e+00 -2.5161219089e-01
2.0707547957e-05 1.6784056517e+04 1.5707963268e+00 -2.5423809529e-01
2.0922188788e-05 1.6786349759e+04 1.5707963268e+00 -2.5686328953e-01
2.1136796752e-05 1.6788666982e+04 1.5707963268e+00 -2.5948776640e-01
2.1351371523e-05 1.6791008188e+04 1.5707963268e+00 -2.6211151869e-01
2.1565912778e-05 1.6793373379e+04 1.5707963268e+00 -2.6473453921e-01
2.1780420194e-05 1.6795762559e+04 1.5707963268e+00 -2.6735682077e-01
2.1994893447e-05 1.6798175730e+04 1.5707963268e+00 -2.6997835619e-01
2.2209332216e-05 1.6800612895e+04 1.5707963268e+00 -2.7259913830e-01
2.2423736179e-05 1.6803074057e+04 1.5707963268e+00 -2.7521915994e-01
2.2638105014e-05 1.6805559218e+04 1.5707963268e+00 -2.7783841395e-01
2.2852438402e-05 1.6808068382e+04 1.5707963268e+00 -2.8045689319e-01
2.3066736021e-05 1.6810601552e+04 1.5707963268e+00 -2.8307459052e-01
2.3280997554e-05 1.6813158729e+04 1.5707963268e+00 -2.8569149882e-01
2.3495222681e-05 1.6815739917e+04 1.5707963268e+00 -2.8830761097e-01
2.3709411084e-05 1.6818345120e+04 1.5707963268e+00 -2.9092291985e-01
2.3923562445e-05 1.6820974339e+04 1.5707963268e+00 -2.9353741837e-01
2.4137676447e-05 1.6823627579e+04 1.5707963268e+00 -2.9615109945e-01
2.4351752774e-05 1.6826304841e+04 1.5707963268e+00 -2.9876395599e-01
2.4565791111e-05 1.6829006129e+04 1.5707963268e+00 -3.0137598092e-01
2.4779791141e-05 1.6831731445e+04 1.5707963268e+00 -3.0398716719e-01
2.4993752552e-05 1.6834480794e+04 1.5707963268e+00 -3.0659750774e-01
2.5207675028e-05 1.6837254177e+04 1.5707963268e+00 -3.0920699552e-01
2.5421558256e-05 1.6840051599e+04 1.5707963268e+00 -3.1181562351e-01
2.5635401924e-05 1.6842873061e+04 1.5707963268e+00 -3.1442338468e-01
2.5849205720e-05 1.6845718567e+04 1.5707963268e+00 -3.1703027202e-01
2.6062969333e-05 1.6848588121e+04 1.5707963268e+00 -3.1963627852e-01
2.6276692451e-05 1.6851481724e+04 1.5707963268e+00 -3.2224139719e-01
2.6490374765e-05 1.6854399381e+04 1.5707963268e+00 -3.2484562104e-01
2.6704015966e-05 1.6857341094e+04 1.5707963268e+00 -3.2744894311e-01
2.6917615745e-05 1.6860306867e+04 1.5707963268e+00 -3.3005135643e-01
2.7131173793e-05 1.6863296702e+04 1.5707963268e+00 -3.3265285404e-01
2.7344689804e-05 1.6866310604e+04 1.5707963268e+00 -3.3525342900e-01
2.7558163470e-05 1.6869348574e+04 1.5707963268e+00 -3.3785307439e-01
2.7771594486e-05 1.6872410616e+04 1.5707963268e+00 -3.4045178328e-01
2.7984982547e-05 1.6875496734e+04 1.5707963268e+00 -3.4304954876e-01
2.8198327347e-05 1.6878606931e+04 1.5707963268e+00 -3.4564636392e-01
2.8411628584e-05 1.6881741209e+04 1.5707963268e+00 -3.4824222189e-01
2.8624885953e-05 1.6884899573e+04 1.5707963268e+00 -3.5083711578e-01
2.8838099152e-05 1.6888082024e+04 1.5707963268e+00 -3.5343103873e-01
2.9051267879e-05 1.6891288567e+04 1.5707963268e+00 -3.5602398387e-01
2.9264391834e-05 1.6894519205e+04 1.5707963268e+00 -3.5861594437e-01
2.9477470716e-05 1.6897773942e+04 1.5707963268e+00 -3.6120691339e-01
2.9690504225e-05 1.6901052779e+04 1.5707963268e+00 -3.6379688411e-01
2.9903492063e-05 1.6904355721e+04 1.5707963268e+00 -3.6638584971e-01
3.0116433930e-05 1.6907682771e+04 1.5707963268e+00 -3.6897380340e-01
3.0329329530e-05 1.6911033932e+04 1.5707963268e+00 -3.7156073839e-01
3.0542178567e-05 1.6914409207e+04 1.5707963268e+00 -3.7414664790e-01
3.0754980743e-05 1.6917808601e+04 1.5707963268e+00 -3.7673152516e-01
3.0967735764e-05 1.6921232115e+04 1.5707963268e+00 -3.7931536343e-01
3.1180443335e-05 1.6924679754e+04 1.5707963268e+00 -3.8189815596e-01
3.1393103163e-05 1.6928151521e+04 1.5707963268e+00 -3.8447989602e-01
3.1605714954e-05 1.6931647419e+04 1.5707963268e+00 -3.8706057689e-01
3.1818278416e-05 1.6935167451e+04 1.5707963268e+00 -3.8964019187e-01
3.2030793259e-05 1.6938711621e+04 1.5707963268e+00 -3.9221873426e-01
3.2243259191e-05 1.6942279933e+04 1.5707963268e+00 -3.9479619739e-01
3.2455675922e-05 1.6945872389e+04 1.5707963268e+00 -3.9737257457e-01
3.2668043163e-05 1.6949488992e+04 1.5707963268e+00 -3.9994785917e-01
3.2880360626e-05 1.6953129747e+04 1.5707963268e+00 -4.0252204452e-01
3.3092628023e-05 1.6956794657e+04 1.5707963268e+00 -4.0509512400e-01
3.3304845068e-05 1.6960483725e+04 1.5707963268e+00 -4.0766709099e-01
3.3517011475e-05 1.6964196954e+04 1.5707963268e+00 -4.1023793889e-01
3.3729126957e-05 1.6967934347e+04 1.5707963268e+00 -4.1280766109e-01
3.3941191232e-05 1.6971695909e+04 1.5707963268e+00 -4.1537625101e-01
3.4153204015e-05 1.6975481643e+04 1.5707963268e+00 -4.1794370209e-01
3.4365165024e-05 1.6979291551e+04 1.5707963268e+00 -4.2051000778e-01
3.4577073977e-05 1.6983125638e+04 1.5707963268e+00 -4.2307516152e-01
3.4788930592e-05 1.6986983906e+04 1.5707963268e+00 -4.2563915678e-01
3.5000734589e-05 1.6990866359e+04 1.5707963268e+00 -4.2820198706e-01
3.5212485690e-05 1.6994773001e+04 1.5707963268e+00 -4.3076364585e-01
3.5424183614e-05 1.6998703835e+04 1.5707963268e+00 -4.3332412665e-01
3.5635828084e-05 1.7002658864e+04 1.5707963268e+00 -4.3588342299e-01
3.5847418824e-05 1.7006638091e+04 1.5707963268e+00 -4.3844152840e-01
3.6058955556e-05 1.7010641521e+04 1.5707963268e+00 -4.4099843644e-01
3.6270438007e-05 1.7014669156e+04 1.5707963268e+00 -4.4355414067e-01
3.6481865900e-05 1.7018720999e+04 1.5707963268e+00 -4.4610863466e-01
3.6693238964e-05 1.7022797055e+04 1.5707963268e+00 -4.4866191200e-01
3.6904556923e-05 1.7026897326e+04 1.5707963268e+00 -4.5121396631e-01
3.7115819508e-05 1.7031021816e+04 1.5707963268e+00 -4.5376479119e-01
3.7327026447e-05 1.7035170528e+04 1.5707963268e+00 -4.5631438027e-01
3.7538177468e-05 1.7039343466e+04 1.5707963268e+00 -4.5886272722e-01
3.7749272304e-05 1.7043540633e+04 1.5707963268e+00 -4.6140982567e-01
3.7960310686e-05 1.7047762032e+04 1.5707963268e+00 -4.6395566931e-01
3.8171292346e-05 1.7052007667e+04 1.5707963268e+00 -4.6650025183e-01
3.8382217017e-05 1.7056277541e+04 1.5707963268e+00 -4.6904356692e-01
3.8593084433e-05 1.7060571658e+04 1.5707963268e+00 -4.7158560831e-01
3.8803894329e-05 1.7064890019e+04 1.5707963268e+00 -4.7412636971e-01
3.9014646442e-05 1.7069232630e+04 1.5707963268e+00 -4.7666584489e-01
3.9225340508e-05 1.7073599494e+04 1.5707963268e+00 -4.7920402759e-01
3.9435976264e-05 1.7077990613e+04 1.5707963268e+00 -4.8174091160e-01
3.9646553450e-05 1.7082405991e+04 1.5707963268e+00 -4.8427649069e-01
3.9857071804e-05 1.7086845631e+04 1.5707963268e+00 -4.8681075868e-01
4.0067531067e-05 1.7091309536e+04 1.5707963268e+00 -4.8934370937e-01
4.0277930980e-05 1.7095797711e+04 1.5707963268e+00 -4.9187533661e-01
4.0488271285e-05 1.7100310158e+04 1.5707963268e+00 -4.9440563424e-01
4.0698551726e-05 1.7104846880e+04 1.5707963268e+00 -4.9693459613e-01
4.0908772045e-05 1.7109407880e+04 1.5707963268e+00 -4.9946221614e-01
4.1118931989e-05 1.7113993163e+04 1.5707963268e+00 -5.0198848817e-01
4.1329031303e-05 1.7118602730e+04 1.5707963268e+00 -5.0451340614e-01
4.1539069733e-05 1.7123236586e+04 1.5707963268e+00 -5.0703696395e-01
4.1749047027e-05 1.7127894734e+04 1.5707963268e+00 -5.0955915556e-01
4.1958962934e-05 1.7132577176e+04 1.5707963268e+00 -5.1207997491e-01
4.2168817202e-05 1.7137283916e+04 1.5707963268e+00 -5.1459941597e-01
4.2378609584e-05 1.7142014957e+04 1.5707963268e+00 -5.1711747273e-01
4.2588339829e-05 1.7146770302e+04 1.5707963268e+00 -5.1963413918e-01
4.2798007689e-05 1.7151549955e+04 1.5707963268e+00 -5.2214940934e-01
4.3007612919e-05 1.7156353919e+04 1.5707963268e+00 -5.2466327724e-01
4.3217155272e-05 1.7161182196e+04 1.5707963268e+00 -5.2717573693e-01
4.3426634503e-05 1.7166034790e+04 1.5707963268e+00 -5.2968678246e-01
4.3636050369e-05 1.7170911703e+04 1.5707963268e+00 -5.3219640792e-01
4.3845402625e-05 1.7175812940e+04 1.5707963268e+00 -5.3470460739e-01
4.4054691030e-05 1.7180738503e+04 1.5707963268e+00 -5.3721137500e-01
4.4263915344e-05 1.7185688394e+04 1.5707963268e+00 -5.3971670485e-01
4.4473075324e-05 1.7190662618e+04 1.5707963268e+00 -5.4222059110e-01
4.4682170733e-05 1.7195661177e+04 1.5707963268e+00 -5.4472302790e-01
4.4891201332e-05 1.7200684074e+04 1.5707963268e+00 -5.4722400943e-01
4.5100166883e-05 1.7205731312e+04 1.5707963268e+00 -5.4972352986e-01
4.5309067150e-05 1.7210802894e+04 1.5707963268e+00 -5.5222158342e-01
4.5517901898e-05 1.7215898824e+04 1.5707963268e+00 -5.5471816432e-01
4.5726670892e-05 1.7221019103e+04 1.5707963268e+00 -5.5721326680e-01
4.5935373899e-05 1.7226163735e+04 1.5707963268e+00 -5.5970688511e-01
4.6144010686e-05 1.7231332722e+04 1.5707963268e+00 -5.6219901353e-01
4.6352581021e-05 1.7236526069e+04 1.5707963268e+00 -5.6468964634e-01
4.6561084674e-05 1.7241743777e+04 1.5707963268e+00 -5.6717877785e-01
4.6769521416e-05 1.7246985849e+04 1.5707963268e+00 -5.6966640238e-01
4.6977891017e-05 1.7252252288e+04 1.5707963268e+00 -5.7215251427e-01
4.7186193250e-05 1.7257543097e+04 1.5707963268e+00 -5.7463710787e-01
4.7394427888e-05 1.7262858279e+04 1.5707963268e+00 -5.7712017754e-01
4.7602594705e-05 1.7268197836e+04 1.5707963268e+00 -5.7960171769e-01
4.7810693477e-05 1.7273561772e+04 1.5707963268e+00 -5.8208172271e-01
4.8018723980e-05 1.7278950088e+04 1.5707963268e+00 -5.8456018703e-01
4.8226685991e-05 1.7284362788e+04 1.5707963268e+00 -5.8703710509e-01
4.8434579289e-05 1.7289799874e+04 1.5707963268e+00 -5.8951247133e-01
4.8642403652e-05 1.7295261348e+04 1.5707963268e+00 -5.9198628024e-01
4.8850158861e-05 1.7300747215e+04 1.5707963268e+00 -5.9445852631e-01
4.9057844697e-05 1.7306257475e+04 1.5707963268e+00 -5.9692920403e-01
4.9265460942e-05 1.7311792132e+04 1.5707963268e+00 -5.9939830794e-01
4.9473007379e-05 1.7317351188e+04 1.5707963268e+00 -6.0186583258e-01
4.9680483793e-05 1.7322934645e+04 1.5707963268e+00 -6.0433177251e-01
4.9887889969e-05 1.7328542507e+04 1.5707963268e+00 -6.0679612230e-01
5.0095225692e-05 1.7334174776e+04 1.5707963268e+00 -6.0925887655e-01
5.0302490750e-05 1.7339831453e+04 1.5707963268e+00 -6.1172002987e-01
5.0509684932e-05 1.7345512542e+04 1.5707963268e+00 -6.1417957689e-01
5.0716808026e-05 1.7351218044e+04 1.5707963268e+00 -6.1663751225e-01
5.0923859823e-05 1.7356947963e+04 1.5707963268e+00 -6.1909383063e-01
5.1130840114e-05 1.7362702300e+04 1.5707963268e+00 -6.2154852669e-01
5.1337748690e-05 1.7368481059e+04 1.5707963268e+00 -6.2400159515e-01
5.1544585346e-05 1.7374284240e+04 1.5707963268e+00 -6.2645303072e-01
5.1751349876e-05 1.7380111846e+04 1.5707963268e+00 -6.2890282814e-01
5.1958042074e-05 1.7385963880e+04 1.5707963268e+00 -6.3135098215e-01
5.2164661737e-05 1.7391840344e+04 1.5707963268e+00 -6.3379748754e-01
5.2371208663e-05 1.7397741239e+04 1.5707963268e+00 -6.3624233909e-01
5.2577682649e-05 1.7403666568e+04 1.5707963268e+00 -6.3868553160e-01
5.2784083495e-05 1.7409616334e+04 1.5707963268e+00 -6.4112705991e-01
5.2990411002e-05 1.7415590537e+04 1.5707963268e+00 -6.4356691885e-01
5.3196664970e-05 1.7421589181e+04 1.5707963268e+00 -6.4600510329e-01
5.3402845203e-05 1.7427612267e+04 1.5707963268e+00 -6.4844160811e-01
5.3608951502e-05 1.7433659797e+04 1.5707963268e+00 -6.5087642821e-01
5.3814983674e-05 1.7439731773e+04 1.5707963268e+00 -6.5330955850e-01
5.4020941523e-05 1.7445828197e+04 1.5707963268e+00 -6.5574099392e-01
5.4226824855e-05 1.7451949070e+04 1.5707963268e+00 -6.5817072942e-01
5.4432633479e-05 1.7458094395e+04 1.5707963268e+00 -6.6059875997e-01
5.4638367203e-05 1.7464264174e+04 1.5707963268e+00 -6.6302508057e-01
5.4844025836e-05 1.7470458408e+04 1.5707963268e+00 -6.6544968622e-01
5.5049609189e-05 1.7476677098e+04 1.5707963268e+00 -6.6787257195e-01
5.5255117074e-05 1.7482920248e+04 1.5707963268e+00 -6.7029373280e-01
5.5460549303e-05 1.7489187857e+04 1.5707963268e+00 -6.7271316385e-01
5.5665905690e-05 1.7495479928e+04 1.5707963268e+00 -6.7513086016e-01
5.5871186049e-05 1.7501796463e+04 1.5707963268e+00 -6.7754681685e-01
5.6076390197e-05 1.7508137463e+04 1.5707963268e+00 -6.7996102904e-01
5.6281517950e-05 1.7514502929e+04 1.5707963268e+00 -6.8237349186e-01
5.6486569126e-05 1.7520892864e+04 1.5707963268e+00 -6.8478420048e-01
5.6691543543e-05 1.7527307267e+04 1.5707963268e+00 -6.8719315006e-01
5.6896441022e-05 1.7533746142e+04 1.5707963268e+00 -6.8960033581e-01
5.7101261384e-05 1.7540209489e+04 1.5707963268e+00 -6.9200575294e-01
5.7306004450e-05 1.7546697309e+04 1.5707963268e+00 -6.9440939668e-01
5.7510670043e-05 1.7553209604e+04 1.5707963268e+00 -6.9681126229e-01
5.7715257988e-05 1.7559746375e+04 1.5707963268e+00 -6.9921134505e-01
5.7919768109e-05 1.7566307623e+04 1.5707963268e+00 -7.0160964023e-01
5.8124200233e-05 1.7572893350e+04 1.5707963268e+00 -7.0400614315e-01
5.8328554187e-05 1.7579503556e+04 1.5707963268e+00 -7.0640084914e-01
5.8532829798e-05 1.7586138243e+04 1.5707963268e+00 -7.0879375355e-01
5.8737026896e-05 1.7592797412e+04 1.5707963268e+00 -7.1118485175e-01
5.8941145312e-05 1.7599481063e+04 1.5707963268e+00 -7.1357413912e-01
5.9145184876e-05 1.7606189197e+04 1.5707963268e+00 -7.1596161107e-01
5.9349145421e-05 1.7612921817e+04 1.5707963268e+00 -7.1834726302e-01
5.9553026781e-05 1.7619678921e+04 1.5707963268e+00 -7.2073109043e-01
5.9756828789e-05 1.7626460512e+04 1.5707963268e+00 -7.2311308875e-01
5.9960551280e-05 1.7633266590e+04 1.5707963268e+00 -7.2549325346e-01
6.0164194093e-05 1.7640097156e+04 1.5707963268e+00 -7.2787158008e-01
6.0367757063e-05 1.7646952211e+04 1.5707963268e+00 -7.3024806412e-01
6.0571240030e-05 1.7653831754e+04 1.5707963268e+00 -7.3262270113e-01
6.0774642833e-05 1.7660735787e+04 1.5707963268e+00 -7.3499548667e-01
6.0977965313e-05 1.7667664311e+04 1.5707963268e+00 -7.3736641631e-01
6.1181207311e-05 1.7674617325e+04 1.5707963268e+00 -7.3973548567e-01
6.1384368671e-05 1.7681594831e+04 1.5707963268e+00 -7.4210269036e-01
6.1587449235e-05 1.7688596829e+04 1.5707963268e+00 -7.4446802602e-01
6.1790448848e-05 1.7695623318e+04 1.5707963268e+00 -7.4683148831e-01
6.1993367358e-05 1.7702674301e+04 1.5707963268e+00 -7.4919307291e-01
6.2196204609e-05 1.7709749776e+04 1.5707963268e+00 -7.5155277552e-01
6.2398960451e-05 1.7716849744e+04 1.5707963268e+00 -7.5391059186e-01
6.2601634731e-05 1.7723974206e+04 1.5707963268e+00 -7.5626651767e-01
6.2804227301e-05 1.7731123160e+04 1.5707963268e+00 -7.5862054870e-01
6.3006738011e-05 1.7738296609e+04 1.5707963268e+00 -7.6097268074e-01
6.3209166713e-05 1.7745494551e+04 1.5707963268e+00 -7.6332290959e-01
6.3411513260e-05 1.7752716987e+04 1.5707963268e+00 -7.6567123106e-01
6.3613777507e-05 1.7759963916e+04 1.5707963268e+00 -7.6801764099e-01
6.3815959308e-05 1.7767235339e+04 1.5707963268e+00 -7.7036213524e-01
6.4018058520e-05 1.7774531256e+04 1.5707963268e+00 -7.7270470968e-01
6.4220074999e-05 1.7781851665e+04 1.5707963268e+00 -7.7504536023e-01
6.4422008605e-05 1.7789196568e+04 1.5707963268e+00 -7.7738408278e-01
6.4623859196e-05 1.7796565963e+04 1.5707963268e+00 -7.7972087329e-01
6.4825626633e-05 1.7803959850e+04 1.5707963268e+00 -7.8205572771e-01
6.5027310777e-05 1.7811378230e+04 1.5707963268e+00 -7.8438864203e-01
6.5228911490e-05 1.7818821101e+04 1.5707963268e+00 -7.8671961222e-01
6.5430428637e-05 1.7826288463e+04 1.5707963268e+00 -7.8904863433e-01
6.5631862081e-05 1.7833780316e+04 1.5707963268e+00 -7.9137570438e-01
6.5833211687e-05 1.7841296659e+04 1.5707963268e+00 -7.9370081844e-01
6.6034477323e-05 1.7848837491e+04 1.5707963268e+00 -7.9602397258e-01
6.6235658856e-05 1.7856402811e+04 1.5707963268e+00 -7.9834516291e-01
6.6436756154e-05 1.7863992620e+04 1.5707963268e+00 -8.0066438553e-01
6.6637769088e-05 1.7871606915e+04 1.5707963268e+00 -8.0298163660e-01
6.6838697527e-05 1.7879245697e+04 1.5707963268e+00 -8.0529691228e-01
6.7039541343e-05 1.7886908965e+04 1.5707963268e+00 -8.0761020874e-01
6.7240300410e-05 1.7894596716e+04 1.5707963268e+00 -8.0992152218e-01
6.7440974600e-05 1.7902308951e+04 1.5707963268e+00 -8.1223084883e-01
6.7641563789e-05 1.7910045668e+04 1.5707963268e+00 -8.1453818493e-01
6.7842067852e-05 1.7917806867e+04 1.5707963268e+00 -8.1684352673e-01
6.8042486666e-05 1.7925592546e+04 1.5707963268e+00 -8.1914687053e-01
6.8242820108e-05 1.7933402703e+04 1.5707963268e+00 -8.2144821262e-01
6.8443068058e-05 1.7941237338e+04 1.5707963268e+00 -8.2374754933e-01
6.8643230396e-05 1.7949096449e+04 1.5707963268e+00 -8.2604487699e-01
6.8843307002e-05 1.7956980035e+04 1.5707963268e+00 -8.2834019198e-01
6.9043297758e-05 1.7964888094e+04 1.5707963268e+00 -8.3063349068e-01
6.9243202547e-05 1.7972820625e+04 1.5707963268e+00 -8.3292476949e-01
6.9443021253e-05 1.7980777626e+04 1.5707963268e+00 -8.3521402484e-01
6.9642753760e-05 1.7988759096e+04 1.5707963268e+00 -8.3750125317e-01
6.9842399956e-05 1.7996765033e+04 1.5707963268e+00 -8.3978645094e-01
7.0041959726e-05 1.8004795436e+04 1.5707963268e+00 -8.4206961466e-01
7.0241432958e-05 1.8012850301e+04 1.5707963268e+00 -8.4435074081e-01
7.0440819543e-05 1.8020929629e+04 1.5707963268e+00 -8.4662982594e-01
7.0640119368e-05 1.8029033416e+04 1.5707963268e+00 -8.4890686658e-01
7.0839332326e-05 1.8037161661e+04 1.5707963268e+00 -8.5118185932e-01
7.1038458309e-05 1.8045314361e+04 1.5707963268e+00 -8.5345480072e-01
7.1237497209e-05 1.8053491516e+04 1.5707963268e+00 -8.5572568741e-01
7.1436448920e-05 1.8061693122e+04 1.5707963268e+00 -8.5799451602e-01
7.1635313338e-05 1.8069919177e+04 1.5707963268e+00 -8.6026128319e-01
7.1834090359e-05 1.8078169679e+04 1.5707963268e+00 -8.6252598560e-01
7.2032779878e-05 1.8086444626e+04 1.5707963268e+00 -8.6478861995e-01
7.2231381795e-05 1.8094744015e+04 1.5707963268e+00 -8.6704918293e-01
7.2429896008e-05 1.8103067845e+04 1.5707963268e+00 -8.6930767129e-01
7.2628322418e-05 1.8111416111e+04 1.5707963268e+00 -8.7156408177e-01
7.2826660924e-05 1.8119788813e+04 1.5707963268e+00 -8.7381841116e-01
7.3024911430e-05 1.8128185947e+04 1.5707963268e+00 -8.7607065625e-01
7.3223073838e-05 1.8136607511e+04 1.5707963268e+00 -8.7832081386e-01
7.3421148052e-05 1.8145053501e+04 1.5707963268e+00 -8.8056888081e-01
7.3619133977e-05 1.8153523916e+04 1.5707963268e+00 -8.8281485397e-01
7.3817031519e-05 1.8162018752e+04 1.5707963268e+00 -8.8505873021e-01
7.4014840585e-05 1.8170538006e+04 1.5707963268e+00 -8.8730050644e-01
7.4212561082e-05 1.8179081675e+04 1.5707963268e+00 -8.8954017957e-01
7.4410192920e-05 1.8187649757e+04 1.5707963268e+00 -8.9177774653e-01
7.4607736008e-05 1.8196242248e+04 1.5707963268e+00 -8.9401320430e-01
7.4805190257e-05 1.8204859144e+04 1.5707963268e+00 -8.9624654985e-01
7.5002555579e-05 1.8213500444e+04 1.5707963268e+00 -8.9847778018e-01
7.5199831887e-05 1.8222166143e+04 1.5707963268e+00 -9.0070689232e-01
7.5397019094e-05 1.8230856238e+04 1.5707963268e+00 -9.0293388330e-01
7.5594117116e-05 1.8239570726e+04 1.5707963268e+00 -9.0515875019e-01
7.5791125867e-05 1.8248309604e+04 1.5707963268e+00 -9.0738149007e-01
7.5988045264e-05 1.8257072866e+04 1.5707963268e+00 -9.0960210006e-01
7.6184875226e-05 1.8265860511e+04 1.5707963268e+00 -9.1182057726e-01
7.6381615670e-05 1.8274672535e+04 1.5707963268e+00 -9.1403691884e-01
7.6578266517e-05 1.8283508933e+04 1.5707963268e+00 -9.1625112194e-01
7.6774827685e-05 1.8292369702e+04 1.5707963268e+00 -9.1846318378e-01
7.6971299098e-05 1.8301254837e+04 1.5707963268e+00 -9.2067310153e-01
7.7167680678e-05 1.8310164336e+04 1.5707963268e+00 -9.2288087245e-01
7.7363972347e-05 1.8319098194e+04 1.5707963268e+00 -9.2508649377e-01
7.7560174031e-05 1.8328056407e+04 1.5707963268e+00 -9.2728996277e-01
7.7756285653e-05 1.8337038971e+04 1.5707963268e+00 -9.2949127674e-01
7.7952307142e-05 1.8346045882e+04 1.5707963268e+00 -9.3169043298e-01
7.8148238423e-05 1.8355077135e+04 1.5707963268e+00 -9.3388742882e-01
7.8344079425e-05 1.8364132726e+04 1.5707963268e+00 -9.3608226163e-01
7.8539830077e-05 1.8373212651e+04 1.5707963268e+00 -9.3827492877e-01
7.8735490309e-05 1.8382316905e+04 1.5707963268e+00 -9.4046542763e-01
7.8931060051e-05 1.8391445484e+04 1.5707963268e+00 -9.4265375563e-01
7.9126539237e-05 1.8400598383e+04 1.5707963268e+00 -9.4483991020e-01
7.9321927798e-05 1.8409775598e+04 1.5707963268e+00 -9.4702388880e-01
7.9517225668e-05 1.8418977124e+04 1.5707963268e+00 -9.4920568889e-01
7.9712432782e-05 1.8428202955e+04 1.5707963268e+00 -9.5138530799e-01
7.9907549075e-05 1.8437453088e+04 1.5707963268e+00 -9.5356274360e-01
8.0102574484e-05 1.8446727517e+04 1.5707963268e+00 -9.5573799325e-01
8.0297508947e-05 1.8456026238e+04 1.5707963268e+00 -9.5791105452e-01
8.0492352402e-05 1.8465349245e+04 1.5707963268e+00 -9.6008192497e-01
8.0687104787e-05 1.8474696533e+04 1.5707963268e+00 -9.6225060220e-01
8.0881766044e-05 1.8484068097e+04 1.5707963268e+00 -9.6441708383e-01
8.1076336113e-05 1.8493463931e+04 1.5707963268e+00 -9.6658136750e-01
8.1270814937e-05 1.8502884031e+04 1.5707963268e+00 -9.6874345087e-01
8.1465202458e-05 1.8512328392e+04 1.5707963268e+00 -9.7090333163e-01
8.1659498620e-05 1.8521797006e+04 1.5707963268e+00 -9.7306100746e-01
8.1853703368e-05 1.8531289870e+04 1.5707963268e+00 -9.7521647609e-01
8.2047816647e-05 1.8540806977e+04 1.5707963268e+00 -9.7736973526e-01
8.2241838405e-05 1.8550348322e+04 1.5707963268e+00 -9.7952078274e-01
8.2435768588e-05 1.8559913900e+04 1.5707963268e+00 -9.8166961630e-01
8.2629607146e-05 1.8569503703e+04 1.5707963268e+00 -9.8381623375e-01
8.2823354026e-05 1.8579117727e+04 1.5707963268e+00 -9.8596063290e-01
8.3017009180e-05 1.8588755966e+04 1.5707963268e+00 -9.8810281161e-01
8.3210572558e-05 1.8598418413e+04 1.5707963268e+00 -9.9024276774e-01
8.3404044113e-05 1.8608105063e+04 1.5707963268e+00 -9.9238049916e-01
8.3597423796e-05 1.8617815908e+04 1.5707963268e+00 -9.9451600379e-01
8.3790711563e-05 1.8627550945e+04 1.5707963268e+00 -9.9664927954e-01
8.3983907367e-05 1.8637310165e+04 1.5707963268e+00 -9.9878032437e-01
8.4177011163e-05 1.8647093562e+04 1.5707963268e+00 -1.0009091362e+00
8.4370022909e-05 1.8656901131e+04 1.5707963268e+00 -1.0030357131e+00
8.4562942561e-05 1.8666732864e+04 1.5707963268e+00 -1.0051600530e+00
8.4755770078e-05 1.8676588756e+04 1.5707963268e+00 -1.0072821540e+00
8.4948505418e-05 1.8686468799e+04 1.5707963268e+00 -1.0094020140e+00
8.5141148541e-05 1.8696372987e+04 1.5707963268e+00 -1.0115196312e+00
8.5333699408e-05 1.8706301313e+04 1.5707963268e+00 -1.0136350037e+00
8.5526157980e-05 1.8716253770e+04 1.5707963268e+00 -1.0157481295e+00
8.5718524220e-05 1.8726230352e+04 1.5707963268e+00 -1.0178590067e+00
8.5910798092e-05 1.8736231051e+04 1.5707963268e+00 -1.0199676336e+00
8.6102979558e-05 1.8746255860e+04 1.5707963268e+00 -1.0220740083e+00
8.6295068584e-05 1.8756304773e+04 1.5707963268e+00 -1.0241781290e+00
8.6487065136e-05 1.8766377782e+04 1.5707963268e+00 -1.0262799938e+00
8.6678969181e-05 1.8776474880e+04 1.5707963268e+00 -1.0283796010e+00
8.6870780685e-05 1.8786596059e+04 1.5707963268e+00 -1.0304769489e+00
8.7062499618e-05 1.8796741313e+04 1.5707963268e+00 -1.0325720357e+00
8.7254125949e-05 1.8806910633e+04 1.5707963268e+00 -1.0346648597e+00
8.7445659647e-05 1.8817104012e+04 1.5707963268e+00 -1.0367554191e+00
8.7637100683e-05 1.8827321444e+04 1.5707963268e+00 -1.0388437124e+00
8.7828449029e-05 1.8837562919e+04 1.5707963268e+00 -1.0409297379e+00
8.8019704658e-05 1.8847828431e+04 1.5707963268e+00 -1.0430134939e+00
8.8210867542e-05 1.8858117971e+04 1.5707963268e+00 -1.0450949789e+00
8.8401937657e-05 1.8868431531e+04 1.5707963268e+00 -1.0471741911e+00
8.8592914976e-05 1.8878769105e+04 1.5707963268e+00 -1.0492511291e+00
8.8783799476e-05 1.8889130683e+04 1.5707963268e+00 -1.0513257913e+00
8.8974591133e-05 1.8899516257e+04 1.5707963268e+00 -1.0533981762e+00
8.9165289925e-05 1.8909925821e+04 1.5707963268e+00 -1.0554682821e+00
8.9355895830e-05 1.8920359364e+04 1.5707963268e+00 -1.0575361077e+00
8.9546408826e-05 1.8930816879e+04 1.5707963268e+00 -1.0596016515e+00
8.9736828895e-05 1.8941298358e+04 1.5707963268e+00 -1.0616649120e+00
8.9927156016e-05 1.8951803793e+04 1.5707963268e+00 -1.0637258877e+00
9.0117390170e-05 1.8962333174e+04 1.5707963268e+00 -1.0657845772e+00
9.0307531341e-05 1.8972886493e+04 1.5707963268e+00 -1.0678409792e+00
9.0497579510e-05 1.8983463741e+04 1.5707963268e+00 -1.0698950923e+00
9.0687534663e-05 1.8994064910e+04 1.5707963268e+00 -1.0719469150e+00
9.0877396782e-05 1.9004689992e+04 1.5707963268e+00 -1.0739964461e+00
9.1067165855e-05 1.9015338976e+04 1.5707963268e+00 -1.0760436842e+00
9.1256841866e-05 1.9026011855e+04 1.5707963268e+00 -1.0780886281e+00
9.1446424803e-05 1.9036708619e+04 1.5707963268e+00 -1.0801312764e+00
9.1635914654e-05 1.9047429259e+04 1.5707963268e+00 -1.0821716278e+00
9.1825311407e-05 1.9058173767e+04 1.5707963268e+00 -1.0842096812e+00
9.2014615051e-05 1.9068942132e+04 1.5707963268e+00 -1.0862454353e+00
9.2203825576e-05 1.9079734346e+04 1.5707963268e+00 -1.0882788888e+00
9.2392942974e-05 1.9090550399e+04 1.5707963268e+00 -1.0903100407e+00
9.2581967235e-05 1.9101390282e+04 1.5707963268e+00 -1.0923388897e+00
9.2770898352e-05 1.9112253985e+04 1.5707963268e+00 -1.0943654347e+00
9.2959736317e-05 1.9123141499e+04 1.5707963268e+00 -1.0963896746e+00
9.3148481126e-05 1.9134052815e+04 1.5707963268e+00 -1.0984116081e+00
9.3337132772e-05 1.9144987922e+04 1.5707963268e+00 -1.1004312344e+00
9.3525691251e-05 1.9155946811e+04 1.5707963268e+00 -1.1024485522e+00
9.3714156558e-05 1.9166929472e+04 1.5707963268e+00 -1.1044635605e+00
9.3902528691e-05 1.9177935895e+04 1.5707963268e+00 -1.1064762582e+00
9.4090807647e-05 1.9188966070e+04 1.5707963268e+00 -1.1084866445e+00
9.4278993425e-05 1.9200019987e+04 1.5707963268e+00 -1.1104947181e+00
9.4467086022e-05 1.9211097636e+04 1.5707963268e+00 -1.1125004783e+00
9.4655085440e-05 1.9222199007e+04 1.5707963268e+00 -1.1145039240e+00
9.4842991678e-05 1.9233324089e+04 1.5707963268e+00 -1.1165050542e+00
9.5030804738e-05 1.9244472873e+04 1.5707963268e+00 -1.1185038681e+00
9.5218524622e-05 1.9255645347e+04 1.5707963268e+00 -1.1205003647e+00
9.5406151331e-05 1.9266841502e+04 1.5707963268e+00 -1.1224945432e+00
9.5593684871e-05 1.9278061327e+04 1.5707963268e+00 -1.1244864026e+00
9.5781125244e-05 1.9289304811e+04 1.5707963268e+00 -1.1264759422e+00
9.5968472455e-05 1.9300571943e+04 1.5707963268e+00 -1.1284631611e+00
9.6155726511e-05 1.9311862714e+04 1.5707963268e+00 -1.1304480584e+00
9.6342887416e-05 1.9323177112e+04 1.5707963268e+00 -1.1324306335e+00
9.6529955179e-05 1.9334515126e+04 1.5707963268e+00 -1.1344108854e+00
9.6716929805e-05 1.9345876745e+04 1.5707963268e+00 -1.1363888135e+00
9.6903811305e-05 1.9357261958e+04 1.5707963268e+00 -1.1383644170e+00
9.7090599687e-05 1.9368670755e+04 1.5707963268e+00 -1.1403376951e+00
9.7277294959e-05 1.9380103124e+04 1.5707963268e+00 -1.1423086473e+00
9.7463897134e-05 1.9391559053e+04 1.5707963268e+00 -1.1442772727e+00
9.7650406221e-05 1.9403038532e+04 1.5707963268e+00 -1.1462435708e+00
9.7836822233e-05 1.9414541550e+04 1.5707963268e+00 -1.1482075408e+00
9.8023145182e-05 1.9426068094e+04 1.5707963268e+00 -1.1501691821e+00
9.8209375081e-05 1.9437618153e+04 1.5707963268e+00 -1.1521284942e+00
9.8395511943e-05 1.9449191716e+04 1.5707963268e+00 -1.1540854764e+00
9.8581555784e-05 1.9460788772e+04 1.5707963268e+00 -1.1560401282e+00
9.8767506617e-05 1.9472409307e+04 1.5707963268e+00 -1.1579924489e+00
9.8953364459e-05 1.9484053312e+04 1.5707963268e+00 -1.1599424381e+00
9.9139129327e-05 1.9495720773e+04 1.5707963268e+00 -1.1618900951e+00
9.9324801237e-05 1.9507411679e+04 1.5707963268e+00 -1.1638354196e+00
9.9510380206e-05 1.9519126018e+04 1.5707963268e+00 -1.1657784110e+00
9.9695866255e-05 1.9530863778e+04 1.5707963268e+00 -1.1677190688e+00
9.9881259400e-05 1.9542624947e+04 1.5707963268e+00 -1.1696573927e+00
1.0006655966e-04 1.9554409513e+04 1.5707963268e+00 -1.1715933820e+00
1.0025176706e-04 1.9566217463e+04 1.5707963268e+00 -1.1735270365e+00
1.0043688162e-04 1.9578048785e+04 1.5707963268e+00 -1.1754583557e+00
1.0062190336e-04 1.9589903467e+04 1.5707963268e+00 -1.1773873393e+00
1.0080683230e-04 1.9601781496e+04 1.5707963268e+00 -1.1793139868e+00
1.0099166846e-04 1.9613682860e+04 1.5707963268e+00 -1.1812382979e+00
1.0117641187e-04 1.9625607547e+04 1.5707963268e+00 -1.1831602723e+00
1.0136106256e-04 1.9637555542e+04 1.5707963268e+00 -1.1850799097e+00
1.0154562054e-04 1.9649526835e+04 1.5707963268e+00 -1.1869972097e+00
1.0173008584e-04 1.9661521412e+04 1.5707963268e+00 -1.1889121721e+00
1.0191445849e-04 1.9673539261e+04 1.5707963268e+00 -1.1908247967e+00
1.0209873852e-04 1.9685580367e+04 1.5707963268e+00 -1.1927350831e+00
1.0228292595e-04 1.9697644719e+04 1.5707963268e+00 -1.1946430311e+00
1.0246702080e-04 1.9709732304e+04 1.5707963268e+00 -1.1965486406e+00
1.0265102312e-04 1.9721843108e+04 1.5707963268e+00 -1.1984519112e+00
1.0283493292e-04 1.9733977118e+04 1.5707963268e+00 -1.2003528430e+00
1.0301875024e-04 1.9746134320e+04 1.5707963268e+00 -1.2022514355e+00
1.0320247511e-04 1.9758314703e+04 1.5707963268e+00 -1.2041476889e+00
1.0338610755e-04 1.9770518251e+04 1.5707963268e+00 -1.2060416028e+00
1.0356964760e-04 1.9782744953e+04 1.5707963268e+00 -1.2079331772e+00
1.0375309529e-04 1.9794994794e+04 1.5707963268e+00 -1.2098224119e+00
1.0393645066e-04 1.9807267760e+04 1.5707963268e+00 -1.2117093070e+00
1.0411971373e-04 1.9819563838e+04 1.5707963268e+00 -1.2135938623e+00
1.0430288454e-04 1.9831883015e+04 1.5707963268e+00 -1.2154760779e+00
1.0448596313e-04 1.9844225277e+04 1.5707963268e+00 -1.2173559535e+00
1.0466894952e-04 1.9856590609e+04 1.5707963268e+00 -1.2192334893e+00
1.0485184376e-04 1.9868978999e+04 1.5707963268e+00 -1.2211086853e+00
1.0503464588e-04 1.9881390431e+04 1.5707963268e+00 -1.2229815414e+00
1.0521735591e-04 1.9893824893e+04 1.5707963268e+00 -1.2248520576e+00
1.0539997390e-04 1.9906282369e+04 1.5707963268e+00 -1.2267202342e+00
1.0558249988e-04 1.9918762846e+04 1.5707963268e+00 -1.2285860710e+00
1.0576493389e-04 1.9931266310e+04 1.5707963268e+00 -1.2304495682e+00
1.0594727596e-04 1.9943792746e+04 1.5707963268e+00 -1.2323107259e+00
1.0612952615e-04 1.9956342140e+04 1.5707963268e+00 -1.2341695442e+00
1.0631168448e-04 1.9968914478e+04 1.5707963268e+00 -1.2360260232e+00
1.0649375099e-04 1.9981509745e+04 1.5707963268e+00 -1.2378801631e+00
1.0667572574e-04 1.9994127926e+04 1.5707963268e+00 -1.2397319640e+00
1.0685760876e-04 2.0006769007e+04 1.5707963268e+00 -1.2415814261e+00
1.0703940009e-04 2.0019432974e+04 1.5707963268e+00 -1.2434285496e+00
1.0722109977e-04 2.0032119812e+04 1.5707963268e+00 -1.2452733346e+00
1.0740270785e-04 2.0044829505e+04 1.5707963268e+00 -1.2471157816e+00
1.0758422437e-04 2.0057562040e+04 1.5707963268e+00 -1.2489558905e+00
1.0776564937e-04 2.0070317400e+04 1.5707963268e+00 -1.2507936618e+00
1.0794698290e-04 2.0083095572e+04 1.5707963268e+00 -1.2526290957e+00
1.0812822501e-04 2.0095896541e+04 1.5707963268e+00 -1.2544621924e+00
1.0830937574e-04 2.0108720290e+04 1.5707963268e+00 -1.2562929524e+00
1.0849043513e-04 2.0121566805e+04 1.5707963268e+00 -1.2581213758e+00
1.0867140323e-04 2.0134436071e+04 1.5707963268e+00 -1.2599474630e+00
1.0885228010e-04 2.0147328073e+04 1.5707963268e+00 -1.2617712143e+00
1.0903306577e-04 2.0160242795e+04 1.5707963268e+00 -1.2635926302e+00
1.0921376030e-04 2.0173180222e+04 1.5707963268e+00 -1.2654117110e+00
1.0939436373e-04 2.0186140338e+04 1.5707963268e+00 -1.2672284570e+00
1.0957487611e-04 2.0199123129e+04 1.5707963268e+00 -1.2690428688e+00
1.0975529750e-04 2.0212128577e+04 1.5707963268e+00 -1.2708549466e+00
1.0993562794e-04 2.0225156668e+04 1.5707963268e+00 -1.2726646910e+00
1.1011586748e-04 2.0238207387e+04 1.5707963268e+00 -1.2744721024e+00
1.1029601617e-04 2.0251280716e+04 1.5707963268e+00 -1.2762771813e+00
1.1047607407e-04 2.0264376642e+04 1.5707963268e+00 -1.2780799281e+00
1.1065604123e-04 2.0277495147e+04 1.5707963268e+00 -1.2798803433e+00
1.1083591770e-04 2.0290636215e+04 1.5707963268e+00 -1.2816784275e+00
1.1101570353e-04 2.0303799832e+04 1.5707963268e+00 -1.2834741811e+00
1.1119539878e-04 2.0316985980e+04 1.5707963268e+00 -1.2852676047e+00
1.1137500349e-04 2.0330194644e+04 1.5707963268e+00 -1.2870586989e+00
1.1155451773e-04 2.0343425807e+04 1.5707963268e+00 -1.2888474641e+00
1.1173394155e-04 2.0356679454e+04 1.5707963268e+00 -1.2906339011e+00
1.1191327500e-04 2.0369955567e+04 1.5707963268e+00 -1.2924180104e+00
1.1209251815e-04 2.0383254132e+04 1.5707963268e+00 -1.2941997925e+00
1.1227167104e-04 2.0396575131e+04 1.5707963268e+00 -1.2959792482e+00
1.1245073373e-04 2.0409918547e+04 1.5707963268e+00 -1.2977563781e+00
1.1262970628e-04 2.0423284365e+04 1.5707963268e+00 -1.2995311827e+00
1.1280858874e-04 2.0436672568e+04 1.5707963268e+00 -1.3013036628e+00
1.1298738118e-04 2.0450083140e+04 1.5707963268e+00 -1.3030738191e+00
1.1316608366e-04 2.0463516062e+04 1.5707963268e+00 -1.3048416522e+00
1.1334469622e-04 2.0476971320e+04 1.5707963268e+00 -1.3066071629e+00
1.1352321894e-04 2.0490448896e+04 1.5707963268e+00 -1.3083703518e+00
1.1370165186e-04 2.0503948773e+04 1.5707963268e+00 -1.3101312197e+00
1.1387999506e-04 2.0517470935e+04 1.5707963268e+00 -1.3118897674e+00
1.1405824859e-04 2.0531015364e+04 1.5707963268e+00 -1.3136459956e+00
1.1423641250e-04 2.0544582043e+04 1.5707963268e+00 -1.3153999051e+00
1.1441448687e-04 2.0558170956e+04 1.5707963268e+00 -1.3171514966e+00
1.1459247176e-04 2.0571782086e+04 1.5707963268e+00 -1.3189007710e+00
1.1477036722e-04 2.0585415414e+04 1.5707963268e+00 -1.3206477291e+00
1.1494817332e-04 2.0599070925e+04 1.5707963268e+00 -1.3223923717e+00
1.1512589012e-04 2.0612748600e+04 1.5707963268e+00 -1.3241346997e+00
1.1530351768e-04 2.0626448422e+04 1.5707963268e+00 -1.3258747138e+00
1.1548105608e-04 2.0640170375e+04 1.5707963268e+00 -1.3276124151e+00
1.1565850536e-04 2.0653914440e+04 1.5707963268e+00 -1.3293478043e+00
1.1583586561e-04 2.0667680600e+04 1.5707963268e+00 -1.3310808823e+00
1.1601313687e-04 2.0681468838e+04 1.5707963268e+00 -1.3328116501e+00
1.1619031922e-04 2.0695279136e+04 1.5707963268e+00 -1.3345401086e+00
1.1636741273e-04 2.0709111476e+04 1.5707963268e+00 -1.3362662586e+00
1.1654441745e-04 2.0722965841e+04 1.5707963268e+00 -1.3379901012e+00
1.1672133346e-04 2.0736842213e+04 1.5707963268e+00 -1.3397116373e+00
1.1689816081e-04 2.0750740574e+04 1.5707963268e+00 -1.3414308679e+00
1.1707489959e-04 2.0764660907e+04 1.5707963268e+00 -1.3431477940e+00
1.1725154986e-04 2.0778603192e+04 1.5707963268e+00 -1.3448624165e+00
1.1742811167e-04 2.0792567414e+04 1.5707963268e+00 -1.3465747364e+00
1.1760458511e-04 2.0806553553e+04 1.5707963268e+00 -1.3482847549e+00
1.1778097024e-04 2.0820561591e+04 1.5707963268e+00 -1.3499924728e+00
1.1795726713e-04 2.0834591510e+04 1.5707963268e+00 -1.3516978913e+00
1.1813347585e-04 2.0848643293e+04 1.5707963268e+00 -1.3534010114e+00
1.1830959647e-04 2.0862716921e+04 1.5707963268e+00 -1.3551018342e+00
1.1848562906e-04 2.0876812376e+04 1.5707963268e+00 -1.3568003607e+00
1.1866157368e-04 2.0890929639e+04 1.5707963268e+00 -1.3584965921e+00
1.1883743042e-04 2.0905068692e+04 1.5707963268e+00 -1.3601905295e+00
1.1901319933e-04 2.0919229517e+04 1.5707963268e+00 -1.3618821739e+00
1.1918888050e-04 2.0933412096e+04 1.5707963268e+00 -1.3635715265e+00
1.1936447399e-04 2.0947616409e+04 1.5707963268e+00 -1.3652585885e+00
1.1953997988e-04 2.0961842439e+04 1.5707963268e+00 -1.3669433609e+00
1.1971539823e-04 2.0976090166e+04 1.5707963268e+00 -1.3686258451e+00
1.1989072913e-04 2.0990359572e+04 1.5707963268e+00 -1.3703060420e+00
1.2006597264e-04 2.1004650639e+04 1.5707963268e+00 -1.3719839530e+00
1.2024112883e-04 2.1018963348e+04 1.5707963268e+00 -1.3736595793e+00
1.2041619779e-04 2.1033297679e+04 1.5707963268e+00 -1.3753329219e+00
1.2059117958e-04 2.1047653615e+04 1.5707963268e+00 -1.3770039822e+00
1.2076607428e-04 2.1062031135e+04 1.5707963268e+00 -1.3786727614e+00
1.2094088197e-04 2.1076430222e+04 1.5707963268e+00 -1.3803392607e+00
1.2111560271e-04 2.1090850857e+04 1.5707963268e+00 -1.3820034815e+00
1.2129023659e-04 2.1105293020e+04 1.5707963268e+00 -1.3836654249e+00
1.2146478367e-04 2.1119756692e+04 1.5707963268e+00 -1.3853250922e+00
1.2163924404e-04 2.1134241854e+04 1.5707963268e+00 -1.3869824847e+00
1.2181361778e-04 2.1148748488e+04 1.5707963268e+00 -1.3886376038e+00
1.2198790495e-04 2.1163276573e+04 1.5707963268e+00 -1.3902904507e+00
1.2216210564e-04 2.1177826091e+04 1.5707963268e+00 -1.3919410268e+00
1.2233621991e-04 2.1192397023e+04 1.5707963268e+00 -1.3935893333e+00
1.2251024786e-04 2.1206989349e+04 1.5707963268e+00 -1.3952353717e+00
1.2268418955e-04 2.1221603049e+04 1.5707963268e+00 -1.3968791433e+00
1.2285804507e-04 2.1236238105e+04 1.5707963268e+00 -1.3985206495e+00
1.2303181449e-04 2.1250894496e+04 1.5707963268e+00 -1.4001598916e+00
1.2320549790e-04 2.1265572205e+04 1.5707963268e+00 -1.4017968710e+00
1.2337909536e-04 2.1280271209e+04 1.5707963268e+00 -1.4034315891e+00
1.2355260696e-04 2.1294991492e+04 1.5707963268e+00 -1.4050640474e+00
1.2372603278e-04 2.1309733032e+04 1.5707963268e+00 -1.4066942472e+00
1.2389937290e-04 2.1324495810e+04 1.5707963268e+00 -1.4083221900e+00
1.2407262739e-04 2.1339279806e+04 1.5707963268e+00 -1.4099478772e+00
1.2424579635e-04 2.1354085001e+04 1.5707963268e+00 -1.4115713103e+00
1.2441887984e-04 2.1368911375e+04 1.5707963268e+00 -1.4131924907e+00
1.2459187795e-04 2.1383758908e+04 1.5707963268e+00 -1.4148114198e+00
1.2476479077e-04 2.1398627580e+04 1.5707963268e+00 -1.4164280993e+00
1.2493761836e-04 2.1413517371e+04 1.5707963268e+00 -1.4180425305e+00
1.2511036082e-04 2.1428428261e+04 1.5707963268e+00 -1.4196547150e+00
1.2528301822e-04 2.1443360231e+04 1.5707963268e+00 -1.4212646543e+00
1.2545559065e-04 2.1458313260e+04 1.5707963268e+00 -1.4228723498e+00
1.2562807818e-04 2.1473287329e+04 1.5707963268e+00 -1.4244778032e+00
1.2580048091e-04 2.1488282416e+04 1.5707963268e+00 -1.4260810159e+00
1.2597279891e-04 2.1503298502e+04 1.5707963268e+00 -1.4276819895e+00
1.2614503227e-04 2.1518335568e+04 1.5707963268e+00 -1.4292807257e+00
1.2631718106e-04 2.1533393591e+04 1.5707963268e+00 -1.4308772258e+00
1.2648924538e-04 2.1548472554e+04 1.5707963268e+00 -1.4324714916e+00
1.2666122531e-04 2.1563572434e+04 1.5707963268e+00 -1.4340635245e+00
1.2683312093e-04 2.1578693212e+04 1.5707963268e+00 -1.4356533263e+00
1.2700493232e-04 2.1593834867e+04 1.5707963268e+00 -1.4372408984e+00
1.2717665957e-04 2.1608997379e+04 1.5707963268e+00 -1.4388262426e+00
1.2734830277e-04 2.1624180728e+04 1.5707963268e+00 -1.4404093604e+00
1.2751986199e-04 2.1639384892e+04 1.5707963268e+00 -1.4419902535e+00
1.2769133733e-04 2.1654609852e+04 1.5707963268e+00 -1.4435689235e+00
1.2786272887e-04 2.1669855588e+04 1.5707963268e+00 -1.4451453721e+00
1.2803403669e-04 2.1685122077e+04 1.5707963268e+00 -1.4467196009e+00
1.2820526088e-04 2.1700409300e+04 1.5707963268e+00 -1.4482916117e+00
1.2837640152e-04 2.1715717236e+04 1.5707963268e+00 -1.4498614060e+00
1.2854745871e-04 2.1731045865e+04 1.5707963268e+00 -1.4514289855e+00
1.2871843253e-04 2.1746395165e+04 1.5707963268e+00 -1.4529943520e+00
1.2888932306e-04 2.1761765116e+04 1.5707963268e+00 -1.4545575072e+00
1.2906013039e-04 2.1777155697e+04 1.5707963268e+00 -1.4561184528e+00
1.2923085461e-04 2.1792566888e+04 1.5707963268e+00 -1.4576771905e+00
1.2940149581e-04 2.1807998667e+04 1.5707963268e+00 -1.4592337220e+00
1.2957205407e-04 2.1823451013e+04 1.5707963268e+00 -1.4607880491e+00
1.2974252947e-04 2.1838923906e+04 1.5707963268e+00 -1.4623401735e+00
1.2991292212e-04 2.1854417324e+04 1.5707963268e+00 -1.4638900970e+00
1.3008323209e-04 2.1869931247e+04 1.5707963268e+00 -1.4654378213e+00
1.3025345948e-04 2.1885465654e+04 1.5707963268e+00 -1.4669833482e+00
1.3042360437e-04 2.1901020523e+04 1.5707963268e+00 -1.4685266796e+00
1.3059366684e-04 2.1916595834e+04 1.5707963268e+00 -1.4700678171e+00
1.3076364700e-04 2.1932191564e+04 1.5707963268e+00 -1.4716067626e+00
1.3093354493e-04 2.1947807694e+04 1.5707963268e+00 -1.4731435179e+00
1.3110336071e-04 2.1963444202e+04 1.5707963268e+00 -1.4746780848e+00
1.3127309444e-04 2.1979101067e+04 1.5707963268e+00 -1.4762104652e+00
1.3144274620e-04 2.1994778267e+04 1.5707963268e+00 -1.4777406607e+00
1.3161231609e-04 2.2010475781e+04 1.5707963268e+00 -1.4792686734e+00
1.3178180419e-04 2.2026193588e+04 1.5707963268e+00 -1.4807945050e+00
1.3195121060e-04 2.2041931666e+04 1.5707963268e+00 -1.4823181574e+00
1.3212053540e-04 2.2057689995e+04 1.5707963268e+00 -1.4838396325e+00
1.3228977869e-04 2.2073468552e+04 1.5707963268e+00 -1.4853589321e+00
1.3245894055e-04 2.2089267317e+04 1.5707963268e+00 -1.4868760580e+00
1.3262802108e-04 2.2105086267e+04 1.5707963268e+00 -1.4883910123e+00
1.3279702036e-04 2.2120925382e+04 1.5707963268e+00 -1.4899037967e+00
1.3296593849e-04 2.2136784640e+04 1.5707963268e+00 -1.4914144132e+00
1.3313477556e-04 2.2152664019e+04 1.5707963268e+00 -1.4929228636e+00
1.3330353166e-04 2.2168563497e+04 1.5707963268e+00 -1.4944291500e+00
1.3347220687e-04 2.2184483054e+04 1.5707963268e+00 -1.4959332741e+00
1.3364080130e-04 2.2200422667e+04 1.5707963268e+00 -1.4974352380e+00
1.3380931504e-04 2.2216382315e+04 1.5707963268e+00 -1.4989350435e+00
1.3397774817e-04 2.2232361976e+04 1.5707963268e+00 -1.5004326927e+00
1.3414610078e-04 2.2248361629e+04 1.5707963268e+00 -1.5019281874e+00
1.3431437298e-04 2.2264381251e+04 1.5707963268e+00 -1.5034215297e+00
1.3448256484e-04 2.2280420822e+04 1.5707963268e+00 -1.5049127214e+00
1.3465067647e-04 2.2296480318e+04 1.5707963268e+00 -1.5064017645e+00
1.3481870795e-04 2.2312559719e+04 1.5707963268e+00 -1.5078886611e+00
1.3498665939e-04 2.2328659002e+04 1.5707963268e+00 -1.5093734131e+00
1.3515453086e-04 2.2344778146e+04 1.5707963268e+00 -1.5108560226e+00
1.3532232247e-04 2.2360917128e+04 1.5707963268e+00 -1.5123364914e+00
1.3549003431e-04 2.2377075928e+04 1.5707963268e+00 -1.5138148216e+00
1.3565766646e-04 2.2393254522e+04 1.5707963268e+00 -1.5152910152e+00
1.3582521903e-04 2.2409452889e+04 1.5707963268e+00 -1.5167650742e+00
1.3599269210e-04 2.2425671007e+04 1.5707963268e+00 -1.5182370007e+00
1.3616008578e-04 2.2441908854e+04 1.5707963268e+00 -1.5197067967e+00
1.3632740015e-04 2.2458166408e+04 1.5707963268e+00 -1.5211744642e+00
1.3649463530e-04 2.2474443646e+04 1.5707963268e+00 -1.5226400052e+00
1.3666179134e-04 2.2490740548e+04 1.5707963268e+00 -1.5241034219e+00
1.3682886835e-04 2.2507057090e+04 1.5707963268e+00 -1.5255647162e+00
1.3699586643e-04 2.2523393250e+04 1.5707963268e+00 -1.5270238903e+00
1.3716278567e-04 2.2539749007e+04 1.5707963268e+00 -1.5284809461e+00
1.3732962617e-04 2.2556124338e+04 1.5707963268e+00 -1.5299358858e+00
1.3749638803e-04 2.2572519221e+04 1.5707963268e+00 -1.5313887115e+00
1.3766307132e-04 2.2588933634e+04 1.5707963268e+00 -1.5328394252e+00
1.3782967616e-04 2.2605367554e+04 1.5707963268e+00 -1.5342880290e+00
1.3799620264e-04 2.2621820960e+04 1.5707963268e+00 -1.5357345250e+00
1.3816265084e-04 2.2638293828e+04 1.5707963268e+00 -1.5371789154e+00
1.3832902087e-04 2.2654786138e+04 1.5707963268e+00 -1.5386212022e+00
1.3849531282e-04 2.2671297865e+04 1.5707963268e+00 -1.5400613875e+00
1.3866152678e-04 2.2687828989e+04 1.5707963268e+00 -1.5414994735e+00
1.3882766285e-04 2.2704379487e+04 1.5707963268e+00 -1.5429354624e+00
1.3899372113e-04 2.2720949336e+04 1.5707963268e+00 -1.5443693561e+00
1.3915970171e-04 2.2737538513e+04 1.5707963268e+00 -1.5458011569e+00
1.3932560469e-04 2.2754146998e+04 1.5707963268e+00 -1.5472308669e+00
1.3949143015e-04 2.2770774766e+04 1.5707963268e+00 -1.5486584882e+00
1.3965717821e-04 2.2787421796e+04 1.5707963268e+00 -1.5500840231e+00
1.3982284894e-04 2.2804088065e+04 1.5707963268e+00 -1.5515074737e+00
1.3998844246e-04 2.2820773551e+04 1.5707963268e+00 -1.5529288420e+00
1.4015395885e-04 2.2837478230e+04 1.5707963268e+00 -1.5543481304e+00
1.4031939821e-04 2.2854202082e+04 1.5707963268e+00 -1.5557653410e+00
1.4048476063e-04 2.2870945083e+04 1.5707963268e+00 -1.5571804759e+00
1.4065004622e-04 2.2887707210e+04 1.5707963268e+00 -1.5585935373e+00
1.4081525507e-04 2.2904488441e+04 1.5707963268e+00 -1.5600045275e+00
1.4098038727e-04 2.2921288753e+04 1.5707963268e+00 -1.5614134486e+00
1.4114544292e-04 2.2938108124e+04 1.5707963268e+00 -1.5628203029e+00
1.4131042212e-04 2.2954946532e+04 1.5707963268e+00 -1.5642250924e+00
1.4147532496e-04 2.2971803953e+04 1.5707963268e+00 -1.5656278196e+00
1.4164015155e-04 2.2988680364e+04 1.5707963268e+00 -1.5670284864e+00
1.4180490197e-04 2.3005575744e+04 1.5707963268e+00 -1.5684270953e+00
1.4196957632e-04 2.3022490069e+04 1.5707963268e+00 -1.5698236483e+00
1.4213417470e-04 2.3039423317e+04 1.5707963268e+00 -1.5712181478e+00
1.4229869721e-04 2.3056375465e+04 1.5707963268e+00 -1.5726105960e+00
1.4246314395e-04 2.3073346491e+04 1.5707963268e+00 -1.5740009951e+00
1.4262751500e-04 2.3090336371e+04 1.5707963268e+00 -1.5753893473e+00
1.4279181047e-04 2.3107345082e+04 1.5707963268e+00 -1.5767756549e+00
1.4295603046e-04 2.3124372603e+04 1.5707963268e+00 -1.5781599201e+00
1.4312017505e-04 2.3141418910e+04 1.5707963268e+00 -1.5795421453e+00
1.4328424436e-04 2.3158483980e+04 1.5707963268e+00 -1.5809223326e+00
1.4344823847e-04 2.3175567792e+04 1.5707963268e+00 -1.5823004844e+00
1.4361215748e-04 2.3192670320e+04 1.5707963268e+00 -1.5836766028e+00
1.4377600149e-04 2.3209791544e+04 1.5707963268e+00 -1.5850506902e+00
1.4393977060e-04 2.3226931440e+04 1.5707963268e+00 -1.5864227489e+00
1.4410346491e-04 2.3244089985e+04 1.5707963268e+00 -1.5877927811e+00
1.4426708450e-04 2.3261267157e+04 1.5707963268e+00 -1.5891607891e+00
1.4443062949e-04 2.3278462932e+04 1.5707963268e+00 -1.5905267753e+00
1.4459409996e-04 2.3295677288e+04 1.5707963268e+00 -1.5918907418e+00
1.4475749602e-04 2.3312910201e+04 1.5707963268e+00 -1.5932526911e+00
1.4492081775e-04 2.3330161649e+04 1.5707963268e+00 -1.5946126253e+00
1.4508406527e-04 2.3347431609e+04 1.5707963268e+00 -1.5959705469e+00
1.4524723866e-04 2.3364720058e+04 1.5707963268e+00 -1.5973264580e+00
1.4541033803e-04 2.3382026972e+04 1.5707963268e+00 -1.5986803611e+00
1.4557336347e-04 2.3399352330e+04 1.5707963268e+00 -1.6000322585e+00
1.4573631508e-04 2.3416696108e+04 1.5707963268e+00 -1.6013821524e+00
1.4589919295e-04 2.3434058282e+04 1.5707963268e+00 -1.6027300452e+00
1.4606199719e-04 2.3451438831e+04 1.5707963268e+00 -1.6040759393e+00
1.4622472789e-04 2.3468837730e+04 1.5707963268e+00 -1.6054198369e+00
1.4638738516e-04 2.3486254958e+04 1.5707963268e+00 -1.6067617404e+00
1.4654996908e-04 2.3503690490e+04 1.5707963268e+00 -1.6081016521e+00
1.4671247976e-04 2.3521144305e+04 1.5707963268e+00 -1.6094395744e+00
1.4687491729e-04 2.3538616378e+04 1.5707963268e+00 -1.6107755097e+00
1.4703728177e-04 2.3556106688e+04 1.5707963268e+00 -1.6121094602e+00
1.4719957331e-04 2.3573615210e+04 1.5707963268e+00 -1.6134414283e+00
1.4736179199e-04 2.3591141921e+04 1.5707963268e+00 -1.6147714164e+00
1.4752393792e-04 2.3608686800e+04 1.5707963268e+00 -1.6160994268e+00
1.4768601119e-04 2.3626249822e+04 1.5707963268e+00 -1.6174254620e+00
1.4784801190e-04 2.3643830964e+04 1.5707963268e+00 -1.6187495242e+00
1.4800994015e-04 2.3661430204e+04 1.5707963268e+00 -1.6200716158e+00
1.4817179604e-04 2.3679047518e+04 1.5707963268e+00 -1.6213917393e+00
1.4833357966e-04 2.3696682884e+04 1.5707963268e+00 -1.6227098969e+00
1.4849529112e-04 2.3714336277e+04 1.5707963268e+00 -1.6240260911e+00
1.4865693051e-04 2.3732007676e+04 1.5707963268e+00 -1.6253403242e+00
1.4881849793e-04 2.3749697056e+04 1.5707963268e+00 -1.6266525987e+00
1.4897999347e-04 2.3767404395e+04 1.5707963268e+00 -1.6279629168e+00
1.4914141724e-04 2.3785129670e+04 1.5707963268e+00 -1.6292712811e+00
1.4930276934e-04 2.3802872857e+04 1.5707963268e+00 -1.6305776939e+00
1.4946404986e-04 2.3820633934e+04 1.5707963268e+00 -1.6318821575e+00
1.4962525889e-04 2.3838412877e+04 1.5707963268e+00 -1.6331846745e+00
1.4978639655e-04 2.3856209662e+04 1.5707963268e+00 -1.6344852471e+00
1.4994746291e-04 2.3874024268e+04 1.5707963268e+00 -1.6357838778e+00
1.5010845810e-04 2.3891856670e+04 1.5707963268e+00 -1.6370805690e+00
1.5026938219e-04 2.3909706846e+04 1.5707963268e+00 -1.6383753231e+00
1.5043023530e-04 2.3927574772e+04 1.5707963268e+00 -1.6396681426e+00
1.5059101751e-04 2.3945460425e+04 1.5707963268e+00 -1.6409590298e+00
1.5075172893e-04 2.3963363783e+04 1.5707963268e+00 -1.6422479871e+00
1.5091236965e-04 2.3981284821e+04 1.5707963268e+00 -1.6435350169e+00
1.5107293977e-04 2.3999223517e+04 1.5707963268e+00 -1.6448201218e+00
1.5123343940e-04 2.4017179847e+04 1.5707963268e+00 -1.6461033041e+00
1.5139386862e-04 2.4035153788e+04 1.5707963268e+00 -1.6473845662e+00
1.5155422754e-04 2.4053145318e+04 1.5707963268e+00 -1.6486639106e+00
1.5171451625e-04 2.4071154413e+04 1.5707963268e+00 -1.6499413396e+00
1.5187473485e-04 2.4089181049e+04 1.5707963268e+00 -1.6512168558e+00
1.5203488344e-04 2.4107225203e+04 1.5707963268e+00 -1.6524904616e+00
1.5219496212e-04 2.4125286853e+04 1.5707963268e+00 -1.6537621593e+00
1.5235497099e-04 2.4143365975e+04 1.5707963268e+00 -1.6550319515e+00
1.5251491014e-04 2.4161462546e+04 1.5707963268e+00 -1.6562998405e+00
1.5267477967e-04 2.4179576543e+04 1.5707963268e+00 -1.6575658289e+00
1.5283457967e-04 2.4197707942e+04 1.5707963268e+00 -1.6588299190e+00
1.5299431026e-04 2.4215856721e+04 1.5707963268e+00 -1.6600921133e+00
1.5315397152e-04 2.4234022855e+04 1.5707963268e+00 -1.6613524143e+00
1.5331356355e-04 2.4252206323e+04 1.5707963268e+00 -1.6626108244e+00
1.5347308645e-04 2.4270407100e+04 1.5707963268e+00 -1.6638673461e+00
1.5363254032e-04 2.4288625163e+04 1.5707963268e+00 -1.6651219818e+00
1.5379192526e-04 2.4306860490e+04 1.5707963268e+00 -1.6663747339e+00
1.5395124136e-04 2.4325113057e+04 1.5707963268e+00 -1.6676256050e+00
1.5411048872e-04 2.4343382841e+04 1.5707963268e+00 -1.6688745974e+00
1.5426966744e-04 2.4361669818e+04 1.5707963268e+00 -1.6701217137e+00
1.5442877761e-04 2.4379973966e+04 1.5707963268e+00 -1.6713669563e+00
1.5458781934e-04 2.4398295261e+04 1.5707963268e+00 -1.6726103277e+00
1.5474679271e-04 2.4416633680e+04 1.5707963268e+00 -1.6738518303e+00
1.5490569784e-04 2.4434989200e+04 1.5707963268e+00 -1.6750914666e+00
1.5506453482e-04 2.4453361798e+04 1.5707963268e+00 -1.6763292391e+00
1.5522330373e-04 2.4471751450e+04 1.5707963268e+00 -1.6775651503e+00
1.5538200469e-04 2.4490158133e+04 1.5707963268e+00 -1.6787992025e+00
1.5554063778e-04 2.4508581825e+04 1.5707963268e+00 -1.6800313984e+00
1.5569920312e-04 2.4527022501e+04 1.5707963268e+00 -1.6812617403e+00
1.5585770078e-04 2.4545480139e+04 1.5707963268e+00 -1.6824902308e+00
1.5601613087e-04 2.4563954716e+04 1.5707963268e+00 -1.6837168722e+00
1.5617449349e-04 2.4582446208e+04 1.5707963268e+00 -1.6849416672e+00
1.5633278874e-04 2.4600954592e+04 1.5707963268e+00 -1.6861646181e+00
1.5649101671e-04 2.4619479845e+04 1.5707963268e+00 -1.6873857275e+00
1.5664917749e-04 2.4638021944e+04 1.5707963268e+00 -1.6886049979e+00
1.5680727119e-04 2.4656580866e+04 1.5707963268e+00 -1.6898224316e+00
1.5696529791e-04 2.4675156587e+04 1.5707963268e+00 -1.6910380313e+00
1.5712325773e-04 2.4693749084e+04 1.5707963268e+00 -1.6922517993e+00
1.5728115076e-04 2.4712358335e+04 1.5707963268e+00 -1.6934637382e+00
1.5743897710e-04 2.4730984316e+04 1.5707963268e+00 -1.6946738505e+00
1.5759673683e-04 2.4749627004e+04 1.5707963268e+00 -1.6958821386e+00
1.5775443006e-04 2.4768286375e+04 1.5707963268e+00 -1.6970886051e+00
1.5791205688e-04 2.4786962408e+04 1.5707963268e+00 -1.6982932524e+00
1.5806961740e-04 2.4805655077e+04 1.5707963268e+00 -1.6994960830e+00
1.5822711170e-04 2.4824364361e+04 1.5707963268e+00 -1.7006970994e+00
1.5838453988e-04 2.4843090237e+04 1.5707963268e+00 -1.7018963041e+00
1.5854190205e-04 2.4861832680e+04 1.5707963268e+00 -1.7030936997e+00
1.5869919829e-04 2.4880591669e+04 1.5707963268e+00 -1.7042892885e+00
1.5885642870e-04 2.4899367179e+04 1.5707963268e+00 -1.7054830731e+00
1.5901359338e-04 2.4918159189e+04 1.5707963268e+00 -1.7066750560e+00
1.5917069243e-04 2.4936967674e+04 1.5707963268e+00 -1.7078652396e+00
1.5932772594e-04 2.4955792612e+04 1.5707963268e+00 -1.7090536266e+00
1.5948469401e-04 2.4974633979e+04 1.5707963268e+00 -1.7102402193e+00
1.5964159673e-04 2.4993491753e+04 1.5707963268e+00 -1.7114250202e+00
1.5979843421e-04 2.5012365911e+04 1.5707963268e+00 -1.7126080320e+00
1.5995520652e-04 2.5031256429e+04 1.5707963268e+00 -1.7137892570e+00
1.6011191378e-04 2.5050163284e+04 1.5707963268e+00 -1.7149686978e+00
1.6026855608e-04 2.5069086454e+04 1.5707963268e+00 -1.7161463568e+00
1.6042513351e-04 2.5088025915e+04 1.5707963268e+00 -1.7173222366e+00
1.6058164618e-04 2.5106981644e+04 1.5707963268e+00 -1.7184963397e+00
1.6073809416e-04 2.5125953618e+04 1.5707963268e+00 -1.7196686685e+00
1.6089447757e-04 2.5144941815e+04 1.5707963268e+00 -1.7208392256e+00
1.6105079650e-04 2.5163946211e+04 1.5707963268e+00 -1.7220080135e+00
1.6120705103e-04 2.5182966783e+04 1.5707963268e+00 -1.7231750347e+00
1.6136324128e-04 2.5202003509e+04 1.5707963268e+00 -1.7243402916e+00
1.6151936732e-04 2.5221056365e+04 1.5707963268e+00 -1.7255037869e+00
1.6167542927e-04 2.5240125328e+04 1.5707963268e+00 -1.7266655229e+00
1.6183142721e-04 2.5259210375e+04 1.5707963268e+00 -1.7278255021e+00
1.6198736123e-04 2.5278311484e+04 1.5707963268e+00 -1.7289837272e+00
1.6214323145e-04 2.5297428632e+04 1.5707963268e+00 -1.7301402006e+00
1.6229903794e-04 2.5316561795e+04 1.5707963268e+00 -1.7312949247e+00
1.6245478080e-04 2.5335710950e+04 1.5707963268e+00 -1.7324479022e+00
1.6261046013e-04 2.5354876076e+04 1.5707963268e+00 -1.7335991355e+00
1.6276607603e-04 2.5374057148e+04 1.5707963268e+00 -1.7347486270e+00
1.6292162858e-04 2.5393254144e+04 1.5707963268e+00 -1.7358963794e+00
1.6307711789e-04 2.5412467041e+04 1.5707963268e+00 -1.7370423951e+00
1.6323254405e-04 2.5431695816e+04 1.5707963268e+00 -1.7381866766e+00
1.6338790715e-04 2.5450940447e+04 1.5707963268e+00 -1.7393292264e+00
1.6354320728e-04 2.5470200910e+04 1.5707963268e+00 -1.7404700471e+00
1.6369844455e-04 2.5489477183e+04 1.5707963268e+00 -1.7416091410e+00
1.6385361904e-04 2.5508769242e+04 1.5707963268e+00 -1.7427465109e+00
1.6400873085e-04 2.5528077065e+04 1.5707963268e+00 -1.7438821590e+00
1.6416378008e-04 2.5547400630e+04 1.5707963268e+00 -1.7450160880e+00
1.6431876681e-04 2.5566739913e+04 1.5707963268e+00 -1.7461483003e+00
1.6447369115e-04 2.5586094891e+04 1.5707963268e+00 -1.7472787984e+00
1.6462855318e-04 2.5605465543e+04 1.5707963268e+00 -1.7484075849e+00
1.6478335301e-04 2.5624851844e+04 1.5707963268e+00 -1.7495346622e+00
1.6493809071e-04 2.5644253772e+04 1.5707963268e+00 -1.7506600329e+00
1.6509276640e-04 2.5663671305e+04 1.5707963268e+00 -1.7517836994e+00
1.6524738015e-04 2.5683104420e+04 1.5707963268e+00 -1.7529056643e+00
1.6540193208e-04 2.5702553094e+04 1.5707963268e+00 -1.7540259300e+00
1.6555642225e-04 2.5722017305e+04 1.5707963268e+00 -1.7551444991e+00
1.6571085079e-04 2.5741497029e+04 1.5707963268e+00 -1.7562613740e+00
1.6586521776e-04 2.5760992244e+04 1.5707963268e+00 -1.7573765572e+00
1.6601952328e-04 2.5780502927e+04 1.5707963268e+00 -1.7584900513e+00
1.6617376742e-04 2.5800029057e+04 1.5707963268e+00 -1.7596018587e+00
1.6632795029e-04 2.5819570609e+04 1.5707963268e+00 -1.7607119820e+00
1.6648207198e-04 2.5839127561e+04 1.5707963268e+00 -1.7618204236e+00
1.6663613258e-04 2.5858699892e+04 1.5707963268e+00 -1.7629271860e+00
1.6679013218e-04 2.5878287578e+04 1.5707963268e+00 -1.7640322718e+00
1.6694407088e-04 2.5897890596e+04 1.5707963268e+00 -1.7651356833e+00
1.6709794877e-04 2.5917508924e+04 1.5707963268e+00 -1.7662374232e+00
1.6725176593e-04 2.5937142540e+04 1.5707963268e+00 -1.7673374939e+00
1.6740552248e-04 2.5956791421e+04 1.5707963268e+00 -1.7684358979e+00
1.6755921849e-04 2.5976455544e+04 1.5707963268e+00 -1.7695326376e+00
1.6771285405e-04 2.5996134887e+04 1.5707963268e+00 -1.7706277157e+00
1.6786642927e-04 2.6015829428e+04 1.5707963268e+00 -1.7717211345e+00
1.6801994423e-04 2.6035539143e+04 1.5707963268e+00 -1.7728128966e+00
1.6817339903e-04 2.6055264011e+04 1.5707963268e+00 -1.7739030045e+00
1.6832679375e-04 2.6075004009e+04 1.5707963268e+00 -1.7749914606e+00
1.6848012849e-04 2.6094759114e+04 1.5707963268e+00 -1.7760782674e+00
1.6863340334e-04 2.6114529304e+04 1.5707963268e+00 -1.7771634274e+00
1.6878661840e-04 2.6134314557e+04 1.5707963268e+00 -1.7782469431e+00
1.6893977374e-04 2.6154114850e+04 1.5707963268e+00 -1.7793288170e+00
1.6909286948e-04 2.6173930161e+04 1.5707963268e+00 -1.7804090516e+00
1.6924590569e-04 2.6193760468e+04 1.5707963268e+00 -1.7814876493e+00
1.6939888247e-04 2.6213605748e+04 1.5707963268e+00 -1.7825646127e+00
1.6955179991e-04 2.6233465978e+04 1.5707963268e+00 -1.7836399442e+00
1.6970465809e-04 2.6253341137e+04 1.5707963268e+00 -1.7847136462e+00
1.6985745712e-04 2.6273231202e+04 1.5707963268e+00 -1.7857857214e+00
1.7001019709e-04 2.6293136151e+04 1.5707963268e+00 -1.7868561720e+00
1.7016287807e-04 2.6313055962e+04 1.5707963268e+00 -1.7879250007e+00
1.7031550017e-04 2.6332990611e+04 1.5707963268e+00 -1.7889922100e+00
1.7046806348e-04 2.6352940078e+04 1.5707963268e+00 -1.7900578021e+00
1.7062056808e-04 2.6372904340e+04 1.5707963268e+00 -1.7911217798e+00
1.7077301406e-04 2.6392883374e+04 1.5707963268e+00 -1.7921841453e+00
1.7092540153e-04 2.6412877159e+04 1.5707963268e+00 -1.7932449012e+00
1.7107773056e-04 2.6432885672e+04 1.5707963268e+00 -1.7943040500e+00
1.7123000124e-04 2.6452908891e+04 1.5707963268e+00 -1.7953615942e+00
1.7138221368e-04 2.6472946794e+04 1.5707963268e+00 -1.7964175361e+00
1.7153436795e-04 2.6492999358e+04 1.5707963268e+00 -1.7974718783e+00
1.7168646414e-04 2.6513066563e+04 1.5707963268e+00 -1.7985246232e+00
1.7183850236e-04 2.6533148384e+04 1.5707963268e+00 -1.7995757733e+00
1.7199048268e-04 2.6553244802e+04 1.5707963268e+00 -1.8006253310e+00
1.7214240519e-04 2.6573355792e+04 1.5707963268e+00 -1.8016732989e+00
1.7229426999e-04 2.6593481335e+04 1.5707963268e+00 -1.8027196794e+00
1.7244607717e-04 2.6613621406e+04 1.5707963268e+00 -1.8037644748e+00
1.7259782681e-04 2.6633775985e+04 1.5707963268e+00 -1.8048076878e+00
1.7274951900e-04 2.6653945049e+04 1.5707963268e+00 -1.8058493207e+00
1.7290115384e-04 2.6674128576e+04 1.5707963268e+00 -1.8068893760e+00
1.7305273141e-04 2.6694326545e+04 1.5707963268e+00 -1.8079278561e+00
1.7320425179e-04 2.6714538933e+04 1.5707963268e+00 -1.8089647636e+00
1.7335571509e-04 2.6734765718e+04 1.5707963268e+00 -1.8100001008e+00
1.7350712139e-04 2.6755006879e+04 1.5707963268e+00 -1.8110338702e+00
1.7365847077e-04 2.6775262394e+04 1.5707963268e+00 -1.8120660742e+00
1.7380976332e-04 2.6795532241e+04 1.5707963268e+00 -1.8130967154e+00
1.7396099914e-04 2.6815816398e+04 1.5707963268e+00 -1.8141257960e+00
1.7411217832e-04 2.6836114843e+04 1.5707963268e+00 -1.8151533187e+00
1.7426330093e-04 2.6856427554e+04 1.5707963268e+00 -1.8161792857e+00
1.7441436707e-04 2.6876754509e+04 1.5707963268e+00 -1.8172036997e+00
1.7456537682e-04 2.6897095688e+04 1.5707963268e+00 -1.8182265629e+00
1.7471633028e-04 2.6917451067e+04 1.5707963268e+00 -1.8192478778e+00
1.7486722753e-04 2.6937820626e+04 1.5707963268e+00 -1.8202676469e+00
1.7501806866e-04 2.6958204342e+04 1.5707963268e+00 -1.8212858726e+00
1.7516885376e-04 2.6978602194e+04 1.5707963268e+00 -1.8223025573e+00
1.7531958291e-04 2.6999014160e+04 1.5707963268e+00 -1.8233177035e+00
1.7547025621e-04 2.7019440219e+04 1.5707963268e+00 -1.8243313136e+00
1.7562087373e-04 2.7039880348e+04 1.5707963268e+00 -1.8253433900e+00
1.7577143557e-04 2.7060334527e+04 1.5707963268e+00 -1.8263539351e+00
1.7592194181e-04 2.7080802733e+04 1.5707963268e+00 -1.8273629514e+00
1.7607239254e-04 2.7101284945e+04 1.5707963268e+00 -1.8283704412e+00
1.7622278785e-04 2.7121781142e+04 1.5707963268e+00 -1.8293764071e+00
1.7637312783e-04 2.7142291301e+04 1.5707963268e+00 -1.8303808513e+00
1.7652341255e-04 2.7162815402e+04 1.5707963268e+00 -1.8313837764e+00
1.7667364211e-04 2.7183353423e+04 1.5707963268e+00 -1.8323851847e+00
1.7682381659e-04 2.7203905342e+04 1.5707963268e+00 -1.8333850787e+00
1.7697393609e-04 2.7224471138e+04 1.5707963268e+00 -1.8343834608e+00
1.7712400068e-04 2.7245050789e+04 1.5707963268e+00 -1.8353803333e+00
1.7727401045e-04 2.7265644274e+04 1.5707963268e+00 -1.8363756987e+00
1.7742396549e-04 2.7286251572e+04 1.5707963268e+00 -1.8373695594e+00
1.7757386588e-04 2.7306872661e+04 1.5707963268e+00 -1.8383619177e+00
1.7772371171e-04 2.7327507520e+04 1.5707963268e+00 -1.8393527762e+00
1.7787350307e-04 2.7348156128e+04 1.5707963268e+00 -1.8403421371e+00
1.7802324003e-04 2.7368818462e+04 1.5707963268e+00 -1.8413300030e+00
1.7817292270e-04 2.7389494503e+04 1.5707963268e+00 -1.8423163761e+00
1.7832255114e-04 2.7410184228e+04 1.5707963268e+00 -1.8433012588e+00
1.7847212545e-04 2.7430887616e+04 1.5707963268e+00 -1.8442846537e+00
1.7862164572e-04 2.7451604646e+04 1.5707963268e+00 -1.8452665629e+00
1.7877111202e-04 2.7472335297e+04 1.5707963268e+00 -1.8462469891e+00
1.7892052444e-04 2.7493079548e+04 1.5707963268e+00 -1.8472259344e+00
1.7906988307e-04 2.7513837377e+04 1.5707963268e+00 -1.8482034013e+00
1.7921918798e-04 2.7534608763e+04 1.5707963268e+00 -1.8491793923e+00
1.7936843928e-04 2.7555393686e+04 1.5707963268e+00 -1.8501539096e+00
1.7951763703e-04 2.7576192123e+04 1.5707963268e+00 -1.8511269556e+00
1.7966678133e-04 2.7597004055e+04 1.5707963268e+00 -1.8520985327e+00
1.7981587226e-04 2.7617829459e+04 1.5707963268e+00 -1.8530686434e+00
1.7996490990e-04 2.7638668315e+04 1.5707963268e+00 -1.8540372899e+00
1.8011389434e-04 2.7659520602e+04 1.5707963268e+00 -1.8550044746e+00
1.8026282565e-04 2.7680386298e+04 1.5707963268e+00 -1.8559701999e+00
1.8041170394e-04 2.7701265384e+04 1.5707963268e+00 -1.8569344682e+00
1.8056052926e-04 2.7722157837e+04 1.5707963268e+00 -1.8578972818e+00
1.8070930173e-04 2.7743063636e+04 1.5707963268e+00 -1.8588586431e+00
1.8085802140e-04 2.7763982762e+04 1.5707963268e+00 -1.8598185544e+00
1.8100668838e-04 2.7784915193e+04 1.5707963268e+00 -1.8607770181e+00
1.8115530273e-04 2.7805860908e+04 1.5707963268e+00 -1.8617340366e+00
1.8130386455e-04 2.7826819886e+04 1.5707963268e+00 -1.8626896121e+00
1.8145237392e-04 2.7847792106e+04 1.5707963268e+00 -1.8636437472e+00
1.8160083092e-04 2.7868777548e+04 1.5707963268e+00 -1.8645964440e+00
1.8174923563e-04 2.7889776191e+04 1.5707963268e+00 -1.8655477049e+00
1.8189758814e-04 2.7910788014e+04 1.5707963268e+00 -1.8664975323e+00
1.8204588852e-04 2.7931812996e+04 1.5707963268e+00 -1.8674459286e+00
1.8219413687e-04 2.7952851116e+04 1.5707963268e+00 -1.8683928960e+00
1.8234233326e-04 2.7973902355e+04 1.5707963268e+00 -1.8693384369e+00
1.8249047777e-04 2.7994966690e+04 1.5707963268e+00 -1.8702825536e+00
1.8263857050e-04 2.8016044102e+04 1.5707963268e+00 -1.8712252485e+00
1.8278661151e-04 2.8037134570e+04 1.5707963268e+00 -1.8721665239e+00
1.8293460089e-04 2.8058238074e+04 1.5707963268e+00 -1.8731063821e+00
1.8308253873e-04 2.8079354591e+04 1.5707963268e+00 -1.8740448255e+00
1.8323042510e-04 2.8100484103e+04 1.5707963268e+00 -1.8749818563e+00
1.8337826008e-04 2.8121626589e+04 1.5707963268e+00 -1.8759174769e+00
1.8352604377e-04 2.8142782027e+04 1.5707963268e+00 -1.8768516896e+00
1.8367377623e-04 2.8163950398e+04 1.5707963268e+00 -1.8777844967e+00
1.8382145755e-04 2.8185131681e+04 1.5707963268e+00 -1.8787159005e+00
1.8396908782e-04 2.8206325855e+04 1.5707963268e+00 -1.8796459034e+00
1.8411666710e-04 2.8227532901e+04 1.5707963268e+00 -1.8805745076e+00
1.8426419549e-04 2.8248752797e+04 1.5707963268e+00 -1.8815017154e+00
1.8441167306e-04 2.8269985524e+04 1.5707963268e+00 -1.8824275293e+00
1.8455909990e-04 2.8291231060e+04 1.5707963268e+00 -1.8833519513e+00
1.8470647608e-04 2.8312489387e+04 1.5707963268e+00 -1.8842749840e+00
1.8485380168e-04 2.8333760482e+04 1.5707963268e+00 -1.8851966294e+00
1.8500107679e-04 2.8355044327e+04 1.5707963268e+00 -1.8861168900e+00
1.8514830149e-04 2.8376340900e+04 1.5707963268e+00 -1.8870357681e+00
1.8529547585e-04 2.8397650182e+04 1.5707963268e+00 -1.8879532658e+00
1.8544259995e-04 2.8418972152e+04 1.5707963268e+00 -1.8888693856e+00
1.8558967388e-04 2.8440306790e+04 1.5707963268e+00 -1.8897841296e+00
1.8573669771e-04 2.8461654076e+04 1.5707963268e+00 -1.8906975003e+00
1.8588367153e-04 2.8483013990e+04 1.5707963268e+00 -1.8916094997e+00
1.8603059542e-04 2.8504386511e+04 1.5707963268e+00 -1.8925201303e+00
1.8617746944e-04 2.8525771620e+04 1.5707963268e+00 -1.8934293943e+00
1.8632429369e-04 2.8547169296e+04 1.5707963268e+00 -1.8943372940e+00
1.8647106824e-04 2.8568579520e+04 1.5707963268e+00 -1.8952438316e+00
1.8661779316e-04 2.8590002271e+04 1.5707963268e+00 -1.8961490094e+00
1.8676446855e-04 2.8611437529e+04 1.5707963268e+00 -1.8970528297e+00
1.8691109448e-04 2.8632885274e+04 1.5707963268e+00 -1.8979552947e+00
1.8705767102e-04 2.8654345487e+04 1.5707963268e+00 -1.8988564067e+00
1.8720419825e-04 2.8675818148e+04 1.5707963268e+00 -1.8997561679e+00
1.8735067626e-04 2.8697303235e+04 1.5707963268e+00 -1.9006545806e+00
1.8749710512e-04 2.8718800731e+04 1.5707963268e+00 -1.9015516471e+00
1.8764348491e-04 2.8740310614e+04 1.5707963268e+00 -1.9024473695e+00
1.8778981571e-04 2.8761832865e+04 1.5707963268e+00 -1.9033417502e+00
1.8793609759e-04 2.8783367464e+04 1.5707963268e+00 -1.9042347914e+00
1.8808233064e-04 2.8804914391e+04 1.5707963268e+00 -1.9051264953e+00
1.8822851493e-04 2.8826473627e+04 1.5707963268e+00 -1.9060168642e+00
1.8837465053e-04 2.8848045152e+04 1.5707963268e+00 -1.9069059003e+00
1.8852073753e-04 2.8869628945e+04 1.5707963268e+00 -1.9077936057e+00
1.8866677601e-04 2.8891224988e+04 1.5707963268e+00 -1.9086799829e+00
1.8881276604e-04 2.8912833261e+04 1.5707963268e+00 -1.9095650339e+00
1.8895870769e-04 2.8934453744e+04 1.5707963268e+00 -1.9104487610e+00
1.8910460105e-04 2.8956086417e+04 1.5707963268e+00 -1.9113311665e+00
1.8925044619e-04 2.8977731261e+04 1.5707963268e+00 -1.9122122525e+00
1.8939624319e-04 2.8999388256e+04 1.5707963268e+00 -1.9130920213e+00
1.8954199212e-04 2.9021057382e+04 1.5707963268e+00 -1.9139704751e+00
1.8968769307e-04 2.9042738621e+04 1.5707963268e+00 -1.9148476160e+00
1.8983334610e-04 2.9064431952e+04 1.5707963268e+00 -1.9157234464e+00
1.8997895130e-04 2.9086137357e+04 1.5707963268e+00 -1.9165979683e+00
1.9012450873e-04 2.9107854815e+04 1.5707963268e+00 -1.9174711841e+00
1.9027001849e-04 2.9129584307e+04 1.5707963268e+00 -1.9183430959e+00
1.9041548063e-04 2.9151325815e+04 1.5707963268e+00 -1.9192137058e+00
1.9056089525e-04 2.9173079317e+04 1.5707963268e+00 -1.9200830162e+00
1.9070626241e-04 2.9194844796e+04 1.5707963268e+00 -1.9209510292e+00
1.9085158218e-04 2.9216622232e+04 1.5707963268e+00 -1.9218177470e+00
1.9099685466e-04 2.9238411605e+04 1.5707963268e+00 -1.9226831717e+00
1.9114207990e-04 2.9260212896e+04 1.5707963268e+00 -1.9235473056e+00
1.9128725799e-04 2.9282026086e+04 1.5707963268e+00 -1.9244101508e+00
1.9143238900e-04 2.9303851156e+04 1.5707963268e+00 -1.9252717095e+00
1.9157747300e-04 2.9325688086e+04 1.5707963268e+00 -1.9261319840e+00
1.9172251007e-04 2.9347536858e+04 1.5707963268e+00 -1.9269909763e+00
1.9186750029e-04 2.9369397452e+04 1.5707963268e+00 -1.9278486886e+00
1.9201244373e-04 2.9391269848e+04 1.5707963268e+00 -1.9287051231e+00
1.9215734047e-04 2.9413154029e+04 1.5707963268e+00 -1.9295602820e+00
1.9230219057e-04 2.9435049975e+04 1.5707963268e+00 -1.9304141675e+00
1.9244699412e-04 2.9456957666e+04 1.5707963268e+00 -1.9312667816e+00
1.9259175118e-04 2.9478877084e+04 1.5707963268e+00 -1.9321181266e+00
1.9273646184e-04 2.9500808210e+04 1.5707963268e+00 -1.9329682045e+00
1.9288112616e-04 2.9522751024e+04 1.5707963268e+00 -1.9338170176e+00
1.9302574422e-04 2.9544705508e+04 1.5707963268e+00 -1.9346645681e+00
1.9317031609e-04 2.9566671643e+04 1.5707963268e+00 -1.9355108579e+00
1.9331484185e-04 2.9588649410e+04 1.5707963268e+00 -1.9363558894e+00
1.9345932157e-04 2.9610638791e+04 1.5707963268e+00 -1.9371996646e+00
1.9360375532e-04 2.9632639765e+04 1.5707963268e+00 -1.9380421856e+00
1.9374814318e-04 2.9654652314e+04 1.5707963268e+00 -1.9388834546e+00
1.9389248522e-04 2.9676676421e+04 1.5707963268e+00 -1.9397234738e+00
1.9403678151e-04 2.9698712065e+04 1.5707963268e+00 -1.9405622452e+00
1.9418103212e-04 2.9720759228e+04 1.5707963268e+00 -1.9413997710e+00
1.9432523714e-04 2.9742817891e+04 1.5707963268e+00 -1.9422360534e+00
1.9446939662e-04 2.9764888036e+04 1.5707963268e+00 -1.9430710943e+00
1.9461351065e-04 2.9786969644e+04 1.5707963268e+00 -1.9439048960e+00
1.9475757930e-04 2.9809062696e+04 1.5707963268e+00 -1.9447374605e+00
1.9490160263e-04 2.9831167173e+04 1.5707963268e+00 -1.9455687901e+00
1.9504558073e-04 2.9853283058e+04 1.5707963268e+00 -1.9463988867e+00
1.9518951365e-04 2.9875410331e+04 1.5707963268e+00 -1.9472277524e+00
1.9533340149e-04 2.9897548974e+04 1.5707963268e+00 -1.9480553895e+00
1.9547724429e-04 2.9919698968e+04 1.5707963268e+00 -1.9488818000e+00
1.9562104215e-04 2.9941860296e+04 1.5707963268e+00 -1.9497069859e+00
1.9576479513e-04 2.9964032937e+04 1.5707963268e+00 -1.9505309494e+00
1.9590850329e-04 2.9986216875e+04 1.5707963268e+00 -1.9513536926e+00
1.9605216672e-04 3.0008412090e+04 1.5707963268e+00 -1.9521752176e+00
1.9619578549e-04 3.0030618564e+04 1.5707963268e+00 -1.9529955264e+00
1.9633935965e-04 3.0052836279e+04 1.5707963268e+00 -1.9538146211e+00
1.9648288930e-04 3.0075065216e+04 1.5707963268e+00 -1.9546325039e+00
1.9662637449e-04 3.0097305357e+04 1.5707963268e+00 -1.9554491767e+00
1.9676981530e-04 3.0119556684e+04 1.5707963268e+00 -1.9562646417e+00
1.9691321180e-04 3.0141819178e+04 1.5707963268e+00 -1.9570789009e+00
1.9705656406e-04 3.0164092822e+04 1.5707963268e+00 -1.9578919565e+00
1.9719987214e-04 3.0186377596e+04 1.5707963268e+00 -1.9587038103e+00
1.9734313613e-04 3.0208673484e+04 1.5707963268e+00 -1.9595144647e+00
1.9748635609e-04 3.0230980466e+04 1.5707963268e+00 -1.9603239215e+00
1.9762953208e-04 3.0253298524e+04 1.5707963268e+00 -1.9611321828e+00
1.9777266419e-04 3.0275627641e+04 1.5707963268e+00 -1.9619392508e+00
1.9791575248e-04 3.0297967798e+04 1.5707963268e+00 -1.9627451274e+00
1.9805879701e-04 3.0320318978e+04 1.5707963268e+00 -1.9635498147e+00
1.9820179787e-04 3.0342681161e+04 1.5707963268e+00 -1.9643533148e+00
1.9834475512e-04 3.0365054331e+04 1.5707963268e+00 -1.9651556296e+00
1.9848766882e-04 3.0387438469e+04 1.5707963268e+00 -1.9659567613e+00
1.9863053905e-04 3.0409833557e+04 1.5707963268e+00 -1.9667567118e+00
1.9877336588e-04 3.0432239577e+04 1.5707963268e+00 -1.9675554832e+00
1.9891614938e-04 3.0454656511e+04 1.5707963268e+00 -1.9683530776e+00
1.9905888961e-04 3.0477084342e+04 1.5707963268e+00 -1.9691494969e+00
1.9920158664e-04 3.0499523052e+04 1.5707963268e+00 -1.9699447432e+00
1.9934424055e-04 3.0521972622e+04 1.5707963268e+00 -1.9707388184e+00
1.9948685140e-04 3.0544433035e+04 1.5707963268e+00 -1.9715317248e+00
1.9962941925e-04 3.0566904273e+04 1.5707963268e+00 -1.9723234641e+00
1.9977194419e-04 3.0589386319e+04 1.5707963268e+00 -1.9731140385e+00
1.9991442627e-04 3.0611879154e+04 1.5707963268e+00 -1.9739034500e+00
2.0005686557e-04 3.0634382761e+04 1.5707963268e+00 -1.9746917005e+00
2.0019926215e-04 3.0656897122e+04 1.5707963268e+00 -1.9754787921e+00
2.0034161607e-04 3.0679422220e+04 1.5707963268e+00 -1.9762647268e+00
2.0048392742e-04 3.0701958037e+04 1.5707963268e+00 -1.9770495065e+00
2.0062619626e-04 3.0724504555e+04 1.5707963268e+00 -1.9778331333e+00
2.0076842264e-04 3.0747061757e+04 1.5707963268e+00 -1.9786156092e+00
2.0091060665e-04 3.0769629625e+04 1.5707963268e+00 -1.9793969361e+00
2.0105274835e-04 3.0792208142e+04 1.5707963268e+00 -1.9801771161e+00
2.0119484780e-04 3.0814797290e+04 1.5707963268e+00 -1.9809561511e+00
2.0133690508e-04 3.0837397052e+04 1.5707963268e+00 -1.9817340430e+00
2.0147892024e-04 3.0860007409e+04 1.5707963268e+00 -1.9825107940e+00
2.0162089336e-04 3.0882628346e+04 1.5707963268e+00 -1.9832864059e+00
2.0176282451e-04 3.0905259844e+04 1.5707963268e+00 -1.9840608807e+00
2.0190471375e-04 3.0927901886e+04 1.5707963268e+00 -1.9848342205e+00
2.0204656114e-04 3.0950554455e+04 1.5707963268e+00 -1.9856064271e+00
2.0218836675e-04 3.0973217533e+04 1.5707963268e+00 -1.9863775025e+00
2.0233013066e-04 3.0995891103e+04 1.5707963268e+00 -1.9871474487e+00
2.0247185292e-04 3.1018575148e+04 1.5707963268e+00 -1.9879162676e+00
2.0261353361e-04 3.1041269650e+04 1.5707963268e+00 -1.9886839612e+00
2.0275517278e-04 3.1063974593e+04 1.5707963268e+00 -1.9894505315e+00
2.0289677050e-04 3.1086689958e+04 1.5707963268e+00 -1.9902159804e+00
2.0303832685e-04 3.1109415730e+04 1.5707963268e+00 -1.9909803098e+00
2.0317984188e-04 3.1132151890e+04 1.5707963268e+00 -1.9917435217e+00
2.0332131566e-04 3.1154898423e+04 1.5707963268e+00 -1.9925056180e+00
2.0346274826e-04 3.1177655309e+04 1.5707963268e+00 -1.9932666007e+00
2.0360413973e-04 3.1200422533e+04 1.5707963268e+00 -1.9940264716e+00
2.0374549016e-04 3.1223200078e+04 1.5707963268e+00 -1.9947852328e+00
2.0388679960e-04 3.1245987926e+04 1.5707963268e+00 -1.9955428861e+00
2.0402806811e-04 3.1268786061e+04 1.5707963268e+00 -1.9962994335e+00
2.0416929577e-04 3.1291594465e+04 1.5707963268e+00 -1.9970548769e+00
2.0431048263e-04 3.1314413121e+04 1.5707963268e+00 -1.9978092183e+00
2.0445162877e-04 3.1337242013e+04 1.5707963268e+00 -1.9985624594e+00
2.0459273424e-04 3.1360081124e+04 1.5707963268e+00 -1.9993146023e+00
2.0473379911e-04 3.1382930437e+04 1.5707963268e+00 -2.0000656488e+00
2.0487482344e-04 3.1405789935e+04 1.5707963268e+00 -2.0008156009e+00
2.0501580731e-04 3.1428659601e+04 1.5707963268e+00 -2.0015644605e+00
2.0515675077e-04 3.1451539418e+04 1.5707963268e+00 -2.0023122294e+00
2.0529765388e-04 3.1474429370e+04 1.5707963268e+00 -2.0030589095e+00
2.0543851671e-04 3.1497329441e+04 1.5707963268e+00 -2.0038045029e+00
2.0557933933e-04 3.1520239612e+04 1.5707963268e+00 -2.0045490112e+00
2.0572012180e-04 3.1543159868e+04 1.5707963268e+00 -2.0052924366e+00
2.0586086418e-04 3.1566090192e+04 1.5707963268e+00 -2.0060347807e+00
2.0600156654e-04 3.1589030567e+04 1.5707963268e+00 -2.0067760455e+00
2.0614222893e-04 3.1611980976e+04 1.5707963268e+00 -2.0075162330e+00
2.0628285143e-04 3.1634941404e+04 1.5707963268e+00 -2.0082553448e+00
2.0642343409e-04 3.1657911834e+04 1.5707963268e+00 -2.0089933831e+00
2.0656397698e-04 3.1680892248e+04 1.5707963268e+00 -2.0097303495e+00
2.0670448015e-04 3.1703882631e+04 1.5707963268e+00 -2.0104662460e+00
2.0684494369e-04 3.1726882965e+04 1.5707963268e+00 -2.0112010744e+00
2.0698536764e-04 3.1749893236e+04 1.5707963268e+00 -2.0119348367e+00
2.0712575207e-04 3.1772913425e+04 1.5707963268e+00 -2.0126675346e+00
2.0726609703e-04 3.1795943517e+04 1.5707963268e+00 -2.0133991700e+00
2.0740640261e-04 3.1818983496e+04 1.5707963268e+00 -2.0141297448e+00
2.0754666885e-04 3.1842033344e+04 1.5707963268e+00 -2.0148592608e+00
2.0768689581e-04 3.1865093047e+04 1.5707963268e+00 -2.0155877199e+00
2.0782708357e-04 3.1888162586e+04 1.5707963268e+00 -2.0163151239e+00
2.0796723218e-04 3.1911241947e+04 1.5707963268e+00 -2.0170414747e+00
2.0810734171e-04 3.1934331112e+04 1.5707963268e+00 -2.0177667740e+00
2.0824741220e-04 3.1957430066e+04 1.5707963268e+00 -2.0184910238e+00
2.0838744374e-04 3.1980538793e+04 1.5707963268e+00 -2.0192142259e+00
2.0852743638e-04 3.2003657275e+04 1.5707963268e+00 -2.0199363820e+00
2.0866739017e-04 3.2026785498e+04 1.5707963268e+00 -2.0206574940e+00
2.0880730519e-04 3.2049923445e+04 1.5707963268e+00 -2.0213775638e+00
2.0894718148e-04 3.2073071100e+04 1.5707963268e+00 -2.0220965932e+00
2.0908701913e-04 3.2096228446e+04 1.5707963268e+00 -2.0228145839e+00
2.0922681817e-04 3.2119395468e+04 1.5707963268e+00 -2.0235315378e+00
2.0936657868e-04 3.2142572150e+04 1.5707963268e+00 -2.0242474568e+00
2.0950630072e-04 3.2165758476e+04 1.5707963268e+00 -2.0249623425e+00
2.0964598435e-04 3.2188954430e+04 1.5707963268e+00 -2.0256761969e+00
2.0978562962e-04 3.2212159995e+04 1.5707963268e+00 -2.0263890217e+00
2.0992523660e-04 3.2235375156e+04 1.5707963268e+00 -2.0271008187e+00
2.1006480534e-04 3.2258599897e+04 1.5707963268e+00 -2.0278115898e+00
2.1020433592e-04 3.2281834202e+04 1.5707963268e+00 -2.0285213366e+00
2.1034382838e-04 3.2305078056e+04 1.5707963268e+00 -2.0292300611e+00
2.1048328279e-04 3.2328331442e+04 1.5707963268e+00 -2.0299377650e+00
2.1062269921e-04 3.2351594345e+04 1.5707963268e+00 -2.0306444500e+00
2.1076207770e-04 3.2374866749e+04 1.5707963268e+00 -2.0313501180e+00
2.1090141831e-04 3.2398148637e+04 1.5707963268e+00 -2.0320547708e+00
2.1104072112e-04 3.2421439996e+04 1.5707963268e+00 -2.0327584100e+00
2.1117998616e-04 3.2444740808e+04 1.5707963268e+00 -2.0334610376e+00
2.1131921352e-04 3.2468051058e+04 1.5707963268e+00 -2.0341626552e+00
2.1145840324e-04 3.2491370730e+04 1.5707963268e+00 -2.0348632647e+00
2.1159755538e-04 3.2514699810e+04 1.5707963268e+00 -2.0355628678e+00
2.1173667001e-04 3.2538038280e+04 1.5707963268e+00 -2.0362614662e+00
2.1187574718e-04 3.2561386127e+04 1.5707963268e+00 -2.0369590617e+00
2.1201478695e-04 3.2584743333e+04 1.5707963268e+00 -2.0376556561e+00
2.1215378938e-04 3.2608109884e+04 1.5707963268e+00 -2.0383512511e+00
2.1229275452e-04 3.2631485764e+04 1.5707963268e+00 -2.0390458485e+00
2.1243168245e-04 3.2654870958e+04 1.5707963268e+00 -2.0397394501e+00
2.1257057321e-04 3.2678265450e+04 1.5707963268e+00 -2.0404320575e+00
2.1270942686e-04 3.2701669225e+04 1.5707963268e+00 -2.0411236725e+00
2.1284824347e-04 3.2725082267e+04 1.5707963268e+00 -2.0418142968e+00
2.1298702308e-04 3.2748504561e+04 1.5707963268e+00 -2.0425039323e+00
2.1312576577e-04 3.2771936092e+04 1.5707963268e+00 -2.0431925805e+00
2.1326447158e-04 3.2795376844e+04 1.5707963268e+00 -2.0438802433e+00
2.1340314057e-04 3.2818826802e+04 1.5707963268e+00 -2.0445669224e+00
2.1354177280e-04 3.2842285951e+04 1.5707963268e+00 -2.0452526195e+00
2.1368036834e-04 3.2865754276e+04 1.5707963268e+00 -2.0459373363e+00
2.1381892723e-04 3.2889231761e+04 1.5707963268e+00 -2.0466210745e+00
2.1395744953e-04 3.2912718391e+04 1.5707963268e+00 -2.0473038358e+00
2.1409593530e-04 3.2936214151e+04 1.5707963268e+00 -2.0479856221e+00
2.1423438460e-04 3.2959719026e+04 1.5707963268e+00 -2.0486664349e+00
2.1437279749e-04 3.2983233001e+04 1.5707963268e+00 -2.0493462760e+00
2.1451117402e-04 3.3006756060e+04 1.5707963268e+00 -2.0500251470e+00
2.1464951425e-04 3.3030288189e+04 1.5707963268e+00 -2.0507030498e+00
2.1478781823e-04 3.3053829372e+04 1.5707963268e+00 -2.0513799859e+00
2.1492608603e-04 3.3077379595e+04 1.5707963268e+00 -2.0520559571e+00
2.1506431770e-04 3.3100938842e+04 1.5707963268e+00 -2.0527309651e+00
2.1520251329e-04 3.3124507099e+04 1.5707963268e+00 -2.0534050115e+00
2.1534067286e-04 3.3148084350e+04 1.5707963268e+00 -2.0540780981e+00
2.1547879647e-04 3.3171670581e+04 1.5707963268e+00 -2.0547502265e+00
2.1561688418e-04 3.3195265777e+04 1.5707963268e+00 -2.0554213983e+00
2.1575493603e-04 3.3218869923e+04 1.5707963268e+00 -2.0560916154e+00
2.1589295209e-04 3.3242483004e+04 1.5707963268e+00 -2.0567608794e+00
2.1603093242e-04 3.3266105004e+04 1.5707963268e+00 -2.0574291918e+00
2.1616887706e-04 3.3289735911e+04 1.5707963268e+00 -2.0580965545e+00
2.1630678608e-04 3.3313375708e+04 1.5707963268e+00 -2.0587629690e+00
2.1644465952e-04 3.3337024381e+04 1.5707963268e+00 -2.0594284371e+00
2.1658249745e-04 3.3360681915e+04 1.5707963268e+00 -2.0600929603e+00
2.1672029992e-04 3.3384348295e+04 1.5707963268e+00 -2.0607565404e+00
2.1685806698e-04 3.3408023507e+04 1.5707963268e+00 -2.0614191790e+00
2.1699579869e-04 3.3431707537e+04 1.5707963268e+00 -2.0620808778e+00
2.1713349511e-04 3.3455400368e+04 1.5707963268e+00 -2.0627416383e+00
2.1727115629e-04 3.3479101988e+04 1.5707963268e+00 -2.0634014623e+00
2.1740878229e-04 3.3502812381e+04 1.5707963268e+00 -2.0640603514e+00
2.1754637315e-04 3.3526531533e+04 1.5707963268e+00 -2.0647183072e+00
2.1768392894e-04 3.3550259429e+04 1.5707963268e+00 -2.0653753314e+00
2.1782144971e-04 3.3573996055e+04 1.5707963268e+00 -2.0660314256e+00
2.1795893551e-04 3.3597741396e+04 1.5707963268e+00 -2.0666865914e+00
2.1809638640e-04 3.3621495438e+04 1.5707963268e+00 -2.0673408305e+00
2.1823380243e-04 3.3645258166e+04 1.5707963268e+00 -2.0679941444e+00
2.1837118366e-04 3.3669029566e+04 1.5707963268e+00 -2.0686465349e+00
2.1850853013e-04 3.3692809624e+04 1.5707963268e+00 -2.0692980035e+00
2.1864584192e-04 3.3716598324e+04 1.5707963268e+00 -2.0699485519e+00
2.1878311906e-04 3.3740395654e+04 1.5707963268e+00 -2.0705981816e+00
2.1892036161e-04 3.3764201598e+04 1.5707963268e+00 -2.0712468943e+00
2.1905756963e-04 3.3788016143e+04 1.5707963268e+00 -2.0718946916e+00
2.1919474316e-04 3.3811839273e+04 1.5707963268e+00 -2.0725415751e+00
2.1933188227e-04 3.3835670975e+04 1.5707963268e+00 -2.0731875464e+00
2.1946898701e-04 3.3859511235e+04 1.5707963268e+00 -2.0738326070e+00
2.1960605742e-04 3.3883360038e+04 1.5707963268e+00 -2.0744767587e+00
2.1974309357e-04 3.3907217370e+04 1.5707963268e+00 -2.0751200029e+00
2.1988009550e-04 3.3931083218e+04 1.5707963268e+00 -2.0757623414e+00
2.2001706327e-04 3.3954957566e+04 1.5707963268e+00 -2.0764037756e+00
2.2015399694e-04 3.3978840401e+04 1.5707963268e+00 -2.0770443072e+00
2.2029089654e-04 3.4002731708e+04 1.5707963268e+00 -2.0776839377e+00
2.2042776215e-04 3.4026631475e+04 1.5707963268e+00 -2.0783226687e+00
2.2056459380e-04 3.4050539686e+04 1.5707963268e+00 -2.0789605018e+00
2.2070139156e-04 3.4074456327e+04 1.5707963268e+00 -2.0795974386e+00
2.2083815547e-04 3.4098381385e+04 1.5707963268e+00 -2.0802334807e+00
2.2097488558e-04 3.4122314846e+04 1.5707963268e+00 -2.0808686295e+00
2.2111158196e-04 3.4146256696e+04 1.5707963268e+00 -2.0815028868e+00
2.2124824465e-04 3.4170206921e+04 1.5707963268e+00 -2.0821362540e+00
2.2138487370e-04 3.4194165506e+04 1.5707963268e+00 -2.0827687327e+00
2.2152146916e-04 3.4218132439e+04 1.5707963268e+00 -2.0834003245e+00
2.2165803110e-04 3.4242107705e+04 1.5707963268e+00 -2.0840310309e+00
2.2179455955e-04 3.4266091290e+04 1.5707963268e+00 -2.0846608535e+00
2.2193105457e-04 3.4290083182e+04 1.5707963268e+00 -2.0852897938e+00
2.2206751621e-04 3.4314083365e+04 1.5707963268e+00 -2.0859178534e+00
2.2220394453e-04 3.4338091826e+04 1.5707963268e+00 -2.0865450338e+00
2.2234033957e-04 3.4362108552e+04 1.5707963268e+00 -2.0871713366e+00
2.2247670139e-04 3.4386133528e+04 1.5707963268e+00 -2.0877967633e+00
2.2261303004e-04 3.4410166742e+04 1.5707963268e+00 -2.0884213154e+00
2.2274932556e-04 3.4434208178e+04 1.5707963268e+00 -2.0890449945e+00
2.2288558801e-04 3.4458257825e+04 1.5707963268e+00 -2.0896678021e+00
2.2302181745e-04 3.4482315668e+04 1.5707963268e+00 -2.0902897398e+00
2.2315801391e-04 3.4506381694e+04 1.5707963268e+00 -2.0909108090e+00
2.2329417746e-04 3.4530455888e+04 1.5707963268e+00 -2.0915310113e+00
2.2343030814e-04 3.4554538239e+04 1.5707963268e+00 -2.0921503481e+00
2.2356640600e-04 3.4578628731e+04 1.5707963268e+00 -2.0927688211e+00
2.2370247109e-04 3.4602727352e+04 1.5707963268e+00 -2.0933864318e+00
2.2383850347e-04 3.4626834087e+04 1.5707963268e+00 -2.0940031816e+00
2.2397450319e-04 3.4650948925e+04 1.5707963268e+00 -2.0946190720e+00
2.2411047028e-04 3.4675071850e+04 1.5707963268e+00 -2.0952341046e+00
2.2424640481e-04 3.4699202851e+04 1.5707963268e+00 -2.0958482809e+00
2.2438230683e-04 3.4723341913e+04 1.5707963268e+00 -2.0964616023e+00
2.2451817638e-04 3.4747489023e+04 1.5707963268e+00 -2.0970740704e+00
2.2465401351e-04 3.4771644168e+04 1.5707963268e+00 -2.0976856867e+00
2.2478981828e-04 3.4795807334e+04 1.5707963268e+00 -2.0982964526e+00
2.2492559073e-04 3.4819978508e+04 1.5707963268e+00 -2.0989063697e+00
2.2506133092e-04 3.4844157678e+04 1.5707963268e+00 -2.0995154394e+00
2.2519703888e-04 3.4868344829e+04 1.5707963268e+00 -2.1001236632e+00
2.2533271468e-04 3.4892539949e+04 1.5707963268e+00 -2.1007310426e+00
2.2546835836e-04 3.4916743023e+04 1.5707963268e+00 -2.1013375791e+00
2.2560396997e-04 3.4940954041e+04 1.5707963268e+00 -2.1019432741e+00
2.2573954956e-04 3.4965172987e+04 1.5707963268e+00 -2.1025481292e+00
2.2587509717e-04 3.4989399849e+04 1.5707963268e+00 -2.1031521458e+00
2.2601061286e-04 3.5013634613e+04 1.5707963268e+00 -2.1037553254e+00
2.2614609668e-04 3.5037877268e+04 1.5707963268e+00 -2.1043576694e+00
2.2628154868e-04 3.5062127799e+04 1.5707963268e+00 -2.1049591792e+00
2.2641696889e-04 3.5086386194e+04 1.5707963268e+00 -2.1055598565e+00
2.2655235738e-04 3.5110652439e+04 1.5707963268e+00 -2.1061597026e+00
2.2668771419e-04 3.5134926522e+04 1.5707963268e+00 -2.1067587189e+00
2.2682303936e-04 3.5159208430e+04 1.5707963268e+00 -2.1073569070e+00
2.2695833296e-04 3.5183498149e+04 1.5707963268e+00 -2.1079542683e+00
2.2709359501e-04 3.5207795667e+04 1.5707963268e+00 -2.1085508042e+00
2.2722882558e-04 3.5232100971e+04 1.5707963268e+00 -2.1091465161e+00
2.2736402472e-04 3.5256414049e+04 1.5707963268e+00 -2.1097414056e+00
2.2749919246e-04 3.5280734886e+04 1.5707963268e+00 -2.1103354740e+00
2.2763432886e-04 3.5305063471e+04 1.5707963268e+00 -2.1109287228e+00
2.2776943396e-04 3.5329399790e+04 1.5707963268e+00 -2.1115211535e+00
2.2790450781e-04 3.5353743832e+04 1.5707963268e+00 -2.1121127674e+00
2.2803955047e-04 3.5378095582e+04 1.5707963268e+00 -2.1127035660e+00
2.2817456197e-04 3.5402455029e+04 1.5707963268e+00 -2.1132935507e+00
2.2830954236e-04 3.5426822159e+04 1.5707963268e+00 -2.1138827229e+00
2.2844449170e-04 3.5451196960e+04 1.5707963268e+00 -2.1144710841e+00
2.2857941003e-04 3.5475579419e+04 1.5707963268e+00 -2.1150586357e+00
