0.0000000000e+00 8.9585038837e+03 1.5707963268e+00 0.0000000000e+00
1.4867025996e-06 8.9585038837e+03 1.5707963268e+00 -4.9504950495e-03
2.9734051992e-06 8.9583973695e+03 1.5707963268e+00 -9.9009900990e-03
4.4618754479e-06 8.9581844045e+03 1.5707963268e+00 -1.4851602869e-02
5.9538884426e-06 8.9578650445e+03 1.5707963268e+00 -1.9802451017e-02
7.4512397029e-06 8.9574393389e+03 1.5707963268e+00 -2.4753652161e-02
8.9557584648e-06 8.9569073311e+03 1.5707963268e+00 -2.9705323899e-02
1.0469321541e-05 8.9562690592e+03 1.5707963268e+00 -3.4657583824e-02
1.1993868012e-05 8.9555245571e+03 1.5707963268e+00 -3.9610549548e-02
1.3531415045e-05 8.9546738550e+03 1.5707963268e+00 -4.4564338716e-02
1.5084075167e-05 8.9537169808e+03 1.5707963268e+00 -4.9519069024e-02
1.6654075384e-05 8.9526539608e+03 1.5707963268e+00 -5.4474858232e-02
1.8243778594e-05 8.9514848209e+03 1.5707963268e+00 -5.9431824181e-02
1.9855707844e-05 8.9502095884e+03 1.5707963268e+00 -6.4390084805e-02
2.1492574083e-05 8.9488282930e+03 1.5707963268e+00 -6.9349758140e-02
2.3157308226e-05 8.9473409691e+03 1.5707963268e+00 -7.4310962339e-02
2.4853098530e-05 8.9457476579e+03 1.5707963268e+00 -7.9273815674e-02
2.6583434557e-05 8.9440484098e+03 1.5707963268e+00 -8.4238436545e-02
2.8352159306e-05 8.9422432876e+03 1.5707963268e+00 -8.9204943478e-02
3.0163531569e-05 8.9403323706e+03 1.5707963268e+00 -9.4173455130e-02
3.2022301172e-05 8.9383157583e+03 1.5707963268e+00 -9.9144090280e-02
3.3933800535e-05 8.9361935770e+03 1.5707963268e+00 -1.0411696782e-01
3.5904057156e-05 8.9339659861e+03 1.5707963268e+00 -1.0909220673e-01
3.7939933110e-05 8.9316331868e+03 1.5707963268e+00 -1.1406992606e-01
4.0049299879e-05 8.9291954333e+03 1.5707963268e+00 -1.1905024492e-01
4.2241259872e-05 8.9266530463e+03 1.5707963268e+00 -1.2403328239e-01
4.4526430528e-05 8.9240064316e+03 1.5707963268e+00 -1.2901915747e-01
4.6917313501e-05 8.9212561027e+03 1.5707963268e+00 -1.3400798902e-01
4.9428781404e-05 8.9184027130e+03 1.5707963268e+00 -1.3899989563e-01
5.2078729964e-05 8.9154470966e+03 1.5707963268e+00 -1.4399499548e-01
5.4888967659e-05 8.9123903265e+03 1.5707963268e+00 -1.4899340615e-01
5.7886454172e-05 8.9092337942e+03 1.5707963268e+00 -1.5399524434e-01
6.1105064658e-05 8.9059793243e+03 1.5707963268e+00 -1.5900062558e-01
6.4588170491e-05 8.9026293419e+03 1.5707963268e+00 -1.6400966367e-01
6.8392532222e-05 8.8991871252e+03 1.5707963268e+00 -1.6902247005e-01
7.2594388083e-05 8.8956572003e+03 1.5707963268e+00 -1.7403915285e-01
7.7299396153e-05 8.8920459825e+03 1.5707963268e+00 -1.7905981546e-01
8.2659743929e-05 8.8883628737e+03 1.5707963268e+00 -1.8408455437e-01
8.8905578474e-05 8.8846222567e+03 1.5707963268e+00 -1.8911345580e-01
9.6407781866e-05 8.8808474142e+03 1.5707963268e+00 -1.9414659001e-01
1.0581816469e-04 8.8770790639e+03 1.5707963268e+00 -1.9918400110e-01
1.1843619542e-04 8.8733968114e+03 1.5707963268e+00 -2.0422568718e-01
1.3743717468e-04 8.8699862735e+03 1.5707963268e+00 -2.0927155588e-01
