0.0000000000e+00 1.1264653398e+04 1.5707963268e+00 0.0000000000e+00
3.2083622100e-07 1.1264653398e+04 1.5707963268e+00 -3.9370078740e-03
6.4167244201e-07 1.1264621777e+04 1.5707963268e+00 -7.8740157480e-03
9.6251199863e-07 1.1264558536e+04 1.5707963268e+00 -1.1811045725e-02
1.2833582266e-06 1.1264463673e+04 1.5707963268e+00 -1.5748119909e-02
1.6042144624e-06 1.1264337187e+04 1.5707963268e+00 -1.9685260403e-02
1.9250840429e-06 1.1264179075e+04 1.5707963268e+00 -2.3622489317e-02
2.2459703066e-06 1.1263989335e+04 1.5707963268e+00 -2.7559828759e-02
2.5668765936e-06 1.1263767963e+04 1.5707963268e+00 -3.1497300847e-02
2.8878062455e-06 1.1263514952e+04 1.5707963268e+00 -3.5434927703e-02
3.2087626067e-06 1.1263230299e+04 1.5707963268e+00 -3.9372731454e-02
3.5297490238e-06 1.1262913996e+04 1.5707963268e+00 -4.3310734240e-02
3.8507688467e-06 1.1262566035e+04 1.5707963268e+00 -4.7248958205e-02
4.1718254286e-06 1.1262186409e+04 1.5707963268e+00 -5.1187425509e-02
4.4929221263e-06 1.1261775108e+04 1.5707963268e+00 -5.5126158320e-02
4.8140623007e-06 1.1261332122e+04 1.5707963268e+00 -5.9065178819e-02
5.1352493171e-06 1.1260857441e+04 1.5707963268e+00 -6.3004509205e-02
5.4564865457e-06 1.1260351052e+04 1.5707963268e+00 -6.6944171687e-02
5.7777773619e-06 1.1259812944e+04 1.5707963268e+00 -7.0884188494e-02
6.0991251463e-06 1.1259243102e+04 1.5707963268e+00 -7.4824581871e-02
6.4205332858e-06 1.1258641513e+04 1.5707963268e+00 -7.8765374082e-02
6.7420051732e-06 1.1258008161e+04 1.5707963268e+00 -8.2706587412e-02
7.0635442081e-06 1.1257343031e+04 1.5707963268e+00 -8.6648244166e-02
7.3851537971e-06 1.1256646105e+04 1.5707963268e+00 -9.0590366671e-02
7.7068373540e-06 1.1255917366e+04 1.5707963268e+00 -9.4532977278e-02
8.0285983004e-06 1.1255156796e+04 1.5707963268e+00 -9.8476098363e-02
8.3504400663e-06 1.1254364374e+04 1.5707963268e+00 -1.0241975233e-01
8.6723660896e-06 1.1253540082e+04 1.5707963268e+00 -1.0636396160e-01
8.9943798177e-06 1.1252683897e+04 1.5707963268e+00 -1.1030874863e-01
9.3164847067e-06 1.1251795797e+04 1.5707963268e+00 -1.1425413592e-01
9.6386842228e-06 1.1250875760e+04 1.5707963268e+00 -1.1820014597e-01
9.9609818419e-06 1.1249923763e+04 1.5707963268e+00 -1.2214680134e-01
1.0283381050e-05 1.1248939779e+04 1.5707963268e+00 -1.2609412460e-01
1.0605885346e-05 1.1247923785e+04 1.5707963268e+00 -1.3004213837e-01
1.0928498236e-05 1.1246875753e+04 1.5707963268e+00 -1.3399086531e-01
1.1251223242e-05 1.1245795657e+04 1.5707963268e+00 -1.3794032809e-01
1.1574063895e-05 1.1244683467e+04 1.5707963268e+00 -1.4189054945e-01
1.1897023739e-05 1.1243539156e+04 1.5707963268e+00 -1.4584155215e-01
1.2220106333e-05 1.1242362693e+04 1.5707963268e+00 -1.4979335900e-01
1.2543315246e-05 1.1241154048e+04 1.5707963268e+00 -1.5374599284e-01
1.2866654064e-05 1.1239913189e+04 1.5707963268e+00 -1.5769947655e-01
1.3190126383e-05 1.1238640083e+04 1.5707963268e+00 -1.6165383308e-01
1.3513735817e-05 1.1237334697e+04 1.5707963268e+00 -1.6560908541e-01
1.3837485995e-05 1.1235996996e+04 1.5707963268e+00 -1.6956525655e-01
1.4161380557e-05 1.1234626946e+04 1.5707963268e+00 -1.7352236958e-01
1.4485423165e-05 1.1233224509e+04 1.5707963268e+00 -1.7748044763e-01
1.4809617492e-05 1.1231789650e+04 1.5707963268e+00 -1.8143951386e-01
1.5133967232e-05 1.1230322330e+04 1.5707963268e+00 -1.8539959150e-01
1.5458476091e-05 1.1228822510e+04 1.5707963268e+00 -1.8936070383e-01
1.5783147798e-05 1.1227290150e+04 1.5707963268e+00 -1.9332287418e-01
1.6107986097e-05 1.1225725211e+04 1.5707963268e+00 -1.9728612594e-01
1.6432994752e-05 1.1224127649e+04 1.5707963268e+00 -2.0125048256e-01
1.6758177543e-05 1.1222497422e+04 1.5707963268e+00 -2.0521596752e-01
1.7083538274e-05 1.1220834487e+04 1.5707963268e+00 -2.0918260441e-01
1.7409080765e-05 1.1219138800e+04 1.5707963268e+00 -2.1315041684e-01
1.7734808859e-05 1.1217410315e+04 1.5707963268e+00 -2.1711942849e-01
1.8060726419e-05 1.1215648986e+04 1.5707963268e+00 -2.2108966313e-01
1.8386837329e-05 1.1213854765e+04 1.5707963268e+00 -2.2506114455e-01
1.8713145496e-05 1.1212027604e+04 1.5707963268e+00 -2.2903389665e-01
1.9039654849e-05 1.1210167454e+04 1.5707963268e+00 -2.3300794338e-01
1.9366369339e-05 1.1208274265e+04 1.5707963268e+00 -2.3698330874e-01
1.9693292943e-05 1.1206347987e+04 1.5707963268e+00 -2.4096001684e-01
2.0020429659e-05 1.1204388565e+04 1.5707963268e+00 -2.4493809182e-01
2.0347783512e-05 1.1202395949e+04 1.5707963268e+00 -2.4891755794e-01
2.0675358551e-05 1.1200370083e+04 1.5707963268e+00 -2.5289843949e-01
2.1003158852e-05 1.1198310913e+04 1.5707963268e+00 -2.5688076086e-01
2.1331188514e-05 1.1196218383e+04 1.5707963268e+00 -2.6086454652e-01
2.1659451668e-05 1.1194092435e+04 1.5707963268e+00 -2.6484982101e-01
2.1987952467e-05 1.1191933012e+04 1.5707963268e+00 -2.6883660895e-01
2.2316695096e-05 1.1189740055e+04 1.5707963268e+00 -2.7282493506e-01
2.2645683767e-05 1.1187513503e+04 1.5707963268e+00 -2.7681482412e-01
2.2974922722e-05 1.1185253297e+04 1.5707963268e+00 -2.8080630100e-01
2.3304416231e-05 1.1182959373e+04 1.5707963268e+00 -2.8479939068e-01
2.3634168597e-05 1.1180631669e+04 1.5707963268e+00 -2.8879411820e-01
2.3964184152e-05 1.1178270120e+04 1.5707963268e+00 -2.9279050871e-01
2.4294467262e-05 1.1175874662e+04 1.5707963268e+00 -2.9678858743e-01
2.4625022323e-05 1.1173445229e+04 1.5707963268e+00 -3.0078837969e-01
2.4955853765e-05 1.1170981753e+04 1.5707963268e+00 -3.0478991093e-01
2.5286966054e-05 1.1168484165e+04 1.5707963268e+00 -3.0879320664e-01
2.5618363686e-05 1.1165952398e+04 1.5707963268e+00 -3.1279829246e-01
2.5950051196e-05 1.1163386380e+04 1.5707963268e+00 -3.1680519408e-01
2.6282033153e-05 1.1160786039e+04 1.5707963268e+00 -3.2081393734e-01
2.6614314164e-05 1.1158151305e+04 1.5707963268e+00 -3.2482454815e-01
2.6946898872e-05 1.1155482102e+04 1.5707963268e+00 -3.2883705254e-01
2.7279791958e-05 1.1152778356e+04 1.5707963268e+00 -3.3285147663e-01
2.7612998144e-05 1.1150039991e+04 1.5707963268e+00 -3.3686784667e-01
2.7946522188e-05 1.1147266931e+04 1.5707963268e+00 -3.4088618900e-01
2.8280368892e-05 1.1144459098e+04 1.5707963268e+00 -3.4490653009e-01
2.8614543098e-05 1.1141616412e+04 1.5707963268e+00 -3.4892889651e-01
2.8949049689e-05 1.1138738793e+04 1.5707963268e+00 -3.5295331495e-01
2.9283893591e-05 1.1135826159e+04 1.5707963268e+00 -3.5697981222e-01
2.9619079777e-05 1.1132878429e+04 1.5707963268e+00 -3.6100841523e-01
2.9954613259e-05 1.1129895519e+04 1.5707963268e+00 -3.6503915105e-01
3.0290499100e-05 1.1126877343e+04 1.5707963268e+00 -3.6907204683e-01
3.0626742406e-05 1.1123823816e+04 1.5707963268e+00 -3.7310712987e-01
3.0963348331e-05 1.1120734851e+04 1.5707963268e+00 -3.7714442760e-01
3.1300322078e-05 1.1117610359e+04 1.5707963268e+00 -3.8118396755e-01
3.1637668898e-05 1.1114450251e+04 1.5707963268e+00 -3.8522577740e-01
3.1975394094e-05 1.1111254436e+04 1.5707963268e+00 -3.8926988497e-01
3.2313503017e-05 1.1108022821e+04 1.5707963268e+00 -3.9331631820e-01
3.2652001074e-05 1.1104755315e+04 1.5707963268e+00 -3.9736510518e-01
3.2990893723e-05 1.1101451823e+04 1.5707963268e+00 -4.0141627411e-01
3.3330186475e-05 1.1098112248e+04 1.5707963268e+00 -4.0546985337e-01
3.3669884900e-05 1.1094736495e+04 1.5707963268e+00 -4.0952587144e-01
3.4009994620e-05 1.1091324464e+04 1.5707963268e+00 -4.1358435699e-01
3.4350521317e-05 1.1087876057e+04 1.5707963268e+00 -4.1764533879e-01
3.4691470733e-05 1.1084391174e+04 1.5707963268e+00 -4.2170884580e-01
3.5032848665e-05 1.1080869711e+04 1.5707963268e+00 -4.2577490710e-01
3.5374660977e-05 1.1077311566e+04 1.5707963268e+00 -4.2984355194e-01
3.5716913590e-05 1.1073716635e+04 1.5707963268e+00 -4.3391480972e-01
3.6059612491e-05 1.1070084812e+04 1.5707963268e+00 -4.3798871000e-01
3.6402763731e-05 1.1066415989e+04 1.5707963268e+00 -4.4206528250e-01
3.6746373427e-05 1.1062710057e+04 1.5707963268e+00 -4.4614455709e-01
3.7090447764e-05 1.1058966909e+04 1.5707963268e+00 -4.5022656383e-01
3.7434992994e-05 1.1055186431e+04 1.5707963268e+00 -4.5431133292e-01
3.7780015439e-05 1.1051368511e+04 1.5707963268e+00 -4.5839889474e-01
3.8125521494e-05 1.1047513037e+04 1.5707963268e+00 -4.6248927986e-01
3.8471517626e-05 1.1043619891e+04 1.5707963268e+00 -4.6658251898e-01
3.8818010375e-05 1.1039688959e+04 1.5707963268e+00 -4.7067864302e-01
3.9165006358e-05 1.1035720120e+04 1.5707963268e+00 -4.7477768306e-01
3.9512512269e-05 1.1031713257e+04 1.5707963268e+00 -4.7887967036e-01
3.9860534881e-05 1.1027668248e+04 1.5707963268e+00 -4.8298463637e-01
4.0209081046e-05 1.1023584970e+04 1.5707963268e+00 -4.8709261273e-01
4.0558157699e-05 1.1019463300e+04 1.5707963268e+00 -4.9120363125e-01
4.0907771860e-05 1.1015303113e+04 1.5707963268e+00 -4.9531772395e-01
4.1257930631e-05 1.1011104281e+04 1.5707963268e+00 -4.9943492305e-01
4.1608641204e-05 1.1006866676e+04 1.5707963268e+00 -5.0355526096e-01
4.1959910859e-05 1.1002590169e+04 1.5707963268e+00 -5.0767877027e-01
4.2311746967e-05 1.0998274627e+04 1.5707963268e+00 -5.1180548380e-01
4.2664156989e-05 1.0993919919e+04 1.5707963268e+00 -5.1593543457e-01
4.3017148485e-05 1.0989525909e+04 1.5707963268e+00 -5.2006865581e-01
4.3370729108e-05 1.0985092462e+04 1.5707963268e+00 -5.2420518094e-01
4.3724906611e-05 1.0980619439e+04 1.5707963268e+00 -5.2834504363e-01
4.4079688845e-05 1.0976106703e+04 1.5707963268e+00 -5.3248827775e-01
4.4435083768e-05 1.0971554111e+04 1.5707963268e+00 -5.3663491737e-01
4.4791099439e-05 1.0966961521e+04 1.5707963268e+00 -5.4078499683e-01
4.5147744024e-05 1.0962328790e+04 1.5707963268e+00 -5.4493855065e-01
4.5505025801e-05 1.0957655771e+04 1.5707963268e+00 -5.4909561362e-01
4.5862953158e-05 1.0952942316e+04 1.5707963268e+00 -5.5325622072e-01
4.6221534594e-05 1.0948188278e+04 1.5707963268e+00 -5.5742040722e-01
4.6580778730e-05 1.0943393505e+04 1.5707963268e+00 -5.6158820857e-01
4.6940694301e-05 1.0938557844e+04 1.5707963268e+00 -5.6575966052e-01
4.7301290165e-05 1.0933681141e+04 1.5707963268e+00 -5.6993479902e-01
4.7662575304e-05 1.0928763240e+04 1.5707963268e+00 -5.7411366030e-01
4.8024558827e-05 1.0923803983e+04 1.5707963268e+00 -5.7829628083e-01
4.8387249972e-05 1.0918803210e+04 1.5707963268e+00 -5.8248269734e-01
4.8750658108e-05 1.0913760761e+04 1.5707963268e+00 -5.8667294683e-01
4.9114792742e-05 1.0908676471e+04 1.5707963268e+00 -5.9086706654e-01
4.9479663516e-05 1.0903550175e+04 1.5707963268e+00 -5.9506509400e-01
4.9845280215e-05 1.0898381706e+04 1.5707963268e+00 -5.9926706700e-01
5.0211652768e-05 1.0893170896e+04 1.5707963268e+00 -6.0347302362e-01
5.0578791250e-05 1.0887917574e+04 1.5707963268e+00 -6.0768300220e-01
5.0946705890e-05 1.0882621566e+04 1.5707963268e+00 -6.1189704137e-01
5.1315407067e-05 1.0877282699e+04 1.5707963268e+00 -6.1611518006e-01
5.1684905322e-05 1.0871900794e+04 1.5707963268e+00 -6.2033745748e-01
5.2055211353e-05 1.0866475675e+04 1.5707963268e+00 -6.2456391312e-01
5.2426336027e-05 1.0861007159e+04 1.5707963268e+00 -6.2879458679e-01
5.2798290376e-05 1.0855495065e+04 1.5707963268e+00 -6.3302951861e-01
5.3171085608e-05 1.0849939207e+04 1.5707963268e+00 -6.3726874899e-01
5.3544733105e-05 1.0844339398e+04 1.5707963268e+00 -6.4151231866e-01
5.3919244430e-05 1.0838695450e+04 1.5707963268e+00 -6.4576026867e-01
5.4294631332e-05 1.0833007172e+04 1.5707963268e+00 -6.5001264037e-01
5.4670905750e-05 1.0827274370e+04 1.5707963268e+00 -6.5426947546e-01
5.5048079813e-05 1.0821496849e+04 1.5707963268e+00 -6.5853081597e-01
5.5426165854e-05 1.0815674410e+04 1.5707963268e+00 -6.6279670425e-01
5.5805176403e-05 1.0809806856e+04 1.5707963268e+00 -6.6706718300e-01
5.6185124202e-05 1.0803893982e+04 1.5707963268e+00 -6.7134229526e-01
5.6566022206e-05 1.0797935585e+04 1.5707963268e+00 -6.7562208442e-01
5.6947883584e-05 1.0791931459e+04 1.5707963268e+00 -6.7990659422e-01
5.7330721734e-05 1.0785881394e+04 1.5707963268e+00 -6.8419586878e-01
5.7714550279e-05 1.0779785178e+04 1.5707963268e+00 -6.8848995256e-01
5.8099383077e-05 1.0773642599e+04 1.5707963268e+00 -6.9278889040e-01
5.8485234227e-05 1.0767453440e+04 1.5707963268e+00 -6.9709272751e-01
5.8872118076e-05 1.0761217483e+04 1.5707963268e+00 -7.0140150950e-01
5.9260049220e-05 1.0754934506e+04 1.5707963268e+00 -7.0571528233e-01
5.9649042517e-05 1.0748604286e+04 1.5707963268e+00 -7.1003409239e-01
6.0039113087e-05 1.0742226597e+04 1.5707963268e+00 -7.1435798645e-01
6.0430276326e-05 1.0735801211e+04 1.5707963268e+00 -7.1868701167e-01
6.0822547907e-05 1.0729327896e+04 1.5707963268e+00 -7.2302121565e-01
6.1215943789e-05 1.0722806418e+04 1.5707963268e+00 -7.2736064637e-01
6.1610480225e-05 1.0716236542e+04 1.5707963268e+00 -7.3170535226e-01
6.2006173771e-05 1.0709618028e+04 1.5707963268e+00 -7.3605538217e-01
6.2403041290e-05 1.0702950633e+04 1.5707963268e+00 -7.4041078536e-01
6.2801099964e-05 1.0696234115e+04 1.5707963268e+00 -7.4477161157e-01
6.3200367301e-05 1.0689468225e+04 1.5707963268e+00 -7.4913791096e-01
6.3600861143e-05 1.0682652714e+04 1.5707963268e+00 -7.5350973413e-01
6.4002599676e-05 1.0675787327e+04 1.5707963268e+00 -7.5788713219e-01
6.4405601438e-05 1.0668871811e+04 1.5707963268e+00 -7.6227015665e-01
6.4809885332e-05 1.0661905905e+04 1.5707963268e+00 -7.6665885956e-01
6.5215470631e-05 1.0654889348e+04 1.5707963268e+00 -7.7105329339e-01
6.5622376992e-05 1.0647821876e+04 1.5707963268e+00 -7.7545351115e-01
6.6030624466e-05 1.0640703220e+04 1.5707963268e+00 -7.7985956630e-01
6.6440233507e-05 1.0633533111e+04 1.5707963268e+00 -7.8427151283e-01
6.6851224986e-05 1.0626311273e+04 1.5707963268e+00 -7.8868940524e-01
6.7263620202e-05 1.0619037431e+04 1.5707963268e+00 -7.9311329853e-01
6.7677440892e-05 1.0611711303e+04 1.5707963268e+00 -7.9754324824e-01
6.8092709249e-05 1.0604332607e+04 1.5707963268e+00 -8.0197931044e-01
6.8509447928e-05 1.0596901056e+04 1.5707963268e+00 -8.0642154174e-01
6.8927680065e-05 1.0589416360e+04 1.5707963268e+00 -8.1086999930e-01
6.9347429289e-05 1.0581878225e+04 1.5707963268e+00 -8.1532474084e-01
6.9768719737e-05 1.0574286355e+04 1.5707963268e+00 -8.1978582465e-01
7.0191576070e-05 1.0566640449e+04 1.5707963268e+00 -8.2425330958e-01
7.0616023485e-05 1.0558940204e+04 1.5707963268e+00 -8.2872725508e-01
7.1042087737e-05 1.0551185313e+04 1.5707963268e+00 -8.3320772120e-01
7.1469795150e-05 1.0543375465e+04 1.5707963268e+00 -8.3769476857e-01
7.1899172641e-05 1.0535510345e+04 1.5707963268e+00 -8.4218845844e-01
7.2330247731e-05 1.0527589636e+04 1.5707963268e+00 -8.4668885269e-01
7.2763048570e-05 1.0519613016e+04 1.5707963268e+00 -8.5119601384e-01
7.3197603953e-05 1.0511580159e+04 1.5707963268e+00 -8.5571000502e-01
7.3633943342e-05 1.0503490735e+04 1.5707963268e+00 -8.6023089004e-01
7.4072096887e-05 1.0495344412e+04 1.5707963268e+00 -8.6475873336e-01
7.4512095448e-05 1.0487140852e+04 1.5707963268e+00 -8.6929360010e-01
7.4953970618e-05 1.0478879715e+04 1.5707963268e+00 -8.7383555610e-01
7.5397754746e-05 1.0470560654e+04 1.5707963268e+00 -8.7838466785e-01
7.5843480964e-05 1.0462183320e+04 1.5707963268e+00 -8.8294100258e-01
7.6291183212e-05 1.0453747361e+04 1.5707963268e+00 -8.8750462822e-01
7.6740896262e-05 1.0445252418e+04 1.5707963268e+00 -8.9207561342e-01
7.7192655751e-05 1.0436698130e+04 1.5707963268e+00 -8.9665402758e-01
7.7646498209e-05 1.0428084130e+04 1.5707963268e+00 -9.0123994086e-01
7.8102461087e-05 1.0419410047e+04 1.5707963268e+00 -9.0583342417e-01
7.8560582791e-05 1.0410675507e+04 1.5707963268e+00 -9.1043454920e-01
7.9020902714e-05 1.0401880130e+04 1.5707963268e+00 -9.1504338843e-01
7.9483461273e-05 1.0393023531e+04 1.5707963268e+00 -9.1966001514e-01
7.9948299945e-05 1.0384105323e+04 1.5707963268e+00 -9.2428450343e-01
8.0415461300e-05 1.0375125110e+04 1.5707963268e+00 -9.2891692823e-01
8.0884989047e-05 1.0366082496e+04 1.5707963268e+00 -9.3355736531e-01
8.1356928074e-05 1.0356977076e+04 1.5707963268e+00 -9.3820589129e-01
8.1831324486e-05 1.0347808443e+04 1.5707963268e+00 -9.4286258367e-01
8.2308225658e-05 1.0338576184e+04 1.5707963268e+00 -9.4752752082e-01
8.2787680278e-05 1.0329279881e+04 1.5707963268e+00 -9.5220078204e-01
8.3269738396e-05 1.0319919110e+04 1.5707963268e+00 -9.5688244753e-01
8.3754451478e-05 1.0310493444e+04 1.5707963268e+00 -9.6157259840e-01
8.4241872460e-05 1.0301002447e+04 1.5707963268e+00 -9.6627131675e-01
8.4732055807e-05 1.0291445682e+04 1.5707963268e+00 -9.7097868561e-01
8.5225057567e-05 1.0281822705e+04 1.5707963268e+00 -9.7569478900e-01
8.5720935441e-05 1.0272133064e+04 1.5707963268e+00 -9.8041971193e-01
8.6219748846e-05 1.0262376304e+04 1.5707963268e+00 -9.8515354045e-01
8.6721558981e-05 1.0252551965e+04 1.5707963268e+00 -9.8989636162e-01
8.7226428908e-05 1.0242659580e+04 1.5707963268e+00 -9.9464826355e-01
8.7734423620e-05 1.0232698675e+04 1.5707963268e+00 -9.9940933541e-01
8.8245610128e-05 1.0222668771e+04 1.5707963268e+00 -1.0041796675e+00
8.8760057543e-05 1.0212569385e+04 1.5707963268e+00 -1.0089593511e+00
8.9277837164e-05 1.0202400026e+04 1.5707963268e+00 -1.0137484789e+00
8.9799022577e-05 1.0192160196e+04 1.5707963268e+00 -1.0185471444e+00
9.0323689751e-05 1.0181849393e+04 1.5707963268e+00 -1.0233554424e+00
9.0851917140e-05 1.0171467106e+04 1.5707963268e+00 -1.0281734689e+00
9.1383785802e-05 1.0161012821e+04 1.5707963268e+00 -1.0330013212e+00
9.1919379507e-05 1.0150486013e+04 1.5707963268e+00 -1.0378390977e+00
9.2458784865e-05 1.0139886155e+04 1.5707963268e+00 -1.0426868981e+00
9.3002091456e-05 1.0129212711e+04 1.5707963268e+00 -1.0475448232e+00
9.3549391967e-05 1.0118465137e+04 1.5707963268e+00 -1.0524129755e+00
9.4100782341e-05 1.0107642884e+04 1.5707963268e+00 -1.0572914585e+00
9.4656361927e-05 1.0096745396e+04 1.5707963268e+00 -1.0621803771e+00
9.5216233648e-05 1.0085772109e+04 1.5707963268e+00 -1.0670798375e+00
9.5780504175e-05 1.0074722452e+04 1.5707963268e+00 -1.0719899476e+00
9.6349284111e-05 1.0063595847e+04 1.5707963268e+00 -1.0769108164e+00
9.6922688187e-05 1.0052391708e+04 1.5707963268e+00 -1.0818425545e+00
9.7500835471e-05 1.0041109442e+04 1.5707963268e+00 -1.0867852740e+00
9.8083849593e-05 1.0029748450e+04 1.5707963268e+00 -1.0917390883e+00
9.8671858977e-05 1.0018308121e+04 1.5707963268e+00 -1.0967041126e+00
9.9264997097e-05 1.0006787841e+04 1.5707963268e+00 -1.1016804635e+00
9.9863402743e-05 9.9951869855e+03 1.5707963268e+00 -1.1066682593e+00
1.0046722031e-04 9.9835049222e+03 1.5707963268e+00 -1.1116676197e+00
1.0107660011e-04 9.9717410113e+03 1.5707963268e+00 -1.1166786664e+00
1.0169169868e-04 9.9598946048e+03 1.5707963268e+00 -1.1217015224e+00
1.0231267916e-04 9.9479650461e+03 1.5707963268e+00 -1.1267363127e+00
1.0293971166e-04 9.9359516707e+03 1.5707963268e+00 -1.1317831639e+00
1.0357297364e-04 9.9238538053e+03 1.5707963268e+00 -1.1368422045e+00
1.0421265037e-04 9.9116707683e+03 1.5707963268e+00 -1.1419135647e+00
1.0485893540e-04 9.8994018695e+03 1.5707963268e+00 -1.1469973767e+00
1.0551203104e-04 9.8870464102e+03 1.5707963268e+00 -1.1520937743e+00
1.0617214888e-04 9.8746036826e+03 1.5707963268e+00 -1.1572028937e+00
1.0683951044e-04 9.8620729707e+03 1.5707963268e+00 -1.1623248725e+00
1.0751434770e-04 9.8494535491e+03 1.5707963268e+00 -1.1674598508e+00
1.0819690388e-04 9.8367446839e+03 1.5707963268e+00 -1.1726079704e+00
1.0888743407e-04 9.8239456323e+03 1.5707963268e+00 -1.1777693754e+00
1.0958620610e-04 9.8110556425e+03 1.5707963268e+00 -1.1829442118e+00
1.1029350137e-04 9.7980739537e+03 1.5707963268e+00 -1.1881326281e+00
1.1100961575e-04 9.7849997963e+03 1.5707963268e+00 -1.1933347747e+00
1.1173486067e-04 9.7718323918e+03 1.5707963268e+00 -1.1985508043e+00
1.1246956415e-04 9.7585709530e+03 1.5707963268e+00 -1.2037808721e+00
1.1321407204e-04 9.7452146836e+03 1.5707963268e+00 -1.2090251354e+00
1.1396874932e-04 9.7317627788e+03 1.5707963268e+00 -1.2142837540e+00
1.1473398158e-04 9.7182144254e+03 1.5707963268e+00 -1.2195568903e+00
1.1551017652e-04 9.7045688014e+03 1.5707963268e+00 -1.2248447088e+00
1.1629776573e-04 9.6908250769e+03 1.5707963268e+00 -1.2301473769e+00
1.1709720660e-04 9.6769824138e+03 1.5707963268e+00 -1.2354650644e+00
1.1790898436e-04 9.6630399666e+03 1.5707963268e+00 -1.2407979437e+00
1.1873361445e-04 9.6489968821e+03 1.5707963268e+00 -1.2461461902e+00
1.1957164503e-04 9.6348523002e+03 1.5707963268e+00 -1.2515099816e+00
1.2042365982e-04 9.6206053545e+03 1.5707963268e+00 -1.2568894987e+00
1.2129028125e-04 9.6062551725e+03 1.5707963268e+00 -1.2622849250e+00
1.2217217392e-04 9.5918008763e+03 1.5707963268e+00 -1.2676964471e+00
1.2307004855e-04 9.5772415838e+03 1.5707963268e+00 -1.2731242544e+00
1.2398466627e-04 9.5625764090e+03 1.5707963268e+00 -1.2785685393e+00
1.2491684354e-04 9.5478044634e+03 1.5707963268e+00 -1.2840294973e+00
1.2586745763e-04 9.5329248572e+03 1.5707963268e+00 -1.2895073272e+00
1.2683745278e-04 9.5179367005e+03 1.5707963268e+00 -1.2950022307e+00
1.2782784718e-04 9.5028391052e+03 1.5707963268e+00 -1.3005144129e+00
1.2883974089e-04 9.4876311866e+03 1.5707963268e+00 -1.3060440823e+00
1.2987432483e-04 9.4723120660e+03 1.5707963268e+00 -1.3115914505e+00
1.3093289104e-04 9.4568808731e+03 1.5707963268e+00 -1.3171567328e+00
1.3201684440e-04 9.4413367490e+03 1.5707963268e+00 -1.3227401477e+00
1.3312771617e-04 9.4256788498e+03 1.5707963268e+00 -1.3283419173e+00
1.3426717953e-04 9.4099063509e+03 1.5707963268e+00 -1.3339622673e+00
1.3543706763e-04 9.3940184520e+03 1.5707963268e+00 -1.3396014270e+00
1.3663939454e-04 9.3780143824e+03 1.5707963268e+00 -1.3452596293e+00
1.3787637982e-04 9.3618934086e+03 1.5707963268e+00 -1.3509371107e+00
1.3915047734e-04 9.3456548422e+03 1.5707963268e+00 -1.3566341115e+00
1.4046440927e-04 9.3292980497e+03 1.5707963268e+00 -1.3623508756e+00
1.4182120653e-04 9.3128224640e+03 1.5707963268e+00 -1.3680876507e+00
1.4322425709e-04 9.2962275994e+03 1.5707963268e+00 -1.3738446882e+00
1.4467736408e-04 9.2795130679e+03 1.5707963268e+00 -1.3796222430e+00
1.4618481609e-04 9.2626786008e+03 1.5707963268e+00 -1.3854205738e+00
1.4775147307e-04 9.2457240744e+03 1.5707963268e+00 -1.3912399428e+00
1.4938287191e-04 9.2286495417e+03 1.5707963268e+00 -1.3970806154e+00
1.5108535752e-04 9.2114552725e+03 1.5707963268e+00 -1.4029428606e+00
1.5286624704e-04 9.1941418034e+03 1.5707963268e+00 -1.4088269501e+00
1.5473403786e-04 9.1767100016e+03 1.5707963268e+00 -1.4147331586e+00
1.5669867392e-04 9.1591611466e+03 1.5707963268e+00 -1.4206617630e+00
1.5877189132e-04 9.1414970367e+03 1.5707963268e+00 -1.4266130424e+00
1.6096767289e-04 9.1237201293e+03 1.5707963268e+00 -1.4325872766e+00
1.6330285568e-04 9.1058337281e+03 1.5707963268e+00 -1.4385847463e+00
1.6579795701e-04 9.0878422382e+03 1.5707963268e+00 -1.4446057313e+00
1.6847832036e-04 9.0697515196e+03 1.5707963268e+00 -1.4506505090e+00
1.7137574070e-04 9.0515693872e+03 1.5707963268e+00 -1.4567193527e+00
1.7453083052e-04 9.0333063371e+03 1.5707963268e+00 -1.4628125290e+00
1.7799656826e-04 9.0149766311e+03 1.5707963268e+00 -1.4689302932e+00
1.8184381032e-04 8.9965999709e+03 1.5707963268e+00 -1.4750728848e+00
1.8617021872e-04 8.9782041884e+03 1.5707963268e+00 -1.4812405192e+00
1.9111547269e-04 8.9598297815e+03 1.5707963268e+00 -1.4874333762e+00
1.9688886682e-04 8.9415380216e+03 1.5707963268e+00 -1.4936515813e+00
2.0382355701e-04 8.9234265755e+03 1.5707963268e+00 -1.4998951756e+00
2.1249511974e-04 8.9056626906e+03 1.5707963268e+00 -1.5061640633e+00
2.2402220042e-04 8.8885638875e+03 1.5707963268e+00 -1.5124579099e+00
2.4102398450e-04 8.8728383094e+03 1.5707963268e+00 -1.5187759248e+00
