0.0000000000e+00 1.2772520389e+04 1.5707963268e+00 0.0000000000e+00
2.6761984925e-07 1.2772520389e+04 1.5707963268e+00 -3.4722222222e-03
5.3523969851e-07 1.2772513972e+04 1.5707963268e+00 -6.9444444444e-03
8.0285985330e-07 1.2772501140e+04 1.5707963268e+00 -1.0416670155e-02
1.0704806192e-06 1.2772481891e+04 1.5707963268e+00 -1.3888902843e-02
1.3381023017e-06 1.2772456226e+04 1.5707963268e+00 -1.7361145996e-02
1.6057252064e-06 1.2772424144e+04 1.5707963268e+00 -2.0833403104e-02
1.8733496389e-06 1.2772385645e+04 1.5707963268e+00 -2.4305677655e-02
2.1409759049e-06 1.2772340728e+04 1.5707963268e+00 -2.7777973139e-02
2.4086043099e-06 1.2772289393e+04 1.5707963268e+00 -3.1250293045e-02
2.6762351597e-06 1.2772231639e+04 1.5707963268e+00 -3.4722640863e-02
2.9438687600e-06 1.2772167466e+04 1.5707963268e+00 -3.8195020083e-02
3.2115054167e-06 1.2772096873e+04 1.5707963268e+00 -4.1667434197e-02
3.4791454357e-06 1.2772019859e+04 1.5707963268e+00 -4.5139886695e-02
3.7467891229e-06 1.2771936422e+04 1.5707963268e+00 -4.8612381071e-02
4.0144367844e-06 1.2771846562e+04 1.5707963268e+00 -5.2084920817e-02
4.2820887263e-06 1.2771750278e+04 1.5707963268e+00 -5.5557509426e-02
4.5497452548e-06 1.2771647568e+04 1.5707963268e+00 -5.9030150393e-02
4.8174066763e-06 1.2771538431e+04 1.5707963268e+00 -6.2502847215e-02
5.0850732972e-06 1.2771422866e+04 1.5707963268e+00 -6.5975603386e-02
5.3527454240e-06 1.2771300870e+04 1.5707963268e+00 -6.9448422405e-02
5.6204233636e-06 1.2771172443e+04 1.5707963268e+00 -7.2921307770e-02
5.8881074227e-06 1.2771037583e+04 1.5707963268e+00 -7.6394262981e-02
6.1557979083e-06 1.2770896288e+04 1.5707963268e+00 -7.9867291539e-02
6.4234951274e-06 1.2770748555e+04 1.5707963268e+00 -8.3340396947e-02
6.6911993874e-06 1.2770594384e+04 1.5707963268e+00 -8.6813582707e-02
6.9589109958e-06 1.2770433771e+04 1.5707963268e+00 -9.0286852326e-02
7.2266302600e-06 1.2770266716e+04 1.5707963268e+00 -9.3760209310e-02
7.4943574880e-06 1.2770093214e+04 1.5707963268e+00 -9.7233657166e-02
7.7620929876e-06 1.2769913265e+04 1.5707963268e+00 -1.0070719941e-01
8.0298370671e-06 1.2769726866e+04 1.5707963268e+00 -1.0418083954e-01
8.2975900348e-06 1.2769534013e+04 1.5707963268e+00 -1.0765458108e-01
8.5653521993e-06 1.2769334706e+04 1.5707963268e+00 -1.1112842755e-01
8.8331238693e-06 1.2769128940e+04 1.5707963268e+00 -1.1460238245e-01
9.1009053539e-06 1.2768916713e+04 1.5707963268e+00 -1.1807644932e-01
9.3686969623e-06 1.2768698022e+04 1.5707963268e+00 -1.2155063166e-01
9.6364990041e-06 1.2768472865e+04 1.5707963268e+00 -1.2502493301e-01
9.9043117888e-06 1.2768241237e+04 1.5707963268e+00 -1.2849935688e-01
1.0172135627e-05 1.2768003137e+04 1.5707963268e+00 -1.3197390682e-01
1.0439970828e-05 1.2767758560e+04 1.5707963268e+00 -1.3544858633e-01
1.0707817702e-05 1.2767507503e+04 1.5707963268e+00 -1.3892339897e-01
1.0975676562e-05 1.2767249963e+04 1.5707963268e+00 -1.4239834826e-01
1.1243547717e-05 1.2766985936e+04 1.5707963268e+00 -1.4587343774e-01
1.1511431478e-05 1.2766715420e+04 1.5707963268e+00 -1.4934867095e-01
1.1779328159e-05 1.2766438409e+04 1.5707963268e+00 -1.5282405143e-01
1.2047238070e-05 1.2766154900e+04 1.5707963268e+00 -1.5629958273e-01
1.2315161524e-05 1.2765864889e+04 1.5707963268e+00 -1.5977526839e-01
1.2583098833e-05 1.2765568373e+04 1.5707963268e+00 -1.6325111197e-01
1.2851050311e-05 1.2765265347e+04 1.5707963268e+00 -1.6672711701e-01
1.3119016270e-05 1.2764955806e+04 1.5707963268e+00 -1.7020328708e-01
1.3386997025e-05 1.2764639748e+04 1.5707963268e+00 -1.7367962574e-01
1.3654992889e-05 1.2764317167e+04 1.5707963268e+00 -1.7715613654e-01
1.3923004176e-05 1.2763988058e+04 1.5707963268e+00 -1.8063282306e-01
1.4191031202e-05 1.2763652418e+04 1.5707963268e+00 -1.8410968886e-01
1.4459074281e-05 1.2763310241e+04 1.5707963268e+00 -1.8758673751e-01
1.4727133729e-05 1.2762961524e+04 1.5707963268e+00 -1.9106397260e-01
1.4995209861e-05 1.2762606260e+04 1.5707963268e+00 -1.9454139769e-01
1.5263302994e-05 1.2762244446e+04 1.5707963268e+00 -1.9801901637e-01
1.5531413444e-05 1.2761876076e+04 1.5707963268e+00 -2.0149683224e-01
1.5799541529e-05 1.2761501144e+04 1.5707963268e+00 -2.0497484887e-01
1.6067687566e-05 1.2761119647e+04 1.5707963268e+00 -2.0845306986e-01
1.6335851873e-05 1.2760731578e+04 1.5707963268e+00 -2.1193149881e-01
1.6604034768e-05 1.2760336932e+04 1.5707963268e+00 -2.1541013932e-01
1.6872236571e-05 1.2759935704e+04 1.5707963268e+00 -2.1888899499e-01
1.7140457599e-05 1.2759527887e+04 1.5707963268e+00 -2.2236806944e-01
1.7408698174e-05 1.2759113477e+04 1.5707963268e+00 -2.2584736628e-01
1.7676958615e-05 1.2758692468e+04 1.5707963268e+00 -2.2932688912e-01
1.7945239242e-05 1.2758264853e+04 1.5707963268e+00 -2.3280664159e-01
1.8213540378e-05 1.2757830627e+04 1.5707963268e+00 -2.3628662731e-01
1.8481862344e-05 1.2757389784e+04 1.5707963268e+00 -2.3976684991e-01
1.8750205461e-05 1.2756942317e+04 1.5707963268e+00 -2.4324731302e-01
1.9018570053e-05 1.2756488220e+04 1.5707963268e+00 -2.4672802030e-01
1.9286956443e-05 1.2756027488e+04 1.5707963268e+00 -2.5020897537e-01
1.9555364954e-05 1.2755560112e+04 1.5707963268e+00 -2.5369018188e-01
1.9823795911e-05 1.2755086088e+04 1.5707963268e+00 -2.5717164350e-01
2.0092249638e-05 1.2754605408e+04 1.5707963268e+00 -2.6065336388e-01
2.0360726461e-05 1.2754118066e+04 1.5707963268e+00 -2.6413534667e-01
2.0629226706e-05 1.2753624054e+04 1.5707963268e+00 -2.6761759555e-01
2.0897750700e-05 1.2753123366e+04 1.5707963268e+00 -2.7110011419e-01
2.1166298768e-05 1.2752615995e+04 1.5707963268e+00 -2.7458290627e-01
2.1434871239e-05 1.2752101933e+04 1.5707963268e+00 -2.7806597547e-01
2.1703468442e-05 1.2751581174e+04 1.5707963268e+00 -2.8154932547e-01
2.1972090705e-05 1.2751053710e+04 1.5707963268e+00 -2.8503295998e-01
2.2240738357e-05 1.2750519534e+04 1.5707963268e+00 -2.8851688268e-01
2.2509411729e-05 1.2749978638e+04 1.5707963268e+00 -2.9200109728e-01
2.2778111151e-05 1.2749431015e+04 1.5707963268e+00 -2.9548560750e-01
2.3046836955e-05 1.2748876656e+04 1.5707963268e+00 -2.9897041704e-01
2.3315589472e-05 1.2748315555e+04 1.5707963268e+00 -3.0245552963e-01
2.3584369036e-05 1.2747747703e+04 1.5707963268e+00 -3.0594094899e-01
2.3853175980e-05 1.2747173092e+04 1.5707963268e+00 -3.0942667885e-01
2.4122010637e-05 1.2746591714e+04 1.5707963268e+00 -3.1291272296e-01
2.4390873342e-05 1.2746003561e+04 1.5707963268e+00 -3.1639908505e-01
2.4659764431e-05 1.2745408625e+04 1.5707963268e+00 -3.1988576888e-01
2.4928684240e-05 1.2744806896e+04 1.5707963268e+00 -3.2337277819e-01
2.5197633106e-05 1.2744198368e+04 1.5707963268e+00 -3.2686011676e-01
2.5466611365e-05 1.2743583031e+04 1.5707963268e+00 -3.3034778836e-01
2.5735619357e-05 1.2742960876e+04 1.5707963268e+00 -3.3383579674e-01
2.6004657420e-05 1.2742331894e+04 1.5707963268e+00 -3.3732414571e-01
2.6273725894e-05 1.2741696078e+04 1.5707963268e+00 -3.4081283904e-01
2.6542825120e-05 1.2741053417e+04 1.5707963268e+00 -3.4430188052e-01
2.6811955438e-05 1.2740403903e+04 1.5707963268e+00 -3.4779127396e-01
2.7081117191e-05 1.2739747526e+04 1.5707963268e+00 -3.5128102317e-01
2.7350310721e-05 1.2739084277e+04 1.5707963268e+00 -3.5477113196e-01
2.7619536373e-05 1.2738414147e+04 1.5707963268e+00 -3.5826160415e-01
2.7888794490e-05 1.2737737126e+04 1.5707963268e+00 -3.6175244356e-01
2.8158085417e-05 1.2737053205e+04 1.5707963268e+00 -3.6524365404e-01
2.8427409501e-05 1.2736362374e+04 1.5707963268e+00 -3.6873523942e-01
2.8696767089e-05 1.2735664622e+04 1.5707963268e+00 -3.7222720355e-01
2.8966158528e-05 1.2734959941e+04 1.5707963268e+00 -3.7571955029e-01
2.9235584167e-05 1.2734248320e+04 1.5707963268e+00 -3.7921228350e-01
2.9505044354e-05 1.2733529749e+04 1.5707963268e+00 -3.8270540706e-01
2.9774539442e-05 1.2732804218e+04 1.5707963268e+00 -3.8619892484e-01
3.0044069780e-05 1.2732071716e+04 1.5707963268e+00 -3.8969284072e-01
3.0313635720e-05 1.2731332233e+04 1.5707963268e+00 -3.9318715861e-01
3.0583237616e-05 1.2730585758e+04 1.5707963268e+00 -3.9668188240e-01
3.0852875821e-05 1.2729832281e+04 1.5707963268e+00 -4.0017701600e-01
3.1122550691e-05 1.2729071792e+04 1.5707963268e+00 -4.0367256333e-01
3.1392262581e-05 1.2728304278e+04 1.5707963268e+00 -4.0716852831e-01
3.1662011847e-05 1.2727529730e+04 1.5707963268e+00 -4.1066491488e-01
3.1931798847e-05 1.2726748135e+04 1.5707963268e+00 -4.1416172698e-01
3.2201623939e-05 1.2725959484e+04 1.5707963268e+00 -4.1765896855e-01
3.2471487484e-05 1.2725163764e+04 1.5707963268e+00 -4.2115664356e-01
3.2741389842e-05 1.2724360965e+04 1.5707963268e+00 -4.2465475596e-01
3.3011331374e-05 1.2723551074e+04 1.5707963268e+00 -4.2815330975e-01
3.3281312442e-05 1.2722734081e+04 1.5707963268e+00 -4.3165230889e-01
3.3551333411e-05 1.2721909972e+04 1.5707963268e+00 -4.3515175737e-01
3.3821394644e-05 1.2721078738e+04 1.5707963268e+00 -4.3865165921e-01
3.4091496508e-05 1.2720240365e+04 1.5707963268e+00 -4.4215201841e-01
3.4361639368e-05 1.2719394842e+04 1.5707963268e+00 -4.4565283898e-01
3.4631823593e-05 1.2718542156e+04 1.5707963268e+00 -4.4915412496e-01
3.4902049551e-05 1.2717682295e+04 1.5707963268e+00 -4.5265588038e-01
3.5172317613e-05 1.2716815248e+04 1.5707963268e+00 -4.5615810928e-01
3.5442628148e-05 1.2715941000e+04 1.5707963268e+00 -4.5966081573e-01
3.5712981529e-05 1.2715059541e+04 1.5707963268e+00 -4.6316400378e-01
3.5983378130e-05 1.2714170856e+04 1.5707963268e+00 -4.6666767750e-01
3.6253818323e-05 1.2713274934e+04 1.5707963268e+00 -4.7017184098e-01
3.6524302485e-05 1.2712371760e+04 1.5707963268e+00 -4.7367649832e-01
3.6794830993e-05 1.2711461324e+04 1.5707963268e+00 -4.7718165361e-01
3.7065404223e-05 1.2710543610e+04 1.5707963268e+00 -4.8068731096e-01
3.7336022555e-05 1.2709618606e+04 1.5707963268e+00 -4.8419347450e-01
3.7606686368e-05 1.2708686298e+04 1.5707963268e+00 -4.8770014837e-01
3.7877396044e-05 1.2707746674e+04 1.5707963268e+00 -4.9120733669e-01
3.8148151966e-05 1.2706799718e+04 1.5707963268e+00 -4.9471504362e-01
3.8418954516e-05 1.2705845419e+04 1.5707963268e+00 -4.9822327333e-01
3.8689804080e-05 1.2704883761e+04 1.5707963268e+00 -5.0173202998e-01
3.8960701044e-05 1.2703914731e+04 1.5707963268e+00 -5.0524131777e-01
3.9231645795e-05 1.2702938315e+04 1.5707963268e+00 -5.0875114087e-01
3.9502638722e-05 1.2701954498e+04 1.5707963268e+00 -5.1226150351e-01
3.9773680214e-05 1.2700963267e+04 1.5707963268e+00 -5.1577240988e-01
4.0044770663e-05 1.2699964606e+04 1.5707963268e+00 -5.1928386422e-01
4.0315910461e-05 1.2698958502e+04 1.5707963268e+00 -5.2279587076e-01
4.0587100001e-05 1.2697944940e+04 1.5707963268e+00 -5.2630843375e-01
4.0858339680e-05 1.2696923904e+04 1.5707963268e+00 -5.2982155745e-01
4.1129629893e-05 1.2695895380e+04 1.5707963268e+00 -5.3333524613e-01
4.1400971039e-05 1.2694859354e+04 1.5707963268e+00 -5.3684950407e-01
4.1672363516e-05 1.2693815809e+04 1.5707963268e+00 -5.4036433555e-01
4.1943807724e-05 1.2692764731e+04 1.5707963268e+00 -5.4387974489e-01
4.2215304066e-05 1.2691706104e+04 1.5707963268e+00 -5.4739573639e-01
4.2486852945e-05 1.2690639913e+04 1.5707963268e+00 -5.5091231439e-01
4.2758454766e-05 1.2689566142e+04 1.5707963268e+00 -5.5442948323e-01
4.3030109935e-05 1.2688484776e+04 1.5707963268e+00 -5.5794724725e-01
4.3301818859e-05 1.2687395798e+04 1.5707963268e+00 -5.6146561081e-01
4.3573581947e-05 1.2686299193e+04 1.5707963268e+00 -5.6498457830e-01
4.3845399611e-05 1.2685194944e+04 1.5707963268e+00 -5.6850415410e-01
4.4117272261e-05 1.2684083035e+04 1.5707963268e+00 -5.7202434260e-01
4.4389200312e-05 1.2682963451e+04 1.5707963268e+00 -5.7554514821e-01
4.4661184178e-05 1.2681836174e+04 1.5707963268e+00 -5.7906657537e-01
4.4933224276e-05 1.2680701188e+04 1.5707963268e+00 -5.8258862851e-01
4.5205321023e-05 1.2679558476e+04 1.5707963268e+00 -5.8611131207e-01
4.5477474841e-05 1.2678408022e+04 1.5707963268e+00 -5.8963463052e-01
4.5749686149e-05 1.2677249807e+04 1.5707963268e+00 -5.9315858833e-01
4.6021955370e-05 1.2676083817e+04 1.5707963268e+00 -5.9668318999e-01
4.6294282929e-05 1.2674910032e+04 1.5707963268e+00 -6.0020844001e-01
4.6566669251e-05 1.2673728436e+04 1.5707963268e+00 -6.0373434289e-01
4.6839114765e-05 1.2672539011e+04 1.5707963268e+00 -6.0726090316e-01
4.7111619899e-05 1.2671341739e+04 1.5707963268e+00 -6.1078812536e-01
4.7384185085e-05 1.2670136604e+04 1.5707963268e+00 -6.1431601405e-01
4.7656810754e-05 1.2668923587e+04 1.5707963268e+00 -6.1784457380e-01
4.7929497341e-05 1.2667702669e+04 1.5707963268e+00 -6.2137380918e-01
4.8202245282e-05 1.2666473834e+04 1.5707963268e+00 -6.2490372479e-01
4.8475055014e-05 1.2665237062e+04 1.5707963268e+00 -6.2843432525e-01
4.8747926977e-05 1.2663992335e+04 1.5707963268e+00 -6.3196561517e-01
4.9020861612e-05 1.2662739635e+04 1.5707963268e+00 -6.3549759920e-01
4.9293859362e-05 1.2661478944e+04 1.5707963268e+00 -6.3903028198e-01
4.9566920671e-05 1.2660210241e+04 1.5707963268e+00 -6.4256366818e-01
4.9840045985e-05 1.2658933509e+04 1.5707963268e+00 -6.4609776248e-01
5.0113235754e-05 1.2657648728e+04 1.5707963268e+00 -6.4963256959e-01
5.0386490426e-05 1.2656355880e+04 1.5707963268e+00 -6.5316809420e-01
5.0659810455e-05 1.2655054944e+04 1.5707963268e+00 -6.5670434105e-01
5.0933196293e-05 1.2653745901e+04 1.5707963268e+00 -6.6024131487e-01
5.1206648396e-05 1.2652428732e+04 1.5707963268e+00 -6.6377902043e-01
5.1480167222e-05 1.2651103417e+04 1.5707963268e+00 -6.6731746249e-01
5.1753753230e-05 1.2649769937e+04 1.5707963268e+00 -6.7085664583e-01
5.2027406881e-05 1.2648428270e+04 1.5707963268e+00 -6.7439657527e-01
5.2301128639e-05 1.2647078398e+04 1.5707963268e+00 -6.7793725561e-01
5.2574918969e-05 1.2645720299e+04 1.5707963268e+00 -6.8147869170e-01
5.2848778338e-05 1.2644353953e+04 1.5707963268e+00 -6.8502088837e-01
5.3122707215e-05 1.2642979340e+04 1.5707963268e+00 -6.8856385050e-01
5.3396706072e-05 1.2641596439e+04 1.5707963268e+00 -6.9210758297e-01
5.3670775381e-05 1.2640205229e+04 1.5707963268e+00 -6.9565209067e-01
5.3944915619e-05 1.2638805689e+04 1.5707963268e+00 -6.9919737851e-01
5.4219127261e-05 1.2637397798e+04 1.5707963268e+00 -7.0274345144e-01
5.4493410789e-05 1.2635981534e+04 1.5707963268e+00 -7.0629031439e-01
5.4767766683e-05 1.2634556877e+04 1.5707963268e+00 -7.0983797232e-01
5.5042195427e-05 1.2633123805e+04 1.5707963268e+00 -7.1338643023e-01
5.5316697506e-05 1.2631682295e+04 1.5707963268e+00 -7.1693569310e-01
5.5591273410e-05 1.2630232327e+04 1.5707963268e+00 -7.2048576596e-01
5.5865923627e-05 1.2628773877e+04 1.5707963268e+00 -7.2403665383e-01
5.6140648650e-05 1.2627306925e+04 1.5707963268e+00 -7.2758836176e-01
5.6415448973e-05 1.2625831446e+04 1.5707963268e+00 -7.3114089482e-01
5.6690325094e-05 1.2624347421e+04 1.5707963268e+00 -7.3469425809e-01
5.6965277512e-05 1.2622854824e+04 1.5707963268e+00 -7.3824845668e-01
5.7240306727e-05 1.2621353634e+04 1.5707963268e+00 -7.4180349571e-01
5.7515413244e-05 1.2619843828e+04 1.5707963268e+00 -7.4535938031e-01
5.7790597567e-05 1.2618325383e+04 1.5707963268e+00 -7.4891611565e-01
5.8065860207e-05 1.2616798275e+04 1.5707963268e+00 -7.5247370689e-01
5.8341201672e-05 1.2615262482e+04 1.5707963268e+00 -7.5603215923e-01
5.8616622476e-05 1.2613717979e+04 1.5707963268e+00 -7.5959147789e-01
5.8892123134e-05 1.2612164742e+04 1.5707963268e+00 -7.6315166809e-01
5.9167704165e-05 1.2610602749e+04 1.5707963268e+00 -7.6671273508e-01
5.9443366088e-05 1.2609031975e+04 1.5707963268e+00 -7.7027468414e-01
5.9719109426e-05 1.2607452396e+04 1.5707963268e+00 -7.7383752055e-01
5.9994934704e-05 1.2605863988e+04 1.5707963268e+00 -7.7740124962e-01
6.0270842450e-05 1.2604266725e+04 1.5707963268e+00 -7.8096587667e-01
6.0546833194e-05 1.2602660585e+04 1.5707963268e+00 -7.8453140705e-01
6.0822907469e-05 1.2601045540e+04 1.5707963268e+00 -7.8809784614e-01
6.1099065810e-05 1.2599421568e+04 1.5707963268e+00 -7.9166519931e-01
6.1375308755e-05 1.2597788642e+04 1.5707963268e+00 -7.9523347197e-01
6.1651636845e-05 1.2596146738e+04 1.5707963268e+00 -7.9880266956e-01
6.1928050623e-05 1.2594495829e+04 1.5707963268e+00 -8.0237279751e-01
6.2204550634e-05 1.2592835891e+04 1.5707963268e+00 -8.0594386129e-01
6.2481137427e-05 1.2591166897e+04 1.5707963268e+00 -8.0951586640e-01
6.2757811554e-05 1.2589488822e+04 1.5707963268e+00 -8.1308881834e-01
6.3034573567e-05 1.2587801639e+04 1.5707963268e+00 -8.1666272264e-01
6.3311424025e-05 1.2586105322e+04 1.5707963268e+00 -8.2023758486e-01
6.3588363487e-05 1.2584399846e+04 1.5707963268e+00 -8.2381341057e-01
6.3865392515e-05 1.2582685182e+04 1.5707963268e+00 -8.2739020536e-01
6.4142511673e-05 1.2580961305e+04 1.5707963268e+00 -8.3096797484e-01
6.4419721531e-05 1.2579228187e+04 1.5707963268e+00 -8.3454672467e-01
6.4697022658e-05 1.2577485801e+04 1.5707963268e+00 -8.3812646049e-01
6.4974415630e-05 1.2575734120e+04 1.5707963268e+00 -8.4170718799e-01
6.5251901022e-05 1.2573973117e+04 1.5707963268e+00 -8.4528891288e-01
6.5529479414e-05 1.2572202763e+04 1.5707963268e+00 -8.4887164087e-01
6.5807151389e-05 1.2570423032e+04 1.5707963268e+00 -8.5245537773e-01
6.6084917533e-05 1.2568633894e+04 1.5707963268e+00 -8.5604012922e-01
6.6362778434e-05 1.2566835323e+04 1.5707963268e+00 -8.5962590114e-01
6.6640734684e-05 1.2565027289e+04 1.5707963268e+00 -8.6321269931e-01
6.6918786878e-05 1.2563209763e+04 1.5707963268e+00 -8.6680052957e-01
6.7196935615e-05 1.2561382718e+04 1.5707963268e+00 -8.7038939778e-01
6.7475181495e-05 1.2559546125e+04 1.5707963268e+00 -8.7397930984e-01
6.7753525122e-05 1.2557699953e+04 1.5707963268e+00 -8.7757027166e-01
6.8031967105e-05 1.2555844174e+04 1.5707963268e+00 -8.8116228917e-01
6.8310508054e-05 1.2553978759e+04 1.5707963268e+00 -8.8475536834e-01
6.8589148584e-05 1.2552103678e+04 1.5707963268e+00 -8.8834951516e-01
6.8867889310e-05 1.2550218900e+04 1.5707963268e+00 -8.9194473563e-01
6.9146730855e-05 1.2548324397e+04 1.5707963268e+00 -8.9554103579e-01
6.9425673843e-05 1.2546420138e+04 1.5707963268e+00 -8.9913842170e-01
6.9704718900e-05 1.2544506091e+04 1.5707963268e+00 -9.0273689945e-01
6.9983866657e-05 1.2542582228e+04 1.5707963268e+00 -9.0633647514e-01
7.0263117750e-05 1.2540648517e+04 1.5707963268e+00 -9.0993715492e-01
7.0542472815e-05 1.2538704927e+04 1.5707963268e+00 -9.1353894494e-01
7.0821932494e-05 1.2536751426e+04 1.5707963268e+00 -9.1714185140e-01
7.1101497432e-05 1.2534787985e+04 1.5707963268e+00 -9.2074588050e-01
7.1381168277e-05 1.2532814570e+04 1.5707963268e+00 -9.2435103850e-01
7.1660945681e-05 1.2530831151e+04 1.5707963268e+00 -9.2795733165e-01
7.1940830300e-05 1.2528837695e+04 1.5707963268e+00 -9.3156476625e-01
7.2220822794e-05 1.2526834170e+04 1.5707963268e+00 -9.3517334862e-01
7.2500923824e-05 1.2524820543e+04 1.5707963268e+00 -9.3878308511e-01
7.2781134058e-05 1.2522796784e+04 1.5707963268e+00 -9.4239398210e-01
7.3061454166e-05 1.2520762857e+04 1.5707963268e+00 -9.4600604598e-01
7.3341884824e-05 1.2518718731e+04 1.5707963268e+00 -9.4961928319e-01
7.3622426708e-05 1.2516664373e+04 1.5707963268e+00 -9.5323370019e-01
7.3903080501e-05 1.2514599749e+04 1.5707963268e+00 -9.5684930345e-01
7.4183846889e-05 1.2512524825e+04 1.5707963268e+00 -9.6046609951e-01
7.4464726561e-05 1.2510439567e+04 1.5707963268e+00 -9.6408409490e-01
7.4745720212e-05 1.2508343943e+04 1.5707963268e+00 -9.6770329619e-01
7.5026828540e-05 1.2506237917e+04 1.5707963268e+00 -9.7132370999e-01
7.5308052246e-05 1.2504121455e+04 1.5707963268e+00 -9.7494534292e-01
7.5589392037e-05 1.2501994522e+04 1.5707963268e+00 -9.7856820165e-01
7.5870848623e-05 1.2499857084e+04 1.5707963268e+00 -9.8219229287e-01
7.6152422717e-05 1.2497709105e+04 1.5707963268e+00 -9.8581762329e-01
7.6434115039e-05 1.2495550551e+04 1.5707963268e+00 -9.8944419967e-01
7.6715926312e-05 1.2493381385e+04 1.5707963268e+00 -9.9307202878e-01
7.6997857262e-05 1.2491201572e+04 1.5707963268e+00 -9.9670111744e-01
7.7279908621e-05 1.2489011077e+04 1.5707963268e+00 -1.0003314725e+00
7.7562081125e-05 1.2486809862e+04 1.5707963268e+00 -1.0039631008e+00
7.7844375514e-05 1.2484597892e+04 1.5707963268e+00 -1.0075960093e+00
7.8126792532e-05 1.2482375130e+04 1.5707963268e+00 -1.0112302048e+00
7.8409332929e-05 1.2480141539e+04 1.5707963268e+00 -1.0148656945e+00
7.8691997458e-05 1.2477897081e+04 1.5707963268e+00 -1.0185024852e+00
7.8974786878e-05 1.2475641721e+04 1.5707963268e+00 -1.0221405840e+00
7.9257701951e-05 1.2473375419e+04 1.5707963268e+00 -1.0257799979e+00
7.9540743445e-05 1.2471098139e+04 1.5707963268e+00 -1.0294207342e+00
7.9823912133e-05 1.2468809843e+04 1.5707963268e+00 -1.0330627998e+00
8.0107208790e-05 1.2466510492e+04 1.5707963268e+00 -1.0367062019e+00
8.0390634200e-05 1.2464200047e+04 1.5707963268e+00 -1.0403509478e+00
8.0674189147e-05 1.2461878470e+04 1.5707963268e+00 -1.0439970447e+00
8.0957874425e-05 1.2459545723e+04 1.5707963268e+00 -1.0476444998e+00
8.1241690829e-05 1.2457201765e+04 1.5707963268e+00 -1.0512933205e+00
8.1525639161e-05 1.2454846558e+04 1.5707963268e+00 -1.0549435140e+00
8.1809720227e-05 1.2452480061e+04 1.5707963268e+00 -1.0585950878e+00
8.2093934839e-05 1.2450102236e+04 1.5707963268e+00 -1.0622480492e+00
8.2378283813e-05 1.2447713041e+04 1.5707963268e+00 -1.0659024057e+00
8.2662767971e-05 1.2445312436e+04 1.5707963268e+00 -1.0695581648e+00
8.2947388140e-05 1.2442900381e+04 1.5707963268e+00 -1.0732153339e+00
8.3232145153e-05 1.2440476835e+04 1.5707963268e+00 -1.0768739206e+00
8.3517039846e-05 1.2438041756e+04 1.5707963268e+00 -1.0805339325e+00
8.3802073063e-05 1.2435595103e+04 1.5707963268e+00 -1.0841953773e+00
8.4087245653e-05 1.2433136835e+04 1.5707963268e+00 -1.0878582624e+00
8.4372558468e-05 1.2430666910e+04 1.5707963268e+00 -1.0915225958e+00
8.4658012369e-05 1.2428185284e+04 1.5707963268e+00 -1.0951883850e+00
8.4943608221e-05 1.2425691917e+04 1.5707963268e+00 -1.0988556379e+00
8.5229346894e-05 1.2423186764e+04 1.5707963268e+00 -1.1025243623e+00
8.5515229264e-05 1.2420669784e+04 1.5707963268e+00 -1.1061945659e+00
8.5801256213e-05 1.2418140932e+04 1.5707963268e+00 -1.1098662568e+00
8.6087428630e-05 1.2415600166e+04 1.5707963268e+00 -1.1135394428e+00
8.6373747408e-05 1.2413047442e+04 1.5707963268e+00 -1.1172141318e+00
8.6660213446e-05 1.2410482715e+04 1.5707963268e+00 -1.1208903319e+00
8.6946827651e-05 1.2407905941e+04 1.5707963268e+00 -1.1245680512e+00
8.7233590933e-05 1.2405317075e+04 1.5707963268e+00 -1.1282472976e+00
8.7520504211e-05 1.2402716074e+04 1.5707963268e+00 -1.1319280794e+00
8.7807568409e-05 1.2400102890e+04 1.5707963268e+00 -1.1356104047e+00
8.8094784456e-05 1.2397477480e+04 1.5707963268e+00 -1.1392942816e+00
8.8382153289e-05 1.2394839797e+04 1.5707963268e+00 -1.1429797185e+00
8.8669675851e-05 1.2392189795e+04 1.5707963268e+00 -1.1466667236e+00
8.8957353091e-05 1.2389527428e+04 1.5707963268e+00 -1.1503553053e+00
8.9245185964e-05 1.2386852650e+04 1.5707963268e+00 -1.1540454718e+00
8.9533175432e-05 1.2384165413e+04 1.5707963268e+00 -1.1577372318e+00
8.9821322465e-05 1.2381465670e+04 1.5707963268e+00 -1.1614305935e+00
9.0109628037e-05 1.2378753374e+04 1.5707963268e+00 -1.1651255655e+00
9.0398093131e-05 1.2376028477e+04 1.5707963268e+00 -1.1688221564e+00
9.0686718736e-05 1.2373290931e+04 1.5707963268e+00 -1.1725203747e+00
9.0975505847e-05 1.2370540687e+04 1.5707963268e+00 -1.1762202291e+00
9.1264455467e-05 1.2367777698e+04 1.5707963268e+00 -1.1799217283e+00
9.1553568605e-05 1.2365001913e+04 1.5707963268e+00 -1.1836248809e+00
9.1842846280e-05 1.2362213284e+04 1.5707963268e+00 -1.1873296958e+00
9.2132289513e-05 1.2359411761e+04 1.5707963268e+00 -1.1910361817e+00
9.2421899338e-05 1.2356597295e+04 1.5707963268e+00 -1.1947443476e+00
9.2711676791e-05 1.2353769834e+04 1.5707963268e+00 -1.1984542023e+00
9.3001622919e-05 1.2350929328e+04 1.5707963268e+00 -1.2021657548e+00
9.3291738776e-05 1.2348075727e+04 1.5707963268e+00 -1.2058790141e+00
9.3582025421e-05 1.2345208980e+04 1.5707963268e+00 -1.2095939892e+00
9.3872483924e-05 1.2342329034e+04 1.5707963268e+00 -1.2133106893e+00
9.4163115360e-05 1.2339435838e+04 1.5707963268e+00 -1.2170291234e+00
9.4453920814e-05 1.2336529341e+04 1.5707963268e+00 -1.2207493009e+00
9.4744901376e-05 1.2333609488e+04 1.5707963268e+00 -1.2244712309e+00
9.5036058146e-05 1.2330676229e+04 1.5707963268e+00 -1.2281949228e+00
9.5327392233e-05 1.2327729508e+04 1.5707963268e+00 -1.2319203858e+00
9.5618904752e-05 1.2324769274e+04 1.5707963268e+00 -1.2356476295e+00
9.5910596826e-05 1.2321795472e+04 1.5707963268e+00 -1.2393766631e+00
9.6202469588e-05 1.2318808048e+04 1.5707963268e+00 -1.2431074963e+00
9.6494524177e-05 1.2315806948e+04 1.5707963268e+00 -1.2468401386e+00
9.6786761744e-05 1.2312792116e+04 1.5707963268e+00 -1.2505745995e+00
9.7079183446e-05 1.2309763498e+04 1.5707963268e+00 -1.2543108888e+00
9.7371790447e-05 1.2306721038e+04 1.5707963268e+00 -1.2580490162e+00
9.7664583924e-05 1.2303664680e+04 1.5707963268e+00 -1.2617889914e+00
9.7957565060e-05 1.2300594367e+04 1.5707963268e+00 -1.2655308242e+00
9.8250735046e-05 1.2297510044e+04 1.5707963268e+00 -1.2692745245e+00
9.8544095085e-05 1.2294411654e+04 1.5707963268e+00 -1.2730201023e+00
9.8837646387e-05 1.2291299138e+04 1.5707963268e+00 -1.2767675674e+00
9.9131390171e-05 1.2288172439e+04 1.5707963268e+00 -1.2805169301e+00
9.9425327667e-05 1.2285031499e+04 1.5707963268e+00 -1.2842682002e+00
9.9719460113e-05 1.2281876260e+04 1.5707963268e+00 -1.2880213881e+00
1.0001378876e-04 1.2278706663e+04 1.5707963268e+00 -1.2917765039e+00
1.0030831485e-04 1.2275522649e+04 1.5707963268e+00 -1.2955335578e+00
1.0060303967e-04 1.2272324158e+04 1.5707963268e+00 -1.2992925603e+00
1.0089796449e-04 1.2269111130e+04 1.5707963268e+00 -1.3030535216e+00
1.0119309060e-04 1.2265883504e+04 1.5707963268e+00 -1.3068164523e+00
1.0148841928e-04 1.2262641221e+04 1.5707963268e+00 -1.3105813628e+00
1.0178395186e-04 1.2259384219e+04 1.5707963268e+00 -1.3143482636e+00
1.0207968964e-04 1.2256112436e+04 1.5707963268e+00 -1.3181171655e+00
1.0237563396e-04 1.2252825811e+04 1.5707963268e+00 -1.3218880791e+00
1.0267178615e-04 1.2249524281e+04 1.5707963268e+00 -1.3256610150e+00
1.0296814756e-04 1.2246207783e+04 1.5707963268e+00 -1.3294359843e+00
1.0326471954e-04 1.2242876255e+04 1.5707963268e+00 -1.3332129976e+00
1.0356150348e-04 1.2239529633e+04 1.5707963268e+00 -1.3369920660e+00
1.0385850075e-04 1.2236167852e+04 1.5707963268e+00 -1.3407732004e+00
1.0415571273e-04 1.2232790849e+04 1.5707963268e+00 -1.3445564119e+00
1.0445314085e-04 1.2229398559e+04 1.5707963268e+00 -1.3483417116e+00
1.0475078650e-04 1.2225990917e+04 1.5707963268e+00 -1.3521291108e+00
1.0504865112e-04 1.2222567856e+04 1.5707963268e+00 -1.3559186206e+00
1.0534673615e-04 1.2219129311e+04 1.5707963268e+00 -1.3597102524e+00
1.0564504302e-04 1.2215675215e+04 1.5707963268e+00 -1.3635040176e+00
1.0594357321e-04 1.2212205502e+04 1.5707963268e+00 -1.3672999276e+00
1.0624232818e-04 1.2208720104e+04 1.5707963268e+00 -1.3710979940e+00
1.0654130943e-04 1.2205218954e+04 1.5707963268e+00 -1.3748982283e+00
1.0684051844e-04 1.2201701982e+04 1.5707963268e+00 -1.3787006423e+00
1.0713995673e-04 1.2198169120e+04 1.5707963268e+00 -1.3825052476e+00
1.0743962583e-04 1.2194620300e+04 1.5707963268e+00 -1.3863120561e+00
1.0773952725e-04 1.2191055451e+04 1.5707963268e+00 -1.3901210796e+00
1.0803966256e-04 1.2187474504e+04 1.5707963268e+00 -1.3939323301e+00
1.0834003332e-04 1.2183877387e+04 1.5707963268e+00 -1.3977458196e+00
1.0864064109e-04 1.2180264031e+04 1.5707963268e+00 -1.4015615601e+00
1.0894148746e-04 1.2176634363e+04 1.5707963268e+00 -1.4053795640e+00
1.0924257404e-04 1.2172988311e+04 1.5707963268e+00 -1.4091998433e+00
1.0954390244e-04 1.2169325803e+04 1.5707963268e+00 -1.4130224105e+00
1.0984547428e-04 1.2165646767e+04 1.5707963268e+00 -1.4168472778e+00
1.1014729121e-04 1.2161951128e+04 1.5707963268e+00 -1.4206744579e+00
1.1044935488e-04 1.2158238813e+04 1.5707963268e+00 -1.4245039631e+00
1.1075166697e-04 1.2154509748e+04 1.5707963268e+00 -1.4283358062e+00
1.1105422916e-04 1.2150763857e+04 1.5707963268e+00 -1.4321699998e+00
1.1135704314e-04 1.2147001065e+04 1.5707963268e+00 -1.4360065568e+00
1.1166011063e-04 1.2143221297e+04 1.5707963268e+00 -1.4398454899e+00
1.1196343336e-04 1.2139424476e+04 1.5707963268e+00 -1.4436868121e+00
1.1226701308e-04 1.2135610524e+04 1.5707963268e+00 -1.4475305364e+00
1.1257085154e-04 1.2131779365e+04 1.5707963268e+00 -1.4513766760e+00
1.1287495051e-04 1.2127930921e+04 1.5707963268e+00 -1.4552252440e+00
1.1317931179e-04 1.2124065112e+04 1.5707963268e+00 -1.4590762537e+00
1.1348393718e-04 1.2120181861e+04 1.5707963268e+00 -1.4629297185e+00
1.1378882851e-04 1.2116281088e+04 1.5707963268e+00 -1.4667856517e+00
1.1409398761e-04 1.2112362711e+04 1.5707963268e+00 -1.4706440669e+00
1.1439941634e-04 1.2108426652e+04 1.5707963268e+00 -1.4745049777e+00
1.1470511657e-04 1.2104472828e+04 1.5707963268e+00 -1.4783683978e+00
1.1501109019e-04 1.2100501158e+04 1.5707963268e+00 -1.4822343410e+00
1.1531733910e-04 1.2096511559e+04 1.5707963268e+00 -1.4861028211e+00
1.1562386522e-04 1.2092503949e+04 1.5707963268e+00 -1.4899738522e+00
1.1593067051e-04 1.2088478244e+04 1.5707963268e+00 -1.4938474482e+00
1.1623775690e-04 1.2084434360e+04 1.5707963268e+00 -1.4977236234e+00
1.1654512639e-04 1.2080372213e+04 1.5707963268e+00 -1.5016023919e+00
1.1685278096e-04 1.2076291718e+04 1.5707963268e+00 -1.5054837680e+00
1.1716072263e-04 1.2072192787e+04 1.5707963268e+00 -1.5093677663e+00
1.1746895343e-04 1.2068075337e+04 1.5707963268e+00 -1.5132544011e+00
1.1777747540e-04 1.2063939278e+04 1.5707963268e+00 -1.5171436872e+00
1.1808629062e-04 1.2059784524e+04 1.5707963268e+00 -1.5210356392e+00
1.1839540118e-04 1.2055610987e+04 1.5707963268e+00 -1.5249302720e+00
1.1870480918e-04 1.2051418578e+04 1.5707963268e+00 -1.5288276004e+00
1.1901451675e-04 1.2047207207e+04 1.5707963268e+00 -1.5327276394e+00
1.1932452605e-04 1.2042976784e+04 1.5707963268e+00 -1.5366304041e+00
1.1963483923e-04 1.2038727219e+04 1.5707963268e+00 -1.5405359098e+00
1.1994545849e-04 1.2034458420e+04 1.5707963268e+00 -1.5444441718e+00
1.2025638603e-04 1.2030170296e+04 1.5707963268e+00 -1.5483552054e+00
1.2056762410e-04 1.2025862753e+04 1.5707963268e+00 -1.5522690262e+00
1.2087917493e-04 1.2021535699e+04 1.5707963268e+00 -1.5561856497e+00
1.2119104082e-04 1.2017189040e+04 1.5707963268e+00 -1.5601050917e+00
1.2150322404e-04 1.2012822681e+04 1.5707963268e+00 -1.5640273681e+00
1.2181572693e-04 1.2008436527e+04 1.5707963268e+00 -1.5679524947e+00
1.2212855182e-04 1.2004030482e+04 1.5707963268e+00 -1.5718804877e+00
1.2244170108e-04 1.1999604449e+04 1.5707963268e+00 -1.5758113631e+00
1.2275517710e-04 1.1995158331e+04 1.5707963268e+00 -1.5797451372e+00
1.2306898228e-04 1.1990692030e+04 1.5707963268e+00 -1.5836818264e+00
1.2338311906e-04 1.1986205448e+04 1.5707963268e+00 -1.5876214472e+00
1.2369758990e-04 1.1981698484e+04 1.5707963268e+00 -1.5915640162e+00
1.2401239729e-04 1.1977171040e+04 1.5707963268e+00 -1.5955095501e+00
1.2432754374e-04 1.1972623013e+04 1.5707963268e+00 -1.5994580658e+00
1.2464303177e-04 1.1968054303e+04 1.5707963268e+00 -1.6034095801e+00
1.2495886395e-04 1.1963464808e+04 1.5707963268e+00 -1.6073641102e+00
1.2527504287e-04 1.1958854423e+04 1.5707963268e+00 -1.6113216733e+00
1.2559157112e-04 1.1954223046e+04 1.5707963268e+00 -1.6152822867e+00
1.2590845137e-04 1.1949570572e+04 1.5707963268e+00 -1.6192459677e+00
1.2622568626e-04 1.1944896895e+04 1.5707963268e+00 -1.6232127340e+00
1.2654327849e-04 1.1940201910e+04 1.5707963268e+00 -1.6271826032e+00
1.2686123079e-04 1.1935485509e+04 1.5707963268e+00 -1.6311555932e+00
1.2717954589e-04 1.1930747586e+04 1.5707963268e+00 -1.6351317219e+00
1.2749822659e-04 1.1925988031e+04 1.5707963268e+00 -1.6391110073e+00
1.2781727568e-04 1.1921206736e+04 1.5707963268e+00 -1.6430934676e+00
1.2813669600e-04 1.1916403590e+04 1.5707963268e+00 -1.6470791212e+00
1.2845649042e-04 1.1911578483e+04 1.5707963268e+00 -1.6510679864e+00
1.2877666183e-04 1.1906731302e+04 1.5707963268e+00 -1.6550600820e+00
1.2909721315e-04 1.1901861936e+04 1.5707963268e+00 -1.6590554266e+00
1.2941814735e-04 1.1896970271e+04 1.5707963268e+00 -1.6630540390e+00
1.2973946742e-04 1.1892056194e+04 1.5707963268e+00 -1.6670559383e+00
1.3006117637e-04 1.1887119588e+04 1.5707963268e+00 -1.6710611436e+00
1.3038327726e-04 1.1882160338e+04 1.5707963268e+00 -1.6750696741e+00
1.3070577318e-04 1.1877178328e+04 1.5707963268e+00 -1.6790815493e+00
1.3102866724e-04 1.1872173439e+04 1.5707963268e+00 -1.6830967888e+00
1.3135196260e-04 1.1867145554e+04 1.5707963268e+00 -1.6871154122e+00
1.3167566244e-04 1.1862094552e+04 1.5707963268e+00 -1.6911374394e+00
1.3199977000e-04 1.1857020314e+04 1.5707963268e+00 -1.6951628904e+00
1.3232428853e-04 1.1851922719e+04 1.5707963268e+00 -1.6991917853e+00
1.3264922132e-04 1.1846801643e+04 1.5707963268e+00 -1.7032241444e+00
1.3297457170e-04 1.1841656965e+04 1.5707963268e+00 -1.7072599882e+00
1.3330034305e-04 1.1836488560e+04 1.5707963268e+00 -1.7112993373e+00
1.3362653877e-04 1.1831296304e+04 1.5707963268e+00 -1.7153422124e+00
1.3395316230e-04 1.1826080069e+04 1.5707963268e+00 -1.7193886344e+00
1.3428021713e-04 1.1820839730e+04 1.5707963268e+00 -1.7234386244e+00
1.3460770678e-04 1.1815575159e+04 1.5707963268e+00 -1.7274922037e+00
1.3493563481e-04 1.1810286226e+04 1.5707963268e+00 -1.7315493936e+00
1.3526400482e-04 1.1804972802e+04 1.5707963268e+00 -1.7356102157e+00
1.3559282046e-04 1.1799634757e+04 1.5707963268e+00 -1.7396746917e+00
1.3592208542e-04 1.1794271958e+04 1.5707963268e+00 -1.7437428435e+00
1.3625180342e-04 1.1788884272e+04 1.5707963268e+00 -1.7478146932e+00
1.3658197824e-04 1.1783471565e+04 1.5707963268e+00 -1.7518902629e+00
1.3691261369e-04 1.1778033703e+04 1.5707963268e+00 -1.7559695752e+00
1.3724371363e-04 1.1772570550e+04 1.5707963268e+00 -1.7600526525e+00
1.3757528197e-04 1.1767081968e+04 1.5707963268e+00 -1.7641395176e+00
1.3790732266e-04 1.1761567819e+04 1.5707963268e+00 -1.7682301934e+00
1.3823983970e-04 1.1756027964e+04 1.5707963268e+00 -1.7723247031e+00
1.3857283713e-04 1.1750462263e+04 1.5707963268e+00 -1.7764230699e+00
1.3890631906e-04 1.1744870574e+04 1.5707963268e+00 -1.7805253174e+00
1.3924028961e-04 1.1739252754e+04 1.5707963268e+00 -1.7846314691e+00
1.3957475300e-04 1.1733608661e+04 1.5707963268e+00 -1.7887415489e+00
1.3990971345e-04 1.1727938148e+04 1.5707963268e+00 -1.7928555809e+00
1.4024517527e-04 1.1722241070e+04 1.5707963268e+00 -1.7969735893e+00
1.4058114281e-04 1.1716517280e+04 1.5707963268e+00 -1.8010955984e+00
1.4091762046e-04 1.1710766629e+04 1.5707963268e+00 -1.8052216330e+00
1.4125461268e-04 1.1704988968e+04 1.5707963268e+00 -1.8093517179e+00
1.4159212399e-04 1.1699184145e+04 1.5707963268e+00 -1.8134858780e+00
1.4193015894e-04 1.1693352010e+04 1.5707963268e+00 -1.8176241386e+00
1.4226872216e-04 1.1687492408e+04 1.5707963268e+00 -1.8217665251e+00
1.4260781834e-04 1.1681605185e+04 1.5707963268e+00 -1.8259130632e+00
1.4294745220e-04 1.1675690186e+04 1.5707963268e+00 -1.8300637786e+00
1.4328762856e-04 1.1669747252e+04 1.5707963268e+00 -1.8342186975e+00
1.4362835227e-04 1.1663776227e+04 1.5707963268e+00 -1.8383778461e+00
1.4396962826e-04 1.1657776950e+04 1.5707963268e+00 -1.8425412509e+00
1.4431146150e-04 1.1651749260e+04 1.5707963268e+00 -1.8467089386e+00
1.4465385705e-04 1.1645692995e+04 1.5707963268e+00 -1.8508809361e+00
1.4499682003e-04 1.1639607992e+04 1.5707963268e+00 -1.8550572706e+00
1.4534035562e-04 1.1633494085e+04 1.5707963268e+00 -1.8592379695e+00
1.4568446905e-04 1.1627351107e+04 1.5707963268e+00 -1.8634230604e+00
1.4602916566e-04 1.1621178892e+04 1.5707963268e+00 -1.8676125710e+00
1.4637445082e-04 1.1614977271e+04 1.5707963268e+00 -1.8718065296e+00
1.4672033000e-04 1.1608746071e+04 1.5707963268e+00 -1.8760049643e+00
1.4706680872e-04 1.1602485122e+04 1.5707963268e+00 -1.8802079038e+00
1.4741389260e-04 1.1596194250e+04 1.5707963268e+00 -1.8844153768e+00
1.4776158730e-04 1.1589873280e+04 1.5707963268e+00 -1.8886274124e+00
1.4810989859e-04 1.1583522035e+04 1.5707963268e+00 -1.8928440399e+00
1.4845883230e-04 1.1577140338e+04 1.5707963268e+00 -1.8970652889e+00
1.4880839433e-04 1.1570728009e+04 1.5707963268e+00 -1.9012911890e+00
1.4915859069e-04 1.1564284867e+04 1.5707963268e+00 -1.9055217704e+00
1.4950942745e-04 1.1557810730e+04 1.5707963268e+00 -1.9097570634e+00
1.4986091077e-04 1.1551305413e+04 1.5707963268e+00 -1.9139970985e+00
1.5021304689e-04 1.1544768731e+04 1.5707963268e+00 -1.9182419067e+00
1.5056584215e-04 1.1538200496e+04 1.5707963268e+00 -1.9224915190e+00
1.5091930295e-04 1.1531600520e+04 1.5707963268e+00 -1.9267459668e+00
1.5127343582e-04 1.1524968611e+04 1.5707963268e+00 -1.9310052818e+00
1.5162824735e-04 1.1518304578e+04 1.5707963268e+00 -1.9352694959e+00
1.5198374424e-04 1.1511608227e+04 1.5707963268e+00 -1.9395386414e+00
1.5233993328e-04 1.1504879361e+04 1.5707963268e+00 -1.9438127507e+00
1.5269682136e-04 1.1498117784e+04 1.5707963268e+00 -1.9480918567e+00
1.5305441546e-04 1.1491323296e+04 1.5707963268e+00 -1.9523759925e+00
1.5341272268e-04 1.1484495698e+04 1.5707963268e+00 -1.9566651915e+00
1.5377175019e-04 1.1477634784e+04 1.5707963268e+00 -1.9609594874e+00
1.5413150531e-04 1.1470740353e+04 1.5707963268e+00 -1.9652589141e+00
1.5449199542e-04 1.1463812196e+04 1.5707963268e+00 -1.9695635060e+00
1.5485322805e-04 1.1456850107e+04 1.5707963268e+00 -1.9738732978e+00
1.5521521081e-04 1.1449853874e+04 1.5707963268e+00 -1.9781883243e+00
1.5557795145e-04 1.1442823287e+04 1.5707963268e+00 -1.9825086208e+00
1.5594145782e-04 1.1435758130e+04 1.5707963268e+00 -1.9868342230e+00
1.5630573789e-04 1.1428658189e+04 1.5707963268e+00 -1.9911651666e+00
1.5667079974e-04 1.1421523246e+04 1.5707963268e+00 -1.9955014881e+00
1.5703665161e-04 1.1414353081e+04 1.5707963268e+00 -1.9998432239e+00
1.5740330182e-04 1.1407147472e+04 1.5707963268e+00 -2.0041904109e+00
1.5777075885e-04 1.1399906196e+04 1.5707963268e+00 -2.0085430866e+00
1.5813903129e-04 1.1392629027e+04 1.5707963268e+00 -2.0129012884e+00
1.5850812789e-04 1.1385315736e+04 1.5707963268e+00 -2.0172650543e+00
1.5887805750e-04 1.1377966094e+04 1.5707963268e+00 -2.0216344227e+00
1.5924882915e-04 1.1370579869e+04 1.5707963268e+00 -2.0260094323e+00
1.5962045198e-04 1.1363156826e+04 1.5707963268e+00 -2.0303901222e+00
1.5999293530e-04 1.1355696729e+04 1.5707963268e+00 -2.0347765317e+00
1.6036628854e-04 1.1348199339e+04 1.5707963268e+00 -2.0391687007e+00
1.6074052130e-04 1.1340664415e+04 1.5707963268e+00 -2.0435666694e+00
1.6111564335e-04 1.1333091714e+04 1.5707963268e+00 -2.0479704784e+00
1.6149166458e-04 1.1325480991e+04 1.5707963268e+00 -2.0523801687e+00
1.6186859508e-04 1.1317831997e+04 1.5707963268e+00 -2.0567957816e+00
1.6224644507e-04 1.1310144482e+04 1.5707963268e+00 -2.0612173590e+00
1.6262522498e-04 1.1302418194e+04 1.5707963268e+00 -2.0656449429e+00
1.6300494537e-04 1.1294652878e+04 1.5707963268e+00 -2.0700785761e+00
1.6338561701e-04 1.1286848276e+04 1.5707963268e+00 -2.0745183015e+00
1.6376725084e-04 1.1279004128e+04 1.5707963268e+00 -2.0789641626e+00
1.6414985797e-04 1.1271120171e+04 1.5707963268e+00 -2.0834162033e+00
1.6453344972e-04 1.1263196142e+04 1.5707963268e+00 -2.0878744679e+00
1.6491803759e-04 1.1255231771e+04 1.5707963268e+00 -2.0923390012e+00
1.6530363329e-04 1.1247226789e+04 1.5707963268e+00 -2.0968098483e+00
1.6569024872e-04 1.1239180923e+04 1.5707963268e+00 -2.1012870550e+00
1.6607789600e-04 1.1231093898e+04 1.5707963268e+00 -2.1057706674e+00
1.6646658745e-04 1.1222965434e+04 1.5707963268e+00 -2.1102607320e+00
1.6685633561e-04 1.1214795252e+04 1.5707963268e+00 -2.1147572959e+00
1.6724715325e-04 1.1206583066e+04 1.5707963268e+00 -2.1192604068e+00
1.6763905335e-04 1.1198328592e+04 1.5707963268e+00 -2.1237701125e+00
1.6803204914e-04 1.1190031538e+04 1.5707963268e+00 -2.1282864618e+00
1.6842615409e-04 1.1181691613e+04 1.5707963268e+00 -2.1328095035e+00
1.6882138191e-04 1.1173308521e+04 1.5707963268e+00 -2.1373392873e+00
1.6921774654e-04 1.1164881964e+04 1.5707963268e+00 -2.1418758631e+00
1.6961526221e-04 1.1156411641e+04 1.5707963268e+00 -2.1464192817e+00
1.7001394339e-04 1.1147897246e+04 1.5707963268e+00 -2.1509695940e+00
1.7041380483e-04 1.1139338473e+04 1.5707963268e+00 -2.1555268518e+00
1.7081486155e-04 1.1130735011e+04 1.5707963268e+00 -2.1600911073e+00
1.7121712887e-04 1.1122086546e+04 1.5707963268e+00 -2.1646624131e+00
1.7162062237e-04 1.1113392760e+04 1.5707963268e+00 -2.1692408227e+00
1.7202535796e-04 1.1104653334e+04 1.5707963268e+00 -2.1738263899e+00
1.7243135183e-04 1.1095867943e+04 1.5707963268e+00 -2.1784191691e+00
1.7283862051e-04 1.1087036261e+04 1.5707963268e+00 -2.1830192154e+00
1.7324718081e-04 1.1078157958e+04 1.5707963268e+00 -2.1876265845e+00
1.7365704992e-04 1.1069232698e+04 1.5707963268e+00 -2.1922413326e+00
1.7406824534e-04 1.1060260144e+04 1.5707963268e+00 -2.1968635165e+00
1.7448078492e-04 1.1051239956e+04 1.5707963268e+00 -2.2014931938e+00
1.7489468687e-04 1.1042171789e+04 1.5707963268e+00 -2.2061304226e+00
1.7530996977e-04 1.1033055294e+04 1.5707963268e+00 -2.2107752615e+00
1.7572665257e-04 1.1023890119e+04 1.5707963268e+00 -2.2154277701e+00
1.7614475462e-04 1.1014675909e+04 1.5707963268e+00 -2.2200880084e+00
1.7656429566e-04 1.1005412304e+04 1.5707963268e+00 -2.2247560371e+00
1.7698529584e-04 1.0996098940e+04 1.5707963268e+00 -2.2294319177e+00
1.7740777572e-04 1.0986735449e+04 1.5707963268e+00 -2.2341157122e+00
1.7783175631e-04 1.0977321461e+04 1.5707963268e+00 -2.2388074835e+00
1.7825725905e-04 1.0967856600e+04 1.5707963268e+00 -2.2435072951e+00
1.7868430586e-04 1.0958340485e+04 1.5707963268e+00 -2.2482152112e+00
1.7911291909e-04 1.0948772734e+04 1.5707963268e+00 -2.2529312968e+00
1.7954312161e-04 1.0939152958e+04 1.5707963268e+00 -2.2576556177e+00
1.7997493678e-04 1.0929480764e+04 1.5707963268e+00 -2.2623882403e+00
1.8040838847e-04 1.0919755757e+04 1.5707963268e+00 -2.2671292319e+00
1.8084350106e-04 1.0909977534e+04 1.5707963268e+00 -2.2718786606e+00
1.8128029951e-04 1.0900145691e+04 1.5707963268e+00 -2.2766365951e+00
1.8171880931e-04 1.0890259816e+04 1.5707963268e+00 -2.2814031051e+00
1.8215905654e-04 1.0880319496e+04 1.5707963268e+00 -2.2861782610e+00
1.8260106788e-04 1.0870324311e+04 1.5707963268e+00 -2.2909621343e+00
1.8304487060e-04 1.0860273835e+04 1.5707963268e+00 -2.2957547969e+00
1.8349049263e-04 1.0850167641e+04 1.5707963268e+00 -2.3005563219e+00
1.8393796253e-04 1.0840005295e+04 1.5707963268e+00 -2.3053667832e+00
1.8438730955e-04 1.0829786356e+04 1.5707963268e+00 -2.3101862555e+00
1.8483856362e-04 1.0819510381e+04 1.5707963268e+00 -2.3150148145e+00
1.8529175538e-04 1.0809176921e+04 1.5707963268e+00 -2.3198525367e+00
1.8574691624e-04 1.0798785521e+04 1.5707963268e+00 -2.3246994998e+00
1.8620407834e-04 1.0788335722e+04 1.5707963268e+00 -2.3295557821e+00
1.8666327462e-04 1.0777827058e+04 1.5707963268e+00 -2.3344214631e+00
1.8712453884e-04 1.0767259059e+04 1.5707963268e+00 -2.3392966231e+00
1.8758790558e-04 1.0756631248e+04 1.5707963268e+00 -2.3441813437e+00
1.8805341032e-04 1.0745943144e+04 1.5707963268e+00 -2.3490757072e+00
1.8852108942e-04 1.0735194260e+04 1.5707963268e+00 -2.3539797971e+00
1.8899098017e-04 1.0724384101e+04 1.5707963268e+00 -2.3588936978e+00
1.8946312082e-04 1.0713512168e+04 1.5707963268e+00 -2.3638174950e+00
1.8993755062e-04 1.0702577956e+04 1.5707963268e+00 -2.3687512752e+00
1.9041430986e-04 1.0691580954e+04 1.5707963268e+00 -2.3736951263e+00
1.9089343987e-04 1.0680520645e+04 1.5707963268e+00 -2.3786491370e+00
1.9137498311e-04 1.0669396503e+04 1.5707963268e+00 -2.3836133975e+00
1.9185898317e-04 1.0658207999e+04 1.5707963268e+00 -2.3885879989e+00
1.9234548482e-04 1.0646954596e+04 1.5707963268e+00 -2.3935730336e+00
1.9283453409e-04 1.0635635751e+04 1.5707963268e+00 -2.3985685951e+00
1.9332617826e-04 1.0624250914e+04 1.5707963268e+00 -2.4035747783e+00
1.9382046592e-04 1.0612799526e+04 1.5707963268e+00 -2.4085916791e+00
1.9431744707e-04 1.0601281026e+04 1.5707963268e+00 -2.4136193949e+00
1.9481717310e-04 1.0589694841e+04 1.5707963268e+00 -2.4186580242e+00
1.9531969690e-04 1.0578040393e+04 1.5707963268e+00 -2.4237076670e+00
1.9582507289e-04 1.0566317098e+04 1.5707963268e+00 -2.4287684246e+00
1.9633335709e-04 1.0554524362e+04 1.5707963268e+00 -2.4338403995e+00
1.9684460718e-04 1.0542661584e+04 1.5707963268e+00 -2.4389236957e+00
1.9735888256e-04 1.0530728158e+04 1.5707963268e+00 -2.4440184187e+00
1.9787624445e-04 1.0518723467e+04 1.5707963268e+00 -2.4491246753e+00
1.9839675590e-04 1.0506646887e+04 1.5707963268e+00 -2.4542425739e+00
1.9892048196e-04 1.0494497787e+04 1.5707963268e+00 -2.4593722242e+00
1.9944748966e-04 1.0482275528e+04 1.5707963268e+00 -2.4645137375e+00
1.9997784817e-04 1.0469979460e+04 1.5707963268e+00 -2.4696672269e+00
2.0051162886e-04 1.0457608927e+04 1.5707963268e+00 -2.4748328067e+00
2.0104890540e-04 1.0445163264e+04 1.5707963268e+00 -2.4800105930e+00
2.0158975385e-04 1.0432641797e+04 1.5707963268e+00 -2.4852007036e+00
2.0213425279e-04 1.0420043844e+04 1.5707963268e+00 -2.4904032577e+00
2.0268248340e-04 1.0407368712e+04 1.5707963268e+00 -2.4956183766e+00
2.0323452960e-04 1.0394615701e+04 1.5707963268e+00 -2.5008461830e+00
2.0379047817e-04 1.0381784100e+04 1.5707963268e+00 -2.5060868015e+00
2.0435041888e-04 1.0368873189e+04 1.5707963268e+00 -2.5113403586e+00
2.0491444462e-04 1.0355882240e+04 1.5707963268e+00 -2.5166069824e+00
2.0548265156e-04 1.0342810513e+04 1.5707963268e+00 -2.5218868031e+00
2.0605513931e-04 1.0329657258e+04 1.5707963268e+00 -2.5271799527e+00
2.0663201106e-04 1.0316421718e+04 1.5707963268e+00 -2.5324865653e+00
2.0721337378e-04 1.0303103121e+04 1.5707963268e+00 -2.5378067767e+00
2.0779933841e-04 1.0289700689e+04 1.5707963268e+00 -2.5431407250e+00
2.0839002002e-04 1.0276213630e+04 1.5707963268e+00 -2.5484885503e+00
2.0898553808e-04 1.0262641143e+04 1.5707963268e+00 -2.5538503947e+00
2.0958601662e-04 1.0248982417e+04 1.5707963268e+00 -2.5592264027e+00
2.1019158451e-04 1.0235236627e+04 1.5707963268e+00 -2.5646167206e+00
2.1080237572e-04 1.0221402938e+04 1.5707963268e+00 -2.5700214974e+00
2.1141852956e-04 1.0207480505e+04 1.5707963268e+00 -2.5754408841e+00
2.1204019097e-04 1.0193468469e+04 1.5707963268e+00 -2.5808750342e+00
2.1266751086e-04 1.0179365962e+04 1.5707963268e+00 -2.5863241034e+00
2.1330064644e-04 1.0165172100e+04 1.5707963268e+00 -2.5917882501e+00
2.1393976151e-04 1.0150885990e+04 1.5707963268e+00 -2.5972676348e+00
2.1458502694e-04 1.0136506725e+04 1.5707963268e+00 -2.6027624211e+00
2.1523662099e-04 1.0122033387e+04 1.5707963268e+00 -2.6082727746e+00
2.1589472978e-04 1.0107465044e+04 1.5707963268e+00 -2.6137988639e+00
2.1655954778e-04 1.0092800752e+04 1.5707963268e+00 -2.6193408604e+00
2.1723127826e-04 1.0078039552e+04 1.5707963268e+00 -2.6248989379e+00
2.1791013391e-04 1.0063180474e+04 1.5707963268e+00 -2.6304732733e+00
2.1859633734e-04 1.0048222533e+04 1.5707963268e+00 -2.6360640463e+00
2.1929012177e-04 1.0033164732e+04 1.5707963268e+00 -2.6416714396e+00
2.1999173171e-04 1.0018006059e+04 1.5707963268e+00 -2.6472956389e+00
2.2070142365e-04 1.0002745489e+04 1.5707963268e+00 -2.6529368329e+00
2.2141946693e-04 9.9873819817e+03 1.5707963268e+00 -2.6585952135e+00
2.2214614455e-04 9.9719144847e+03 1.5707963268e+00 -2.6642709758e+00
2.2288175413e-04 9.9563419298e+03 1.5707963268e+00 -2.6699643183e+00
2.2362660896e-04 9.9406632353e+03 1.5707963268e+00 -2.6756754428e+00
2.2438103907e-04 9.9248773048e+03 1.5707963268e+00 -2.6814045543e+00
2.2514539249e-04 9.9089830276e+03 1.5707963268e+00 -2.6871518617e+00
2.2592003654e-04 9.8929792788e+03 1.5707963268e+00 -2.6929175772e+00
2.2670535931e-04 9.8768649188e+03 1.5707963268e+00 -2.6987019169e+00
2.2750177126e-04 9.8606387938e+03 1.5707963268e+00 -2.7045051004e+00
2.2830970692e-04 9.8442997357e+03 1.5707963268e+00 -2.7103273513e+00
2.2912962687e-04 9.8278465624e+03 1.5707963268e+00 -2.7161688971e+00
2.2996201983e-04 9.8112780775e+03 1.5707963268e+00 -2.7220299694e+00
2.3080740500e-04 9.7945930712e+03 1.5707963268e+00 -2.7279108037e+00
2.3166633465e-04 9.7777903203e+03 1.5707963268e+00 -2.7338116398e+00
2.3253939695e-04 9.7608685883e+03 1.5707963268e+00 -2.7397327219e+00
2.3342721920e-04 9.7438266266e+03 1.5707963268e+00 -2.7456742983e+00
2.3433047135e-04 9.7266631742e+03 1.5707963268e+00 -2.7516366221e+00
2.3524986992e-04 9.7093769595e+03 1.5707963268e+00 -2.7576199508e+00
2.3618618246e-04 9.6919666999e+03 1.5707963268e+00 -2.7636245467e+00
2.3714023246e-04 9.6744311042e+03 1.5707963268e+00 -2.7696506766e+00
2.3811290492e-04 9.6567688725e+03 1.5707963268e+00 -2.7756986127e+00
2.3910515262e-04 9.6389786990e+03 1.5707963268e+00 -2.7817686317e+00
2.4011800322e-04 9.6210592724e+03 1.5707963268e+00 -2.7878610156e+00
2.4115256726e-04 9.6030092792e+03 1.5707963268e+00 -2.7939760518e+00
2.4221004731e-04 9.5848274051e+03 1.5707963268e+00 -2.8001140327e+00
2.4329174842e-04 9.5665123387e+03 1.5707963268e+00 -2.8062752563e+00
2.4439909003e-04 9.5480627743e+03 1.5707963268e+00 -2.8124600262e+00
2.4553361971e-04 9.5294774162e+03 1.5707963268e+00 -2.8186686514e+00
2.4669702900e-04 9.5107549836e+03 1.5707963268e+00 -2.8249014468e+00
2.4789117179e-04 9.4918942158e+03 1.5707963268e+00 -2.8311587333e+00
2.4911808569e-04 9.4728938793e+03 1.5707963268e+00 -2.8374408373e+00
2.5038001705e-04 9.4537527758e+03 1.5707963268e+00 -2.8437480917e+00
2.5167945031e-04 9.4344697517e+03 1.5707963268e+00 -2.8500808352e+00
2.5301914282e-04 9.4150437096e+03 1.5707963268e+00 -2.8564394128e+00
2.5440216606e-04 9.3954736223e+03 1.5707963268e+00 -2.8628241756e+00
2.5583195506e-04 9.3757585496e+03 1.5707963268e+00 -2.8692354811e+00
2.5731236782e-04 9.3558976591e+03 1.5707963268e+00 -2.8756736930e+00
2.5884775736e-04 9.3358902508e+03 1.5707963268e+00 -2.8821391814e+00
2.6044305972e-04 9.3157357886e+03 1.5707963268e+00 -2.8886323225e+00
2.6210390231e-04 9.2954339387e+03 1.5707963268e+00 -2.8951534985e+00
2.6383673858e-04 9.2749846177e+03 1.5707963268e+00 -2.9017030978e+00
2.6564901693e-04 9.2543880536e+03 1.5707963268e+00 -2.9082815144e+00
2.6754939486e-04 9.2336448634e+03 1.5707963268e+00 -2.9148891479e+00
2.6954801379e-04 9.2127561530e+03 1.5707963268e+00 -2.9215264027e+00
2.7165685597e-04 9.1917236479e+03 1.5707963268e+00 -2.9281936875e+00
2.7389021509e-04 9.1705498649e+03 1.5707963268e+00 -2.9348914149e+00
2.7626532620e-04 9.1492383443e+03 1.5707963268e+00 -2.9416199996e+00
2.7880322443e-04 9.1277939644e+03 1.5707963268e+00 -2.9483798576e+00
2.8152993916e-04 9.1062233807e+03 1.5707963268e+00 -2.9551714037e+00
2.8447819287e-04 9.0845356489e+03 1.5707963268e+00 -2.9619950490e+00
2.8768988254e-04 9.0627431337e+03 1.5707963268e+00 -2.9688511972e+00
2.9121981602e-04 9.0408628705e+03 1.5707963268e+00 -2.9757402393e+00
2.9514154305e-04 9.0189186811e+03 1.5707963268e+00 -2.9826625459e+00
2.9955685305e-04 8.9969445907e+03 1.5707963268e+00 -2.9896184565e+00
3.0461206976e-04 8.9749906300e+03 1.5707963268e+00 -2.9966082625e+00
3.1052787140e-04 8.9531332983e+03 1.5707963268e+00 -3.0036321809e+00
3.1765856554e-04 8.9314959415e+03 1.5707963268e+00 -3.0106903109e+00
3.2662362937e-04 8.9102926748e+03 1.5707963268e+00 -3.0177825561e+00
3.3864875701e-04 8.8899373878e+03 1.5707963268e+00 -3.0249084751e+00
3.5669220203e-04 8.8713791467e+03 1.5707963268e+00 -3.0320669521e+00
