0.0000000000e+00 9.1359000002e+03 1.5707963268e+00 0.0000000000e+00
8.6680498228e-07 9.1359000002e+03 1.5707963268e+00 -4.8543689320e-03
1.7336099646e-06 9.1358017626e+03 1.5707963268e+00 -9.7087378641e-03
2.6007256362e-06 9.1356053051e+03 1.5707963268e+00 -1.4563211193e-02
3.4684630897e-06 9.1353106388e+03 1.5707963268e+00 -1.9417893305e-02
4.3371345317e-06 9.1349177682e+03 1.5707963268e+00 -2.4272888590e-02
5.2070539992e-06 9.1344266917e+03 1.5707963268e+00 -2.9128301459e-02
6.0785380849e-06 9.1338374012e+03 1.5707963268e+00 -3.3984236365e-02
6.9519066773e-06 9.1331498822e+03 1.5707963268e+00 -3.8840797814e-02
7.8274837178e-06 9.1323641144e+03 1.5707963268e+00 -4.3698090386e-02
8.7055979812e-06 9.1314800709e+03 1.5707963268e+00 -4.8556218749e-02
9.5865838834e-06 9.1304977190e+03 1.5707963268e+00 -5.3415287679e-02
1.0470782322e-05 9.1294170200e+03 1.5707963268e+00 -5.8275402072e-02
1.1358541552e-05 9.1282379289e+03 1.5707963268e+00 -6.3136666966e-02
1.2250218113e-05 9.1269603953e+03 1.5707963268e+00 -6.7999187553e-02
1.3146177795e-05 9.1255843627e+03 1.5707963268e+00 -7.2863069198e-02
1.4046796672e-05 9.1241097688e+03 1.5707963268e+00 -7.7728417457e-02
1.4952462195e-05 9.1225365459e+03 1.5707963268e+00 -8.2595338089e-02
1.5863574357e-05 9.1208646205e+03 1.5707963268e+00 -8.7463937077e-02
1.6780546946e-05 9.1190939137e+03 1.5707963268e+00 -9.2334320642e-02
1.7703808883e-05 9.1172243413e+03 1.5707963268e+00 -9.7206595260e-02
1.8633805673e-05 9.1152558137e+03 1.5707963268e+00 -1.0208086768e-01
1.9571000967e-05 9.1131882363e+03 1.5707963268e+00 -1.0695724494e-01
2.0515878257e-05 9.1110215094e+03 1.5707963268e+00 -1.1183583437e-01
2.1468942724e-05 9.1087555284e+03 1.5707963268e+00 -1.1671674365e-01
2.2430723248e-05 9.1063901841e+03 1.5707963268e+00 -1.2160008077e-01
2.3401774608e-05 9.1039253627e+03 1.5707963268e+00 -1.2648595407e-01
2.4382679898e-05 9.1013609461e+03 1.5707963268e+00 -1.3137447230e-01
2.5374053181e-05 9.0986968122e+03 1.5707963268e+00 -1.3626574454e-01
2.6376542416e-05 9.0959328349e+03 1.5707963268e+00 -1.4115988031e-01
2.7390832694e-05 9.0930688845e+03 1.5707963268e+00 -1.4605698953e-01
2.8417649832e-05 9.0901048282e+03 1.5707963268e+00 -1.5095718257e-01
2.9457764356e-05 9.0870405304e+03 1.5707963268e+00 -1.5586057022e-01
3.0511995959e-05 9.0838758527e+03 1.5707963268e+00 -1.6076726377e-01
3.1581218470e-05 9.0806106550e+03 1.5707963268e+00 -1.6567737495e-01
3.2666365439e-05 9.0772447954e+03 1.5707963268e+00 -1.7059101601e-01
3.3768436409e-05 9.0737781314e+03 1.5707963268e+00 -1.7550829970e-01
3.4888504003e-05 9.0702105201e+03 1.5707963268e+00 -1.8042933927e-01
3.6027721937e-05 9.0665418192e+03 1.5707963268e+00 -1.8535424854e-01
3.7187334133e-05 9.0627718880e+03 1.5707963268e+00 -1.9028314184e-01
3.8368685091e-05 9.0589005881e+03 1.5707963268e+00 -1.9521613407e-01
3.9573231771e-05 9.0549277849e+03 1.5707963268e+00 -2.0015334072e-01
4.0802557224e-05 9.0508533490e+03 1.5707963268e+00 -2.0509487781e-01
4.2058386319e-05 9.0466771576e+03 1.5707963268e+00 -2.1004086197e-01
4.3342603945e-05 9.0423990966e+03 1.5707963268e+00 -2.1499141043e-01
4.4657276190e-05 9.0380190627e+03 1.5707963268e+00 -2.1994664100e-01
4.6004675085e-05 9.0335369662e+03 1.5707963268e+00 -2.2490667207e-01
4.7387307666e-05 9.0289527338e+03 1.5707963268e+00 -2.2987162267e-01
4.8807950295e-05 9.0242663126e+03 1.5707963268e+00 -2.3484161237e-01
5.0269689409e-05 9.0194776743e+03 1.5707963268e+00 -2.3981676136e-01
5.1775970215e-05 9.0145868208e+03 1.5707963268e+00 -2.4479719037e-01
5.3330655239e-05 9.0095937902e+03 1.5707963268e+00 -2.4978302071e-01
5.4938095231e-05 9.0044986650e+03 1.5707963268e+00 -2.5477437418e-01
5.6603215687e-05 8.9993015814e+03 1.5707963268e+00 -2.5977137310e-01
5.8331623277e-05 8.9940027415e+03 1.5707963268e+00 -2.6477414020e-01
6.0129737921e-05 8.9886024278e+03 1.5707963268e+00 -2.6978279862e-01
6.2004958297e-05 8.9831010217e+03 1.5707963268e+00 -2.7479747179e-01
6.3965871394e-05 8.9774990274e+03 1.5707963268e+00 -2.7981828334e-01
6.6022520945e-05 8.9717971023e+03 1.5707963268e+00 -2.8484535699e-01
6.8186755629e-05 8.9659960961e+03 1.5707963268e+00 -2.8987881639e-01
7.0472687160e-05 8.9600971028e+03 1.5707963268e+00 -2.9491878488e-01
7.2897302430e-05 8.9541015307e+03 1.5707963268e+00 -2.9996538526e-01
7.5481295953e-05 8.9480111968e+03 1.5707963268e+00 -3.0501873942e-01
7.8250224503e-05 8.9418284580e+03 1.5707963268e+00 -3.1007896788e-01
8.1236145020e-05 8.9355563978e+03 1.5707963268e+00 -3.1514618920e-01
8.4479998741e-05 8.9291990961e+03 1.5707963268e+00 -3.2022051912e-01
8.8035186825e-05 8.9227620341e+03 1.5707963268e+00 -3.2530206941e-01
9.1973124410e-05 8.9162527198e+03 1.5707963268e+00 -3.3039094628e-01
9.6392235818e-05 8.9096816932e+03 1.5707963268e+00 -3.3548724800e-01
1.0143327970e-04 8.9030642254e+03 1.5707963268e+00 -3.4059106139e-01
1.0730714923e-04 8.8964233579e+03 1.5707963268e+00 -3.4570245626e-01
1.1434950168e-04 8.8897957675e+03 1.5707963268e+00 -3.5082147640e-01
1.2314010716e-04 8.8832442407e+03 1.5707963268e+00 -3.5594812359e-01
1.3480527750e-04 8.8768880337e+03 1.5707963268e+00 -3.6108232717e-01
1.5197958472e-04 8.8709933326e+03 1.5707963268e+00 -3.6622387808e-01
