0.0000000000e+00 1.2949916505e+04 1.5707963268e+00 0.0000000000e+00
2.6354872892e-07 1.2949916505e+04 1.5707963268e+00 -3.4246575342e-03
5.2709745784e-07 1.2949912344e+04 1.5707963268e+00 -6.8493150685e-03
7.9064637085e-07 1.2949904022e+04 1.5707963268e+00 -1.0273974804e-02
1.0541956521e-06 1.2949891538e+04 1.5707963268e+00 -1.3698638940e-02
1.3177454856e-06 1.2949874894e+04 1.5707963268e+00 -1.7123309680e-02
1.5812960555e-06 1.2949854088e+04 1.5707963268e+00 -2.0547989223e-02
1.8448475459e-06 1.2949829120e+04 1.5707963268e+00 -2.3972679770e-02
2.1084001410e-06 1.2949799991e+04 1.5707963268e+00 -2.7397383523e-02
2.3719540249e-06 1.2949766699e+04 1.5707963268e+00 -3.0822102684e-02
2.6355093818e-06 1.2949729244e+04 1.5707963268e+00 -3.4246839453e-02
2.8990663958e-06 1.2949687627e+04 1.5707963268e+00 -3.7671596033e-02
3.1626252513e-06 1.2949641846e+04 1.5707963268e+00 -4.1096374625e-02
3.4261861325e-06 1.2949591901e+04 1.5707963268e+00 -4.4521177433e-02
3.6897492236e-06 1.2949537791e+04 1.5707963268e+00 -4.7946006659e-02
3.9533147090e-06 1.2949479516e+04 1.5707963268e+00 -5.1370864506e-02
4.2168827732e-06 1.2949417075e+04 1.5707963268e+00 -5.4795753178e-02
4.4804536004e-06 1.2949350467e+04 1.5707963268e+00 -5.8220674879e-02
4.7440273752e-06 1.2949279692e+04 1.5707963268e+00 -6.1645631813e-02
5.0076042822e-06 1.2949204748e+04 1.5707963268e+00 -6.5070626186e-02
5.2711845059e-06 1.2949125635e+04 1.5707963268e+00 -6.8495660203e-02
5.5347682309e-06 1.2949042351e+04 1.5707963268e+00 -7.1920736070e-02
5.7983556420e-06 1.2948954897e+04 1.5707963268e+00 -7.5345855995e-02
6.0619469239e-06 1.2948863269e+04 1.5707963268e+00 -7.8771022185e-02
6.3255422616e-06 1.2948767468e+04 1.5707963268e+00 -8.2196236848e-02
6.5891418399e-06 1.2948667493e+04 1.5707963268e+00 -8.5621502194e-02
6.8527458438e-06 1.2948563341e+04 1.5707963268e+00 -8.9046820431e-02
7.1163544584e-06 1.2948455012e+04 1.5707963268e+00 -9.2472193771e-02
7.3799678689e-06 1.2948342504e+04 1.5707963268e+00 -9.5897624425e-02
7.6435862606e-06 1.2948225816e+04 1.5707963268e+00 -9.9323114606e-02
7.9072098188e-06 1.2948104947e+04 1.5707963268e+00 -1.0274866653e-01
8.1708387289e-06 1.2947979894e+04 1.5707963268e+00 -1.0617428240e-01
8.4344731765e-06 1.2947850657e+04 1.5707963268e+00 -1.0959996444e-01
8.6981133473e-06 1.2947717234e+04 1.5707963268e+00 -1.1302571487e-01
8.9617594270e-06 1.2947579623e+04 1.5707963268e+00 -1.1645153590e-01
9.2254116015e-06 1.2947437822e+04 1.5707963268e+00 -1.1987742975e-01
9.4890700568e-06 1.2947291829e+04 1.5707963268e+00 -1.2330339865e-01
9.7527349789e-06 1.2947141643e+04 1.5707963268e+00 -1.2672944480e-01
1.0016406554e-05 1.2946987262e+04 1.5707963268e+00 -1.3015557043e-01
1.0280084969e-05 1.2946828684e+04 1.5707963268e+00 -1.3358177778e-01
1.0543770409e-05 1.2946665906e+04 1.5707963268e+00 -1.3700806905e-01
1.0807463063e-05 1.2946498928e+04 1.5707963268e+00 -1.4043444648e-01
1.1071163115e-05 1.2946327746e+04 1.5707963268e+00 -1.4386091229e-01
1.1334870754e-05 1.2946152358e+04 1.5707963268e+00 -1.4728746871e-01
1.1598586165e-05 1.2945972762e+04 1.5707963268e+00 -1.5071411797e-01
1.1862309538e-05 1.2945788957e+04 1.5707963268e+00 -1.5414086231e-01
1.2126041058e-05 1.2945600939e+04 1.5707963268e+00 -1.5756770395e-01
1.2389780913e-05 1.2945408706e+04 1.5707963268e+00 -1.6099464513e-01
1.2653529290e-05 1.2945212256e+04 1.5707963268e+00 -1.6442168808e-01
1.2917286379e-05 1.2945011586e+04 1.5707963268e+00 -1.6784883505e-01
1.3181052366e-05 1.2944806694e+04 1.5707963268e+00 -1.7127608827e-01
1.3444827440e-05 1.2944597577e+04 1.5707963268e+00 -1.7470344998e-01
1.3708611788e-05 1.2944384232e+04 1.5707963268e+00 -1.7813092243e-01
1.3972405601e-05 1.2944166657e+04 1.5707963268e+00 -1.8155850785e-01
1.4236209065e-05 1.2943944849e+04 1.5707963268e+00 -1.8498620850e-01
1.4500022370e-05 1.2943718805e+04 1.5707963268e+00 -1.8841402663e-01
1.4763845706e-05 1.2943488522e+04 1.5707963268e+00 -1.9184196447e-01
1.5027679260e-05 1.2943253997e+04 1.5707963268e+00 -1.9527002429e-01
1.5291523223e-05 1.2943015227e+04 1.5707963268e+00 -1.9869820834e-01
1.5555377785e-05 1.2942772209e+04 1.5707963268e+00 -2.0212651886e-01
1.5819243135e-05 1.2942524941e+04 1.5707963268e+00 -2.0555495813e-01
1.6083119462e-05 1.2942273418e+04 1.5707963268e+00 -2.0898352840e-01
1.6347006958e-05 1.2942017638e+04 1.5707963268e+00 -2.1241223192e-01
1.6610905813e-05 1.2941757597e+04 1.5707963268e+00 -2.1584107098e-01
1.6874816217e-05 1.2941493292e+04 1.5707963268e+00 -2.1927004782e-01
1.7138738362e-05 1.2941224719e+04 1.5707963268e+00 -2.2269916472e-01
1.7402672438e-05 1.2940951876e+04 1.5707963268e+00 -2.2612842394e-01
1.7666618637e-05 1.2940674758e+04 1.5707963268e+00 -2.2955782777e-01
1.7930577150e-05 1.2940393363e+04 1.5707963268e+00 -2.3298737847e-01
1.8194548169e-05 1.2940107685e+04 1.5707963268e+00 -2.3641707832e-01
1.8458531887e-05 1.2939817723e+04 1.5707963268e+00 -2.3984692960e-01
1.8722528494e-05 1.2939523471e+04 1.5707963268e+00 -2.4327693460e-01
1.8986538185e-05 1.2939224927e+04 1.5707963268e+00 -2.4670709559e-01
1.9250561152e-05 1.2938922086e+04 1.5707963268e+00 -2.5013741487e-01
1.9514597588e-05 1.2938614944e+04 1.5707963268e+00 -2.5356789472e-01
1.9778647685e-05 1.2938303498e+04 1.5707963268e+00 -2.5699853743e-01
2.0042711639e-05 1.2937987743e+04 1.5707963268e+00 -2.6042934530e-01
2.0306789642e-05 1.2937667676e+04 1.5707963268e+00 -2.6386032062e-01
2.0570881888e-05 1.2937343292e+04 1.5707963268e+00 -2.6729146571e-01
2.0834988573e-05 1.2937014586e+04 1.5707963268e+00 -2.7072278284e-01
2.1099109890e-05 1.2936681556e+04 1.5707963268e+00 -2.7415427434e-01
2.1363246035e-05 1.2936344196e+04 1.5707963268e+00 -2.7758594251e-01
2.1627397202e-05 1.2936002503e+04 1.5707963268e+00 -2.8101778966e-01
2.1891563588e-05 1.2935656470e+04 1.5707963268e+00 -2.8444981811e-01
2.2155745388e-05 1.2935306096e+04 1.5707963268e+00 -2.8788203016e-01
2.2419942799e-05 1.2934951373e+04 1.5707963268e+00 -2.9131442815e-01
2.2684156016e-05 1.2934592299e+04 1.5707963268e+00 -2.9474701438e-01
2.2948385236e-05 1.2934228869e+04 1.5707963268e+00 -2.9817979120e-01
2.3212630657e-05 1.2933861077e+04 1.5707963268e+00 -3.0161276092e-01
2.3476892475e-05 1.2933488918e+04 1.5707963268e+00 -3.0504592587e-01
2.3741170889e-05 1.2933112389e+04 1.5707963268e+00 -3.0847928840e-01
2.4005466097e-05 1.2932731485e+04 1.5707963268e+00 -3.1191285084e-01
2.4269778296e-05 1.2932346199e+04 1.5707963268e+00 -3.1534661552e-01
2.4534107685e-05 1.2931956528e+04 1.5707963268e+00 -3.1878058480e-01
2.4798454464e-05 1.2931562466e+04 1.5707963268e+00 -3.2221476102e-01
2.5062818831e-05 1.2931164008e+04 1.5707963268e+00 -3.2564914654e-01
2.5327200987e-05 1.2930761149e+04 1.5707963268e+00 -3.2908374370e-01
2.5591601131e-05 1.2930353883e+04 1.5707963268e+00 -3.3251855486e-01
2.5856019464e-05 1.2929942206e+04 1.5707963268e+00 -3.3595358239e-01
2.6120456186e-05 1.2929526112e+04 1.5707963268e+00 -3.3938882865e-01
2.6384911499e-05 1.2929105595e+04 1.5707963268e+00 -3.4282429600e-01
2.6649385603e-05 1.2928680651e+04 1.5707963268e+00 -3.4625998683e-01
2.6913878702e-05 1.2928251273e+04 1.5707963268e+00 -3.4969590349e-01
2.7178390996e-05 1.2927817456e+04 1.5707963268e+00 -3.5313204838e-01
2.7442922688e-05 1.2927379194e+04 1.5707963268e+00 -3.5656842387e-01
2.7707473982e-05 1.2926936482e+04 1.5707963268e+00 -3.6000503236e-01
2.7972045081e-05 1.2926489314e+04 1.5707963268e+00 -3.6344187622e-01
2.8236636188e-05 1.2926037684e+04 1.5707963268e+00 -3.6687895786e-01
2.8501247508e-05 1.2925581585e+04 1.5707963268e+00 -3.7031627968e-01
2.8765879244e-05 1.2925121013e+04 1.5707963268e+00 -3.7375384406e-01
2.9030531603e-05 1.2924655961e+04 1.5707963268e+00 -3.7719165343e-01
2.9295204789e-05 1.2924186423e+04 1.5707963268e+00 -3.8062971018e-01
2.9559899008e-05 1.2923712393e+04 1.5707963268e+00 -3.8406801673e-01
2.9824614466e-05 1.2923233864e+04 1.5707963268e+00 -3.8750657550e-01
3.0089351369e-05 1.2922750831e+04 1.5707963268e+00 -3.9094538892e-01
3.0354109926e-05 1.2922263287e+04 1.5707963268e+00 -3.9438445939e-01
3.0618890342e-05 1.2921771226e+04 1.5707963268e+00 -3.9782378937e-01
3.0883692827e-05 1.2921274640e+04 1.5707963268e+00 -4.0126338127e-01
3.1148517587e-05 1.2920773525e+04 1.5707963268e+00 -4.0470323754e-01
3.1413364833e-05 1.2920267873e+04 1.5707963268e+00 -4.0814336062e-01
3.1678234773e-05 1.2919757677e+04 1.5707963268e+00 -4.1158375296e-01
3.1943127617e-05 1.2919242931e+04 1.5707963268e+00 -4.1502441701e-01
3.2208043574e-05 1.2918723629e+04 1.5707963268e+00 -4.1846535522e-01
3.2472982856e-05 1.2918199762e+04 1.5707963268e+00 -4.2190657006e-01
3.2737945674e-05 1.2917671325e+04 1.5707963268e+00 -4.2534806398e-01
3.3002932238e-05 1.2917138310e+04 1.5707963268e+00 -4.2878983946e-01
3.3267942761e-05 1.2916600711e+04 1.5707963268e+00 -4.3223189898e-01
3.3532977456e-05 1.2916058520e+04 1.5707963268e+00 -4.3567424501e-01
3.3798036535e-05 1.2915511731e+04 1.5707963268e+00 -4.3911688003e-01
3.4063120211e-05 1.2914960335e+04 1.5707963268e+00 -4.4255980653e-01
3.4328228699e-05 1.2914404326e+04 1.5707963268e+00 -4.4600302700e-01
3.4593362213e-05 1.2913843697e+04 1.5707963268e+00 -4.4944654395e-01
3.4858520968e-05 1.2913278440e+04 1.5707963268e+00 -4.5289035987e-01
3.5123705180e-05 1.2912708547e+04 1.5707963268e+00 -4.5633447727e-01
3.5388915063e-05 1.2912134011e+04 1.5707963268e+00 -4.5977889867e-01
3.5654150836e-05 1.2911554825e+04 1.5707963268e+00 -4.6322362658e-01
3.5919412713e-05 1.2910970981e+04 1.5707963268e+00 -4.6666866352e-01
3.6184700915e-05 1.2910382471e+04 1.5707963268e+00 -4.7011401202e-01
3.6450015657e-05 1.2909789288e+04 1.5707963268e+00 -4.7355967461e-01
3.6715357159e-05 1.2909191422e+04 1.5707963268e+00 -4.7700565384e-01
3.6980725640e-05 1.2908588868e+04 1.5707963268e+00 -4.8045195224e-01
3.7246121319e-05 1.2907981616e+04 1.5707963268e+00 -4.8389857236e-01
3.7511544417e-05 1.2907369659e+04 1.5707963268e+00 -4.8734551675e-01
3.7776995155e-05 1.2906752989e+04 1.5707963268e+00 -4.9079278798e-01
3.8042473753e-05 1.2906131597e+04 1.5707963268e+00 -4.9424038860e-01
3.8307980435e-05 1.2905505475e+04 1.5707963268e+00 -4.9768832120e-01
3.8573515421e-05 1.2904874615e+04 1.5707963268e+00 -5.0113658833e-01
3.8839078936e-05 1.2904239009e+04 1.5707963268e+00 -5.0458519259e-01
3.9104671202e-05 1.2903598647e+04 1.5707963268e+00 -5.0803413656e-01
3.9370292445e-05 1.2902953522e+04 1.5707963268e+00 -5.1148342283e-01
3.9635942888e-05 1.2902303626e+04 1.5707963268e+00 -5.1493305400e-01
3.9901622758e-05 1.2901648948e+04 1.5707963268e+00 -5.1838303268e-01
4.0167332280e-05 1.2900989482e+04 1.5707963268e+00 -5.2183336146e-01
4.0433071681e-05 1.2900325217e+04 1.5707963268e+00 -5.2528404297e-01
4.0698841189e-05 1.2899656145e+04 1.5707963268e+00 -5.2873507983e-01
4.0964641030e-05 1.2898982258e+04 1.5707963268e+00 -5.3218647466e-01
4.1230471434e-05 1.2898303546e+04 1.5707963268e+00 -5.3563823010e-01
4.1496332629e-05 1.2897620000e+04 1.5707963268e+00 -5.3909034878e-01
4.1762224846e-05 1.2896931611e+04 1.5707963268e+00 -5.4254283336e-01
4.2028148314e-05 1.2896238370e+04 1.5707963268e+00 -5.4599568647e-01
4.2294103266e-05 1.2895540268e+04 1.5707963268e+00 -5.4944891079e-01
4.2560089932e-05 1.2894837295e+04 1.5707963268e+00 -5.5290250896e-01
4.2826108544e-05 1.2894129442e+04 1.5707963268e+00 -5.5635648367e-01
4.3092159337e-05 1.2893416700e+04 1.5707963268e+00 -5.5981083758e-01
4.3358242543e-05 1.2892699058e+04 1.5707963268e+00 -5.6326557338e-01
4.3624358397e-05 1.2891976509e+04 1.5707963268e+00 -5.6672069376e-01
4.3890507134e-05 1.2891249041e+04 1.5707963268e+00 -5.7017620142e-01
4.4156688989e-05 1.2890516645e+04 1.5707963268e+00 -5.7363209904e-01
4.4422904200e-05 1.2889779311e+04 1.5707963268e+00 -5.7708838935e-01
4.4689153003e-05 1.2889037030e+04 1.5707963268e+00 -5.8054507506e-01
4.4955435635e-05 1.2888289791e+04 1.5707963268e+00 -5.8400215889e-01
4.5221752336e-05 1.2887537585e+04 1.5707963268e+00 -5.8745964356e-01
4.5488103345e-05 1.2886780401e+04 1.5707963268e+00 -5.9091753182e-01
4.5754488902e-05 1.2886018229e+04 1.5707963268e+00 -5.9437582640e-01
4.6020909247e-05 1.2885251059e+04 1.5707963268e+00 -5.9783453005e-01
4.6287364622e-05 1.2884478881e+04 1.5707963268e+00 -6.0129364553e-01
4.6553855268e-05 1.2883701684e+04 1.5707963268e+00 -6.0475317560e-01
4.6820381430e-05 1.2882919459e+04 1.5707963268e+00 -6.0821312304e-01
4.7086943350e-05 1.2882132193e+04 1.5707963268e+00 -6.1167349061e-01
4.7353541273e-05 1.2881339877e+04 1.5707963268e+00 -6.1513428110e-01
4.7620175444e-05 1.2880542501e+04 1.5707963268e+00 -6.1859549730e-01
4.7886846109e-05 1.2879740053e+04 1.5707963268e+00 -6.2205714201e-01
4.8153553515e-05 1.2878932522e+04 1.5707963268e+00 -6.2551921804e-01
4.8420297909e-05 1.2878119898e+04 1.5707963268e+00 -6.2898172819e-01
4.8687079540e-05 1.2877302170e+04 1.5707963268e+00 -6.3244467530e-01
4.8953898656e-05 1.2876479327e+04 1.5707963268e+00 -6.3590806218e-01
4.9220755508e-05 1.2875651357e+04 1.5707963268e+00 -6.3937189168e-01
4.9487650346e-05 1.2874818249e+04 1.5707963268e+00 -6.4283616663e-01
4.9754583421e-05 1.2873979993e+04 1.5707963268e+00 -6.4630088988e-01
5.0021554987e-05 1.2873136577e+04 1.5707963268e+00 -6.4976606430e-01
5.0288565296e-05 1.2872287989e+04 1.5707963268e+00 -6.5323169275e-01
5.0555614602e-05 1.2871434218e+04 1.5707963268e+00 -6.5669777810e-01
5.0822703160e-05 1.2870575252e+04 1.5707963268e+00 -6.6016432324e-01
5.1089831226e-05 1.2869711080e+04 1.5707963268e+00 -6.6363133105e-01
5.1356999056e-05 1.2868841690e+04 1.5707963268e+00 -6.6709880444e-01
5.1624206908e-05 1.2867967071e+04 1.5707963268e+00 -6.7056674630e-01
5.1891455039e-05 1.2867087210e+04 1.5707963268e+00 -6.7403515955e-01
5.2158743709e-05 1.2866202095e+04 1.5707963268e+00 -6.7750404712e-01
5.2426073179e-05 1.2865311715e+04 1.5707963268e+00 -6.8097341192e-01
5.2693443708e-05 1.2864416057e+04 1.5707963268e+00 -6.8444325692e-01
5.2960855559e-05 1.2863515109e+04 1.5707963268e+00 -6.8791358503e-01
5.3228308994e-05 1.2862608859e+04 1.5707963268e+00 -6.9138439923e-01
5.3495804277e-05 1.2861697295e+04 1.5707963268e+00 -6.9485570248e-01
5.3763341673e-05 1.2860780404e+04 1.5707963268e+00 -6.9832749774e-01
5.4030921446e-05 1.2859858173e+04 1.5707963268e+00 -7.0179978801e-01
5.4298543864e-05 1.2858930591e+04 1.5707963268e+00 -7.0527257626e-01
5.4566209193e-05 1.2857997644e+04 1.5707963268e+00 -7.0874586549e-01
5.4833917702e-05 1.2857059320e+04 1.5707963268e+00 -7.1221965872e-01
5.5101669661e-05 1.2856115605e+04 1.5707963268e+00 -7.1569395895e-01
5.5369465338e-05 1.2855166488e+04 1.5707963268e+00 -7.1916876921e-01
5.5637305006e-05 1.2854211954e+04 1.5707963268e+00 -7.2264409254e-01
5.5905188936e-05 1.2853251992e+04 1.5707963268e+00 -7.2611993197e-01
5.6173117401e-05 1.2852286587e+04 1.5707963268e+00 -7.2959629056e-01
5.6441090676e-05 1.2851315727e+04 1.5707963268e+00 -7.3307317136e-01
5.6709109036e-05 1.2850339398e+04 1.5707963268e+00 -7.3655057746e-01
5.6977172756e-05 1.2849357588e+04 1.5707963268e+00 -7.4002851191e-01
5.7245282114e-05 1.2848370281e+04 1.5707963268e+00 -7.4350697782e-01
5.7513437388e-05 1.2847377465e+04 1.5707963268e+00 -7.4698597828e-01
5.7781638856e-05 1.2846379127e+04 1.5707963268e+00 -7.5046551640e-01
5.8049886800e-05 1.2845375252e+04 1.5707963268e+00 -7.5394559529e-01
5.8318181501e-05 1.2844365827e+04 1.5707963268e+00 -7.5742621808e-01
5.8586523239e-05 1.2843350837e+04 1.5707963268e+00 -7.6090738790e-01
5.8854912300e-05 1.2842330270e+04 1.5707963268e+00 -7.6438910790e-01
5.9123348967e-05 1.2841304110e+04 1.5707963268e+00 -7.6787138123e-01
5.9391833526e-05 1.2840272344e+04 1.5707963268e+00 -7.7135421107e-01
5.9660366263e-05 1.2839234957e+04 1.5707963268e+00 -7.7483760057e-01
5.9928947466e-05 1.2838191935e+04 1.5707963268e+00 -7.7832155294e-01
6.0197577423e-05 1.2837143264e+04 1.5707963268e+00 -7.8180607135e-01
6.0466256425e-05 1.2836088929e+04 1.5707963268e+00 -7.8529115903e-01
6.0734984763e-05 1.2835028915e+04 1.5707963268e+00 -7.8877681917e-01
6.1003762728e-05 1.2833963209e+04 1.5707963268e+00 -7.9226305501e-01
6.1272590613e-05 1.2832891795e+04 1.5707963268e+00 -7.9574986979e-01
6.1541468714e-05 1.2831814657e+04 1.5707963268e+00 -7.9923726674e-01
6.1810397325e-05 1.2830731783e+04 1.5707963268e+00 -8.0272524912e-01
6.2079376744e-05 1.2829643155e+04 1.5707963268e+00 -8.0621382021e-01
6.2348407268e-05 1.2828548760e+04 1.5707963268e+00 -8.0970298327e-01
6.2617489196e-05 1.2827448582e+04 1.5707963268e+00 -8.1319274160e-01
6.2886622828e-05 1.2826342605e+04 1.5707963268e+00 -8.1668309849e-01
6.3155808466e-05 1.2825230815e+04 1.5707963268e+00 -8.2017405726e-01
6.3425046412e-05 1.2824113195e+04 1.5707963268e+00 -8.2366562122e-01
6.3694336970e-05 1.2822989731e+04 1.5707963268e+00 -8.2715779371e-01
6.3963680446e-05 1.2821860407e+04 1.5707963268e+00 -8.3065057806e-01
6.4233077145e-05 1.2820725206e+04 1.5707963268e+00 -8.3414397764e-01
6.4502527375e-05 1.2819584113e+04 1.5707963268e+00 -8.3763799580e-01
6.4772031445e-05 1.2818437113e+04 1.5707963268e+00 -8.4113263592e-01
6.5041589664e-05 1.2817284188e+04 1.5707963268e+00 -8.4462790139e-01
6.5311202345e-05 1.2816125324e+04 1.5707963268e+00 -8.4812379561e-01
6.5580869799e-05 1.2814960503e+04 1.5707963268e+00 -8.5162032199e-01
6.5850592340e-05 1.2813789709e+04 1.5707963268e+00 -8.5511748394e-01
6.6120370284e-05 1.2812612926e+04 1.5707963268e+00 -8.5861528491e-01
6.6390203948e-05 1.2811430138e+04 1.5707963268e+00 -8.6211372833e-01
6.6660093648e-05 1.2810241328e+04 1.5707963268e+00 -8.6561281766e-01
6.6930039704e-05 1.2809046478e+04 1.5707963268e+00 -8.6911255638e-01
6.7200042437e-05 1.2807845573e+04 1.5707963268e+00 -8.7261294796e-01
6.7470102168e-05 1.2806638596e+04 1.5707963268e+00 -8.7611399589e-01
6.7740219220e-05 1.2805425529e+04 1.5707963268e+00 -8.7961570369e-01
6.8010393918e-05 1.2804206355e+04 1.5707963268e+00 -8.8311807486e-01
6.8280626588e-05 1.2802981058e+04 1.5707963268e+00 -8.8662111293e-01
6.8550917558e-05 1.2801749619e+04 1.5707963268e+00 -8.9012482145e-01
6.8821267155e-05 1.2800512022e+04 1.5707963268e+00 -8.9362920397e-01
6.9091675710e-05 1.2799268249e+04 1.5707963268e+00 -8.9713426405e-01
6.9362143555e-05 1.2798018282e+04 1.5707963268e+00 -9.0064000528e-01
6.9632671022e-05 1.2796762104e+04 1.5707963268e+00 -9.0414643124e-01
6.9903258446e-05 1.2795499697e+04 1.5707963268e+00 -9.0765354555e-01
7.0173906162e-05 1.2794231043e+04 1.5707963268e+00 -9.1116135181e-01
7.0444614509e-05 1.2792956124e+04 1.5707963268e+00 -9.1466985366e-01
7.0715383825e-05 1.2791674922e+04 1.5707963268e+00 -9.1817905474e-01
7.0986214449e-05 1.2790387419e+04 1.5707963268e+00 -9.2168895870e-01
7.1257106725e-05 1.2789093597e+04 1.5707963268e+00 -9.2519956922e-01
7.1528060995e-05 1.2787793436e+04 1.5707963268e+00 -9.2871088998e-01
7.1799077604e-05 1.2786486919e+04 1.5707963268e+00 -9.3222292467e-01
7.2070156898e-05 1.2785174027e+04 1.5707963268e+00 -9.3573567701e-01
7.2341299226e-05 1.2783854741e+04 1.5707963268e+00 -9.3924915071e-01
7.2612504936e-05 1.2782529043e+04 1.5707963268e+00 -9.4276334951e-01
7.2883774381e-05 1.2781196912e+04 1.5707963268e+00 -9.4627827716e-01
7.3155107911e-05 1.2779858332e+04 1.5707963268e+00 -9.4979393743e-01
7.3426505882e-05 1.2778513282e+04 1.5707963268e+00 -9.5331033409e-01
7.3697968650e-05 1.2777161742e+04 1.5707963268e+00 -9.5682747094e-01
7.3969496571e-05 1.2775803694e+04 1.5707963268e+00 -9.6034535178e-01
7.4241090005e-05 1.2774439119e+04 1.5707963268e+00 -9.6386398043e-01
7.4512749313e-05 1.2773067996e+04 1.5707963268e+00 -9.6738336072e-01
7.4784474856e-05 1.2771690306e+04 1.5707963268e+00 -9.7090349651e-01
7.5056266999e-05 1.2770306029e+04 1.5707963268e+00 -9.7442439166e-01
7.5328126108e-05 1.2768915145e+04 1.5707963268e+00 -9.7794605003e-01
7.5600052550e-05 1.2767517635e+04 1.5707963268e+00 -9.8146847554e-01
7.5872046693e-05 1.2766113477e+04 1.5707963268e+00 -9.8499167208e-01
7.6144108910e-05 1.2764702652e+04 1.5707963268e+00 -9.8851564357e-01
7.6416239571e-05 1.2763285140e+04 1.5707963268e+00 -9.9204039395e-01
7.6688439052e-05 1.2761860920e+04 1.5707963268e+00 -9.9556592718e-01
7.6960707729e-05 1.2760429970e+04 1.5707963268e+00 -9.9909224721e-01
7.7233045979e-05 1.2758992272e+04 1.5707963268e+00 -1.0026193580e+00
7.7505454182e-05 1.2757547803e+04 1.5707963268e+00 -1.0061472637e+00
7.7777932720e-05 1.2756096543e+04 1.5707963268e+00 -1.0096759681e+00
7.8050481975e-05 1.2754638471e+04 1.5707963268e+00 -1.0132054753e+00
7.8323102332e-05 1.2753173566e+04 1.5707963268e+00 -1.0167357894e+00
7.8595794179e-05 1.2751701806e+04 1.5707963268e+00 -1.0202669145e+00
7.8868557904e-05 1.2750223170e+04 1.5707963268e+00 -1.0237988545e+00
7.9141393897e-05 1.2748737636e+04 1.5707963268e+00 -1.0273316137e+00
7.9414302552e-05 1.2747245184e+04 1.5707963268e+00 -1.0308651961e+00
7.9687284262e-05 1.2745745790e+04 1.5707963268e+00 -1.0343996058e+00
7.9960339424e-05 1.2744239433e+04 1.5707963268e+00 -1.0379348469e+00
8.0233468435e-05 1.2742726091e+04 1.5707963268e+00 -1.0414709237e+00
8.0506671697e-05 1.2741205743e+04 1.5707963268e+00 -1.0450078403e+00
8.0779949611e-05 1.2739678365e+04 1.5707963268e+00 -1.0485456009e+00
8.1053302581e-05 1.2738143936e+04 1.5707963268e+00 -1.0520842096e+00
8.1326731014e-05 1.2736602432e+04 1.5707963268e+00 -1.0556236708e+00
8.1600235316e-05 1.2735053831e+04 1.5707963268e+00 -1.0591639887e+00
8.1873815899e-05 1.2733498112e+04 1.5707963268e+00 -1.0627051674e+00
8.2147473175e-05 1.2731935249e+04 1.5707963268e+00 -1.0662472113e+00
8.2421207557e-05 1.2730365222e+04 1.5707963268e+00 -1.0697901247e+00
8.2695019462e-05 1.2728788005e+04 1.5707963268e+00 -1.0733339119e+00
8.2968909308e-05 1.2727203578e+04 1.5707963268e+00 -1.0768785772e+00
8.3242877515e-05 1.2725611914e+04 1.5707963268e+00 -1.0804241250e+00
8.3516924507e-05 1.2724012993e+04 1.5707963268e+00 -1.0839705595e+00
8.3791050707e-05 1.2722406789e+04 1.5707963268e+00 -1.0875178853e+00
8.4065256542e-05 1.2720793279e+04 1.5707963268e+00 -1.0910661066e+00
8.4339542442e-05 1.2719172438e+04 1.5707963268e+00 -1.0946152279e+00
8.4613908838e-05 1.2717544244e+04 1.5707963268e+00 -1.0981652537e+00
8.4888356162e-05 1.2715908672e+04 1.5707963268e+00 -1.1017161884e+00
8.5162884850e-05 1.2714265697e+04 1.5707963268e+00 -1.1052680364e+00
8.5437495341e-05 1.2712615296e+04 1.5707963268e+00 -1.1088208022e+00
8.5712188074e-05 1.2710957443e+04 1.5707963268e+00 -1.1123744904e+00
8.5986963491e-05 1.2709292113e+04 1.5707963268e+00 -1.1159291055e+00
8.6261822037e-05 1.2707619283e+04 1.5707963268e+00 -1.1194846520e+00
8.6536764159e-05 1.2705938927e+04 1.5707963268e+00 -1.1230411345e+00
8.6811790306e-05 1.2704251020e+04 1.5707963268e+00 -1.1265985575e+00
8.7086900929e-05 1.2702555536e+04 1.5707963268e+00 -1.1301569257e+00
8.7362096483e-05 1.2700852450e+04 1.5707963268e+00 -1.1337162437e+00
8.7637377424e-05 1.2699141738e+04 1.5707963268e+00 -1.1372765161e+00
8.7912744210e-05 1.2697423372e+04 1.5707963268e+00 -1.1408377476e+00
8.8188197302e-05 1.2695697328e+04 1.5707963268e+00 -1.1443999428e+00
8.8463737165e-05 1.2693963579e+04 1.5707963268e+00 -1.1479631066e+00
8.8739364264e-05 1.2692222099e+04 1.5707963268e+00 -1.1515272435e+00
8.9015079066e-05 1.2690472862e+04 1.5707963268e+00 -1.1550923583e+00
8.9290882045e-05 1.2688715842e+04 1.5707963268e+00 -1.1586584558e+00
8.9566773672e-05 1.2686951011e+04 1.5707963268e+00 -1.1622255408e+00
8.9842754424e-05 1.2685178345e+04 1.5707963268e+00 -1.1657936181e+00
9.0118824779e-05 1.2683397814e+04 1.5707963268e+00 -1.1693626924e+00
9.0394985219e-05 1.2681609394e+04 1.5707963268e+00 -1.1729327687e+00
9.0671236226e-05 1.2679813056e+04 1.5707963268e+00 -1.1765038518e+00
9.0947578288e-05 1.2678008773e+04 1.5707963268e+00 -1.1800759465e+00
9.1224011894e-05 1.2676196518e+04 1.5707963268e+00 -1.1836490579e+00
9.1500537535e-05 1.2674376263e+04 1.5707963268e+00 -1.1872231907e+00
9.1777155705e-05 1.2672547981e+04 1.5707963268e+00 -1.1907983501e+00
9.2053866901e-05 1.2670711644e+04 1.5707963268e+00 -1.1943745408e+00
9.2330671623e-05 1.2668867223e+04 1.5707963268e+00 -1.1979517680e+00
9.2607570374e-05 1.2667014691e+04 1.5707963268e+00 -1.2015300366e+00
9.2884563658e-05 1.2665154018e+04 1.5707963268e+00 -1.2051093517e+00
9.3161651985e-05 1.2663285178e+04 1.5707963268e+00 -1.2086897184e+00
9.3438835864e-05 1.2661408141e+04 1.5707963268e+00 -1.2122711416e+00
9.3716115809e-05 1.2659522878e+04 1.5707963268e+00 -1.2158536266e+00
9.3993492337e-05 1.2657629360e+04 1.5707963268e+00 -1.2194371785e+00
9.4270965967e-05 1.2655727558e+04 1.5707963268e+00 -1.2230218023e+00
9.4548537221e-05 1.2653817443e+04 1.5707963268e+00 -1.2266075033e+00
9.4826206626e-05 1.2651898986e+04 1.5707963268e+00 -1.2301942867e+00
9.5103974708e-05 1.2649972157e+04 1.5707963268e+00 -1.2337821577e+00
9.5381842000e-05 1.2648036926e+04 1.5707963268e+00 -1.2373711215e+00
9.5659809035e-05 1.2646093263e+04 1.5707963268e+00 -1.2409611835e+00
9.5937876350e-05 1.2644141138e+04 1.5707963268e+00 -1.2445523488e+00
9.6216044486e-05 1.2642180521e+04 1.5707963268e+00 -1.2481446228e+00
9.6494313987e-05 1.2640211381e+04 1.5707963268e+00 -1.2517380109e+00
9.6772685398e-05 1.2638233688e+04 1.5707963268e+00 -1.2553325183e+00
9.7051159269e-05 1.2636247411e+04 1.5707963268e+00 -1.2589281506e+00
9.7329736153e-05 1.2634252520e+04 1.5707963268e+00 -1.2625249131e+00
9.7608416606e-05 1.2632248982e+04 1.5707963268e+00 -1.2661228112e+00
9.7887201187e-05 1.2630236768e+04 1.5707963268e+00 -1.2697218505e+00
9.8166090459e-05 1.2628215844e+04 1.5707963268e+00 -1.2733220363e+00
9.8445084986e-05 1.2626186181e+04 1.5707963268e+00 -1.2769233742e+00
9.8724185338e-05 1.2624147745e+04 1.5707963268e+00 -1.2805258698e+00
9.9003392087e-05 1.2622100505e+04 1.5707963268e+00 -1.2841295286e+00
9.9282705809e-05 1.2620044429e+04 1.5707963268e+00 -1.2877343562e+00
9.9562127083e-05 1.2617979485e+04 1.5707963268e+00 -1.2913403582e+00
9.9841656490e-05 1.2615905640e+04 1.5707963268e+00 -1.2949475403e+00
1.0012129462e-04 1.2613822860e+04 1.5707963268e+00 -1.2985559081e+00
1.0040104205e-04 1.2611731115e+04 1.5707963268e+00 -1.3021654673e+00
1.0068089939e-04 1.2609630370e+04 1.5707963268e+00 -1.3057762236e+00
1.0096086723e-04 1.2607520592e+04 1.5707963268e+00 -1.3093881829e+00
1.0124094616e-04 1.2605401748e+04 1.5707963268e+00 -1.3130013508e+00
1.0152113680e-04 1.2603273804e+04 1.5707963268e+00 -1.3166157332e+00
1.0180143974e-04 1.2601136726e+04 1.5707963268e+00 -1.3202313359e+00
1.0208185560e-04 1.2598990481e+04 1.5707963268e+00 -1.3238481648e+00
1.0236238500e-04 1.2596835034e+04 1.5707963268e+00 -1.3274662257e+00
1.0264302854e-04 1.2594670352e+04 1.5707963268e+00 -1.3310855245e+00
1.0292378686e-04 1.2592496398e+04 1.5707963268e+00 -1.3347060673e+00
1.0320466058e-04 1.2590313139e+04 1.5707963268e+00 -1.3383278600e+00
1.0348565032e-04 1.2588120540e+04 1.5707963268e+00 -1.3419509085e+00
1.0376675673e-04 1.2585918566e+04 1.5707963268e+00 -1.3455752189e+00
1.0404798043e-04 1.2583707181e+04 1.5707963268e+00 -1.3492007973e+00
1.0432932208e-04 1.2581486350e+04 1.5707963268e+00 -1.3528276498e+00
1.0461078230e-04 1.2579256037e+04 1.5707963268e+00 -1.3564557824e+00
1.0489236176e-04 1.2577016206e+04 1.5707963268e+00 -1.3600852013e+00
1.0517406110e-04 1.2574766821e+04 1.5707963268e+00 -1.3637159127e+00
1.0545588099e-04 1.2572507846e+04 1.5707963268e+00 -1.3673479228e+00
1.0573782208e-04 1.2570239244e+04 1.5707963268e+00 -1.3709812379e+00
1.0601988504e-04 1.2567960978e+04 1.5707963268e+00 -1.3746158641e+00
1.0630207053e-04 1.2565673013e+04 1.5707963268e+00 -1.3782518079e+00
1.0658437924e-04 1.2563375309e+04 1.5707963268e+00 -1.3818890755e+00
1.0686681183e-04 1.2561067831e+04 1.5707963268e+00 -1.3855276732e+00
1.0714936899e-04 1.2558750541e+04 1.5707963268e+00 -1.3891676076e+00
1.0743205141e-04 1.2556423400e+04 1.5707963268e+00 -1.3928088849e+00
1.0771485978e-04 1.2554086371e+04 1.5707963268e+00 -1.3964515117e+00
1.0799779479e-04 1.2551739416e+04 1.5707963268e+00 -1.4000954945e+00
1.0828085714e-04 1.2549382496e+04 1.5707963268e+00 -1.4037408397e+00
1.0856404753e-04 1.2547015572e+04 1.5707963268e+00 -1.4073875540e+00
1.0884736668e-04 1.2544638607e+04 1.5707963268e+00 -1.4110356438e+00
1.0913081529e-04 1.2542251560e+04 1.5707963268e+00 -1.4146851159e+00
1.0941439408e-04 1.2539854393e+04 1.5707963268e+00 -1.4183359769e+00
1.0969810378e-04 1.2537447065e+04 1.5707963268e+00 -1.4219882334e+00
1.0998194511e-04 1.2535029538e+04 1.5707963268e+00 -1.4256418921e+00
1.1026591881e-04 1.2532601771e+04 1.5707963268e+00 -1.4292969600e+00
1.1055002560e-04 1.2530163724e+04 1.5707963268e+00 -1.4329534436e+00
1.1083426623e-04 1.2527715357e+04 1.5707963268e+00 -1.4366113499e+00
1.1111864145e-04 1.2525256629e+04 1.5707963268e+00 -1.4402706856e+00
1.1140315200e-04 1.2522787500e+04 1.5707963268e+00 -1.4439314578e+00
1.1168779864e-04 1.2520307927e+04 1.5707963268e+00 -1.4475936732e+00
1.1197258213e-04 1.2517817871e+04 1.5707963268e+00 -1.4512573390e+00
1.1225750324e-04 1.2515317288e+04 1.5707963268e+00 -1.4549224620e+00
1.1254256274e-04 1.2512806138e+04 1.5707963268e+00 -1.4585890493e+00
1.1282776140e-04 1.2510284378e+04 1.5707963268e+00 -1.4622571080e+00
1.1311310000e-04 1.2507751967e+04 1.5707963268e+00 -1.4659266451e+00
1.1339857933e-04 1.2505208861e+04 1.5707963268e+00 -1.4695976679e+00
1.1368420019e-04 1.2502655018e+04 1.5707963268e+00 -1.4732701835e+00
1.1396996335e-04 1.2500090395e+04 1.5707963268e+00 -1.4769441991e+00
1.1425586964e-04 1.2497514948e+04 1.5707963268e+00 -1.4806197220e+00
1.1454191985e-04 1.2494928635e+04 1.5707963268e+00 -1.4842967594e+00
1.1482811480e-04 1.2492331411e+04 1.5707963268e+00 -1.4879753187e+00
1.1511445530e-04 1.2489723232e+04 1.5707963268e+00 -1.4916554073e+00
1.1540094218e-04 1.2487104054e+04 1.5707963268e+00 -1.4953370326e+00
1.1568757628e-04 1.2484473833e+04 1.5707963268e+00 -1.4990202020e+00
1.1597435841e-04 1.2481832524e+04 1.5707963268e+00 -1.5027049231e+00
1.1626128943e-04 1.2479180081e+04 1.5707963268e+00 -1.5063912032e+00
1.1654837018e-04 1.2476516460e+04 1.5707963268e+00 -1.5100790501e+00
1.1683560151e-04 1.2473841615e+04 1.5707963268e+00 -1.5137684712e+00
1.1712298428e-04 1.2471155500e+04 1.5707963268e+00 -1.5174594743e+00
1.1741051935e-04 1.2468458069e+04 1.5707963268e+00 -1.5211520671e+00
1.1769820760e-04 1.2465749276e+04 1.5707963268e+00 -1.5248462572e+00
1.1798604989e-04 1.2463029073e+04 1.5707963268e+00 -1.5285420524e+00
1.1827404712e-04 1.2460297415e+04 1.5707963268e+00 -1.5322394607e+00
1.1856220016e-04 1.2457554254e+04 1.5707963268e+00 -1.5359384897e+00
1.1885050992e-04 1.2454799543e+04 1.5707963268e+00 -1.5396391474e+00
1.1913897730e-04 1.2452033234e+04 1.5707963268e+00 -1.5433414417e+00
1.1942760319e-04 1.2449255278e+04 1.5707963268e+00 -1.5470453807e+00
1.1971638852e-04 1.2446465628e+04 1.5707963268e+00 -1.5507509723e+00
1.2000533420e-04 1.2443664235e+04 1.5707963268e+00 -1.5544582246e+00
1.2029444117e-04 1.2440851051e+04 1.5707963268e+00 -1.5581671457e+00
1.2058371034e-04 1.2438026026e+04 1.5707963268e+00 -1.5618777438e+00
1.2087314267e-04 1.2435189110e+04 1.5707963268e+00 -1.5655900271e+00
1.2116273909e-04 1.2432340254e+04 1.5707963268e+00 -1.5693040038e+00
1.2145250057e-04 1.2429479409e+04 1.5707963268e+00 -1.5730196823e+00
1.2174242806e-04 1.2426606523e+04 1.5707963268e+00 -1.5767370708e+00
1.2203252253e-04 1.2423721547e+04 1.5707963268e+00 -1.5804561777e+00
1.2232278494e-04 1.2420824428e+04 1.5707963268e+00 -1.5841770115e+00
1.2261321629e-04 1.2417915117e+04 1.5707963268e+00 -1.5878995806e+00
1.2290381756e-04 1.2414993562e+04 1.5707963268e+00 -1.5916238936e+00
1.2319458975e-04 1.2412059710e+04 1.5707963268e+00 -1.5953499590e+00
1.2348553385e-04 1.2409113510e+04 1.5707963268e+00 -1.5990777855e+00
1.2377665088e-04 1.2406154909e+04 1.5707963268e+00 -1.6028073817e+00
1.2406794185e-04 1.2403183855e+04 1.5707963268e+00 -1.6065387563e+00
1.2435940779e-04 1.2400200295e+04 1.5707963268e+00 -1.6102719182e+00
1.2465104974e-04 1.2397204174e+04 1.5707963268e+00 -1.6140068760e+00
1.2494286872e-04 1.2394195441e+04 1.5707963268e+00 -1.6177436387e+00
1.2523486579e-04 1.2391174040e+04 1.5707963268e+00 -1.6214822152e+00
1.2552704200e-04 1.2388139917e+04 1.5707963268e+00 -1.6252226144e+00
1.2581939841e-04 1.2385093018e+04 1.5707963268e+00 -1.6289648454e+00
1.2611193611e-04 1.2382033287e+04 1.5707963268e+00 -1.6327089173e+00
1.2640465616e-04 1.2378960670e+04 1.5707963268e+00 -1.6364548390e+00
1.2669755965e-04 1.2375875110e+04 1.5707963268e+00 -1.6402026199e+00
1.2699064768e-04 1.2372776553e+04 1.5707963268e+00 -1.6439522691e+00
1.2728392135e-04 1.2369664940e+04 1.5707963268e+00 -1.6477037959e+00
1.2757738177e-04 1.2366540217e+04 1.5707963268e+00 -1.6514572097e+00
1.2787103007e-04 1.2363402325e+04 1.5707963268e+00 -1.6552125197e+00
1.2816486737e-04 1.2360251208e+04 1.5707963268e+00 -1.6589697355e+00
1.2845889482e-04 1.2357086808e+04 1.5707963268e+00 -1.6627288666e+00
1.2875311355e-04 1.2353909067e+04 1.5707963268e+00 -1.6664899224e+00
1.2904752472e-04 1.2350717926e+04 1.5707963268e+00 -1.6702529126e+00
1.2934212950e-04 1.2347513326e+04 1.5707963268e+00 -1.6740178468e+00
1.2963692905e-04 1.2344295210e+04 1.5707963268e+00 -1.6777847348e+00
1.2993192457e-04 1.2341063516e+04 1.5707963268e+00 -1.6815535863e+00
1.3022711724e-04 1.2337818186e+04 1.5707963268e+00 -1.6853244112e+00
1.3052250826e-04 1.2334559159e+04 1.5707963268e+00 -1.6890972193e+00
1.3081809885e-04 1.2331286374e+04 1.5707963268e+00 -1.6928720205e+00
1.3111389022e-04 1.2327999771e+04 1.5707963268e+00 -1.6966488250e+00
1.3140988360e-04 1.2324699289e+04 1.5707963268e+00 -1.7004276426e+00
1.3170608023e-04 1.2321384865e+04 1.5707963268e+00 -1.7042084836e+00
1.3200248136e-04 1.2318056438e+04 1.5707963268e+00 -1.7079913582e+00
1.3229908825e-04 1.2314713945e+04 1.5707963268e+00 -1.7117762765e+00
1.3259590217e-04 1.2311357323e+04 1.5707963268e+00 -1.7155632488e+00
1.3289292438e-04 1.2307986509e+04 1.5707963268e+00 -1.7193522856e+00
1.3319015620e-04 1.2304601440e+04 1.5707963268e+00 -1.7231433973e+00
1.3348759890e-04 1.2301202052e+04 1.5707963268e+00 -1.7269365943e+00
1.3378525381e-04 1.2297788279e+04 1.5707963268e+00 -1.7307318872e+00
1.3408312224e-04 1.2294360058e+04 1.5707963268e+00 -1.7345292865e+00
1.3438120552e-04 1.2290917323e+04 1.5707963268e+00 -1.7383288031e+00
1.3467950500e-04 1.2287460008e+04 1.5707963268e+00 -1.7421304476e+00
1.3497802202e-04 1.2283988048e+04 1.5707963268e+00 -1.7459342308e+00
1.3527675796e-04 1.2280501376e+04 1.5707963268e+00 -1.7497401637e+00
1.3557571418e-04 1.2276999925e+04 1.5707963268e+00 -1.7535482570e+00
1.3587489207e-04 1.2273483627e+04 1.5707963268e+00 -1.7573585219e+00
1.3617429303e-04 1.2269952416e+04 1.5707963268e+00 -1.7611709695e+00
1.3647391848e-04 1.2266406223e+04 1.5707963268e+00 -1.7649856108e+00
1.3677376982e-04 1.2262844979e+04 1.5707963268e+00 -1.7688024571e+00
1.3707384849e-04 1.2259268616e+04 1.5707963268e+00 -1.7726215196e+00
1.3737415594e-04 1.2255677063e+04 1.5707963268e+00 -1.7764428097e+00
1.3767469362e-04 1.2252070252e+04 1.5707963268e+00 -1.7802663389e+00
1.3797546300e-04 1.2248448112e+04 1.5707963268e+00 -1.7840921185e+00
1.3827646557e-04 1.2244810571e+04 1.5707963268e+00 -1.7879201602e+00
1.3857770281e-04 1.2241157559e+04 1.5707963268e+00 -1.7917504757e+00
1.3887917623e-04 1.2237489005e+04 1.5707963268e+00 -1.7955830765e+00
1.3918088736e-04 1.2233804835e+04 1.5707963268e+00 -1.7994179745e+00
1.3948283771e-04 1.2230104978e+04 1.5707963268e+00 -1.8032551816e+00
1.3978502885e-04 1.2226389360e+04 1.5707963268e+00 -1.8070947096e+00
1.4008746232e-04 1.2222657908e+04 1.5707963268e+00 -1.8109365706e+00
1.4039013970e-04 1.2218910547e+04 1.5707963268e+00 -1.8147807766e+00
1.4069306258e-04 1.2215147204e+04 1.5707963268e+00 -1.8186273398e+00
1.4099623254e-04 1.2211367803e+04 1.5707963268e+00 -1.8224762725e+00
1.4129965122e-04 1.2207572269e+04 1.5707963268e+00 -1.8263275869e+00
1.4160332022e-04 1.2203760525e+04 1.5707963268e+00 -1.8301812954e+00
1.4190724119e-04 1.2199932496e+04 1.5707963268e+00 -1.8340374106e+00
1.4221141580e-04 1.2196088105e+04 1.5707963268e+00 -1.8378959448e+00
1.4251584570e-04 1.2192227273e+04 1.5707963268e+00 -1.8417569109e+00
1.4282053258e-04 1.2188349924e+04 1.5707963268e+00 -1.8456203214e+00
1.4312547814e-04 1.2184455978e+04 1.5707963268e+00 -1.8494861892e+00
1.4343068410e-04 1.2180545357e+04 1.5707963268e+00 -1.8533545271e+00
1.4373615218e-04 1.2176617981e+04 1.5707963268e+00 -1.8572253482e+00
1.4404188414e-04 1.2172673770e+04 1.5707963268e+00 -1.8610986653e+00
1.4434788172e-04 1.2168712643e+04 1.5707963268e+00 -1.8649744918e+00
1.4465414672e-04 1.2164734520e+04 1.5707963268e+00 -1.8688528407e+00
1.4496068091e-04 1.2160739319e+04 1.5707963268e+00 -1.8727337254e+00
1.4526748611e-04 1.2156726957e+04 1.5707963268e+00 -1.8766171592e+00
1.4557456415e-04 1.2152697353e+04 1.5707963268e+00 -1.8805031557e+00
1.4588191686e-04 1.2148650422e+04 1.5707963268e+00 -1.8843917284e+00
1.4618954610e-04 1.2144586081e+04 1.5707963268e+00 -1.8882828909e+00
1.4649745376e-04 1.2140504245e+04 1.5707963268e+00 -1.8921766570e+00
1.4680564171e-04 1.2136404830e+04 1.5707963268e+00 -1.8960730405e+00
1.4711411187e-04 1.2132287751e+04 1.5707963268e+00 -1.8999720553e+00
1.4742286618e-04 1.2128152920e+04 1.5707963268e+00 -1.9038737155e+00
1.4773190657e-04 1.2124000251e+04 1.5707963268e+00 -1.9077780352e+00
1.4804123500e-04 1.2119829658e+04 1.5707963268e+00 -1.9116850286e+00
1.4835085347e-04 1.2115641051e+04 1.5707963268e+00 -1.9155947099e+00
1.4866076397e-04 1.2111434344e+04 1.5707963268e+00 -1.9195070935e+00
1.4897096851e-04 1.2107209446e+04 1.5707963268e+00 -1.9234221941e+00
1.4928146915e-04 1.2102966268e+04 1.5707963268e+00 -1.9273400261e+00
1.4959226792e-04 1.2098704721e+04 1.5707963268e+00 -1.9312606042e+00
1.4990336692e-04 1.2094424712e+04 1.5707963268e+00 -1.9351839433e+00
1.5021476824e-04 1.2090126150e+04 1.5707963268e+00 -1.9391100582e+00
1.5052647399e-04 1.2085808944e+04 1.5707963268e+00 -1.9430389639e+00
1.5083848631e-04 1.2081473001e+04 1.5707963268e+00 -1.9469706755e+00
1.5115080736e-04 1.2077118227e+04 1.5707963268e+00 -1.9509052082e+00
1.5146343932e-04 1.2072744528e+04 1.5707963268e+00 -1.9548425773e+00
1.5177638439e-04 1.2068351810e+04 1.5707963268e+00 -1.9587827983e+00
1.5208964478e-04 1.2063939976e+04 1.5707963268e+00 -1.9627258865e+00
1.5240322274e-04 1.2059508932e+04 1.5707963268e+00 -1.9666718578e+00
1.5271712053e-04 1.2055058581e+04 1.5707963268e+00 -1.9706207277e+00
1.5303134045e-04 1.2050588824e+04 1.5707963268e+00 -1.9745725121e+00
1.5334588479e-04 1.2046099565e+04 1.5707963268e+00 -1.9785272270e+00
1.5366075589e-04 1.2041590704e+04 1.5707963268e+00 -1.9824848885e+00
1.5397595610e-04 1.2037062142e+04 1.5707963268e+00 -1.9864455126e+00
1.5429148781e-04 1.2032513779e+04 1.5707963268e+00 -1.9904091158e+00
1.5460735341e-04 1.2027945514e+04 1.5707963268e+00 -1.9943757143e+00
1.5492355533e-04 1.2023357246e+04 1.5707963268e+00 -1.9983453248e+00
1.5524009602e-04 1.2018748873e+04 1.5707963268e+00 -2.0023179638e+00
1.5555697796e-04 1.2014120290e+04 1.5707963268e+00 -2.0062936481e+00
1.5587420364e-04 1.2009471396e+04 1.5707963268e+00 -2.0102723946e+00
1.5619177559e-04 1.2004802084e+04 1.5707963268e+00 -2.0142542203e+00
1.5650969636e-04 1.2000112251e+04 1.5707963268e+00 -2.0182391423e+00
1.5682796852e-04 1.1995401790e+04 1.5707963268e+00 -2.0222271778e+00
1.5714659469e-04 1.1990670595e+04 1.5707963268e+00 -2.0262183442e+00
1.5746557749e-04 1.1985918558e+04 1.5707963268e+00 -2.0302126589e+00
1.5778491958e-04 1.1981145570e+04 1.5707963268e+00 -2.0342101396e+00
1.5810462364e-04 1.1976351524e+04 1.5707963268e+00 -2.0382108041e+00
1.5842469238e-04 1.1971536308e+04 1.5707963268e+00 -2.0422146701e+00
1.5874512855e-04 1.1966699814e+04 1.5707963268e+00 -2.0462217558e+00
1.5906593492e-04 1.1961841928e+04 1.5707963268e+00 -2.0502320791e+00
1.5938711428e-04 1.1956962539e+04 1.5707963268e+00 -2.0542456585e+00
1.5970866947e-04 1.1952061535e+04 1.5707963268e+00 -2.0582625122e+00
1.6003060334e-04 1.1947138800e+04 1.5707963268e+00 -2.0622826588e+00
1.6035291878e-04 1.1942194221e+04 1.5707963268e+00 -2.0663061170e+00
1.6067561871e-04 1.1937227681e+04 1.5707963268e+00 -2.0703329057e+00
1.6099870609e-04 1.1932239066e+04 1.5707963268e+00 -2.0743630436e+00
1.6132218389e-04 1.1927228257e+04 1.5707963268e+00 -2.0783965500e+00
1.6164605513e-04 1.1922195136e+04 1.5707963268e+00 -2.0824334440e+00
1.6197032285e-04 1.1917139584e+04 1.5707963268e+00 -2.0864737450e+00
1.6229499014e-04 1.1912061482e+04 1.5707963268e+00 -2.0905174726e+00
1.6262006012e-04 1.1906960708e+04 1.5707963268e+00 -2.0945646464e+00
1.6294553592e-04 1.1901837142e+04 1.5707963268e+00 -2.0986152862e+00
1.6327142074e-04 1.1896690660e+04 1.5707963268e+00 -2.1026694120e+00
1.6359771779e-04 1.1891521140e+04 1.5707963268e+00 -2.1067270438e+00
1.6392443033e-04 1.1886328456e+04 1.5707963268e+00 -2.1107882021e+00
1.6425156164e-04 1.1881112484e+04 1.5707963268e+00 -2.1148529071e+00
1.6457911505e-04 1.1875873097e+04 1.5707963268e+00 -2.1189211795e+00
1.6490709392e-04 1.1870610167e+04 1.5707963268e+00 -2.1229930400e+00
1.6523550167e-04 1.1865323568e+04 1.5707963268e+00 -2.1270685094e+00
1.6556434172e-04 1.1860013169e+04 1.5707963268e+00 -2.1311476089e+00
1.6589361756e-04 1.1854678841e+04 1.5707963268e+00 -2.1352303597e+00
1.6622333271e-04 1.1849320452e+04 1.5707963268e+00 -2.1393167830e+00
1.6655349072e-04 1.1843937870e+04 1.5707963268e+00 -2.1434069006e+00
1.6688409520e-04 1.1838530962e+04 1.5707963268e+00 -2.1475007340e+00
1.6721514978e-04 1.1833099594e+04 1.5707963268e+00 -2.1515983052e+00
1.6754665815e-04 1.1827643631e+04 1.5707963268e+00 -2.1556996363e+00
1.6787862404e-04 1.1822162936e+04 1.5707963268e+00 -2.1598047494e+00
1.6821105122e-04 1.1816657372e+04 1.5707963268e+00 -2.1639136669e+00
1.6854394350e-04 1.1811126801e+04 1.5707963268e+00 -2.1680264115e+00
1.6887730473e-04 1.1805571083e+04 1.5707963268e+00 -2.1721430059e+00
1.6921113883e-04 1.1799990078e+04 1.5707963268e+00 -2.1762634730e+00
1.6954544974e-04 1.1794383644e+04 1.5707963268e+00 -2.1803878360e+00
1.6988024147e-04 1.1788751638e+04 1.5707963268e+00 -2.1845161181e+00
1.7021551805e-04 1.1783093916e+04 1.5707963268e+00 -2.1886483428e+00
1.7055128358e-04 1.1777410335e+04 1.5707963268e+00 -2.1927845339e+00
1.7088754221e-04 1.1771700746e+04 1.5707963268e+00 -2.1969247151e+00
1.7122429812e-04 1.1765965003e+04 1.5707963268e+00 -2.2010689106e+00
1.7156155556e-04 1.1760202958e+04 1.5707963268e+00 -2.2052171446e+00
1.7189931884e-04 1.1754414460e+04 1.5707963268e+00 -2.2093694416e+00
1.7223759228e-04 1.1748599360e+04 1.5707963268e+00 -2.2135258262e+00
1.7257638031e-04 1.1742757504e+04 1.5707963268e+00 -2.2176863232e+00
1.7291568737e-04 1.1736888740e+04 1.5707963268e+00 -2.2218509578e+00
1.7325551798e-04 1.1730992913e+04 1.5707963268e+00 -2.2260197551e+00
1.7359587670e-04 1.1725069867e+04 1.5707963268e+00 -2.2301927407e+00
1.7393676816e-04 1.1719119445e+04 1.5707963268e+00 -2.2343699402e+00
1.7427819704e-04 1.1713141490e+04 1.5707963268e+00 -2.2385513796e+00
1.7462016809e-04 1.1707135840e+04 1.5707963268e+00 -2.2427370848e+00
1.7496268611e-04 1.1701102336e+04 1.5707963268e+00 -2.2469270823e+00
1.7530575596e-04 1.1695040816e+04 1.5707963268e+00 -2.2511213986e+00
1.7564938257e-04 1.1688951115e+04 1.5707963268e+00 -2.2553200605e+00
1.7599357092e-04 1.1682833068e+04 1.5707963268e+00 -2.2595230949e+00
1.7633832607e-04 1.1676686511e+04 1.5707963268e+00 -2.2637305291e+00
1.7668365315e-04 1.1670511274e+04 1.5707963268e+00 -2.2679423906e+00
1.7702955733e-04 1.1664307189e+04 1.5707963268e+00 -2.2721587069e+00
1.7737604386e-04 1.1658074085e+04 1.5707963268e+00 -2.2763795060e+00
1.7772311808e-04 1.1651811791e+04 1.5707963268e+00 -2.2806048161e+00
1.7807078537e-04 1.1645520134e+04 1.5707963268e+00 -2.2848346656e+00
1.7841905120e-04 1.1639198938e+04 1.5707963268e+00 -2.2890690831e+00
1.7876792110e-04 1.1632848028e+04 1.5707963268e+00 -2.2933080975e+00
1.7911740069e-04 1.1626467225e+04 1.5707963268e+00 -2.2975517378e+00
1.7946749565e-04 1.1620056351e+04 1.5707963268e+00 -2.3018000336e+00
1.7981821175e-04 1.1613615225e+04 1.5707963268e+00 -2.3060530145e+00
1.8016955482e-04 1.1607143665e+04 1.5707963268e+00 -2.3103107103e+00
1.8052153079e-04 1.1600641486e+04 1.5707963268e+00 -2.3145731512e+00
1.8087414566e-04 1.1594108504e+04 1.5707963268e+00 -2.3188403676e+00
1.8122740551e-04 1.1587544532e+04 1.5707963268e+00 -2.3231123903e+00
1.8158131651e-04 1.1580949381e+04 1.5707963268e+00 -2.3273892502e+00
1.8193588492e-04 1.1574322860e+04 1.5707963268e+00 -2.3316709784e+00
1.8229111708e-04 1.1567664779e+04 1.5707963268e+00 -2.3359576067e+00
1.8264701941e-04 1.1560974943e+04 1.5707963268e+00 -2.3402491666e+00
1.8300359845e-04 1.1554253157e+04 1.5707963268e+00 -2.3445456904e+00
1.8336086079e-04 1.1547499225e+04 1.5707963268e+00 -2.3488472103e+00
1.8371881316e-04 1.1540712948e+04 1.5707963268e+00 -2.3531537590e+00
1.8407746235e-04 1.1533894126e+04 1.5707963268e+00 -2.3574653696e+00
1.8443681526e-04 1.1527042555e+04 1.5707963268e+00 -2.3617820751e+00
1.8479687890e-04 1.1520158034e+04 1.5707963268e+00 -2.3661039092e+00
1.8515766036e-04 1.1513240356e+04 1.5707963268e+00 -2.3704309058e+00
1.8551916685e-04 1.1506289312e+04 1.5707963268e+00 -2.3747630989e+00
1.8588140568e-04 1.1499304695e+04 1.5707963268e+00 -2.3791005232e+00
1.8624438428e-04 1.1492286293e+04 1.5707963268e+00 -2.3834432132e+00
1.8660811017e-04 1.1485233893e+04 1.5707963268e+00 -2.3877912043e+00
1.8697259098e-04 1.1478147279e+04 1.5707963268e+00 -2.3921445317e+00
1.8733783448e-04 1.1471026235e+04 1.5707963268e+00 -2.3965032314e+00
1.8770384853e-04 1.1463870541e+04 1.5707963268e+00 -2.4008673393e+00
1.8807064113e-04 1.1456679978e+04 1.5707963268e+00 -2.4052368919e+00
1.8843822039e-04 1.1449454321e+04 1.5707963268e+00 -2.4096119260e+00
1.8880659454e-04 1.1442193346e+04 1.5707963268e+00 -2.4139924787e+00
1.8917577195e-04 1.1434896827e+04 1.5707963268e+00 -2.4183785875e+00
1.8954576110e-04 1.1427564533e+04 1.5707963268e+00 -2.4227702902e+00
1.8991657061e-04 1.1420196234e+04 1.5707963268e+00 -2.4271676251e+00
1.9028820925e-04 1.1412791696e+04 1.5707963268e+00 -2.4315706305e+00
1.9066068590e-04 1.1405350684e+04 1.5707963268e+00 -2.4359793456e+00
1.9103400961e-04 1.1397872960e+04 1.5707963268e+00 -2.4403938095e+00
1.9140818954e-04 1.1390358284e+04 1.5707963268e+00 -2.4448140619e+00
1.9178323503e-04 1.1382806414e+04 1.5707963268e+00 -2.4492401430e+00
1.9215915553e-04 1.1375217105e+04 1.5707963268e+00 -2.4536720931e+00
1.9253596069e-04 1.1367590112e+04 1.5707963268e+00 -2.4581099530e+00
1.9291366027e-04 1.1359925184e+04 1.5707963268e+00 -2.4625537640e+00
1.9329226422e-04 1.1352222071e+04 1.5707963268e+00 -2.4670035678e+00
1.9367178264e-04 1.1344480518e+04 1.5707963268e+00 -2.4714594064e+00
1.9405222581e-04 1.1336700269e+04 1.5707963268e+00 -2.4759213222e+00
1.9443360415e-04 1.1328881066e+04 1.5707963268e+00 -2.4803893581e+00
1.9481592828e-04 1.1321022648e+04 1.5707963268e+00 -2.4848635575e+00
1.9519920899e-04 1.1313124750e+04 1.5707963268e+00 -2.4893439640e+00
1.9558345726e-04 1.1305187107e+04 1.5707963268e+00 -2.4938306219e+00
1.9596868424e-04 1.1297209450e+04 1.5707963268e+00 -2.4983235757e+00
1.9635490128e-04 1.1289191506e+04 1.5707963268e+00 -2.5028228706e+00
1.9674211992e-04 1.1281133003e+04 1.5707963268e+00 -2.5073285520e+00
1.9713035191e-04 1.1273033664e+04 1.5707963268e+00 -2.5118406659e+00
1.9751960918e-04 1.1264893209e+04 1.5707963268e+00 -2.5163592588e+00
1.9790990390e-04 1.1256711355e+04 1.5707963268e+00 -2.5208843777e+00
1.9830124842e-04 1.1248487818e+04 1.5707963268e+00 -2.5254160698e+00
1.9869365534e-04 1.1240222310e+04 1.5707963268e+00 -2.5299543832e+00
1.9908713746e-04 1.1231914540e+04 1.5707963268e+00 -2.5344993661e+00
1.9948170782e-04 1.1223564214e+04 1.5707963268e+00 -2.5390510676e+00
1.9987737969e-04 1.1215171037e+04 1.5707963268e+00 -2.5436095369e+00
2.0027416657e-04 1.1206734708e+04 1.5707963268e+00 -2.5481748241e+00
2.0067208224e-04 1.1198254925e+04 1.5707963268e+00 -2.5527469795e+00
2.0107114069e-04 1.1189731382e+04 1.5707963268e+00 -2.5573260541e+00
2.0147135620e-04 1.1181163771e+04 1.5707963268e+00 -2.5619120994e+00
2.0187274330e-04 1.1172551779e+04 1.5707963268e+00 -2.5665051675e+00
2.0227531678e-04 1.1163895092e+04 1.5707963268e+00 -2.5711053110e+00
2.0267909173e-04 1.1155193391e+04 1.5707963268e+00 -2.5757125830e+00
2.0308408351e-04 1.1146446354e+04 1.5707963268e+00 -2.5803270373e+00
2.0349030779e-04 1.1137653657e+04 1.5707963268e+00 -2.5849487282e+00
2.0389778052e-04 1.1128814972e+04 1.5707963268e+00 -2.5895777106e+00
2.0430651796e-04 1.1119929966e+04 1.5707963268e+00 -2.5942140399e+00
2.0471653670e-04 1.1110998305e+04 1.5707963268e+00 -2.5988577724e+00
2.0512785364e-04 1.1102019649e+04 1.5707963268e+00 -2.6035089647e+00
2.0554048601e-04 1.1092993657e+04 1.5707963268e+00 -2.6081676741e+00
2.0595445140e-04 1.1083919982e+04 1.5707963268e+00 -2.6128339586e+00
2.0636976773e-04 1.1074798275e+04 1.5707963268e+00 -2.6175078768e+00
2.0678645329e-04 1.1065628183e+04 1.5707963268e+00 -2.6221894880e+00
2.0720452673e-04 1.1056409349e+04 1.5707963268e+00 -2.6268788520e+00
2.0762400710e-04 1.1047141411e+04 1.5707963268e+00 -2.6315760296e+00
2.0804491380e-04 1.1037824005e+04 1.5707963268e+00 -2.6362810819e+00
2.0846726668e-04 1.1028456763e+04 1.5707963268e+00 -2.6409940708e+00
2.0889108597e-04 1.1019039311e+04 1.5707963268e+00 -2.6457150591e+00
2.0931639233e-04 1.1009571274e+04 1.5707963268e+00 -2.6504441102e+00
2.0974320685e-04 1.1000052269e+04 1.5707963268e+00 -2.6551812880e+00
2.1017155107e-04 1.0990481911e+04 1.5707963268e+00 -2.6599266575e+00
2.1060144701e-04 1.0980859813e+04 1.5707963268e+00 -2.6646802842e+00
2.1103291713e-04 1.0971185579e+04 1.5707963268e+00 -2.6694422344e+00
2.1146598441e-04 1.0961458813e+04 1.5707963268e+00 -2.6742125753e+00
2.1190067230e-04 1.0951679111e+04 1.5707963268e+00 -2.6789913747e+00
2.1233700478e-04 1.0941846067e+04 1.5707963268e+00 -2.6837787013e+00
2.1277500638e-04 1.0931959270e+04 1.5707963268e+00 -2.6885746246e+00
2.1321470214e-04 1.0922018302e+04 1.5707963268e+00 -2.6933792148e+00
2.1365611770e-04 1.0912022745e+04 1.5707963268e+00 -2.6981925431e+00
2.1409927925e-04 1.0901972171e+04 1.5707963268e+00 -2.7030146815e+00
2.1454421360e-04 1.0891866151e+04 1.5707963268e+00 -2.7078457028e+00
2.1499094818e-04 1.0881704249e+04 1.5707963268e+00 -2.7126856808e+00
2.1543951103e-04 1.0871486025e+04 1.5707963268e+00 -2.7175346899e+00
2.1588993087e-04 1.0861211034e+04 1.5707963268e+00 -2.7223928058e+00
2.1634223710e-04 1.0850878824e+04 1.5707963268e+00 -2.7272601047e+00
2.1679645979e-04 1.0840488942e+04 1.5707963268e+00 -2.7321366642e+00
2.1725262977e-04 1.0830040924e+04 1.5707963268e+00 -2.7370225624e+00
2.1771077857e-04 1.0819534306e+04 1.5707963268e+00 -2.7419178786e+00
2.1817093853e-04 1.0808968614e+04 1.5707963268e+00 -2.7468226931e+00
2.1863314276e-04 1.0798343372e+04 1.5707963268e+00 -2.7517370870e+00
2.1909742520e-04 1.0787658096e+04 1.5707963268e+00 -2.7566611427e+00
2.1956382062e-04 1.0776912298e+04 1.5707963268e+00 -2.7615949434e+00
2.2003236469e-04 1.0766105483e+04 1.5707963268e+00 -2.7665385734e+00
2.2050309397e-04 1.0755237150e+04 1.5707963268e+00 -2.7714921181e+00
2.2097604595e-04 1.0744306792e+04 1.5707963268e+00 -2.7764556639e+00
2.2145125912e-04 1.0733313897e+04 1.5707963268e+00 -2.7814292985e+00
2.2192877293e-04 1.0722257946e+04 1.5707963268e+00 -2.7864131104e+00
2.2240862791e-04 1.0711138414e+04 1.5707963268e+00 -2.7914071897e+00
2.2289086562e-04 1.0699954769e+04 1.5707963268e+00 -2.7964116271e+00
2.2337552878e-04 1.0688706472e+04 1.5707963268e+00 -2.8014265150e+00
2.2386266124e-04 1.0677392979e+04 1.5707963268e+00 -2.8064519466e+00
2.2435230803e-04 1.0666013739e+04 1.5707963268e+00 -2.8114880166e+00
2.2484451544e-04 1.0654568192e+04 1.5707963268e+00 -2.8165348208e+00
2.2533933105e-04 1.0643055774e+04 1.5707963268e+00 -2.8215924563e+00
2.2583680376e-04 1.0631475913e+04 1.5707963268e+00 -2.8266610215e+00
2.2633698386e-04 1.0619828028e+04 1.5707963268e+00 -2.8317406161e+00
2.2683992307e-04 1.0608111533e+04 1.5707963268e+00 -2.8368313412e+00
2.2734567461e-04 1.0596325834e+04 1.5707963268e+00 -2.8419332991e+00
2.2785429324e-04 1.0584470328e+04 1.5707963268e+00 -2.8470465936e+00
2.2836583536e-04 1.0572544407e+04 1.5707963268e+00 -2.8521713300e+00
2.2888035900e-04 1.0560547452e+04 1.5707963268e+00 -2.8573076149e+00
2.2939792397e-04 1.0548478839e+04 1.5707963268e+00 -2.8624555563e+00
2.2991859187e-04 1.0536337934e+04 1.5707963268e+00 -2.8676152638e+00
2.3044242621e-04 1.0524124097e+04 1.5707963268e+00 -2.8727868486e+00
2.3096949243e-04 1.0511836676e+04 1.5707963268e+00 -2.8779704234e+00
2.3149985806e-04 1.0499475015e+04 1.5707963268e+00 -2.8831661023e+00
2.3203359273e-04 1.0487038445e+04 1.5707963268e+00 -2.8883740011e+00
2.3257076831e-04 1.0474526292e+04 1.5707963268e+00 -2.8935942374e+00
2.3311145898e-04 1.0461937870e+04 1.5707963268e+00 -2.8988269304e+00
2.3365574135e-04 1.0449272487e+04 1.5707963268e+00 -2.9040722007e+00
2.3420369457e-04 1.0436529439e+04 1.5707963268e+00 -2.9093301711e+00
2.3475540041e-04 1.0423708015e+04 1.5707963268e+00 -2.9146009658e+00
2.3531094340e-04 1.0410807492e+04 1.5707963268e+00 -2.9198847110e+00
2.3587041097e-04 1.0397827139e+04 1.5707963268e+00 -2.9251815346e+00
2.3643389356e-04 1.0384766216e+04 1.5707963268e+00 -2.9304915666e+00
2.3700148478e-04 1.0371623970e+04 1.5707963268e+00 -2.9358149387e+00
2.3757328153e-04 1.0358399641e+04 1.5707963268e+00 -2.9411517846e+00
2.3814938420e-04 1.0345092456e+04 1.5707963268e+00 -2.9465022399e+00
2.3872989679e-04 1.0331701634e+04 1.5707963268e+00 -2.9518664424e+00
2.3931492714e-04 1.0318226382e+04 1.5707963268e+00 -2.9572445320e+00
2.3990458706e-04 1.0304665896e+04 1.5707963268e+00 -2.9626366504e+00
2.4049899258e-04 1.0291019360e+04 1.5707963268e+00 -2.9680429417e+00
2.4109826414e-04 1.0277285950e+04 1.5707963268e+00 -2.9734635522e+00
2.4170252683e-04 1.0263464827e+04 1.5707963268e+00 -2.9788986304e+00
2.4231191061e-04 1.0249555143e+04 1.5707963268e+00 -2.9843483270e+00
2.4292655059e-04 1.0235556036e+04 1.5707963268e+00 -2.9898127951e+00
2.4354658729e-04 1.0221466634e+04 1.5707963268e+00 -2.9952921902e+00
2.4417216694e-04 1.0207286051e+04 1.5707963268e+00 -3.0007866703e+00
2.4480344181e-04 1.0193013391e+04 1.5707963268e+00 -3.0062963958e+00
2.4544057050e-04 1.0178647743e+04 1.5707963268e+00 -3.0118215295e+00
2.4608371835e-04 1.0164188186e+04 1.5707963268e+00 -3.0173622371e+00
2.4673305780e-04 1.0149633782e+04 1.5707963268e+00 -3.0229186867e+00
2.4738876880e-04 1.0134983585e+04 1.5707963268e+00 -3.0284910492e+00
2.4805103926e-04 1.0120236631e+04 1.5707963268e+00 -3.0340794982e+00
2.4872006553e-04 1.0105391946e+04 1.5707963268e+00 -3.0396842102e+00
2.4939605290e-04 1.0090448540e+04 1.5707963268e+00 -3.0453053645e+00
2.5007921616e-04 1.0075405410e+04 1.5707963268e+00 -3.0509431435e+00
2.5076978021e-04 1.0060261540e+04 1.5707963268e+00 -3.0565977324e+00
2.5146798067e-04 1.0045015898e+04 1.5707963268e+00 -3.0622693196e+00
2.5217406460e-04 1.0029667439e+04 1.5707963268e+00 -3.0679580966e+00
2.5288829124e-04 1.0014215104e+04 1.5707963268e+00 -3.0736642581e+00
2.5361093283e-04 9.9986578163e+03 1.5707963268e+00 -3.0793880022e+00
2.5434227549e-04 9.9829944879e+03 1.5707963268e+00 -3.0851295302e+00
2.5508262019e-04 9.9672240144e+03 1.5707963268e+00 -3.0908890468e+00
2.5583228375e-04 9.9513452764e+03 1.5707963268e+00 -3.0966667605e+00
2.5659160003e-04 9.9353571398e+03 1.5707963268e+00 -3.1024628831e+00
2.5736092117e-04 9.9192584552e+03 1.5707963268e+00 -3.1082776302e+00
2.5814061889e-04 9.9030480580e+03 1.5707963268e+00 -3.1141112210e+00
2.5893108602e-04 9.8867247685e+03 1.5707963268e+00 -3.1199638787e+00
2.5973273812e-04 9.8702873919e+03 1.5707963268e+00 -3.1258358304e+00
2.6054601523e-04 9.8537347185e+03 1.5707963268e+00 -3.1317273072e+00
2.6137138390e-04 9.8370655235e+03 1.5707963268e+00 -3.1376385442e+00
2.6220933927e-04 9.8202785674e+03 1.5707963268e+00 -3.1435697809e+00
2.6306040753e-04 9.8033725962e+03 1.5707963268e+00 -3.1495212609e+00
2.6392514852e-04 9.7863463418e+03 1.5707963268e+00 -3.1554932322e+00
2.6480415866e-04 9.7691985223e+03 1.5707963268e+00 -3.1614859475e+00
2.6569807424e-04 9.7519278425e+03 1.5707963268e+00 -3.1674996639e+00
2.6660757500e-04 9.7345329944e+03 1.5707963268e+00 -3.1735346433e+00
2.6753338819e-04 9.7170126581e+03 1.5707963268e+00 -3.1795911522e+00
2.6847629309e-04 9.6993655029e+03 1.5707963268e+00 -3.1856694624e+00
2.6943712611e-04 9.6815901878e+03 1.5707963268e+00 -3.1917698502e+00
2.7041678644e-04 9.6636853632e+03 1.5707963268e+00 -3.1978925976e+00
2.7141624253e-04 9.6456496724e+03 1.5707963268e+00 -3.2040379913e+00
2.7243653937e-04 9.6274817531e+03 1.5707963268e+00 -3.2102063238e+00
2.7347880672e-04 9.6091802399e+03 1.5707963268e+00 -3.2163978929e+00
2.7454426851e-04 9.5907437667e+03 1.5707963268e+00 -3.2226130018e+00
2.7563425362e-04 9.5721709695e+03 1.5707963268e+00 -3.2288519598e+00
2.7675020812e-04 9.5534604901e+03 1.5707963268e+00 -3.2351150817e+00
2.7789370948e-04 9.5346109804e+03 1.5707963268e+00 -3.2414026883e+00
2.7906648290e-04 9.5156211072e+03 1.5707963268e+00 -3.2477151065e+00
2.8027042031e-04 9.4964895582e+03 1.5707963268e+00 -3.2540526693e+00
2.8150760243e-04 9.4772150487e+03 1.5707963268e+00 -3.2604157160e+00
2.8278032474e-04 9.4577963308e+03 1.5707963268e+00 -3.2668045921e+00
2.8409112785e-04 9.4382322027e+03 1.5707963268e+00 -3.2732196497e+00
2.8544283365e-04 9.4185215212e+03 1.5707963268e+00 -3.2796612474e+00
2.8683858814e-04 9.3986632162e+03 1.5707963268e+00 -3.2861297501e+00
2.8828191286e-04 9.3786563087e+03 1.5707963268e+00 -3.2926255296e+00
2.8977676679e-04 9.3584999324e+03 1.5707963268e+00 -3.2991489642e+00
2.9132762155e-04 9.3381933602e+03 1.5707963268e+00 -3.3057004388e+00
2.9293955343e-04 9.3177360371e+03 1.5707963268e+00 -3.3122803449e+00
2.9461835686e-04 9.2971276215e+03 1.5707963268e+00 -3.3188890804e+00
2.9637068576e-04 9.2763680361e+03 1.5707963268e+00 -3.3255270495e+00
2.9820423122e-04 9.2554575332e+03 1.5707963268e+00 -3.3321946625e+00
3.0012794734e-04 9.2343967776e+03 1.5707963268e+00 -3.3388923354e+00
3.0215234177e-04 9.2131869537e+03 1.5707963268e+00 -3.3456204893e+00
3.0428985425e-04 9.1918299064e+03 1.5707963268e+00 -3.3523795500e+00
3.0655535721e-04 9.1703283266e+03 1.5707963268e+00 -3.3591699471e+00
3.0896682854e-04 9.1486860022e+03 1.5707963268e+00 -3.3659921124e+00
3.1154627240e-04 9.1269081608e+03 1.5707963268e+00 -3.3728464788e+00
3.1432100565e-04 9.1050019498e+03 1.5707963268e+00 -3.3797334780e+00
3.1732549811e-04 9.0829771205e+03 1.5707963268e+00 -3.3866535372e+00
3.2060407702e-04 9.0608470329e+03 1.5707963268e+00 -3.3936070754e+00
3.2421502909e-04 9.0386301721e+03 1.5707963268e+00 -3.4005944973e+00
3.2823705768e-04 9.0163525217e+03 1.5707963268e+00 -3.4076161851e+00
3.3277991024e-04 8.9940514386e+03 1.5707963268e+00 -3.4146724857e+00
3.3800284560e-04 8.9717823097e+03 1.5707963268e+00 -3.4217636925e+00
3.4414898046e-04 8.9496307402e+03 1.5707963268e+00 -3.4288900147e+00
3.5161501809e-04 8.9277367626e+03 1.5707963268e+00 -3.4360515271e+00
3.6111053853e-04 8.9063484171e+03 1.5707963268e+00 -3.4432480787e+00
3.7408909641e-04 8.8859599525e+03 1.5707963268e+00 -3.4504791121e+00
