0.0000000000e+00 1.1708143690e+04 1.5707963268e+00 0.0000000000e+00
3.0045220137e-07 1.1708143690e+04 1.5707963268e+00 -3.7878787879e-03
6.0090440273e-07 1.1708120782e+04 1.5707963268e+00 -7.5757575758e-03
9.0135844113e-07 1.1708074967e+04 1.5707963268e+00 -1.1363651186e-02
1.2018161536e-06 1.1708006244e+04 1.5707963268e+00 -1.5151574441e-02
1.5022793775e-06 1.1707914612e+04 1.5707963268e+00 -1.8939542164e-02
1.8027499504e-06 1.1707800070e+04 1.5707963268e+00 -2.2727569180e-02
2.1032297102e-06 1.1707662616e+04 1.5707963268e+00 -2.6515670314e-02
2.4037204956e-06 1.1707502246e+04 1.5707963268e+00 -3.0303860396e-02
2.7042241459e-06 1.1707318959e+04 1.5707963268e+00 -3.4092154258e-02
3.0047425012e-06 1.1707112751e+04 1.5707963268e+00 -3.7880566735e-02
3.3052774026e-06 1.1706883618e+04 1.5707963268e+00 -4.1669112668e-02
3.6058306922e-06 1.1706631555e+04 1.5707963268e+00 -4.5457806900e-02
3.9064042136e-06 1.1706356557e+04 1.5707963268e+00 -4.9246664283e-02
4.2069998114e-06 1.1706058619e+04 1.5707963268e+00 -5.3035699672e-02
4.5076193320e-06 1.1705737734e+04 1.5707963268e+00 -5.6824927930e-02
4.8082646231e-06 1.1705393897e+04 1.5707963268e+00 -6.0614363928e-02
5.1089375345e-06 1.1705027100e+04 1.5707963268e+00 -6.4404022543e-02
5.4096399175e-06 1.1704637336e+04 1.5707963268e+00 -6.8193918661e-02
5.7103736257e-06 1.1704224596e+04 1.5707963268e+00 -7.1984067178e-02
6.0111405148e-06 1.1703788871e+04 1.5707963268e+00 -7.5774482998e-02
6.3119424427e-06 1.1703330154e+04 1.5707963268e+00 -7.9565181038e-02
6.6127812697e-06 1.1702848434e+04 1.5707963268e+00 -8.3356176222e-02
6.9136588588e-06 1.1702343700e+04 1.5707963268e+00 -8.7147483488e-02
7.2145770754e-06 1.1701815944e+04 1.5707963268e+00 -9.0939117785e-02
7.5155377881e-06 1.1701265152e+04 1.5707963268e+00 -9.4731094076e-02
7.8165428680e-06 1.1700691314e+04 1.5707963268e+00 -9.8523427334e-02
8.1175941897e-06 1.1700094417e+04 1.5707963268e+00 -1.0231613255e-01
8.4186936308e-06 1.1699474450e+04 1.5707963268e+00 -1.0610922473e-01
8.7198430722e-06 1.1698831397e+04 1.5707963268e+00 -1.0990271888e-01
9.0210443985e-06 1.1698165246e+04 1.5707963268e+00 -1.1369663005e-01
9.3222994978e-06 1.1697475983e+04 1.5707963268e+00 -1.1749097328e-01
9.6236102619e-06 1.1696763592e+04 1.5707963268e+00 -1.2128576364e-01
9.9249785868e-06 1.1696028059e+04 1.5707963268e+00 -1.2508101622e-01
1.0226406372e-05 1.1695269367e+04 1.5707963268e+00 -1.2887674611e-01
1.0527895522e-05 1.1694487501e+04 1.5707963268e+00 -1.3267296845e-01
1.0829447945e-05 1.1693682443e+04 1.5707963268e+00 -1.3646969836e-01
1.1131065554e-05 1.1692854176e+04 1.5707963268e+00 -1.4026695101e-01
1.1432750266e-05 1.1692002681e+04 1.5707963268e+00 -1.4406474158e-01
1.1734504004e-05 1.1691127942e+04 1.5707963268e+00 -1.4786308528e-01
1.2036328695e-05 1.1690229938e+04 1.5707963268e+00 -1.5166199732e-01
1.2338226271e-05 1.1689308650e+04 1.5707963268e+00 -1.5546149296e-01
1.2640198669e-05 1.1688364058e+04 1.5707963268e+00 -1.5926158747e-01
1.2942247832e-05 1.1687396141e+04 1.5707963268e+00 -1.6306229613e-01
1.3244375709e-05 1.1686404879e+04 1.5707963268e+00 -1.6686363426e-01
1.3546584253e-05 1.1685390249e+04 1.5707963268e+00 -1.7066561722e-01
1.3848875424e-05 1.1684352230e+04 1.5707963268e+00 -1.7446826036e-01
1.4151251188e-05 1.1683290799e+04 1.5707963268e+00 -1.7827157908e-01
1.4453713516e-05 1.1682205933e+04 1.5707963268e+00 -1.8207558881e-01
1.4756264387e-05 1.1681097607e+04 1.5707963268e+00 -1.8588030498e-01
1.5058905785e-05 1.1679965798e+04 1.5707963268e+00 -1.8968574309e-01
1.5361639700e-05 1.1678810480e+04 1.5707963268e+00 -1.9349191863e-01
1.5664468132e-05 1.1677631628e+04 1.5707963268e+00 -1.9729884715e-01
1.5967393084e-05 1.1676429216e+04 1.5707963268e+00 -2.0110654420e-01
1.6270416568e-05 1.1675203218e+04 1.5707963268e+00 -2.0491502539e-01
1.6573540603e-05 1.1673953607e+04 1.5707963268e+00 -2.0872430634e-01
1.6876767215e-05 1.1672680355e+04 1.5707963268e+00 -2.1253440271e-01
1.7180098438e-05 1.1671383433e+04 1.5707963268e+00 -2.1634533021e-01
1.7483536313e-05 1.1670062813e+04 1.5707963268e+00 -2.2015710454e-01
1.7787082890e-05 1.1668718466e+04 1.5707963268e+00 -2.2396974149e-01
1.8090740226e-05 1.1667350362e+04 1.5707963268e+00 -2.2778325683e-01
1.8394510387e-05 1.1665958471e+04 1.5707963268e+00 -2.3159766641e-01
1.8698395447e-05 1.1664542761e+04 1.5707963268e+00 -2.3541298610e-01
1.9002397488e-05 1.1663103200e+04 1.5707963268e+00 -2.3922923179e-01
1.9306518602e-05 1.1661639758e+04 1.5707963268e+00 -2.4304641943e-01
1.9610760889e-05 1.1660152401e+04 1.5707963268e+00 -2.4686456501e-01
1.9915126457e-05 1.1658641096e+04 1.5707963268e+00 -2.5068368454e-01
2.0219617426e-05 1.1657105809e+04 1.5707963268e+00 -2.5450379408e-01
2.0524235924e-05 1.1655546505e+04 1.5707963268e+00 -2.5832490974e-01
2.0828984088e-05 1.1653963150e+04 1.5707963268e+00 -2.6214704765e-01
2.1133864065e-05 1.1652355709e+04 1.5707963268e+00 -2.6597022401e-01
2.1438878013e-05 1.1650724144e+04 1.5707963268e+00 -2.6979445503e-01
2.1744028100e-05 1.1649068420e+04 1.5707963268e+00 -2.7361975699e-01
2.2049316504e-05 1.1647388499e+04 1.5707963268e+00 -2.7744614621e-01
2.2354745413e-05 1.1645684343e+04 1.5707963268e+00 -2.8127363904e-01
2.2660317026e-05 1.1643955913e+04 1.5707963268e+00 -2.8510225189e-01
2.2966033555e-05 1.1642203171e+04 1.5707963268e+00 -2.8893200121e-01
2.3271897220e-05 1.1640426077e+04 1.5707963268e+00 -2.9276290349e-01
2.3577910254e-05 1.1638624591e+04 1.5707963268e+00 -2.9659497530e-01
2.3884074902e-05 1.1636798671e+04 1.5707963268e+00 -3.0042823321e-01
2.4190393421e-05 1.1634948276e+04 1.5707963268e+00 -3.0426269389e-01
2.4496868078e-05 1.1633073364e+04 1.5707963268e+00 -3.0809837401e-01
2.4803501155e-05 1.1631173893e+04 1.5707963268e+00 -3.1193529034e-01
2.5110294943e-05 1.1629249818e+04 1.5707963268e+00 -3.1577345967e-01
2.5417251749e-05 1.1627301097e+04 1.5707963268e+00 -3.1961289884e-01
2.5724373891e-05 1.1625327684e+04 1.5707963268e+00 -3.2345362477e-01
2.6031663701e-05 1.1623329535e+04 1.5707963268e+00 -3.2729565442e-01
2.6339123524e-05 1.1621306603e+04 1.5707963268e+00 -3.3113900479e-01
2.6646755718e-05 1.1619258841e+04 1.5707963268e+00 -3.3498369296e-01
2.6954562655e-05 1.1617186204e+04 1.5707963268e+00 -3.3882973606e-01
2.7262546721e-05 1.1615088644e+04 1.5707963268e+00 -3.4267715127e-01
2.7570710318e-05 1.1612966111e+04 1.5707963268e+00 -3.4652595583e-01
2.7879055860e-05 1.1610818557e+04 1.5707963268e+00 -3.5037616704e-01
2.8187585776e-05 1.1608645932e+04 1.5707963268e+00 -3.5422780228e-01
2.8496302512e-05 1.1606448186e+04 1.5707963268e+00 -3.5808087895e-01
2.8805208527e-05 1.1604225268e+04 1.5707963268e+00 -3.6193541456e-01
2.9114306298e-05 1.1601977127e+04 1.5707963268e+00 -3.6579142663e-01
2.9423598314e-05 1.1599703710e+04 1.5707963268e+00 -3.6964893280e-01
2.9733087084e-05 1.1597404964e+04 1.5707963268e+00 -3.7350795073e-01
3.0042775131e-05 1.1595080836e+04 1.5707963268e+00 -3.7736849816e-01
3.0352664994e-05 1.1592731271e+04 1.5707963268e+00 -3.8123059290e-01
3.0662759231e-05 1.1590356214e+04 1.5707963268e+00 -3.8509425284e-01
3.0973060415e-05 1.1587955611e+04 1.5707963268e+00 -3.8895949590e-01
3.1283571138e-05 1.1585529404e+04 1.5707963268e+00 -3.9282634011e-01
3.1594294009e-05 1.1583077537e+04 1.5707963268e+00 -3.9669480355e-01
3.1905231655e-05 1.1580599951e+04 1.5707963268e+00 -4.0056490437e-01
3.2216386720e-05 1.1578096589e+04 1.5707963268e+00 -4.0443666079e-01
3.2527761868e-05 1.1575567392e+04 1.5707963268e+00 -4.0831009112e-01
3.2839359783e-05 1.1573012299e+04 1.5707963268e+00 -4.1218521372e-01
3.3151183164e-05 1.1570431251e+04 1.5707963268e+00 -4.1606204705e-01
3.3463234734e-05 1.1567824186e+04 1.5707963268e+00 -4.1994060962e-01
3.3775517232e-05 1.1565191042e+04 1.5707963268e+00 -4.2382092004e-01
3.4088033421e-05 1.1562531756e+04 1.5707963268e+00 -4.2770299698e-01
3.4400786080e-05 1.1559846266e+04 1.5707963268e+00 -4.3158685920e-01
3.4713778013e-05 1.1557134507e+04 1.5707963268e+00 -4.3547252554e-01
3.5027012041e-05 1.1554396414e+04 1.5707963268e+00 -4.3936001491e-01
3.5340491010e-05 1.1551631922e+04 1.5707963268e+00 -4.4324934631e-01
3.5654217785e-05 1.1548840964e+04 1.5707963268e+00 -4.4714053883e-01
3.5968195255e-05 1.1546023474e+04 1.5707963268e+00 -4.5103361163e-01
3.6282426330e-05 1.1543179384e+04 1.5707963268e+00 -4.5492858396e-01
3.6596913943e-05 1.1540308624e+04 1.5707963268e+00 -4.5882547516e-01
3.6911661052e-05 1.1537411127e+04 1.5707963268e+00 -4.6272430465e-01
3.7226670636e-05 1.1534486821e+04 1.5707963268e+00 -4.6662509195e-01
3.7541945700e-05 1.1531535636e+04 1.5707963268e+00 -4.7052785666e-01
3.7857489271e-05 1.1528557501e+04 1.5707963268e+00 -4.7443261847e-01
3.8173304402e-05 1.1525552342e+04 1.5707963268e+00 -4.7833939717e-01
3.8489394173e-05 1.1522520087e+04 1.5707963268e+00 -4.8224821264e-01
3.8805761685e-05 1.1519460662e+04 1.5707963268e+00 -4.8615908485e-01
3.9122410070e-05 1.1516373991e+04 1.5707963268e+00 -4.9007203386e-01
3.9439342481e-05 1.1513260000e+04 1.5707963268e+00 -4.9398707984e-01
3.9756562103e-05 1.1510118611e+04 1.5707963268e+00 -4.9790424306e-01
4.0074072144e-05 1.1506949748e+04 1.5707963268e+00 -5.0182354387e-01
4.0391875841e-05 1.1503753333e+04 1.5707963268e+00 -5.0574500273e-01
4.0709976461e-05 1.1500529286e+04 1.5707963268e+00 -5.0966864021e-01
4.1028377296e-05 1.1497277528e+04 1.5707963268e+00 -5.1359447696e-01
4.1347081669e-05 1.1493997978e+04 1.5707963268e+00 -5.1752253377e-01
4.1666092933e-05 1.1490690556e+04 1.5707963268e+00 -5.2145283150e-01
4.1985414469e-05 1.1487355178e+04 1.5707963268e+00 -5.2538539114e-01
4.2305049690e-05 1.1483991761e+04 1.5707963268e+00 -5.2932023376e-01
4.2625002039e-05 1.1480600222e+04 1.5707963268e+00 -5.3325738058e-01
4.2945274990e-05 1.1477180476e+04 1.5707963268e+00 -5.3719685289e-01
4.3265872051e-05 1.1473732436e+04 1.5707963268e+00 -5.4113867211e-01
4.3586796759e-05 1.1470256017e+04 1.5707963268e+00 -5.4508285978e-01
4.3908052686e-05 1.1466751130e+04 1.5707963268e+00 -5.4902943755e-01
4.4229643439e-05 1.1463217688e+04 1.5707963268e+00 -5.5297842717e-01
4.4551572655e-05 1.1459655601e+04 1.5707963268e+00 -5.5692985053e-01
4.4873844009e-05 1.1456064778e+04 1.5707963268e+00 -5.6088372962e-01
4.5196461210e-05 1.1452445129e+04 1.5707963268e+00 -5.6484008657e-01
4.5519428002e-05 1.1448796561e+04 1.5707963268e+00 -5.6879894362e-01
4.5842748166e-05 1.1445118981e+04 1.5707963268e+00 -5.7276032312e-01
4.6166425521e-05 1.1441412296e+04 1.5707963268e+00 -5.7672424757e-01
4.6490463921e-05 1.1437676410e+04 1.5707963268e+00 -5.8069073958e-01
4.6814867259e-05 1.1433911228e+04 1.5707963268e+00 -5.8465982189e-01
4.7139639469e-05 1.1430116652e+04 1.5707963268e+00 -5.8863151738e-01
4.7464784521e-05 1.1426292585e+04 1.5707963268e+00 -5.9260584904e-01
4.7790306427e-05 1.1422438928e+04 1.5707963268e+00 -5.9658284001e-01
4.8116209240e-05 1.1418555581e+04 1.5707963268e+00 -6.0056251356e-01
4.8442497054e-05 1.1414642443e+04 1.5707963268e+00 -6.0454489309e-01
4.8769174003e-05 1.1410699413e+04 1.5707963268e+00 -6.0853000215e-01
4.9096244268e-05 1.1406726387e+04 1.5707963268e+00 -6.1251786440e-01
4.9423712070e-05 1.1402723262e+04 1.5707963268e+00 -6.1650850368e-01
4.9751581676e-05 1.1398689932e+04 1.5707963268e+00 -6.2050194394e-01
5.0079857397e-05 1.1394626293e+04 1.5707963268e+00 -6.2449820929e-01
5.0408543591e-05 1.1390532236e+04 1.5707963268e+00 -6.2849732398e-01
5.0737644661e-05 1.1386407654e+04 1.5707963268e+00 -6.3249931242e-01
5.1067165059e-05 1.1382252437e+04 1.5707963268e+00 -6.3650419914e-01
5.1397109284e-05 1.1378066476e+04 1.5707963268e+00 -6.4051200885e-01
5.1727481885e-05 1.1373849658e+04 1.5707963268e+00 -6.4452276641e-01
5.2058287460e-05 1.1369601872e+04 1.5707963268e+00 -6.4853649681e-01
5.2389530657e-05 1.1365323004e+04 1.5707963268e+00 -6.5255322522e-01
5.2721216179e-05 1.1361012940e+04 1.5707963268e+00 -6.5657297697e-01
5.3053348777e-05 1.1356671563e+04 1.5707963268e+00 -6.6059577753e-01
5.3385933258e-05 1.1352298757e+04 1.5707963268e+00 -6.6462165256e-01
5.3718974484e-05 1.1347894403e+04 1.5707963268e+00 -6.6865062785e-01
5.4052477370e-05 1.1343458383e+04 1.5707963268e+00 -6.7268272939e-01
5.4386446888e-05 1.1338990575e+04 1.5707963268e+00 -6.7671798332e-01
5.4720888069e-05 1.1334490859e+04 1.5707963268e+00 -6.8075641594e-01
5.5055806000e-05 1.1329959112e+04 1.5707963268e+00 -6.8479805376e-01
5.5391205828e-05 1.1325395209e+04 1.5707963268e+00 -6.8884292343e-01
5.5727092762e-05 1.1320799025e+04 1.5707963268e+00 -6.9289105178e-01
5.6063472071e-05 1.1316170434e+04 1.5707963268e+00 -6.9694246584e-01
5.6400349085e-05 1.1311509309e+04 1.5707963268e+00 -7.0099719279e-01
5.6737729201e-05 1.1306815520e+04 1.5707963268e+00 -7.0505526003e-01
5.7075617879e-05 1.1302088937e+04 1.5707963268e+00 -7.0911669511e-01
5.7414020645e-05 1.1297329429e+04 1.5707963268e+00 -7.1318152579e-01
5.7752943092e-05 1.1292536862e+04 1.5707963268e+00 -7.1724978001e-01
5.8092390882e-05 1.1287711104e+04 1.5707963268e+00 -7.2132148592e-01
5.8432369748e-05 1.1282852018e+04 1.5707963268e+00 -7.2539667183e-01
5.8772885492e-05 1.1277959468e+04 1.5707963268e+00 -7.2947536628e-01
5.9113943988e-05 1.1273033316e+04 1.5707963268e+00 -7.3355759800e-01
5.9455551186e-05 1.1268073422e+04 1.5707963268e+00 -7.3764339591e-01
5.9797713109e-05 1.1263079646e+04 1.5707963268e+00 -7.4173278915e-01
6.0140435857e-05 1.1258051845e+04 1.5707963268e+00 -7.4582580705e-01
6.0483725608e-05 1.1252989876e+04 1.5707963268e+00 -7.4992247918e-01
6.0827588620e-05 1.1247893595e+04 1.5707963268e+00 -7.5402283528e-01
6.1172031231e-05 1.1242762854e+04 1.5707963268e+00 -7.5812690535e-01
6.1517059861e-05 1.1237597507e+04 1.5707963268e+00 -7.6223471956e-01
6.1862681016e-05 1.1232397403e+04 1.5707963268e+00 -7.6634630835e-01
6.2208901284e-05 1.1227162392e+04 1.5707963268e+00 -7.7046170234e-01
6.2555727343e-05 1.1221892323e+04 1.5707963268e+00 -7.7458093240e-01
6.2903165960e-05 1.1216587040e+04 1.5707963268e+00 -7.7870402963e-01
6.3251223991e-05 1.1211246390e+04 1.5707963268e+00 -7.8283102534e-01
6.3599908387e-05 1.1205870215e+04 1.5707963268e+00 -7.8696195109e-01
6.3949226189e-05 1.1200458357e+04 1.5707963268e+00 -7.9109683869e-01
6.4299184538e-05 1.1195010657e+04 1.5707963268e+00 -7.9523572016e-01
6.4649790671e-05 1.1189526952e+04 1.5707963268e+00 -7.9937862778e-01
6.5001051926e-05 1.1184007081e+04 1.5707963268e+00 -8.0352559408e-01
6.5352975742e-05 1.1178450878e+04 1.5707963268e+00 -8.0767665184e-01
6.5705569662e-05 1.1172858178e+04 1.5707963268e+00 -8.1183183408e-01
6.6058841335e-05 1.1167228812e+04 1.5707963268e+00 -8.1599117408e-01
6.6412798519e-05 1.1161562611e+04 1.5707963268e+00 -8.2015470540e-01
6.6767449082e-05 1.1155859403e+04 1.5707963268e+00 -8.2432246183e-01
6.7122801003e-05 1.1150119017e+04 1.5707963268e+00 -8.2849447744e-01
6.7478862380e-05 1.1144341277e+04 1.5707963268e+00 -8.3267078657e-01
6.7835641423e-05 1.1138526007e+04 1.5707963268e+00 -8.3685142385e-01
6.8193146465e-05 1.1132673029e+04 1.5707963268e+00 -8.4103642415e-01
6.8551385962e-05 1.1126782163e+04 1.5707963268e+00 -8.4522582265e-01
6.8910368491e-05 1.1120853227e+04 1.5707963268e+00 -8.4941965480e-01
6.9270102760e-05 1.1114886039e+04 1.5707963268e+00 -8.5361795634e-01
6.9630597606e-05 1.1108880412e+04 1.5707963268e+00 -8.5782076330e-01
6.9991861998e-05 1.1102836160e+04 1.5707963268e+00 -8.6202811201e-01
7.0353905042e-05 1.1096753093e+04 1.5707963268e+00 -8.6624003908e-01
7.0716735980e-05 1.1090631022e+04 1.5707963268e+00 -8.7045658145e-01
7.1080364198e-05 1.1084469752e+04 1.5707963268e+00 -8.7467777634e-01
7.1444799227e-05 1.1078269089e+04 1.5707963268e+00 -8.7890366131e-01
7.1810050743e-05 1.1072028837e+04 1.5707963268e+00 -8.8313427420e-01
7.2176128575e-05 1.1065748797e+04 1.5707963268e+00 -8.8736965320e-01
7.2543042706e-05 1.1059428768e+04 1.5707963268e+00 -8.9160983680e-01
7.2910803276e-05 1.1053068547e+04 1.5707963268e+00 -8.9585486383e-01
7.3279420586e-05 1.1046667929e+04 1.5707963268e+00 -9.0010477345e-01
7.3648905104e-05 1.1040226709e+04 1.5707963268e+00 -9.0435960514e-01
7.4019267464e-05 1.1033744676e+04 1.5707963268e+00 -9.0861939875e-01
7.4390518473e-05 1.1027221620e+04 1.5707963268e+00 -9.1288419446e-01
7.4762669114e-05 1.1020657328e+04 1.5707963268e+00 -9.1715403278e-01
7.5135730550e-05 1.1014051584e+04 1.5707963268e+00 -9.2142895461e-01
7.5509714130e-05 1.1007404170e+04 1.5707963268e+00 -9.2570900119e-01
7.5884631388e-05 1.1000714867e+04 1.5707963268e+00 -9.2999421412e-01
7.6260494055e-05 1.0993983452e+04 1.5707963268e+00 -9.3428463538e-01
7.6637314057e-05 1.0987209702e+04 1.5707963268e+00 -9.3858030732e-01
7.7015103522e-05 1.0980393390e+04 1.5707963268e+00 -9.4288127266e-01
7.7393874785e-05 1.0973534286e+04 1.5707963268e+00 -9.4718757452e-01
7.7773640393e-05 1.0966632159e+04 1.5707963268e+00 -9.5149925641e-01
7.8154413111e-05 1.0959686776e+04 1.5707963268e+00 -9.5581636221e-01
7.8536205923e-05 1.0952697900e+04 1.5707963268e+00 -9.6013893622e-01
7.8919032042e-05 1.0945665292e+04 1.5707963268e+00 -9.6446702316e-01
7.9302904915e-05 1.0938588712e+04 1.5707963268e+00 -9.6880066813e-01
7.9687838224e-05 1.0931467916e+04 1.5707963268e+00 -9.7313991666e-01
8.0073845898e-05 1.0924302658e+04 1.5707963268e+00 -9.7748481472e-01
8.0460942117e-05 1.0917092688e+04 1.5707963268e+00 -9.8183540869e-01
8.0849141314e-05 1.0909837756e+04 1.5707963268e+00 -9.8619174539e-01
8.1238458189e-05 1.0902537607e+04 1.5707963268e+00 -9.9055387207e-01
8.1628907708e-05 1.0895191986e+04 1.5707963268e+00 -9.9492183645e-01
8.2020505117e-05 1.0887800631e+04 1.5707963268e+00 -9.9929568670e-01
8.2413265942e-05 1.0880363282e+04 1.5707963268e+00 -1.0036754714e+00
8.2807206002e-05 1.0872879673e+04 1.5707963268e+00 -1.0080612397e+00
8.3202341413e-05 1.0865349537e+04 1.5707963268e+00 -1.0124530412e+00
8.3598688597e-05 1.0857772602e+04 1.5707963268e+00 -1.0168509258e+00
8.3996264290e-05 1.0850148596e+04 1.5707963268e+00 -1.0212549442e+00
8.4395085551e-05 1.0842477242e+04 1.5707963268e+00 -1.0256651472e+00
8.4795169769e-05 1.0834758261e+04 1.5707963268e+00 -1.0300815866e+00
8.5196534671e-05 1.0826991369e+04 1.5707963268e+00 -1.0345043143e+00
8.5599198335e-05 1.0819176283e+04 1.5707963268e+00 -1.0389333828e+00
8.6003179196e-05 1.0811312712e+04 1.5707963268e+00 -1.0433688453e+00
8.6408496055e-05 1.0803400367e+04 1.5707963268e+00 -1.0478107553e+00
8.6815168094e-05 1.0795438951e+04 1.5707963268e+00 -1.0522591670e+00
8.7223214879e-05 1.0787428167e+04 1.5707963268e+00 -1.0567141351e+00
8.7632656379e-05 1.0779367713e+04 1.5707963268e+00 -1.0611757148e+00
8.8043512970e-05 1.0771257285e+04 1.5707963268e+00 -1.0656439620e+00
8.8455805452e-05 1.0763096575e+04 1.5707963268e+00 -1.0701189330e+00
8.8869555054e-05 1.0754885272e+04 1.5707963268e+00 -1.0746006849e+00
8.9284783457e-05 1.0746623060e+04 1.5707963268e+00 -1.0790892751e+00
8.9701512794e-05 1.0738309622e+04 1.5707963268e+00 -1.0835847619e+00
9.0119765675e-05 1.0729944637e+04 1.5707963268e+00 -1.0880872039e+00
9.0539565193e-05 1.0721527777e+04 1.5707963268e+00 -1.0925966606e+00
9.0960934941e-05 1.0713058716e+04 1.5707963268e+00 -1.0971131920e+00
9.1383899027e-05 1.0704537119e+04 1.5707963268e+00 -1.1016368587e+00
9.1808482087e-05 1.0695962652e+04 1.5707963268e+00 -1.1061677221e+00
9.2234709306e-05 1.0687334972e+04 1.5707963268e+00 -1.1107058440e+00
9.2662606428e-05 1.0678653738e+04 1.5707963268e+00 -1.1152512870e+00
9.3092199778e-05 1.0669918600e+04 1.5707963268e+00 -1.1198041145e+00
9.3523516277e-05 1.0661129207e+04 1.5707963268e+00 -1.1243643904e+00
9.3956583462e-05 1.0652285204e+04 1.5707963268e+00 -1.1289321795e+00
9.4391429504e-05 1.0643386230e+04 1.5707963268e+00 -1.1335075470e+00
9.4828083230e-05 1.0634431921e+04 1.5707963268e+00 -1.1380905590e+00
9.5266574139e-05 1.0625421910e+04 1.5707963268e+00 -1.1426812825e+00
9.5706932429e-05 1.0616355824e+04 1.5707963268e+00 -1.1472797849e+00
9.6149189018e-05 1.0607233286e+04 1.5707963268e+00 -1.1518861347e+00
9.6593375563e-05 1.0598053916e+04 1.5707963268e+00 -1.1565004008e+00
9.7039524491e-05 1.0588817328e+04 1.5707963268e+00 -1.1611226532e+00
9.7487669018e-05 1.0579523132e+04 1.5707963268e+00 -1.1657529625e+00
9.7937843179e-05 1.0570170934e+04 1.5707963268e+00 -1.1703914002e+00
9.8390081855e-05 1.0560760335e+04 1.5707963268e+00 -1.1750380385e+00
9.8844420799e-05 1.0551290931e+04 1.5707963268e+00 -1.1796929507e+00
9.9300896670e-05 1.0541762314e+04 1.5707963268e+00 -1.1843562106e+00
9.9759547061e-05 1.0532174070e+04 1.5707963268e+00 -1.1890278930e+00
1.0022041053e-04 1.0522525782e+04 1.5707963268e+00 -1.1937080737e+00
1.0068352664e-04 1.0512817026e+04 1.5707963268e+00 -1.1983968292e+00
1.0114893598e-04 1.0503047374e+04 1.5707963268e+00 -1.2030942370e+00
1.0161668022e-04 1.0493216393e+04 1.5707963268e+00 -1.2078003755e+00
1.0208680214e-04 1.0483323645e+04 1.5707963268e+00 -1.2125153240e+00
1.0255934568e-04 1.0473368686e+04 1.5707963268e+00 -1.2172391627e+00
1.0303435595e-04 1.0463351067e+04 1.5707963268e+00 -1.2219719730e+00
1.0351187932e-04 1.0453270333e+04 1.5707963268e+00 -1.2267138370e+00
1.0399196343e-04 1.0443126025e+04 1.5707963268e+00 -1.2314648379e+00
1.0447465725e-04 1.0432917677e+04 1.5707963268e+00 -1.2362250600e+00
1.0496001115e-04 1.0422644819e+04 1.5707963268e+00 -1.2409945885e+00
1.0544807692e-04 1.0412306972e+04 1.5707963268e+00 -1.2457735097e+00
1.0593890783e-04 1.0401903655e+04 1.5707963268e+00 -1.2505619110e+00
1.0643255872e-04 1.0391434378e+04 1.5707963268e+00 -1.2553598808e+00
1.0692908602e-04 1.0380898647e+04 1.5707963268e+00 -1.2601675087e+00
1.0742854785e-04 1.0370295962e+04 1.5707963268e+00 -1.2649848854e+00
1.0793100405e-04 1.0359625815e+04 1.5707963268e+00 -1.2698121027e+00
1.0843651629e-04 1.0348887693e+04 1.5707963268e+00 -1.2746492535e+00
1.0894514810e-04 1.0338081076e+04 1.5707963268e+00 -1.2794964322e+00
1.0945696501e-04 1.0327205438e+04 1.5707963268e+00 -1.2843537339e+00
1.0997203456e-04 1.0316260247e+04 1.5707963268e+00 -1.2892212554e+00
1.1049042643e-04 1.0305244962e+04 1.5707963268e+00 -1.2940990945e+00
1.1101221253e-04 1.0294159039e+04 1.5707963268e+00 -1.2989873503e+00
1.1153746708e-04 1.0283001922e+04 1.5707963268e+00 -1.3038861233e+00
1.1206626671e-04 1.0271773054e+04 1.5707963268e+00 -1.3087955151e+00
1.1259869061e-04 1.0260471865e+04 1.5707963268e+00 -1.3137156289e+00
1.1313482056e-04 1.0249097782e+04 1.5707963268e+00 -1.3186465691e+00
1.1367474114e-04 1.0237650224e+04 1.5707963268e+00 -1.3235884415e+00
1.1421853978e-04 1.0226128600e+04 1.5707963268e+00 -1.3285413533e+00
1.1476630695e-04 1.0214532315e+04 1.5707963268e+00 -1.3335054134e+00
1.1531813625e-04 1.0202860763e+04 1.5707963268e+00 -1.3384807318e+00
1.1587412461e-04 1.0191113333e+04 1.5707963268e+00 -1.3434674203e+00
1.1643437241e-04 1.0179289405e+04 1.5707963268e+00 -1.3484655919e+00
1.1699898367e-04 1.0167388350e+04 1.5707963268e+00 -1.3534753615e+00
1.1756806620e-04 1.0155409533e+04 1.5707963268e+00 -1.3584968453e+00
1.1814173183e-04 1.0143352309e+04 1.5707963268e+00 -1.3635301614e+00
1.1872009657e-04 1.0131216026e+04 1.5707963268e+00 -1.3685754294e+00
1.1930328085e-04 1.0119000023e+04 1.5707963268e+00 -1.3736327704e+00
1.1989140973e-04 1.0106703628e+04 1.5707963268e+00 -1.3787023074e+00
1.2048461315e-04 1.0094326166e+04 1.5707963268e+00 -1.3837841653e+00
1.2108302619e-04 1.0081866947e+04 1.5707963268e+00 -1.3888784704e+00
1.2168678934e-04 1.0069325276e+04 1.5707963268e+00 -1.3939853512e+00
1.2229604879e-04 1.0056700447e+04 1.5707963268e+00 -1.3991049377e+00
1.2291095676e-04 1.0043991747e+04 1.5707963268e+00 -1.4042373619e+00
1.2353167180e-04 1.0031198451e+04 1.5707963268e+00 -1.4093827579e+00
1.2415835920e-04 1.0018319826e+04 1.5707963268e+00 -1.4145412616e+00
1.2479119133e-04 1.0005355130e+04 1.5707963268e+00 -1.4197130108e+00
1.2543034806e-04 9.9923036100e+03 1.5707963268e+00 -1.4248981455e+00
1.2607601725e-04 9.9791645048e+03 1.5707963268e+00 -1.4300968078e+00
1.2672839514e-04 9.9659370422e+03 1.5707963268e+00 -1.4353091417e+00
1.2738768694e-04 9.9526204406e+03 1.5707963268e+00 -1.4405352937e+00
1.2805410734e-04 9.9392139083e+03 1.5707963268e+00 -1.4457754121e+00
1.2872788113e-04 9.9257166433e+03 1.5707963268e+00 -1.4510296477e+00
1.2940924382e-04 9.9121278339e+03 1.5707963268e+00 -1.4562981537e+00
1.3009844233e-04 9.8984466576e+03 1.5707963268e+00 -1.4615810854e+00
1.3079573576e-04 9.8846722821e+03 1.5707963268e+00 -1.4668786005e+00
1.3150139622e-04 9.8708038645e+03 1.5707963268e+00 -1.4721908594e+00
1.3221570966e-04 9.8568405515e+03 1.5707963268e+00 -1.4775180247e+00
1.3293897686e-04 9.8427814796e+03 1.5707963268e+00 -1.4828602617e+00
1.3367151448e-04 9.8286257747e+03 1.5707963268e+00 -1.4882177383e+00
1.3441365618e-04 9.8143725526e+03 1.5707963268e+00 -1.4935906249e+00
1.3516575387e-04 9.8000209186e+03 1.5707963268e+00 -1.4989790948e+00
1.3592817903e-04 9.7855699677e+03 1.5707963268e+00 -1.5043833238e+00
1.3670132426e-04 9.7710187850e+03 1.5707963268e+00 -1.5098034909e+00
1.3748560484e-04 9.7563664454e+03 1.5707963268e+00 -1.5152397775e+00
1.3828146053e-04 9.7416120142e+03 1.5707963268e+00 -1.5206923684e+00
1.3908935755e-04 9.7267545468e+03 1.5707963268e+00 -1.5261614510e+00
1.3990979072e-04 9.7117930895e+03 1.5707963268e+00 -1.5316472160e+00
1.4074328585e-04 9.6967266797e+03 1.5707963268e+00 -1.5371498572e+00
1.4159040238e-04 9.6815543460e+03 1.5707963268e+00 -1.5426695714e+00
1.4245173633e-04 9.6662751091e+03 1.5707963268e+00 -1.5482065589e+00
1.4332792351e-04 9.6508879821e+03 1.5707963268e+00 -1.5537610231e+00
1.4421964315e-04 9.6353919715e+03 1.5707963268e+00 -1.5593331709e+00
1.4512762195e-04 9.6197860774e+03 1.5707963268e+00 -1.5649232126e+00
1.4605263862e-04 9.6040692952e+03 1.5707963268e+00 -1.5705313620e+00
1.4699552889e-04 9.5882406162e+03 1.5707963268e+00 -1.5761578366e+00
1.4795719125e-04 9.5722990290e+03 1.5707963268e+00 -1.5818028574e+00
1.4893859338e-04 9.5562435212e+03 1.5707963268e+00 -1.5874666493e+00
1.4994077940e-04 9.5400730810e+03 1.5707963268e+00 -1.5931494408e+00
1.5096487812e-04 9.5237866991e+03 1.5707963268e+00 -1.5988514644e+00
1.5201211244e-04 9.5073833718e+03 1.5707963268e+00 -1.6045729565e+00
1.5308381008e-04 9.4908621029e+03 1.5707963268e+00 -1.6103141574e+00
1.5418141582e-04 9.4742219081e+03 1.5707963268e+00 -1.6160753116e+00
1.5530650572e-04 9.4574618178e+03 1.5707963268e+00 -1.6218566678e+00
1.5646080336e-04 9.4405808828e+03 1.5707963268e+00 -1.6276584786e+00
1.5764619888e-04 9.4235781790e+03 1.5707963268e+00 -1.6334810011e+00
1.5886477098e-04 9.4064528142e+03 1.5707963268e+00 -1.6393244966e+00
1.6011881283e-04 9.3892039359e+03 1.5707963268e+00 -1.6451892307e+00
1.6141086244e-04 9.3718307403e+03 1.5707963268e+00 -1.6510754735e+00
1.6274373873e-04 9.3543324831e+03 1.5707963268e+00 -1.6569834994e+00
1.6412058426e-04 9.3367084932e+03 1.5707963268e+00 -1.6629135871e+00
1.6554491660e-04 9.3189581886e+03 1.5707963268e+00 -1.6688660200e+00
1.6702069016e-04 9.3010810954e+03 1.5707963268e+00 -1.6748410855e+00
1.6855237116e-04 9.2830768723e+03 1.5707963268e+00 -1.6808390757e+00
1.7014502955e-04 9.2649453394e+03 1.5707963268e+00 -1.6868602867e+00
1.7180445225e-04 9.2466865151e+03 1.5707963268e+00 -1.6929050187e+00
1.7353728417e-04 9.2283006613e+03 1.5707963268e+00 -1.6989735759e+00
1.7535120554e-04 9.2097883413e+03 1.5707963268e+00 -1.7050662663e+00
1.7725515722e-04 9.1911504932e+03 1.5707963268e+00 -1.7111834009e+00
1.7925963055e-04 9.1723885249e+03 1.5707963268e+00 -1.7173252941e+00
1.8137704492e-04 9.1535044379e+03 1.5707963268e+00 -1.7234922622e+00
1.8362224711e-04 9.1345009910e+03 1.5707963268e+00 -1.7296846235e+00
1.8601318210e-04 9.1153819217e+03 1.5707963268e+00 -1.7359026964e+00
1.8857181120e-04 9.0961522473e+03 1.5707963268e+00 -1.7421467990e+00
1.9132539442e-04 9.0768186868e+03 1.5707963268e+00 -1.7484172465e+00
1.9430832450e-04 9.0573902620e+03 1.5707963268e+00 -1.7547143492e+00
1.9756482164e-04 9.0378791787e+03 1.5707963268e+00 -1.7610384091e+00
2.0115301941e-04 9.0183021555e+03 1.5707963268e+00 -1.7673897151e+00
2.0515139461e-04 8.9986825035e+03 1.5707963268e+00 -1.7737685364e+00
2.0966934505e-04 8.9790535156e+03 1.5707963268e+00 -1.7801751124e+00
2.1486556175e-04 8.9594642868e+03 1.5707963268e+00 -1.7866096379e+00
2.2098217692e-04 8.9399903580e+03 1.5707963268e+00 -1.7930722393e+00
2.2841403365e-04 8.9207548323e+03 1.5707963268e+00 -1.7995629345e+00
2.3786675415e-04 8.9019750452e+03 1.5707963268e+00 -1.8060815607e+00
2.5078384464e-04 8.8840827130e+03 1.5707963268e+00 -1.8126276327e+00
