0.0000000000e+00 1.0732465049e+04 1.5707963268e+00 0.0000000000e+00
3.5509654907e-07 1.0732465049e+04 1.5707963268e+00 -4.1322314050e-03
7.1019309813e-07 1.0732421127e+04 1.5707963268e+00 -8.2644628099e-03
1.0652965672e-06 1.0732333283e+04 1.5707963268e+00 -1.2396728037e-02
1.4204138770e-06 1.0732201517e+04 1.5707963268e+00 -1.6529060907e-02
1.7755519499e-06 1.0732025826e+04 1.5707963268e+00 -2.0661495248e-02
2.1307177114e-06 1.0731806206e+04 1.5707963268e+00 -2.4794064887e-02
2.4859180910e-06 1.0731542652e+04 1.5707963268e+00 -2.8926803665e-02
2.8411600240e-06 1.0731235156e+04 1.5707963268e+00 -3.3059745428e-02
3.1964504519e-06 1.0730883710e+04 1.5707963268e+00 -3.7192924037e-02
3.5517963245e-06 1.0730488305e+04 1.5707963268e+00 -4.1326373368e-02
3.9072046005e-06 1.0730048929e+04 1.5707963268e+00 -4.5460127313e-02
4.2626822488e-06 1.0729565569e+04 1.5707963268e+00 -4.9594219783e-02
4.6182362501e-06 1.0729038210e+04 1.5707963268e+00 -5.3728684714e-02
4.9738735976e-06 1.0728466838e+04 1.5707963268e+00 -5.7863556062e-02
5.3296012989e-06 1.0727851435e+04 1.5707963268e+00 -6.1998867813e-02
5.6854263765e-06 1.0727191983e+04 1.5707963268e+00 -6.6134653980e-02
6.0413558697e-06 1.0726488460e+04 1.5707963268e+00 -7.0270948611e-02
6.3973968355e-06 1.0725740846e+04 1.5707963268e+00 -7.4407785784e-02
6.7535563498e-06 1.0724949117e+04 1.5707963268e+00 -7.8545199615e-02
7.1098415092e-06 1.0724113248e+04 1.5707963268e+00 -8.2683224258e-02
7.4662594316e-06 1.0723233214e+04 1.5707963268e+00 -8.6821893911e-02
7.8228172579e-06 1.0722308986e+04 1.5707963268e+00 -9.0961242813e-02
8.1795221534e-06 1.0721340537e+04 1.5707963268e+00 -9.5101305250e-02
8.5363813088e-06 1.0720327834e+04 1.5707963268e+00 -9.9242115555e-02
8.8934019417e-06 1.0719270846e+04 1.5707963268e+00 -1.0338370812e-01
9.2505912979e-06 1.0718169540e+04 1.5707963268e+00 -1.0752611737e-01
9.6079566528e-06 1.0717023879e+04 1.5707963268e+00 -1.1166937781e-01
9.9655053127e-06 1.0715833828e+04 1.5707963268e+00 -1.1581352400e-01
1.0323244616e-05 1.0714599348e+04 1.5707963268e+00 -1.1995859054e-01
1.0681181936e-05 1.0713320400e+04 1.5707963268e+00 -1.2410461212e-01
1.1039324680e-05 1.0711996942e+04 1.5707963268e+00 -1.2825162348e-01
1.1397680291e-05 1.0710628931e+04 1.5707963268e+00 -1.3239965943e-01
1.1756256251e-05 1.0709216324e+04 1.5707963268e+00 -1.3654875486e-01
1.2115060084e-05 1.0707759074e+04 1.5707963268e+00 -1.4069894472e-01
1.2474099350e-05 1.0706257134e+04 1.5707963268e+00 -1.4485026405e-01
1.2833381655e-05 1.0704710456e+04 1.5707963268e+00 -1.4900274797e-01
1.3192914647e-05 1.0703118987e+04 1.5707963268e+00 -1.5315643166e-01
1.3552706022e-05 1.0701482678e+04 1.5707963268e+00 -1.5731135041e-01
1.3912763520e-05 1.0699801473e+04 1.5707963268e+00 -1.6146753957e-01
1.4273094932e-05 1.0698075318e+04 1.5707963268e+00 -1.6562503462e-01
1.4633708098e-05 1.0696304155e+04 1.5707963268e+00 -1.6978387108e-01
1.4994610910e-05 1.0694487928e+04 1.5707963268e+00 -1.7394408461e-01
1.5355811315e-05 1.0692626574e+04 1.5707963268e+00 -1.7810571095e-01
1.5717317313e-05 1.0690720034e+04 1.5707963268e+00 -1.8226878593e-01
1.6079136962e-05 1.0688768244e+04 1.5707963268e+00 -1.8643334550e-01
1.6441278380e-05 1.0686771138e+04 1.5707963268e+00 -1.9059942571e-01
1.6803749743e-05 1.0684728651e+04 1.5707963268e+00 -1.9476706271e-01
1.7166559291e-05 1.0682640715e+04 1.5707963268e+00 -1.9893629277e-01
1.7529715326e-05 1.0680507260e+04 1.5707963268e+00 -2.0310715227e-01
1.7893226220e-05 1.0678328214e+04 1.5707963268e+00 -2.0727967772e-01
1.8257100408e-05 1.0676103505e+04 1.5707963268e+00 -2.1145390574e-01
1.8621346398e-05 1.0673833058e+04 1.5707963268e+00 -2.1562987306e-01
1.8985972768e-05 1.0671516796e+04 1.5707963268e+00 -2.1980761655e-01
1.9350988171e-05 1.0669154642e+04 1.5707963268e+00 -2.2398717322e-01
1.9716401335e-05 1.0666746516e+04 1.5707963268e+00 -2.2816858018e-01
2.0082221067e-05 1.0664292337e+04 1.5707963268e+00 -2.3235187472e-01
2.0448456251e-05 1.0661792021e+04 1.5707963268e+00 -2.3653709421e-01
2.0815115856e-05 1.0659245484e+04 1.5707963268e+00 -2.4072427621e-01
2.1182208934e-05 1.0656652639e+04 1.5707963268e+00 -2.4491345841e-01
2.1549744625e-05 1.0654013398e+04 1.5707963268e+00 -2.4910467862e-01
2.1917732155e-05 1.0651327671e+04 1.5707963268e+00 -2.5329797485e-01
2.2286180844e-05 1.0648595366e+04 1.5707963268e+00 -2.5749338522e-01
2.2655100105e-05 1.0645816389e+04 1.5707963268e+00 -2.6169094802e-01
2.3024499445e-05 1.0642990646e+04 1.5707963268e+00 -2.6589070170e-01
2.3394388472e-05 1.0640118039e+04 1.5707963268e+00 -2.7009268489e-01
2.3764776894e-05 1.0637198469e+04 1.5707963268e+00 -2.7429693636e-01
2.4135674523e-05 1.0634231835e+04 1.5707963268e+00 -2.7850349506e-01
2.4507091276e-05 1.0631218035e+04 1.5707963268e+00 -2.8271240011e-01
2.4879037182e-05 1.0628156965e+04 1.5707963268e+00 -2.8692369082e-01
2.5251522378e-05 1.0625048518e+04 1.5707963268e+00 -2.9113740666e-01
2.5624557119e-05 1.0621892586e+04 1.5707963268e+00 -2.9535358729e-01
2.5998151776e-05 1.0618689059e+04 1.5707963268e+00 -2.9957227257e-01
2.6372316842e-05 1.0615437825e+04 1.5707963268e+00 -3.0379350253e-01
2.6747062931e-05 1.0612138771e+04 1.5707963268e+00 -3.0801731741e-01
2.7122400786e-05 1.0608791780e+04 1.5707963268e+00 -3.1224375763e-01
2.7498341279e-05 1.0605396735e+04 1.5707963268e+00 -3.1647286383e-01
2.7874895417e-05 1.0601953517e+04 1.5707963268e+00 -3.2070467684e-01
2.8252074342e-05 1.0598462003e+04 1.5707963268e+00 -3.2493923771e-01
2.8629889336e-05 1.0594922070e+04 1.5707963268e+00 -3.2917658769e-01
2.9008351826e-05 1.0591333593e+04 1.5707963268e+00 -3.3341676825e-01
2.9387473385e-05 1.0587696444e+04 1.5707963268e+00 -3.3765982110e-01
2.9767265737e-05 1.0584010494e+04 1.5707963268e+00 -3.4190578815e-01
3.0147740763e-05 1.0580275610e+04 1.5707963268e+00 -3.4615471153e-01
3.0528910500e-05 1.0576491660e+04 1.5707963268e+00 -3.5040663364e-01
3.0910787150e-05 1.0572658507e+04 1.5707963268e+00 -3.5466159707e-01
3.1293383080e-05 1.0568776013e+04 1.5707963268e+00 -3.5891964469e-01
3.1676710829e-05 1.0564844039e+04 1.5707963268e+00 -3.6318081960e-01
3.2060783112e-05 1.0560862443e+04 1.5707963268e+00 -3.6744516513e-01
3.2445612824e-05 1.0556831080e+04 1.5707963268e+00 -3.7171272489e-01
3.2831213044e-05 1.0552749803e+04 1.5707963268e+00 -3.7598354273e-01
3.3217597040e-05 1.0548618465e+04 1.5707963268e+00 -3.8025766277e-01
3.3604778276e-05 1.0544436914e+04 1.5707963268e+00 -3.8453512939e-01
3.3992770413e-05 1.0540204997e+04 1.5707963268e+00 -3.8881598726e-01
3.4381587317e-05 1.0535922559e+04 1.5707963268e+00 -3.9310028130e-01
3.4771243066e-05 1.0531589443e+04 1.5707963268e+00 -3.9738805671e-01
3.5161751948e-05 1.0527205488e+04 1.5707963268e+00 -4.0167935900e-01
3.5553128477e-05 1.0522770533e+04 1.5707963268e+00 -4.0597423394e-01
3.5945387391e-05 1.0518284413e+04 1.5707963268e+00 -4.1027272762e-01
3.6338543659e-05 1.0513746961e+04 1.5707963268e+00 -4.1457488640e-01
3.6732612490e-05 1.0509158008e+04 1.5707963268e+00 -4.1888075698e-01
3.7127609339e-05 1.0504517383e+04 1.5707963268e+00 -4.2319038634e-01
3.7523549910e-05 1.0499824911e+04 1.5707963268e+00 -4.2750382179e-01
3.7920450165e-05 1.0495080416e+04 1.5707963268e+00 -4.3182111094e-01
3.8318326333e-05 1.0490283719e+04 1.5707963268e+00 -4.3614230175e-01
3.8717194912e-05 1.0485434639e+04 1.5707963268e+00 -4.4046744250e-01
3.9117072681e-05 1.0480532991e+04 1.5707963268e+00 -4.4479658179e-01
3.9517976706e-05 1.0475578590e+04 1.5707963268e+00 -4.4912976859e-01
3.9919924345e-05 1.0470571246e+04 1.5707963268e+00 -4.5346705219e-01
4.0322933263e-05 1.0465510768e+04 1.5707963268e+00 -4.5780848225e-01
4.0727021430e-05 1.0460396961e+04 1.5707963268e+00 -4.6215410878e-01
4.1132207141e-05 1.0455229628e+04 1.5707963268e+00 -4.6650398215e-01
4.1538509015e-05 1.0450008570e+04 1.5707963268e+00 -4.7085815311e-01
4.1945946011e-05 1.0444733585e+04 1.5707963268e+00 -4.7521667278e-01
4.2354537434e-05 1.0439404468e+04 1.5707963268e+00 -4.7957959266e-01
4.2764302945e-05 1.0434021011e+04 1.5707963268e+00 -4.8394696464e-01
4.3175262572e-05 1.0428583003e+04 1.5707963268e+00 -4.8831884102e-01
4.3587436719e-05 1.0423090230e+04 1.5707963268e+00 -4.9269527446e-01
4.4000846180e-05 1.0417542478e+04 1.5707963268e+00 -4.9707631807e-01
4.4415512145e-05 1.0411939526e+04 1.5707963268e+00 -5.0146202536e-01
4.4831456217e-05 1.0406281153e+04 1.5707963268e+00 -5.0585245024e-01
4.5248700419e-05 1.0400567134e+04 1.5707963268e+00 -5.1024764709e-01
4.5667267210e-05 1.0394797240e+04 1.5707963268e+00 -5.1464767068e-01
4.6087179497e-05 1.0388971241e+04 1.5707963268e+00 -5.1905257624e-01
4.6508460646e-05 1.0383088903e+04 1.5707963268e+00 -5.2346241947e-01
4.6931134498e-05 1.0377149988e+04 1.5707963268e+00 -5.2787725649e-01
4.7355225383e-05 1.0371154257e+04 1.5707963268e+00 -5.3229714390e-01
4.7780758133e-05 1.0365101466e+04 1.5707963268e+00 -5.3672213877e-01
4.8207758099e-05 1.0358991369e+04 1.5707963268e+00 -5.4115229866e-01
4.8636251167e-05 1.0352823715e+04 1.5707963268e+00 -5.4558768159e-01
4.9066263774e-05 1.0346598252e+04 1.5707963268e+00 -5.5002834610e-01
4.9497822922e-05 1.0340314724e+04 1.5707963268e+00 -5.5447435123e-01
4.9930956202e-05 1.0333972870e+04 1.5707963268e+00 -5.5892575650e-01
5.0365691806e-05 1.0327572428e+04 1.5707963268e+00 -5.6338262198e-01
5.0802058551e-05 1.0321113131e+04 1.5707963268e+00 -5.6784500827e-01
5.1240085894e-05 1.0314594710e+04 1.5707963268e+00 -5.7231297648e-01
5.1679803959e-05 1.0308016890e+04 1.5707963268e+00 -5.7678658830e-01
5.2121243550e-05 1.0301379395e+04 1.5707963268e+00 -5.8126590593e-01
5.2564436181e-05 1.0294681945e+04 1.5707963268e+00 -5.8575099216e-01
5.3009414096e-05 1.0287924254e+04 1.5707963268e+00 -5.9024191037e-01
5.3456210291e-05 1.0281106035e+04 1.5707963268e+00 -5.9473872448e-01
5.3904858542e-05 1.0274226997e+04 1.5707963268e+00 -5.9924149902e-01
5.4355393431e-05 1.0267286844e+04 1.5707963268e+00 -6.0375029914e-01
5.4807850372e-05 1.0260285277e+04 1.5707963268e+00 -6.0826519056e-01
5.5262265639e-05 1.0253221993e+04 1.5707963268e+00 -6.1278623967e-01
5.5718676397e-05 1.0246096684e+04 1.5707963268e+00 -6.1731351344e-01
5.6177120731e-05 1.0238909041e+04 1.5707963268e+00 -6.2184707953e-01
5.6637637679e-05 1.0231658747e+04 1.5707963268e+00 -6.2638700621e-01
5.7100267268e-05 1.0224345484e+04 1.5707963268e+00 -6.3093336245e-01
5.7565050543e-05 1.0216968929e+04 1.5707963268e+00 -6.3548621787e-01
5.8032029608e-05 1.0209528754e+04 1.5707963268e+00 -6.4004564278e-01
5.8501247665e-05 1.0202024628e+04 1.5707963268e+00 -6.4461170819e-01
5.8972749050e-05 1.0194456215e+04 1.5707963268e+00 -6.4918448584e-01
5.9446579276e-05 1.0186823175e+04 1.5707963268e+00 -6.5376404815e-01
5.9922785080e-05 1.0179125163e+04 1.5707963268e+00 -6.5835046830e-01
6.0401414461e-05 1.0171361831e+04 1.5707963268e+00 -6.6294382021e-01
6.0882516738e-05 1.0163532824e+04 1.5707963268e+00 -6.6754417856e-01
6.1366142589e-05 1.0155637785e+04 1.5707963268e+00 -6.7215161881e-01
6.1852344113e-05 1.0147676351e+04 1.5707963268e+00 -6.7676621718e-01
6.2341174877e-05 1.0139648155e+04 1.5707963268e+00 -6.8138805070e-01
6.2832689979e-05 1.0131552825e+04 1.5707963268e+00 -6.8601719723e-01
6.3326946104e-05 1.0123389983e+04 1.5707963268e+00 -6.9065373543e-01
6.3824001593e-05 1.0115159249e+04 1.5707963268e+00 -6.9529774481e-01
6.4323916504e-05 1.0106860235e+04 1.5707963268e+00 -6.9994930573e-01
6.4826752682e-05 1.0098492549e+04 1.5707963268e+00 -7.0460849943e-01
6.5332573836e-05 1.0090055795e+04 1.5707963268e+00 -7.0927540802e-01
6.5841445615e-05 1.0081549571e+04 1.5707963268e+00 -7.1395011452e-01
6.6353435687e-05 1.0072973470e+04 1.5707963268e+00 -7.1863270286e-01
6.6868613827e-05 1.0064327079e+04 1.5707963268e+00 -7.2332325790e-01
6.7387052004e-05 1.0055609981e+04 1.5707963268e+00 -7.2802186545e-01
6.7908824478e-05 1.0046821753e+04 1.5707963268e+00 -7.3272861229e-01
6.8434007902e-05 1.0037961965e+04 1.5707963268e+00 -7.3744358617e-01
6.8962681421e-05 1.0029030185e+04 1.5707963268e+00 -7.4216687585e-01
6.9494926791e-05 1.0020025972e+04 1.5707963268e+00 -7.4689857109e-01
7.0030828490e-05 1.0010948881e+04 1.5707963268e+00 -7.5163876271e-01
7.0570473847e-05 1.0001798461e+04 1.5707963268e+00 -7.5638754257e-01
7.1113953170e-05 9.9925742544e+03 1.5707963268e+00 -7.6114500358e-01
7.1661359887e-05 9.9832757985e+03 1.5707963268e+00 -7.6591123977e-01
7.2212790692e-05 9.9739026245e+03 1.5707963268e+00 -7.7068634628e-01
7.2768345702e-05 9.9644542574e+03 1.5707963268e+00 -7.7547041937e-01
7.3328128621e-05 9.9549302162e+03 1.5707963268e+00 -7.8026355645e-01
7.3892246917e-05 9.9453300135e+03 1.5707963268e+00 -7.8506585610e-01
7.4460812007e-05 9.9356531557e+03 1.5707963268e+00 -7.8987741811e-01
7.5033939453e-05 9.9258991431e+03 1.5707963268e+00 -7.9469834346e-01
7.5611749178e-05 9.9160674691e+03 1.5707963268e+00 -7.9952873440e-01
7.6194365683e-05 9.9061576210e+03 1.5707963268e+00 -8.0436869441e-01
7.6781918290e-05 9.8961690793e+03 1.5707963268e+00 -8.0921832828e-01
7.7374541394e-05 9.8861013180e+03 1.5707963268e+00 -8.1407774207e-01
7.7972374734e-05 9.8759538043e+03 1.5707963268e+00 -8.1894704320e-01
7.8575563683e-05 9.8657259987e+03 1.5707963268e+00 -8.2382634046e-01
7.9184259555e-05 9.8554173546e+03 1.5707963268e+00 -8.2871574397e-01
7.9798619938e-05 9.8450273189e+03 1.5707963268e+00 -8.3361536531e-01
8.0418809046e-05 9.8345553312e+03 1.5707963268e+00 -8.3852531747e-01
8.1044998098e-05 9.8240008241e+03 1.5707963268e+00 -8.4344571488e-01
8.1677365724e-05 9.8133632234e+03 1.5707963268e+00 -8.4837667350e-01
8.2316098401e-05 9.8026419472e+03 1.5707963268e+00 -8.5331831078e-01
8.2961390922e-05 9.7918364071e+03 1.5707963268e+00 -8.5827074572e-01
8.3613446901e-05 9.7809460068e+03 1.5707963268e+00 -8.6323409888e-01
8.4272479311e-05 9.7699701432e+03 1.5707963268e+00 -8.6820849244e-01
8.4938711075e-05 9.7589082057e+03 1.5707963268e+00 -8.7319405021e-01
8.5612375693e-05 9.7477595765e+03 1.5707963268e+00 -8.7819089767e-01
8.6293717927e-05 9.7365236303e+03 1.5707963268e+00 -8.8319916197e-01
8.6982994533e-05 9.7251997346e+03 1.5707963268e+00 -8.8821897203e-01
8.7680475068e-05 9.7137872495e+03 1.5707963268e+00 -8.9325045849e-01
8.8386442751e-05 9.7022855279e+03 1.5707963268e+00 -8.9829375381e-01
8.9101195403e-05 9.6906939153e+03 1.5707963268e+00 -9.0334899227e-01
8.9825046478e-05 9.6790117501e+03 1.5707963268e+00 -9.0841631003e-01
9.0558326166e-05 9.6672383635e+03 1.5707963268e+00 -9.1349584512e-01
9.1301382617e-05 9.6553730796e+03 1.5707963268e+00 -9.1858773754e-01
9.2054583266e-05 9.6434152158e+03 1.5707963268e+00 -9.2369212923e-01
9.2818316281e-05 9.6313640825e+03 1.5707963268e+00 -9.2880916417e-01
9.3592992159e-05 9.6192189834e+03 1.5707963268e+00 -9.3393898837e-01
9.4379045470e-05 9.6069792162e+03 1.5707963268e+00 -9.3908174992e-01
9.5176936776e-05 9.5946440720e+03 1.5707963268e+00 -9.4423759908e-01
9.5987154746e-05 9.5822128365e+03 1.5707963268e+00 -9.4940668821e-01
9.6810218491e-05 9.5696847895e+03 1.5707963268e+00 -9.5458917194e-01
9.7646680143e-05 9.5570592060e+03 1.5707963268e+00 -9.5978520711e-01
9.8497127715e-05 9.5443353564e+03 1.5707963268e+00 -9.6499495287e-01
9.9362188275e-05 9.5315125068e+03 1.5707963268e+00 -9.7021857068e-01
1.0024253148e-04 9.5185899202e+03 1.5707963268e+00 -9.7545622438e-01
1.0113887351e-04 9.5055668569e+03 1.5707963268e+00 -9.8070808025e-01
1.0205198150e-04 9.4924425753e+03 1.5707963268e+00 -9.8597430700e-01
1.0298267844e-04 9.4792163332e+03 1.5707963268e+00 -9.9125507584e-01
1.0393184874e-04 9.4658873886e+03 1.5707963268e+00 -9.9655056054e-01
1.0490044452e-04 9.4524550016e+03 1.5707963268e+00 -1.0018609375e+00
1.0588949264e-04 9.4389184353e+03 1.5707963268e+00 -1.0071863855e+00
1.0690010271e-04 9.4252769582e+03 1.5707963268e+00 -1.0125270864e+00
1.0793347627e-04 9.4115298460e+03 1.5707963268e+00 -1.0178832245e+00
1.0899091713e-04 9.3976763840e+03 1.5707963268e+00 -1.0232549868e+00
1.1007384331e-04 9.3837158703e+03 1.5707963268e+00 -1.0286425633e+00
1.1118380076e-04 9.3696476189e+03 1.5707963268e+00 -1.0340461465e+00
1.1232247915e-04 9.3554709637e+03 1.5707963268e+00 -1.0394659320e+00
1.1349173019e-04 9.3411852631e+03 1.5707963268e+00 -1.0449021183e+00
1.1469358898e-04 9.3267899057e+03 1.5707963268e+00 -1.0503549065e+00
1.1593029895e-04 9.3122843161e+03 1.5707963268e+00 -1.0558245009e+00
1.1720434115e-04 9.2976679635e+03 1.5707963268e+00 -1.0613111086e+00
1.1851846898e-04 9.2829403700e+03 1.5707963268e+00 -1.0668149397e+00
1.1987574927e-04 9.2681011221e+03 1.5707963268e+00 -1.0723362069e+00
1.2127961159e-04 9.2531498837e+03 1.5707963268e+00 -1.0778751262e+00
1.2273390751e-04 9.2380864120e+03 1.5707963268e+00 -1.0834319162e+00
1.2424298236e-04 9.2229105775e+03 1.5707963268e+00 -1.0890067984e+00
1.2581176303e-04 9.2076223875e+03 1.5707963268e+00 -1.0945999967e+00
1.2744586591e-04 9.1922220161e+03 1.5707963268e+00 -1.1002117380e+00
1.2915173107e-04 9.1767098411e+03 1.5707963268e+00 -1.1058422514e+00
1.3093679058e-04 9.1610864908e+03 1.5707963268e+00 -1.1114917680e+00
1.3280968181e-04 9.1453529031e+03 1.5707963268e+00 -1.1171605213e+00
1.3478052109e-04 9.1295104020e+03 1.5707963268e+00 -1.1228487460e+00
1.3686125913e-04 9.1135607966e+03 1.5707963268e+00 -1.1285566782e+00
1.3906614936e-04 9.0975065123e+03 1.5707963268e+00 -1.1342845543e+00
1.4141237483e-04 9.0813507657e+03 1.5707963268e+00 -1.1400326107e+00
1.4392090240e-04 9.0650978035e+03 1.5707963268e+00 -1.1458010824e+00
1.4661767020e-04 9.0487532338e+03 1.5707963268e+00 -1.1515902018e+00
1.4953527624e-04 9.0323244969e+03 1.5707963268e+00 -1.1574001970e+00
1.5271544360e-04 9.0158215490e+03 1.5707963268e+00 -1.1632312893e+00
1.5621273038e-04 8.9992578881e+03 1.5707963268e+00 -1.1690836895e+00
1.6010031555e-04 8.9826521424e+03 1.5707963268e+00 -1.1749575935e+00
1.6447941567e-04 8.9660306350e+03 1.5707963268e+00 -1.1808531750e+00
1.6949542485e-04 8.9494317299e+03 1.5707963268e+00 -1.1867705748e+00
1.7536741596e-04 8.9329136561e+03 1.5707963268e+00 -1.1927098846e+00
1.8244669003e-04 8.9165697140e+03 1.5707963268e+00 -1.1986711188e+00
1.9134643299e-04 8.9005609686e+03 1.5707963268e+00 -1.2046541668e+00
2.0327685851e-04 8.8851971133e+03 1.5707963268e+00 -1.2106586986e+00
2.2114658209e-04 8.8711840559e+03 1.5707963268e+00 -1.2166839601e+00
