0.0000000000e+00 1.2240332039e+04 1.5707963268e+00 0.0000000000e+00
2.8191043961e-07 1.2240332039e+04 1.5707963268e+00 -3.6231884058e-03
5.6382087923e-07 1.2240318067e+04 1.5707963268e+00 -7.2463768116e-03
8.4573216570e-07 1.2240290121e+04 1.5707963268e+00 -1.0869573489e-02
1.1276451459e-06 1.2240248203e+04 1.5707963268e+00 -1.4492786711e-02
1.4095606668e-06 1.2240192312e+04 1.5707963268e+00 -1.8116024748e-02
1.6914795753e-06 1.2240122447e+04 1.5707963268e+00 -2.1739295875e-02
1.9734027186e-06 1.2240038607e+04 1.5707963268e+00 -2.5362608363e-02
2.2553309440e-06 1.2239940790e+04 1.5707963268e+00 -2.8985970488e-02
2.5372650989e-06 1.2239828996e+04 1.5707963268e+00 -3.2609390526e-02
2.8192060311e-06 1.2239703223e+04 1.5707963268e+00 -3.6232876753e-02
3.1011545885e-06 1.2239563468e+04 1.5707963268e+00 -3.9856437448e-02
3.3831116194e-06 1.2239409730e+04 1.5707963268e+00 -4.3480080891e-02
3.6650779725e-06 1.2239242006e+04 1.5707963268e+00 -4.7103815366e-02
3.9470544966e-06 1.2239060293e+04 1.5707963268e+00 -5.0727649158e-02
4.2290420412e-06 1.2238864588e+04 1.5707963268e+00 -5.4351590554e-02
4.5110414561e-06 1.2238654889e+04 1.5707963268e+00 -5.7975647844e-02
4.7930535918e-06 1.2238431191e+04 1.5707963268e+00 -6.1599829323e-02
5.0750792989e-06 1.2238193492e+04 1.5707963268e+00 -6.5224143287e-02
5.3571194289e-06 1.2237941786e+04 1.5707963268e+00 -6.8848598037e-02
5.6391748338e-06 1.2237676071e+04 1.5707963268e+00 -7.2473201877e-02
5.9212463662e-06 1.2237396341e+04 1.5707963268e+00 -7.6097963114e-02
6.2033348794e-06 1.2237102592e+04 1.5707963268e+00 -7.9722890062e-02
6.4854412274e-06 1.2236794818e+04 1.5707963268e+00 -8.3347991037e-02
6.7675662649e-06 1.2236473016e+04 1.5707963268e+00 -8.6973274361e-02
7.0497108475e-06 1.2236137178e+04 1.5707963268e+00 -9.0598748359e-02
7.3318758313e-06 1.2235787300e+04 1.5707963268e+00 -9.4224421365e-02
7.6140620737e-06 1.2235423376e+04 1.5707963268e+00 -9.7850301714e-02
7.8962704326e-06 1.2235045399e+04 1.5707963268e+00 -1.0147639775e-01
8.1785017671e-06 1.2234653363e+04 1.5707963268e+00 -1.0510271782e-01
8.4607569369e-06 1.2234247262e+04 1.5707963268e+00 -1.0872927028e-01
8.7430368032e-06 1.2233827088e+04 1.5707963268e+00 -1.1235606349e-01
9.0253422279e-06 1.2233392834e+04 1.5707963268e+00 -1.1598310582e-01
9.3076740740e-06 1.2232944492e+04 1.5707963268e+00 -1.1961040564e-01
9.5900332056e-06 1.2232482056e+04 1.5707963268e+00 -1.2323797133e-01
9.8724204881e-06 1.2232005517e+04 1.5707963268e+00 -1.2686581129e-01
1.0154836788e-05 1.2231514867e+04 1.5707963268e+00 -1.3049393390e-01
1.0437282973e-05 1.2231010097e+04 1.5707963268e+00 -1.3412234758e-01
1.0719759912e-05 1.2230491199e+04 1.5707963268e+00 -1.3775106073e-01
1.1002268476e-05 1.2229958164e+04 1.5707963268e+00 -1.4138008177e-01
1.1284809535e-05 1.2229410983e+04 1.5707963268e+00 -1.4500941914e-01
1.1567383963e-05 1.2228849645e+04 1.5707963268e+00 -1.4863908127e-01
1.1849992635e-05 1.2228274142e+04 1.5707963268e+00 -1.5226907661e-01
1.2132636426e-05 1.2227684464e+04 1.5707963268e+00 -1.5589941361e-01
1.2415316214e-05 1.2227080599e+04 1.5707963268e+00 -1.5953010074e-01
1.2698032878e-05 1.2226462539e+04 1.5707963268e+00 -1.6316114648e-01
1.2980787297e-05 1.2225830271e+04 1.5707963268e+00 -1.6679255930e-01
1.3263580355e-05 1.2225183785e+04 1.5707963268e+00 -1.7042434770e-01
1.3546412935e-05 1.2224523070e+04 1.5707963268e+00 -1.7405652019e-01
1.3829285922e-05 1.2223848115e+04 1.5707963268e+00 -1.7768908529e-01
1.4112200203e-05 1.2223158906e+04 1.5707963268e+00 -1.8132205151e-01
1.4395156668e-05 1.2222455433e+04 1.5707963268e+00 -1.8495542741e-01
1.4678156208e-05 1.2221737683e+04 1.5707963268e+00 -1.8858922153e-01
1.4961199714e-05 1.2221005644e+04 1.5707963268e+00 -1.9222344242e-01
1.5244288082e-05 1.2220259303e+04 1.5707963268e+00 -1.9585809868e-01
1.5527422208e-05 1.2219498646e+04 1.5707963268e+00 -1.9949319887e-01
1.5810602990e-05 1.2218723660e+04 1.5707963268e+00 -2.0312875160e-01
1.6093831330e-05 1.2217934332e+04 1.5707963268e+00 -2.0676476547e-01
1.6377108128e-05 1.2217130648e+04 1.5707963268e+00 -2.1040124912e-01
1.6660434291e-05 1.2216312594e+04 1.5707963268e+00 -2.1403821118e-01
1.6943810724e-05 1.2215480155e+04 1.5707963268e+00 -2.1767566030e-01
1.7227238337e-05 1.2214633317e+04 1.5707963268e+00 -2.2131360514e-01
1.7510718041e-05 1.2213772064e+04 1.5707963268e+00 -2.2495205438e-01
1.7794250750e-05 1.2212896383e+04 1.5707963268e+00 -2.2859101672e-01
1.8077837378e-05 1.2212006256e+04 1.5707963268e+00 -2.3223050085e-01
1.8361478846e-05 1.2211101669e+04 1.5707963268e+00 -2.3587051551e-01
1.8645176072e-05 1.2210182605e+04 1.5707963268e+00 -2.3951106942e-01
1.8928929980e-05 1.2209249048e+04 1.5707963268e+00 -2.4315217135e-01
1.9212741496e-05 1.2208300982e+04 1.5707963268e+00 -2.4679383005e-01
1.9496611547e-05 1.2207338390e+04 1.5707963268e+00 -2.5043605431e-01
1.9780541064e-05 1.2206361255e+04 1.5707963268e+00 -2.5407885293e-01
2.0064530981e-05 1.2205369560e+04 1.5707963268e+00 -2.5772223472e-01
2.0348582233e-05 1.2204363286e+04 1.5707963268e+00 -2.6136620853e-01
2.0632695759e-05 1.2203342416e+04 1.5707963268e+00 -2.6501078318e-01
2.0916872501e-05 1.2202306932e+04 1.5707963268e+00 -2.6865596757e-01
2.1201113402e-05 1.2201256815e+04 1.5707963268e+00 -2.7230177055e-01
2.1485419410e-05 1.2200192048e+04 1.5707963268e+00 -2.7594820105e-01
2.1769791475e-05 1.2199112609e+04 1.5707963268e+00 -2.7959526797e-01
2.2054230549e-05 1.2198018482e+04 1.5707963268e+00 -2.8324298025e-01
2.2338737589e-05 1.2196909645e+04 1.5707963268e+00 -2.8689134686e-01
2.2623313554e-05 1.2195786080e+04 1.5707963268e+00 -2.9054037676e-01
2.2907959405e-05 1.2194647765e+04 1.5707963268e+00 -2.9419007895e-01
2.3192676108e-05 1.2193494681e+04 1.5707963268e+00 -2.9784046244e-01
2.3477464632e-05 1.2192326807e+04 1.5707963268e+00 -3.0149153626e-01
2.3762325948e-05 1.2191144122e+04 1.5707963268e+00 -3.0514330948e-01
2.4047261030e-05 1.2189946605e+04 1.5707963268e+00 -3.0879579116e-01
2.4332270858e-05 1.2188734235e+04 1.5707963268e+00 -3.1244899039e-01
2.4617356414e-05 1.2187506989e+04 1.5707963268e+00 -3.1610291629e-01
2.4902518681e-05 1.2186264845e+04 1.5707963268e+00 -3.1975757800e-01
2.5187758649e-05 1.2185007782e+04 1.5707963268e+00 -3.2341298466e-01
2.5473077310e-05 1.2183735776e+04 1.5707963268e+00 -3.2706914547e-01
2.5758475661e-05 1.2182448804e+04 1.5707963268e+00 -3.3072606962e-01
2.6043954699e-05 1.2181146844e+04 1.5707963268e+00 -3.3438376634e-01
2.6329515429e-05 1.2179829871e+04 1.5707963268e+00 -3.3804224486e-01
2.6615158857e-05 1.2178497863e+04 1.5707963268e+00 -3.4170151446e-01
2.6900885995e-05 1.2177150794e+04 1.5707963268e+00 -3.4536158443e-01
2.7186697856e-05 1.2175788641e+04 1.5707963268e+00 -3.4902246408e-01
2.7472595460e-05 1.2174411379e+04 1.5707963268e+00 -3.5268416276e-01
2.7758579828e-05 1.2173018982e+04 1.5707963268e+00 -3.5634668982e-01
2.8044651988e-05 1.2171611426e+04 1.5707963268e+00 -3.6001005465e-01
2.8330812970e-05 1.2170188685e+04 1.5707963268e+00 -3.6367426667e-01
2.8617063808e-05 1.2168750732e+04 1.5707963268e+00 -3.6733933530e-01
2.8903405543e-05 1.2167297543e+04 1.5707963268e+00 -3.7100527002e-01
2.9189839216e-05 1.2165829089e+04 1.5707963268e+00 -3.7467208031e-01
2.9476365876e-05 1.2164345345e+04 1.5707963268e+00 -3.7833977569e-01
2.9762986575e-05 1.2162846284e+04 1.5707963268e+00 -3.8200836568e-01
3.0049702368e-05 1.2161331878e+04 1.5707963268e+00 -3.8567785987e-01
3.0336514318e-05 1.2159802099e+04 1.5707963268e+00 -3.8934826784e-01
3.0623423488e-05 1.2158256919e+04 1.5707963268e+00 -3.9301959922e-01
3.0910430951e-05 1.2156696310e+04 1.5707963268e+00 -3.9669186365e-01
3.1197537779e-05 1.2155120243e+04 1.5707963268e+00 -4.0036507080e-01
3.1484745053e-05 1.2153528689e+04 1.5707963268e+00 -4.0403923039e-01
3.1772053858e-05 1.2151921620e+04 1.5707963268e+00 -4.0771435215e-01
3.2059465281e-05 1.2150299005e+04 1.5707963268e+00 -4.1139044583e-01
3.2346980418e-05 1.2148660815e+04 1.5707963268e+00 -4.1506752123e-01
3.2634600367e-05 1.2147007019e+04 1.5707963268e+00 -4.1874558818e-01
3.2922326233e-05 1.2145337586e+04 1.5707963268e+00 -4.2242465651e-01
3.3210159125e-05 1.2143652487e+04 1.5707963268e+00 -4.2610473611e-01
3.3498100158e-05 1.2141951689e+04 1.5707963268e+00 -4.2978583689e-01
3.3786150451e-05 1.2140235161e+04 1.5707963268e+00 -4.3346796880e-01
3.4074311130e-05 1.2138502872e+04 1.5707963268e+00 -4.3715114181e-01
3.4362583324e-05 1.2136754789e+04 1.5707963268e+00 -4.4083536592e-01
3.4650968171e-05 1.2134990880e+04 1.5707963268e+00 -4.4452065117e-01
3.4939466811e-05 1.2133211112e+04 1.5707963268e+00 -4.4820700763e-01
3.5228080392e-05 1.2131415451e+04 1.5707963268e+00 -4.5189444540e-01
3.5516810067e-05 1.2129603865e+04 1.5707963268e+00 -4.5558297462e-01
3.5805656994e-05 1.2127776319e+04 1.5707963268e+00 -4.5927260546e-01
3.6094622337e-05 1.2125932779e+04 1.5707963268e+00 -4.6296334812e-01
3.6383707268e-05 1.2124073212e+04 1.5707963268e+00 -4.6665521284e-01
3.6672912961e-05 1.2122197581e+04 1.5707963268e+00 -4.7034820989e-01
3.6962240601e-05 1.2120305852e+04 1.5707963268e+00 -4.7404234957e-01
3.7251691375e-05 1.2118397989e+04 1.5707963268e+00 -4.7773764223e-01
3.7541266478e-05 1.2116473956e+04 1.5707963268e+00 -4.8143409824e-01
3.7830967110e-05 1.2114533718e+04 1.5707963268e+00 -4.8513172803e-01
3.8120794480e-05 1.2112577237e+04 1.5707963268e+00 -4.8883054203e-01
3.8410749801e-05 1.2110604478e+04 1.5707963268e+00 -4.9253055074e-01
3.8700834294e-05 1.2108615401e+04 1.5707963268e+00 -4.9623176468e-01
3.8991049185e-05 1.2106609971e+04 1.5707963268e+00 -4.9993419442e-01
3.9281395708e-05 1.2104588148e+04 1.5707963268e+00 -5.0363785055e-01
3.9571875103e-05 1.2102549895e+04 1.5707963268e+00 -5.0734274371e-01
3.9862488618e-05 1.2100495173e+04 1.5707963268e+00 -5.1104888458e-01
4.0153237507e-05 1.2098423942e+04 1.5707963268e+00 -5.1475628388e-01
4.0444123031e-05 1.2096336164e+04 1.5707963268e+00 -5.1846495236e-01
4.0735146459e-05 1.2094231799e+04 1.5707963268e+00 -5.2217490083e-01
4.1026309065e-05 1.2092110806e+04 1.5707963268e+00 -5.2588614011e-01
4.1317612133e-05 1.2089973145e+04 1.5707963268e+00 -5.2959868109e-01
4.1609056953e-05 1.2087818776e+04 1.5707963268e+00 -5.3331253468e-01
4.1900644823e-05 1.2085647656e+04 1.5707963268e+00 -5.3702771186e-01
4.2192377048e-05 1.2083459744e+04 1.5707963268e+00 -5.4074422362e-01
4.2484254941e-05 1.2081254999e+04 1.5707963268e+00 -5.4446208100e-01
4.2776279822e-05 1.2079033377e+04 1.5707963268e+00 -5.4818129511e-01
4.3068453020e-05 1.2076794837e+04 1.5707963268e+00 -5.5190187707e-01
4.3360775872e-05 1.2074539335e+04 1.5707963268e+00 -5.5562383805e-01
4.3653249721e-05 1.2072266827e+04 1.5707963268e+00 -5.5934718929e-01
4.3945875921e-05 1.2069977269e+04 1.5707963268e+00 -5.6307194205e-01
4.4238655833e-05 1.2067670618e+04 1.5707963268e+00 -5.6679810764e-01
4.4531590825e-05 1.2065346828e+04 1.5707963268e+00 -5.7052569741e-01
4.4824682276e-05 1.2063005854e+04 1.5707963268e+00 -5.7425472278e-01
4.5117931571e-05 1.2060647651e+04 1.5707963268e+00 -5.7798519520e-01
4.5411340105e-05 1.2058272174e+04 1.5707963268e+00 -5.8171712616e-01
4.5704909283e-05 1.2055879374e+04 1.5707963268e+00 -5.8545052721e-01
4.5998640516e-05 1.2053469207e+04 1.5707963268e+00 -5.8918540994e-01
4.6292535226e-05 1.2051041625e+04 1.5707963268e+00 -5.9292178601e-01
4.6586594844e-05 1.2048596580e+04 1.5707963268e+00 -5.9665966709e-01
4.6880820809e-05 1.2046134024e+04 1.5707963268e+00 -6.0039906494e-01
4.7175214570e-05 1.2043653910e+04 1.5707963268e+00 -6.0413999134e-01
4.7469777587e-05 1.2041156188e+04 1.5707963268e+00 -6.0788245814e-01
4.7764511326e-05 1.2038640809e+04 1.5707963268e+00 -6.1162647723e-01
4.8059417266e-05 1.2036107723e+04 1.5707963268e+00 -6.1537206057e-01
4.8354496895e-05 1.2033556881e+04 1.5707963268e+00 -6.1911922014e-01
4.8649751709e-05 1.2030988232e+04 1.5707963268e+00 -6.2286796800e-01
4.8945183216e-05 1.2028401725e+04 1.5707963268e+00 -6.2661831626e-01
4.9240792934e-05 1.2025797309e+04 1.5707963268e+00 -6.3037027706e-01
4.9536582390e-05 1.2023174932e+04 1.5707963268e+00 -6.3412386264e-01
4.9832553123e-05 1.2020534542e+04 1.5707963268e+00 -6.3787908525e-01
5.0128706682e-05 1.2017876087e+04 1.5707963268e+00 -6.4163595721e-01
5.0425044626e-05 1.2015199512e+04 1.5707963268e+00 -6.4539449091e-01
5.0721568525e-05 1.2012504765e+04 1.5707963268e+00 -6.4915469878e-01
5.1018279960e-05 1.2009791792e+04 1.5707963268e+00 -6.5291659332e-01
5.1315180525e-05 1.2007060538e+04 1.5707963268e+00 -6.5668018707e-01
5.1612271821e-05 1.2004310949e+04 1.5707963268e+00 -6.6044549265e-01
5.1909555465e-05 1.2001542968e+04 1.5707963268e+00 -6.6421252272e-01
5.2207033082e-05 1.1998756541e+04 1.5707963268e+00 -6.6798129001e-01
5.2504706310e-05 1.1995951611e+04 1.5707963268e+00 -6.7175180731e-01
5.2802576799e-05 1.1993128121e+04 1.5707963268e+00 -6.7552408747e-01
5.3100646210e-05 1.1990286014e+04 1.5707963268e+00 -6.7929814339e-01
5.3398916218e-05 1.1987425233e+04 1.5707963268e+00 -6.8307398804e-01
5.3697388507e-05 1.1984545719e+04 1.5707963268e+00 -6.8685163447e-01
5.3996064777e-05 1.1981647414e+04 1.5707963268e+00 -6.9063109576e-01
5.4294946738e-05 1.1978730258e+04 1.5707963268e+00 -6.9441238507e-01
5.4594036114e-05 1.1975794192e+04 1.5707963268e+00 -6.9819551564e-01
5.4893334641e-05 1.1972839156e+04 1.5707963268e+00 -7.0198050075e-01
5.5192844068e-05 1.1969865089e+04 1.5707963268e+00 -7.0576735376e-01
5.5492566158e-05 1.1966871930e+04 1.5707963268e+00 -7.0955608808e-01
5.5792502687e-05 1.1963859618e+04 1.5707963268e+00 -7.1334671720e-01
5.6092655444e-05 1.1960828090e+04 1.5707963268e+00 -7.1713925469e-01
5.6393026232e-05 1.1957777285e+04 1.5707963268e+00 -7.2093371417e-01
5.6693616869e-05 1.1954707138e+04 1.5707963268e+00 -7.2473010932e-01
5.6994429185e-05 1.1951617586e+04 1.5707963268e+00 -7.2852845391e-01
5.7295465025e-05 1.1948508565e+04 1.5707963268e+00 -7.3232876178e-01
5.7596726249e-05 1.1945380011e+04 1.5707963268e+00 -7.3613104683e-01
5.7898214732e-05 1.1942231857e+04 1.5707963268e+00 -7.3993532302e-01
5.8199932361e-05 1.1939064040e+04 1.5707963268e+00 -7.4374160442e-01
5.8501881042e-05 1.1935876491e+04 1.5707963268e+00 -7.4754990514e-01
5.8804062693e-05 1.1932669145e+04 1.5707963268e+00 -7.5136023938e-01
5.9106479249e-05 1.1929441934e+04 1.5707963268e+00 -7.5517262141e-01
5.9409132659e-05 1.1926194790e+04 1.5707963268e+00 -7.5898706556e-01
5.9712024889e-05 1.1922927645e+04 1.5707963268e+00 -7.6280358627e-01
6.0015157922e-05 1.1919640430e+04 1.5707963268e+00 -7.6662219802e-01
6.0318533754e-05 1.1916333075e+04 1.5707963268e+00 -7.7044291540e-01
6.0622154401e-05 1.1913005510e+04 1.5707963268e+00 -7.7426575306e-01
6.0926021892e-05 1.1909657664e+04 1.5707963268e+00 -7.7809072572e-01
6.1230138276e-05 1.1906289467e+04 1.5707963268e+00 -7.8191784821e-01
6.1534505618e-05 1.1902900846e+04 1.5707963268e+00 -7.8574713541e-01
6.1839125998e-05 1.1899491730e+04 1.5707963268e+00 -7.8957860230e-01
6.2144001517e-05 1.1896062044e+04 1.5707963268e+00 -7.9341226393e-01
6.2449134292e-05 1.1892611716e+04 1.5707963268e+00 -7.9724813545e-01
6.2754526457e-05 1.1889140671e+04 1.5707963268e+00 -8.0108623208e-01
6.3060180167e-05 1.1885648835e+04 1.5707963268e+00 -8.0492656912e-01
6.3366097592e-05 1.1882136132e+04 1.5707963268e+00 -8.0876916198e-01
6.3672280923e-05 1.1878602486e+04 1.5707963268e+00 -8.1261402613e-01
6.3978732369e-05 1.1875047821e+04 1.5707963268e+00 -8.1646117714e-01
6.4285454160e-05 1.1871472059e+04 1.5707963268e+00 -8.2031063066e-01
6.4592448541e-05 1.1867875123e+04 1.5707963268e+00 -8.2416240244e-01
6.4899717782e-05 1.1864256934e+04 1.5707963268e+00 -8.2801650832e-01
6.5207264170e-05 1.1860617414e+04 1.5707963268e+00 -8.3187296422e-01
6.5515090012e-05 1.1856956482e+04 1.5707963268e+00 -8.3573178616e-01
6.5823197637e-05 1.1853274058e+04 1.5707963268e+00 -8.3959299025e-01
6.6131589394e-05 1.1849570061e+04 1.5707963268e+00 -8.4345659270e-01
6.6440267653e-05 1.1845844409e+04 1.5707963268e+00 -8.4732260980e-01
6.6749234806e-05 1.1842097021e+04 1.5707963268e+00 -8.5119105794e-01
6.7058493265e-05 1.1838327812e+04 1.5707963268e+00 -8.5506195363e-01
6.7368045466e-05 1.1834536701e+04 1.5707963268e+00 -8.5893531344e-01
6.7677893867e-05 1.1830723601e+04 1.5707963268e+00 -8.6281115406e-01
6.7988040946e-05 1.1826888429e+04 1.5707963268e+00 -8.6668949228e-01
6.8298489208e-05 1.1823031099e+04 1.5707963268e+00 -8.7057034499e-01
6.8609241178e-05 1.1819151523e+04 1.5707963268e+00 -8.7445372917e-01
6.8920299405e-05 1.1815249616e+04 1.5707963268e+00 -8.7833966192e-01
6.9231666463e-05 1.1811325289e+04 1.5707963268e+00 -8.8222816043e-01
6.9543344949e-05 1.1807378454e+04 1.5707963268e+00 -8.8611924199e-01
6.9855337486e-05 1.1803409022e+04 1.5707963268e+00 -8.9001292402e-01
7.0167646721e-05 1.1799416903e+04 1.5707963268e+00 -8.9390922402e-01
7.0480275325e-05 1.1795402006e+04 1.5707963268e+00 -8.9780815962e-01
7.0793225997e-05 1.1791364240e+04 1.5707963268e+00 -9.0170974854e-01
7.1106501459e-05 1.1787303513e+04 1.5707963268e+00 -9.0561400862e-01
7.1420104463e-05 1.1783219731e+04 1.5707963268e+00 -9.0952095780e-01
7.1734037784e-05 1.1779112802e+04 1.5707963268e+00 -9.1343061416e-01
7.2048304227e-05 1.1774982631e+04 1.5707963268e+00 -9.1734299587e-01
7.2362906622e-05 1.1770829123e+04 1.5707963268e+00 -9.2125812121e-01
7.2677847829e-05 1.1766652182e+04 1.5707963268e+00 -9.2517600860e-01
7.2993130735e-05 1.1762451712e+04 1.5707963268e+00 -9.2909667655e-01
7.3308758256e-05 1.1758227614e+04 1.5707963268e+00 -9.3302014371e-01
7.3624733337e-05 1.1753979791e+04 1.5707963268e+00 -9.3694642884e-01
7.3941058952e-05 1.1749708144e+04 1.5707963268e+00 -9.4087555081e-01
7.4257738107e-05 1.1745412572e+04 1.5707963268e+00 -9.4480752865e-01
7.4574773836e-05 1.1741092976e+04 1.5707963268e+00 -9.4874238146e-01
7.4892169204e-05 1.1736749254e+04 1.5707963268e+00 -9.5268012850e-01
7.5209927309e-05 1.1732381303e+04 1.5707963268e+00 -9.5662078916e-01
7.5528051280e-05 1.1727989020e+04 1.5707963268e+00 -9.6056438293e-01
7.5846544277e-05 1.1723572301e+04 1.5707963268e+00 -9.6451092944e-01
7.6165409495e-05 1.1719131043e+04 1.5707963268e+00 -9.6846044847e-01
7.6484650160e-05 1.1714665138e+04 1.5707963268e+00 -9.7241295990e-01
7.6804269533e-05 1.1710174480e+04 1.5707963268e+00 -9.7636848376e-01
7.7124270909e-05 1.1705658962e+04 1.5707963268e+00 -9.8032704021e-01
7.7444657617e-05 1.1701118476e+04 1.5707963268e+00 -9.8428864956e-01
7.7765433022e-05 1.1696552913e+04 1.5707963268e+00 -9.8825333223e-01
7.8086600525e-05 1.1691962161e+04 1.5707963268e+00 -9.9222110879e-01
7.8408163562e-05 1.1687346112e+04 1.5707963268e+00 -9.9619199995e-01
7.8730125608e-05 1.1682704651e+04 1.5707963268e+00 -1.0001660266e+00
7.9052490175e-05 1.1678037668e+04 1.5707963268e+00 -1.0041432097e+00
7.9375260810e-05 1.1673345047e+04 1.5707963268e+00 -1.0081235703e+00
7.9698441103e-05 1.1668626675e+04 1.5707963268e+00 -1.0121071299e+00
8.0022034680e-05 1.1663882435e+04 1.5707963268e+00 -1.0160939097e+00
8.0346045209e-05 1.1659112212e+04 1.5707963268e+00 -1.0200839315e+00
8.0670476398e-05 1.1654315887e+04 1.5707963268e+00 -1.0240772169e+00
8.0995331994e-05 1.1649493341e+04 1.5707963268e+00 -1.0280737878e+00
8.1320615789e-05 1.1644644457e+04 1.5707963268e+00 -1.0320736663e+00
8.1646331616e-05 1.1639769112e+04 1.5707963268e+00 -1.0360768745e+00
8.1972483350e-05 1.1634867186e+04 1.5707963268e+00 -1.0400834348e+00
8.2299074911e-05 1.1629938556e+04 1.5707963268e+00 -1.0440933697e+00
8.2626110264e-05 1.1624983098e+04 1.5707963268e+00 -1.0481067020e+00
8.2953593418e-05 1.1620000688e+04 1.5707963268e+00 -1.0521234543e+00
8.3281528429e-05 1.1614991200e+04 1.5707963268e+00 -1.0561436497e+00
8.3609919398e-05 1.1609954507e+04 1.5707963268e+00 -1.0601673115e+00
8.3938770476e-05 1.1604890482e+04 1.5707963268e+00 -1.0641944628e+00
8.4268085861e-05 1.1599798997e+04 1.5707963268e+00 -1.0682251273e+00
8.4597869798e-05 1.1594679920e+04 1.5707963268e+00 -1.0722593286e+00
8.4928126585e-05 1.1589533121e+04 1.5707963268e+00 -1.0762970905e+00
8.5258860570e-05 1.1584358468e+04 1.5707963268e+00 -1.0803384371e+00
8.5590076150e-05 1.1579155828e+04 1.5707963268e+00 -1.0843833926e+00
8.5921777777e-05 1.1573925067e+04 1.5707963268e+00 -1.0884319813e+00
8.6253969956e-05 1.1568666048e+04 1.5707963268e+00 -1.0924842279e+00
8.6586657245e-05 1.1563378635e+04 1.5707963268e+00 -1.0965401569e+00
8.6919844258e-05 1.1558062691e+04 1.5707963268e+00 -1.1005997935e+00
8.7253535664e-05 1.1552718077e+04 1.5707963268e+00 -1.1046631627e+00
8.7587736189e-05 1.1547344651e+04 1.5707963268e+00 -1.1087302898e+00
8.7922450618e-05 1.1541942274e+04 1.5707963268e+00 -1.1128012004e+00
8.8257683794e-05 1.1536510802e+04 1.5707963268e+00 -1.1168759200e+00
8.8593440620e-05 1.1531050092e+04 1.5707963268e+00 -1.1209544747e+00
8.8929726060e-05 1.1525559998e+04 1.5707963268e+00 -1.1250368905e+00
8.9266545140e-05 1.1520040374e+04 1.5707963268e+00 -1.1291231936e+00
8.9603902949e-05 1.1514491073e+04 1.5707963268e+00 -1.1332134107e+00
8.9941804640e-05 1.1508911946e+04 1.5707963268e+00 -1.1373075683e+00
9.0280255431e-05 1.1503302843e+04 1.5707963268e+00 -1.1414056934e+00
9.0619260609e-05 1.1497663612e+04 1.5707963268e+00 -1.1455078131e+00
9.0958825524e-05 1.1491994101e+04 1.5707963268e+00 -1.1496139548e+00
9.1298955600e-05 1.1486294156e+04 1.5707963268e+00 -1.1537241460e+00
9.1639656326e-05 1.1480563620e+04 1.5707963268e+00 -1.1578384144e+00
9.1980933266e-05 1.1474802338e+04 1.5707963268e+00 -1.1619567880e+00
9.2322792055e-05 1.1469010152e+04 1.5707963268e+00 -1.1660792951e+00
9.2665238402e-05 1.1463186901e+04 1.5707963268e+00 -1.1702059640e+00
9.3008278093e-05 1.1457332425e+04 1.5707963268e+00 -1.1743368235e+00
9.3351916987e-05 1.1451446561e+04 1.5707963268e+00 -1.1784719024e+00
9.3696161025e-05 1.1445529147e+04 1.5707963268e+00 -1.1826112299e+00
9.4041016225e-05 1.1439580015e+04 1.5707963268e+00 -1.1867548352e+00
9.4386488687e-05 1.1433599001e+04 1.5707963268e+00 -1.1909027481e+00
9.4732584592e-05 1.1427585935e+04 1.5707963268e+00 -1.1950549983e+00
9.5079310208e-05 1.1421540649e+04 1.5707963268e+00 -1.1992116160e+00
9.5426671885e-05 1.1415462970e+04 1.5707963268e+00 -1.2033726314e+00
9.5774676063e-05 1.1409352726e+04 1.5707963268e+00 -1.2075380752e+00
9.6123329269e-05 1.1403209744e+04 1.5707963268e+00 -1.2117079781e+00
9.6472638122e-05 1.1397033846e+04 1.5707963268e+00 -1.2158823714e+00
9.6822609332e-05 1.1390824856e+04 1.5707963268e+00 -1.2200612863e+00
9.7173249704e-05 1.1384582594e+04 1.5707963268e+00 -1.2242447545e+00
9.7524566138e-05 1.1378306881e+04 1.5707963268e+00 -1.2284328078e+00
9.7876565632e-05 1.1371997534e+04 1.5707963268e+00 -1.2326254784e+00
9.8229255285e-05 1.1365654368e+04 1.5707963268e+00 -1.2368227987e+00
9.8582642295e-05 1.1359277199e+04 1.5707963268e+00 -1.2410248015e+00
9.8936733966e-05 1.1352865839e+04 1.5707963268e+00 -1.2452315197e+00
9.9291537706e-05 1.1346420099e+04 1.5707963268e+00 -1.2494429865e+00
9.9647061031e-05 1.1339939789e+04 1.5707963268e+00 -1.2536592356e+00
1.0000331157e-04 1.1333424715e+04 1.5707963268e+00 -1.2578803008e+00
1.0036029705e-04 1.1326874685e+04 1.5707963268e+00 -1.2621062162e+00
1.0071802534e-04 1.1320289500e+04 1.5707963268e+00 -1.2663370162e+00
1.0107650440e-04 1.1313668965e+04 1.5707963268e+00 -1.2705727356e+00
1.0143574233e-04 1.1307012879e+04 1.5707963268e+00 -1.2748134095e+00
1.0179574732e-04 1.1300321041e+04 1.5707963268e+00 -1.2790590730e+00
1.0215652771e-04 1.1293593247e+04 1.5707963268e+00 -1.2833097621e+00
1.0251809197e-04 1.1286829292e+04 1.5707963268e+00 -1.2875655125e+00
1.0288044868e-04 1.1280028969e+04 1.5707963268e+00 -1.2918263606e+00
1.0324360657e-04 1.1273192069e+04 1.5707963268e+00 -1.2960923431e+00
1.0360757448e-04 1.1266318380e+04 1.5707963268e+00 -1.3003634968e+00
1.0397236142e-04 1.1259407689e+04 1.5707963268e+00 -1.3046398591e+00
1.0433797652e-04 1.1252459782e+04 1.5707963268e+00 -1.3089214676e+00
1.0470442905e-04 1.1245474441e+04 1.5707963268e+00 -1.3132083603e+00
1.0507172844e-04 1.1238451447e+04 1.5707963268e+00 -1.3175005754e+00
1.0543988427e-04 1.1231390578e+04 1.5707963268e+00 -1.3217981516e+00
1.0580890625e-04 1.1224291612e+04 1.5707963268e+00 -1.3261011280e+00
1.0617880427e-04 1.1217154322e+04 1.5707963268e+00 -1.3304095439e+00
1.0654958838e-04 1.1209978481e+04 1.5707963268e+00 -1.3347234391e+00
1.0692126878e-04 1.1202763858e+04 1.5707963268e+00 -1.3390428536e+00
1.0729385583e-04 1.1195510223e+04 1.5707963268e+00 -1.3433678280e+00
1.0766736009e-04 1.1188217340e+04 1.5707963268e+00 -1.3476984031e+00
1.0804179227e-04 1.1180884973e+04 1.5707963268e+00 -1.3520346202e+00
1.0841716326e-04 1.1173512882e+04 1.5707963268e+00 -1.3563765209e+00
1.0879348415e-04 1.1166100827e+04 1.5707963268e+00 -1.3607241473e+00
1.0917076619e-04 1.1158648563e+04 1.5707963268e+00 -1.3650775417e+00
1.0954902085e-04 1.1151155846e+04 1.5707963268e+00 -1.3694367470e+00
1.0992825976e-04 1.1143622425e+04 1.5707963268e+00 -1.3738018065e+00
1.1030849478e-04 1.1136048051e+04 1.5707963268e+00 -1.3781727639e+00
1.1068973797e-04 1.1128432470e+04 1.5707963268e+00 -1.3825496631e+00
1.1107200159e-04 1.1120775425e+04 1.5707963268e+00 -1.3869325488e+00
1.1145529811e-04 1.1113076660e+04 1.5707963268e+00 -1.3913214659e+00
1.1183964023e-04 1.1105335911e+04 1.5707963268e+00 -1.3957164598e+00
1.1222504087e-04 1.1097552917e+04 1.5707963268e+00 -1.4001175763e+00
1.1261151317e-04 1.1089727410e+04 1.5707963268e+00 -1.4045248617e+00
1.1299907054e-04 1.1081859121e+04 1.5707963268e+00 -1.4089383627e+00
1.1338772658e-04 1.1073947779e+04 1.5707963268e+00 -1.4133581266e+00
1.1377749518e-04 1.1065993110e+04 1.5707963268e+00 -1.4177842010e+00
1.1416839047e-04 1.1057994835e+04 1.5707963268e+00 -1.4222166341e+00
1.1456042681e-04 1.1049952676e+04 1.5707963268e+00 -1.4266554746e+00
1.1495361888e-04 1.1041866348e+04 1.5707963268e+00 -1.4311007716e+00
1.1534798159e-04 1.1033735567e+04 1.5707963268e+00 -1.4355525747e+00
1.1574353014e-04 1.1025560044e+04 1.5707963268e+00 -1.4400109340e+00
1.1614028003e-04 1.1017339486e+04 1.5707963268e+00 -1.4444759002e+00
1.1653824703e-04 1.1009073599e+04 1.5707963268e+00 -1.4489475245e+00
1.1693744724e-04 1.1000762085e+04 1.5707963268e+00 -1.4534258586e+00
1.1733789704e-04 1.0992404644e+04 1.5707963268e+00 -1.4579109547e+00
1.1773961314e-04 1.0984000970e+04 1.5707963268e+00 -1.4624028656e+00
1.1814261259e-04 1.0975550758e+04 1.5707963268e+00 -1.4669016446e+00
1.1854691274e-04 1.0967053696e+04 1.5707963268e+00 -1.4714073456e+00
1.1895253132e-04 1.0958509470e+04 1.5707963268e+00 -1.4759200230e+00
1.1935948639e-04 1.0949917765e+04 1.5707963268e+00 -1.4804397320e+00
1.1976779637e-04 1.0941278258e+04 1.5707963268e+00 -1.4849665280e+00
1.2017748006e-04 1.0932590627e+04 1.5707963268e+00 -1.4895004673e+00
1.2058855664e-04 1.0923854544e+04 1.5707963268e+00 -1.4940416068e+00
1.2100104568e-04 1.0915069678e+04 1.5707963268e+00 -1.4985900037e+00
1.2141496716e-04 1.0906235696e+04 1.5707963268e+00 -1.5031457163e+00
1.2183034146e-04 1.0897352258e+04 1.5707963268e+00 -1.5077088030e+00
1.2224718940e-04 1.0888419023e+04 1.5707963268e+00 -1.5122793233e+00
1.2266553222e-04 1.0879435647e+04 1.5707963268e+00 -1.5168573371e+00
1.2308539164e-04 1.0870401780e+04 1.5707963268e+00 -1.5214429049e+00
1.2350678981e-04 1.0861317069e+04 1.5707963268e+00 -1.5260360881e+00
1.2392974937e-04 1.0852181157e+04 1.5707963268e+00 -1.5306369486e+00
1.2435429346e-04 1.0842993684e+04 1.5707963268e+00 -1.5352455491e+00
1.2478044572e-04 1.0833754285e+04 1.5707963268e+00 -1.5398619529e+00
1.2520823029e-04 1.0824462591e+04 1.5707963268e+00 -1.5444862240e+00
1.2563767188e-04 1.0815118230e+04 1.5707963268e+00 -1.5491184272e+00
1.2606879571e-04 1.0805720825e+04 1.5707963268e+00 -1.5537586281e+00
1.2650162761e-04 1.0796269994e+04 1.5707963268e+00 -1.5584068928e+00
1.2693619396e-04 1.0786765352e+04 1.5707963268e+00 -1.5630632884e+00
1.2737252177e-04 1.0777206510e+04 1.5707963268e+00 -1.5677278826e+00
1.2781063865e-04 1.0767593072e+04 1.5707963268e+00 -1.5724007440e+00
1.2825057286e-04 1.0757924642e+04 1.5707963268e+00 -1.5770819420e+00
1.2869235333e-04 1.0748200814e+04 1.5707963268e+00 -1.5817715466e+00
1.2913600966e-04 1.0738421183e+04 1.5707963268e+00 -1.5864696289e+00
1.2958157215e-04 1.0728585334e+04 1.5707963268e+00 -1.5911762606e+00
1.3002907184e-04 1.0718692852e+04 1.5707963268e+00 -1.5958915144e+00
1.3047854051e-04 1.0708743314e+04 1.5707963268e+00 -1.6006154637e+00
1.3093001073e-04 1.0698736293e+04 1.5707963268e+00 -1.6053481830e+00
1.3138351584e-04 1.0688671357e+04 1.5707963268e+00 -1.6100897475e+00
1.3183909003e-04 1.0678548070e+04 1.5707963268e+00 -1.6148402333e+00
1.3229676834e-04 1.0668365990e+04 1.5707963268e+00 -1.6195997175e+00
1.3275658670e-04 1.0658124668e+04 1.5707963268e+00 -1.6243682782e+00
1.3321858193e-04 1.0647823654e+04 1.5707963268e+00 -1.6291459941e+00
1.3368279181e-04 1.0637462490e+04 1.5707963268e+00 -1.6339329454e+00
1.3414925510e-04 1.0627040711e+04 1.5707963268e+00 -1.6387292128e+00
1.3461801157e-04 1.0616557850e+04 1.5707963268e+00 -1.6435348783e+00
1.3508910203e-04 1.0606013432e+04 1.5707963268e+00 -1.6483500247e+00
1.3556256837e-04 1.0595406977e+04 1.5707963268e+00 -1.6531747359e+00
1.3603845363e-04 1.0584737999e+04 1.5707963268e+00 -1.6580090970e+00
1.3651680198e-04 1.0574006008e+04 1.5707963268e+00 -1.6628531939e+00
1.3699765882e-04 1.0563210504e+04 1.5707963268e+00 -1.6677071138e+00
1.3748107079e-04 1.0552350985e+04 1.5707963268e+00 -1.6725709449e+00
1.3796708582e-04 1.0541426941e+04 1.5707963268e+00 -1.6774447765e+00
1.3845575320e-04 1.0530437857e+04 1.5707963268e+00 -1.6823286991e+00
1.3894712362e-04 1.0519383208e+04 1.5707963268e+00 -1.6872228044e+00
1.3944124921e-04 1.0508262468e+04 1.5707963268e+00 -1.6921271852e+00
1.3993818361e-04 1.0497075100e+04 1.5707963268e+00 -1.6970419354e+00
1.4043798203e-04 1.0485820563e+04 1.5707963268e+00 -1.7019671504e+00
1.4094070129e-04 1.0474498308e+04 1.5707963268e+00 -1.7069029267e+00
1.4144639992e-04 1.0463107779e+04 1.5707963268e+00 -1.7118493619e+00
1.4195513821e-04 1.0451648414e+04 1.5707963268e+00 -1.7168065551e+00
1.4246697828e-04 1.0440119643e+04 1.5707963268e+00 -1.7217746068e+00
1.4298198414e-04 1.0428520891e+04 1.5707963268e+00 -1.7267536185e+00
1.4350022182e-04 1.0416851571e+04 1.5707963268e+00 -1.7317436934e+00
1.4402175938e-04 1.0405111094e+04 1.5707963268e+00 -1.7367449359e+00
1.4454666707e-04 1.0393298860e+04 1.5707963268e+00 -1.7417574519e+00
1.4507501736e-04 1.0381414263e+04 1.5707963268e+00 -1.7467813486e+00
1.4560688509e-04 1.0369456687e+04 1.5707963268e+00 -1.7518167348e+00
1.4614234755e-04 1.0357425511e+04 1.5707963268e+00 -1.7568637208e+00
1.4668148456e-04 1.0345320105e+04 1.5707963268e+00 -1.7619224183e+00
1.4722437864e-04 1.0333139829e+04 1.5707963268e+00 -1.7669929407e+00
1.4777111508e-04 1.0320884037e+04 1.5707963268e+00 -1.7720754029e+00
1.4832178212e-04 1.0308552074e+04 1.5707963268e+00 -1.7771699214e+00
1.4887647102e-04 1.0296143276e+04 1.5707963268e+00 -1.7822766142e+00
1.4943527627e-04 1.0283656971e+04 1.5707963268e+00 -1.7873956014e+00
1.4999829568e-04 1.0271092476e+04 1.5707963268e+00 -1.7925270042e+00
1.5056563059e-04 1.0258449103e+04 1.5707963268e+00 -1.7976709461e+00
1.5113738602e-04 1.0245726151e+04 1.5707963268e+00 -1.8028275521e+00
1.5171367084e-04 1.0232922912e+04 1.5707963268e+00 -1.8079969489e+00
1.5229459798e-04 1.0220038668e+04 1.5707963268e+00 -1.8131792653e+00
1.5288028462e-04 1.0207072692e+04 1.5707963268e+00 -1.8183746317e+00
1.5347085243e-04 1.0194024246e+04 1.5707963268e+00 -1.8235831807e+00
1.5406642777e-04 1.0180892584e+04 1.5707963268e+00 -1.8288050466e+00
1.5466714195e-04 1.0167676948e+04 1.5707963268e+00 -1.8340403658e+00
1.5527313150e-04 1.0154376571e+04 1.5707963268e+00 -1.8392892768e+00
1.5588453844e-04 1.0140990676e+04 1.5707963268e+00 -1.8445519200e+00
1.5650151057e-04 1.0127518476e+04 1.5707963268e+00 -1.8498284381e+00
1.5712420182e-04 1.0113959172e+04 1.5707963268e+00 -1.8551189757e+00
1.5775277256e-04 1.0100311955e+04 1.5707963268e+00 -1.8604236799e+00
1.5838738999e-04 1.0086576005e+04 1.5707963268e+00 -1.8657426999e+00
1.5902822851e-04 1.0072750491e+04 1.5707963268e+00 -1.8710761871e+00
1.5967547014e-04 1.0058834572e+04 1.5707963268e+00 -1.8764242953e+00
1.6032930501e-04 1.0044827395e+04 1.5707963268e+00 -1.8817871809e+00
1.6098993181e-04 1.0030728094e+04 1.5707963268e+00 -1.8871650023e+00
1.6165755831e-04 1.0016535794e+04 1.5707963268e+00 -1.8925579207e+00
1.6233240194e-04 1.0002249606e+04 1.5707963268e+00 -1.8979660999e+00
1.6301469041e-04 9.9878686327e+03 1.5707963268e+00 -1.9033897060e+00
1.6370466232e-04 9.9733919610e+03 1.5707963268e+00 -1.9088289079e+00
1.6440256792e-04 9.9588186680e+03 1.5707963268e+00 -1.9142838772e+00
1.6510866985e-04 9.9441478183e+03 1.5707963268e+00 -1.9197547884e+00
1.6582324398e-04 9.9293784642e+03 1.5707963268e+00 -1.9252418185e+00
1.6654658030e-04 9.9145096459e+03 1.5707963268e+00 -1.9307451476e+00
1.6727898392e-04 9.8995403915e+03 1.5707963268e+00 -1.9362649587e+00
1.6802077613e-04 9.8844697164e+03 1.5707963268e+00 -1.9418014378e+00
1.6877229556e-04 9.8692966242e+03 1.5707963268e+00 -1.9473547740e+00
1.6953389945e-04 9.8540201057e+03 1.5707963268e+00 -1.9529251594e+00
1.7030596505e-04 9.8386391397e+03 1.5707963268e+00 -1.9585127894e+00
1.7108889113e-04 9.8231526930e+03 1.5707963268e+00 -1.9641178626e+00
1.7188309964e-04 9.8075597199e+03 1.5707963268e+00 -1.9697405811e+00
1.7268903755e-04 9.7918591631e+03 1.5707963268e+00 -1.9753811503e+00
1.7350717885e-04 9.7760499536e+03 1.5707963268e+00 -1.9810397790e+00
1.7433802682e-04 9.7601310107e+03 1.5707963268e+00 -1.9867166798e+00
1.7518211641e-04 9.7441012428e+03 1.5707963268e+00 -1.9924120686e+00
1.7604001701e-04 9.7279595475e+03 1.5707963268e+00 -1.9981261653e+00
1.7691233546e-04 9.7117048121e+03 1.5707963268e+00 -2.0038591935e+00
1.7779971936e-04 9.6953359142e+03 1.5707963268e+00 -2.0096113807e+00
1.7870286085e-04 9.6788517227e+03 1.5707963268e+00 -2.0153829583e+00
1.7962250073e-04 9.6622510979e+03 1.5707963268e+00 -2.0211741618e+00
1.8055943318e-04 9.6455328934e+03 1.5707963268e+00 -2.0269852308e+00
1.8151451093e-04 9.6286959564e+03 1.5707963268e+00 -2.0328164091e+00
1.8248865123e-04 9.6117391297e+03 1.5707963268e+00 -2.0386679449e+00
1.8348284243e-04 9.5946612530e+03 1.5707963268e+00 -2.0445400905e+00
1.8449815154e-04 9.5774611648e+03 1.5707963268e+00 -2.0504331032e+00
1.8553573279e-04 9.5601377047e+03 1.5707963268e+00 -2.0563472443e+00
1.8659683737e-04 9.5426897161e+03 1.5707963268e+00 -2.0622827801e+00
1.8768282454e-04 9.5251160490e+03 1.5707963268e+00 -2.0682399815e+00
1.8879517443e-04 9.5074155638e+03 1.5707963268e+00 -2.0742191243e+00
1.8993550276e-04 9.4895871356e+03 1.5707963268e+00 -2.0802204892e+00
1.9110557785e-04 9.4716296591e+03 1.5707963268e+00 -2.0862443617e+00
1.9230734040e-04 9.4535420549e+03 1.5707963268e+00 -2.0922910326e+00
1.9354292654e-04 9.4353232760e+03 1.5707963268e+00 -2.0983607976e+00
1.9481469489e-04 9.4169723170e+03 1.5707963268e+00 -2.1044539579e+00
1.9612525846e-04 9.3984882236e+03 1.5707963268e+00 -2.1105708196e+00
1.9747752236e-04 9.3798701053e+03 1.5707963268e+00 -2.1167116942e+00
1.9887472890e-04 9.3611171496e+03 1.5707963268e+00 -2.1228768986e+00
2.0032051154e-04 9.3422286403e+03 1.5707963268e+00 -2.1290667549e+00
2.0181896019e-04 9.3232039789e+03 1.5707963268e+00 -2.1352815906e+00
2.0337470051e-04 9.3040427111e+03 1.5707963268e+00 -2.1415217382e+00
2.0499299130e-04 9.2847445605e+03 1.5707963268e+00 -2.1477875356e+00
2.0667984479e-04 9.2653094690e+03 1.5707963268e+00 -2.1540793256e+00
2.0844217694e-04 9.2457376484e+03 1.5707963268e+00 -2.1603974560e+00
2.1028799682e-04 9.2260296461e+03 1.5707963268e+00 -2.1667422788e+00
2.1222664821e-04 9.2061864286e+03 1.5707963268e+00 -2.1731141507e+00
2.1426912129e-04 9.1862094898e+03 1.5707963268e+00 -2.1795134316e+00
2.1642846051e-04 9.1661009933e+03 1.5707963268e+00 -2.1859404847e+00
2.1872030608e-04 9.1458639614e+03 1.5707963268e+00 -2.1923956753e+00
2.2116362531e-04 9.1255025308e+03 1.5707963268e+00 -2.1988793696e+00
2.2378171873e-04 9.1050223043e+03 1.5707963268e+00 -2.2053919332e+00
2.2660363464e-04 9.0844308452e+03 1.5707963268e+00 -2.2119337288e+00
2.2966620646e-04 9.0637383868e+03 1.5707963268e+00 -2.2185051137e+00
2.3301707150e-04 9.0429588821e+03 1.5707963268e+00 -2.2251064351e+00
2.3671929316e-04 9.0221116015e+03 1.5707963268e+00 -2.2317380248e+00
2.4085871992e-04 9.0012236602e+03 1.5707963268e+00 -2.2384001909e+00
2.4555626385e-04 8.9803341967e+03 1.5707963268e+00 -2.2450932055e+00
2.5098960203e-04 8.9595016637e+03 1.5707963268e+00 -2.2518172855e+00
2.5743441871e-04 8.9388174473e+03 1.5707963268e+00 -2.2585725624e+00
2.6535055699e-04 8.9184336294e+03 1.5707963268e+00 -2.2653590303e+00
2.7558681668e-04 8.8986266837e+03 1.5707963268e+00 -2.2721764496e+00
2.8996974830e-04 8.8799708219e+03 1.5707963268e+00 -2.2790241504e+00
