0.0000000000e+00 1.6054348544e+04 1.5707963268e+00 0.0000000000e+00
2.2113637796e-07 1.6054348544e+04 1.5707963268e+00 -2.7624309392e-03
4.4227275593e-07 1.6054369527e+04 1.5707963268e+00 -5.5248618785e-03
6.6340877708e-07 1.6054411492e+04 1.5707963268e+00 -8.2872855968e-03
8.8454408461e-07 1.6054474440e+04 1.5707963268e+00 -1.1049694874e-02
1.1056783217e-06 1.6054558370e+04 1.5707963268e+00 -1.3812082488e-02
1.3268111316e-06 1.6054663284e+04 1.5707963268e+00 -1.6574441220e-02
1.5479421575e-06 1.6054789180e+04 1.5707963268e+00 -1.9336763849e-02
1.7690710427e-06 1.6054936060e+04 1.5707963268e+00 -2.2099043154e-02
1.9901974305e-06 1.6055103924e+04 1.5707963268e+00 -2.4861271918e-02
2.2113209642e-06 1.6055292772e+04 1.5707963268e+00 -2.7623442920e-02
2.4324412872e-06 1.6055502605e+04 1.5707963268e+00 -3.0385548942e-02
2.6535580428e-06 1.6055733422e+04 1.5707963268e+00 -3.3147582766e-02
2.8746708746e-06 1.6055985225e+04 1.5707963268e+00 -3.5909537175e-02
3.0957794261e-06 1.6056258014e+04 1.5707963268e+00 -3.8671404951e-02
3.3168833409e-06 1.6056551790e+04 1.5707963268e+00 -4.1433178881e-02
3.5379822626e-06 1.6056866554e+04 1.5707963268e+00 -4.4194851748e-02
3.7590758349e-06 1.6057202305e+04 1.5707963268e+00 -4.6956416338e-02
3.9801637017e-06 1.6057559045e+04 1.5707963268e+00 -4.9717865439e-02
4.2012455069e-06 1.6057936775e+04 1.5707963268e+00 -5.2479191839e-02
4.4223208944e-06 1.6058335496e+04 1.5707963268e+00 -5.5240388327e-02
4.6433895084e-06 1.6058755208e+04 1.5707963268e+00 -5.8001447693e-02
4.8644509930e-06 1.6059195912e+04 1.5707963268e+00 -6.0762362729e-02
5.0855049925e-06 1.6059657610e+04 1.5707963268e+00 -6.3523126228e-02
5.3065511513e-06 1.6060140303e+04 1.5707963268e+00 -6.6283730984e-02
5.5275891139e-06 1.6060643991e+04 1.5707963268e+00 -6.9044169794e-02
5.7486185250e-06 1.6061168676e+04 1.5707963268e+00 -7.1804435454e-02
5.9696390293e-06 1.6061714359e+04 1.5707963268e+00 -7.4564520765e-02
6.1906502717e-06 1.6062281042e+04 1.5707963268e+00 -7.7324418526e-02
6.4116518973e-06 1.6062868725e+04 1.5707963268e+00 -8.0084121539e-02
6.6326435512e-06 1.6063477410e+04 1.5707963268e+00 -8.2843622610e-02
6.8536248788e-06 1.6064107099e+04 1.5707963268e+00 -8.5602914544e-02
7.0745955256e-06 1.6064757792e+04 1.5707963268e+00 -8.8361990150e-02
7.2955551372e-06 1.6065429492e+04 1.5707963268e+00 -9.1120842237e-02
7.5165033594e-06 1.6066122200e+04 1.5707963268e+00 -9.3879463618e-02
7.7374398382e-06 1.6066835918e+04 1.5707963268e+00 -9.6637847107e-02
7.9583642197e-06 1.6067570647e+04 1.5707963268e+00 -9.9395985520e-02
8.1792761503e-06 1.6068326389e+04 1.5707963268e+00 -1.0215387168e-01
8.4001752765e-06 1.6069103146e+04 1.5707963268e+00 -1.0491149840e-01
8.6210612451e-06 1.6069900919e+04 1.5707963268e+00 -1.0766885851e-01
8.8419337029e-06 1.6070719711e+04 1.5707963268e+00 -1.1042594483e-01
9.0627922970e-06 1.6071559523e+04 1.5707963268e+00 -1.1318275019e-01
9.2836366748e-06 1.6072420357e+04 1.5707963268e+00 -1.1593926743e-01
9.5044664838e-06 1.6073302216e+04 1.5707963268e+00 -1.1869548938e-01
9.7252813718e-06 1.6074205101e+04 1.5707963268e+00 -1.2145140887e-01
9.9460809866e-06 1.6075129014e+04 1.5707963268e+00 -1.2420701874e-01
1.0166864977e-05 1.6076073958e+04 1.5707963268e+00 -1.2696231184e-01
1.0387632990e-05 1.6077039935e+04 1.5707963268e+00 -1.2971728101e-01
1.0608384676e-05 1.6078026947e+04 1.5707963268e+00 -1.3247191911e-01
1.0829119683e-05 1.6079034996e+04 1.5707963268e+00 -1.3522621897e-01
1.1049837660e-05 1.6080064085e+04 1.5707963268e+00 -1.3798017346e-01
1.1270538257e-05 1.6081114216e+04 1.5707963268e+00 -1.4073377543e-01
1.1491221124e-05 1.6082185391e+04 1.5707963268e+00 -1.4348701774e-01
1.1711885910e-05 1.6083277613e+04 1.5707963268e+00 -1.4623989327e-01
1.1932532265e-05 1.6084390885e+04 1.5707963268e+00 -1.4899239487e-01
1.2153159841e-05 1.6085525209e+04 1.5707963268e+00 -1.5174451542e-01
1.2373768287e-05 1.6086680588e+04 1.5707963268e+00 -1.5449624779e-01
1.2594357256e-05 1.6087857023e+04 1.5707963268e+00 -1.5724758486e-01
1.2814926398e-05 1.6089054519e+04 1.5707963268e+00 -1.5999851952e-01
1.3035475364e-05 1.6090273078e+04 1.5707963268e+00 -1.6274904465e-01
1.3256003808e-05 1.6091512703e+04 1.5707963268e+00 -1.6549915313e-01
1.3476511381e-05 1.6092773396e+04 1.5707963268e+00 -1.6824883787e-01
1.3696997735e-05 1.6094055160e+04 1.5707963268e+00 -1.7099809176e-01
1.3917462524e-05 1.6095357999e+04 1.5707963268e+00 -1.7374690770e-01
1.4137905401e-05 1.6096681915e+04 1.5707963268e+00 -1.7649527861e-01
1.4358326019e-05 1.6098026911e+04 1.5707963268e+00 -1.7924319737e-01
1.4578724032e-05 1.6099392991e+04 1.5707963268e+00 -1.8199065692e-01
1.4799099095e-05 1.6100780157e+04 1.5707963268e+00 -1.8473765018e-01
1.5019450862e-05 1.6102188413e+04 1.5707963268e+00 -1.8748417005e-01
1.5239778988e-05 1.6103617762e+04 1.5707963268e+00 -1.9023020948e-01
1.5460083127e-05 1.6105068207e+04 1.5707963268e+00 -1.9297576139e-01
1.5680362937e-05 1.6106539752e+04 1.5707963268e+00 -1.9572081871e-01
1.5900618072e-05 1.6108032399e+04 1.5707963268e+00 -1.9846537440e-01
1.6120848189e-05 1.6109546153e+04 1.5707963268e+00 -2.0120942140e-01
1.6341052945e-05 1.6111081016e+04 1.5707963268e+00 -2.0395295264e-01
1.6561231996e-05 1.6112636992e+04 1.5707963268e+00 -2.0669596110e-01
1.6781385001e-05 1.6114214085e+04 1.5707963268e+00 -2.0943843974e-01
1.7001511617e-05 1.6115812299e+04 1.5707963268e+00 -2.1218038150e-01
1.7221611503e-05 1.6117431636e+04 1.5707963268e+00 -2.1492177938e-01
1.7441684316e-05 1.6119072100e+04 1.5707963268e+00 -2.1766262633e-01
1.7661729716e-05 1.6120733696e+04 1.5707963268e+00 -2.2040291535e-01
1.7881747363e-05 1.6122416427e+04 1.5707963268e+00 -2.2314263942e-01
1.8101736916e-05 1.6124120296e+04 1.5707963268e+00 -2.2588179152e-01
1.8321698036e-05 1.6125845308e+04 1.5707963268e+00 -2.2862036466e-01
1.8541630384e-05 1.6127591466e+04 1.5707963268e+00 -2.3135835184e-01
1.8761533619e-05 1.6129358774e+04 1.5707963268e+00 -2.3409574606e-01
1.8981407405e-05 1.6131147237e+04 1.5707963268e+00 -2.3683254034e-01
1.9201251403e-05 1.6132956858e+04 1.5707963268e+00 -2.3956872769e-01
1.9421065276e-05 1.6134787641e+04 1.5707963268e+00 -2.4230430114e-01
1.9640848685e-05 1.6136639590e+04 1.5707963268e+00 -2.4503925372e-01
1.9860601296e-05 1.6138512709e+04 1.5707963268e+00 -2.4777357847e-01
2.0080322771e-05 1.6140407003e+04 1.5707963268e+00 -2.5050726842e-01
2.0300012775e-05 1.6142322476e+04 1.5707963268e+00 -2.5324031663e-01
2.0519670972e-05 1.6144259132e+04 1.5707963268e+00 -2.5597271614e-01
2.0739297028e-05 1.6146216974e+04 1.5707963268e+00 -2.5870446003e-01
2.0958890609e-05 1.6148196009e+04 1.5707963268e+00 -2.6143554134e-01
2.1178451380e-05 1.6150196239e+04 1.5707963268e+00 -2.6416595316e-01
2.1397979008e-05 1.6152217669e+04 1.5707963268e+00 -2.6689568856e-01
2.1617473161e-05 1.6154260304e+04 1.5707963268e+00 -2.6962474064e-01
2.1836933505e-05 1.6156324148e+04 1.5707963268e+00 -2.7235310247e-01
2.2056359710e-05 1.6158409206e+04 1.5707963268e+00 -2.7508076716e-01
2.2275751443e-05 1.6160515481e+04 1.5707963268e+00 -2.7780772781e-01
2.2495108374e-05 1.6162642980e+04 1.5707963268e+00 -2.8053397753e-01
2.2714430172e-05 1.6164791705e+04 1.5707963268e+00 -2.8325950944e-01
2.2933716508e-05 1.6166961663e+04 1.5707963268e+00 -2.8598431667e-01
2.3152967053e-05 1.6169152857e+04 1.5707963268e+00 -2.8870839234e-01
2.3372181477e-05 1.6171365292e+04 1.5707963268e+00 -2.9143172959e-01
2.3591359452e-05 1.6173598974e+04 1.5707963268e+00 -2.9415432157e-01
2.3810500650e-05 1.6175853906e+04 1.5707963268e+00 -2.9687616144e-01
2.4029604745e-05 1.6178130094e+04 1.5707963268e+00 -2.9959724234e-01
2.4248671410e-05 1.6180427543e+04 1.5707963268e+00 -3.0231755745e-01
2.4467700318e-05 1.6182746257e+04 1.5707963268e+00 -3.0503709993e-01
2.4686691145e-05 1.6185086241e+04 1.5707963268e+00 -3.0775586298e-01
2.4905643565e-05 1.6187447501e+04 1.5707963268e+00 -3.1047383977e-01
2.5124557253e-05 1.6189830041e+04 1.5707963268e+00 -3.1319102350e-01
2.5343431886e-05 1.6192233867e+04 1.5707963268e+00 -3.1590740739e-01
2.5562267141e-05 1.6194658983e+04 1.5707963268e+00 -3.1862298462e-01
2.5781062695e-05 1.6197105394e+04 1.5707963268e+00 -3.2133774843e-01
2.5999818226e-05 1.6199573106e+04 1.5707963268e+00 -3.2405169205e-01
2.6218533412e-05 1.6202062124e+04 1.5707963268e+00 -3.2676480869e-01
2.6437207932e-05 1.6204572453e+04 1.5707963268e+00 -3.2947709161e-01
2.6655841466e-05 1.6207104099e+04 1.5707963268e+00 -3.3218853405e-01
2.6874433695e-05 1.6209657066e+04 1.5707963268e+00 -3.3489912928e-01
2.7092984299e-05 1.6212231359e+04 1.5707963268e+00 -3.3760887055e-01
2.7311492960e-05 1.6214826985e+04 1.5707963268e+00 -3.4031775114e-01
2.7529959359e-05 1.6217443948e+04 1.5707963268e+00 -3.4302576433e-01
2.7748383180e-05 1.6220082255e+04 1.5707963268e+00 -3.4573290341e-01
2.7966764105e-05 1.6222741909e+04 1.5707963268e+00 -3.4843916168e-01
2.8185101820e-05 1.6225422918e+04 1.5707963268e+00 -3.5114453244e-01
2.8403396007e-05 1.6228125285e+04 1.5707963268e+00 -3.5384900901e-01
2.8621646353e-05 1.6230849018e+04 1.5707963268e+00 -3.5655258471e-01
2.8839852543e-05 1.6233594120e+04 1.5707963268e+00 -3.5925525288e-01
2.9058014264e-05 1.6236360599e+04 1.5707963268e+00 -3.6195700684e-01
2.9276131203e-05 1.6239148459e+04 1.5707963268e+00 -3.6465783996e-01
2.9494203048e-05 1.6241957706e+04 1.5707963268e+00 -3.6735774559e-01
2.9712229487e-05 1.6244788346e+04 1.5707963268e+00 -3.7005671709e-01
2.9930210209e-05 1.6247640384e+04 1.5707963268e+00 -3.7275474784e-01
3.0148144905e-05 1.6250513826e+04 1.5707963268e+00 -3.7545183122e-01
3.0366033263e-05 1.6253408678e+04 1.5707963268e+00 -3.7814796063e-01
3.0583874977e-05 1.6256324946e+04 1.5707963268e+00 -3.8084312946e-01
3.0801669736e-05 1.6259262635e+04 1.5707963268e+00 -3.8353733114e-01
3.1019417234e-05 1.6262221752e+04 1.5707963268e+00 -3.8623055907e-01
3.1237117164e-05 1.6265202301e+04 1.5707963268e+00 -3.8892280669e-01
3.1454769220e-05 1.6268204290e+04 1.5707963268e+00 -3.9161406744e-01
3.1672373096e-05 1.6271227723e+04 1.5707963268e+00 -3.9430433476e-01
3.1889928488e-05 1.6274272607e+04 1.5707963268e+00 -3.9699360212e-01
3.2107435091e-05 1.6277338948e+04 1.5707963268e+00 -3.9968186297e-01
3.2324892601e-05 1.6280426751e+04 1.5707963268e+00 -4.0236911080e-01
3.2542300717e-05 1.6283536023e+04 1.5707963268e+00 -4.0505533909e-01
3.2759659136e-05 1.6286666769e+04 1.5707963268e+00 -4.0774054133e-01
3.2976967557e-05 1.6289818996e+04 1.5707963268e+00 -4.1042471104e-01
3.3194225680e-05 1.6292992710e+04 1.5707963268e+00 -4.1310784172e-01
3.3411433204e-05 1.6296187917e+04 1.5707963268e+00 -4.1578992691e-01
3.3628589830e-05 1.6299404622e+04 1.5707963268e+00 -4.1847096013e-01
3.3845695261e-05 1.6302642833e+04 1.5707963268e+00 -4.2115093493e-01
3.4062749198e-05 1.6305902555e+04 1.5707963268e+00 -4.2382984487e-01
3.4279751345e-05 1.6309183794e+04 1.5707963268e+00 -4.2650768351e-01
3.4496701405e-05 1.6312486556e+04 1.5707963268e+00 -4.2918444443e-01
3.4713599083e-05 1.6315810849e+04 1.5707963268e+00 -4.3186012121e-01
3.4930444084e-05 1.6319156677e+04 1.5707963268e+00 -4.3453470744e-01
3.5147236114e-05 1.6322524047e+04 1.5707963268e+00 -4.3720819674e-01
3.5363974881e-05 1.6325912966e+04 1.5707963268e+00 -4.3988058272e-01
3.5580660092e-05 1.6329323440e+04 1.5707963268e+00 -4.4255185901e-01
3.5797291455e-05 1.6332755474e+04 1.5707963268e+00 -4.4522201924e-01
3.6013868679e-05 1.6336209076e+04 1.5707963268e+00 -4.4789105706e-01
3.6230391474e-05 1.6339684252e+04 1.5707963268e+00 -4.5055896613e-01
3.6446859551e-05 1.6343181008e+04 1.5707963268e+00 -4.5322574012e-01
3.6663272621e-05 1.6346699350e+04 1.5707963268e+00 -4.5589137271e-01
3.6879630397e-05 1.6350239285e+04 1.5707963268e+00 -4.5855585760e-01
3.7095932591e-05 1.6353800819e+04 1.5707963268e+00 -4.6121918847e-01
3.7312178917e-05 1.6357383959e+04 1.5707963268e+00 -4.6388135905e-01
3.7528369090e-05 1.6360988711e+04 1.5707963268e+00 -4.6654236306e-01
3.7744502825e-05 1.6364615081e+04 1.5707963268e+00 -4.6920219424e-01
3.7960579839e-05 1.6368263076e+04 1.5707963268e+00 -4.7186084633e-01
3.8176599848e-05 1.6371932703e+04 1.5707963268e+00 -4.7451831308e-01
3.8392562570e-05 1.6375623968e+04 1.5707963268e+00 -4.7717458827e-01
3.8608467724e-05 1.6379336877e+04 1.5707963268e+00 -4.7982966568e-01
3.8824315029e-05 1.6383071437e+04 1.5707963268e+00 -4.8248353910e-01
3.9040104205e-05 1.6386827655e+04 1.5707963268e+00 -4.8513620232e-01
3.9255834973e-05 1.6390605537e+04 1.5707963268e+00 -4.8778764917e-01
3.9471507055e-05 1.6394405089e+04 1.5707963268e+00 -4.9043787347e-01
3.9687120174e-05 1.6398226319e+04 1.5707963268e+00 -4.9308686906e-01
3.9902674054e-05 1.6402069232e+04 1.5707963268e+00 -4.9573462979e-01
4.0118168417e-05 1.6405933836e+04 1.5707963268e+00 -4.9838114952e-01
4.0333602991e-05 1.6409820137e+04 1.5707963268e+00 -5.0102642211e-01
4.0548977500e-05 1.6413728141e+04 1.5707963268e+00 -5.0367044146e-01
4.0764291672e-05 1.6417657856e+04 1.5707963268e+00 -5.0631320147e-01
4.0979545234e-05 1.6421609287e+04 1.5707963268e+00 -5.0895469603e-01
4.1194737914e-05 1.6425582442e+04 1.5707963268e+00 -5.1159491907e-01
4.1409869443e-05 1.6429577327e+04 1.5707963268e+00 -5.1423386453e-01
4.1624939549e-05 1.6433593949e+04 1.5707963268e+00 -5.1687152634e-01
4.1839947965e-05 1.6437632314e+04 1.5707963268e+00 -5.1950789847e-01
4.2054894422e-05 1.6441692430e+04 1.5707963268e+00 -5.2214297489e-01
4.2269778653e-05 1.6445774302e+04 1.5707963268e+00 -5.2477674957e-01
4.2484600392e-05 1.6449877938e+04 1.5707963268e+00 -5.2740921651e-01
4.2699359372e-05 1.6454003344e+04 1.5707963268e+00 -5.3004036971e-01
4.2914055330e-05 1.6458150527e+04 1.5707963268e+00 -5.3267020320e-01
4.3128688002e-05 1.6462319494e+04 1.5707963268e+00 -5.3529871101e-01
4.3343257124e-05 1.6466510251e+04 1.5707963268e+00 -5.3792588718e-01
4.3557762436e-05 1.6470722805e+04 1.5707963268e+00 -5.4055172576e-01
4.3772203674e-05 1.6474957163e+04 1.5707963268e+00 -5.4317622083e-01
4.3986580581e-05 1.6479213331e+04 1.5707963268e+00 -5.4579936648e-01
4.4200892895e-05 1.6483491317e+04 1.5707963268e+00 -5.4842115678e-01
4.4415140359e-05 1.6487791126e+04 1.5707963268e+00 -5.5104158586e-01
4.4629322714e-05 1.6492112767e+04 1.5707963268e+00 -5.5366064783e-01
4.4843439705e-05 1.6496456244e+04 1.5707963268e+00 -5.5627833683e-01
4.5057491075e-05 1.6500821566e+04 1.5707963268e+00 -5.5889464700e-01
4.5271476570e-05 1.6505208739e+04 1.5707963268e+00 -5.6150957250e-01
4.5485395935e-05 1.6509617769e+04 1.5707963268e+00 -5.6412310752e-01
4.5699248918e-05 1.6514048664e+04 1.5707963268e+00 -5.6673524623e-01
4.5913035266e-05 1.6518501430e+04 1.5707963268e+00 -5.6934598283e-01
4.6126754728e-05 1.6522976074e+04 1.5707963268e+00 -5.7195531154e-01
4.6340407053e-05 1.6527472603e+04 1.5707963268e+00 -5.7456322659e-01
4.6553991992e-05 1.6531991023e+04 1.5707963268e+00 -5.7716972221e-01
4.6767509297e-05 1.6536531341e+04 1.5707963268e+00 -5.7977479266e-01
4.6980958719e-05 1.6541093563e+04 1.5707963268e+00 -5.8237843221e-01
4.7194340013e-05 1.6545677698e+04 1.5707963268e+00 -5.8498063513e-01
4.7407652932e-05 1.6550283751e+04 1.5707963268e+00 -5.8758139572e-01
4.7620897232e-05 1.6554911729e+04 1.5707963268e+00 -5.9018070830e-01
4.7834072668e-05 1.6559561638e+04 1.5707963268e+00 -5.9277856717e-01
4.8047178997e-05 1.6564233486e+04 1.5707963268e+00 -5.9537496668e-01
4.8260215978e-05 1.6568927280e+04 1.5707963268e+00 -5.9796990118e-01
4.8473183369e-05 1.6573643025e+04 1.5707963268e+00 -6.0056336503e-01
4.8686080930e-05 1.6578380729e+04 1.5707963268e+00 -6.0315535261e-01
4.8898908422e-05 1.6583140398e+04 1.5707963268e+00 -6.0574585831e-01
4.9111665606e-05 1.6587922040e+04 1.5707963268e+00 -6.0833487654e-01
4.9324352245e-05 1.6592725660e+04 1.5707963268e+00 -6.1092240171e-01
4.9536968103e-05 1.6597551266e+04 1.5707963268e+00 -6.1350842826e-01
4.9749512943e-05 1.6602398863e+04 1.5707963268e+00 -6.1609295065e-01
4.9961986532e-05 1.6607268460e+04 1.5707963268e+00 -6.1867596332e-01
5.0174388636e-05 1.6612160062e+04 1.5707963268e+00 -6.2125746077e-01
5.0386719022e-05 1.6617073676e+04 1.5707963268e+00 -6.2383743747e-01
5.0598977459e-05 1.6622009309e+04 1.5707963268e+00 -6.2641588795e-01
5.0811163715e-05 1.6626966967e+04 1.5707963268e+00 -6.2899280671e-01
5.1023277561e-05 1.6631946658e+04 1.5707963268e+00 -6.3156818829e-01
5.1235318768e-05 1.6636948387e+04 1.5707963268e+00 -6.3414202725e-01
5.1447287108e-05 1.6641972161e+04 1.5707963268e+00 -6.3671431815e-01
5.1659182355e-05 1.6647017987e+04 1.5707963268e+00 -6.3928505556e-01
5.1871004282e-05 1.6652085872e+04 1.5707963268e+00 -6.4185423409e-01
5.2082752664e-05 1.6657175822e+04 1.5707963268e+00 -6.4442184833e-01
5.2294427277e-05 1.6662287843e+04 1.5707963268e+00 -6.4698789292e-01
5.2506027899e-05 1.6667421942e+04 1.5707963268e+00 -6.4955236249e-01
5.2717554306e-05 1.6672578126e+04 1.5707963268e+00 -6.5211525169e-01
5.2929006279e-05 1.6677756402e+04 1.5707963268e+00 -6.5467655520e-01
5.3140383597e-05 1.6682956775e+04 1.5707963268e+00 -6.5723626770e-01
5.3351686041e-05 1.6688179252e+04 1.5707963268e+00 -6.5979438388e-01
5.3562913392e-05 1.6693423840e+04 1.5707963268e+00 -6.6235089847e-01
5.3774065433e-05 1.6698690545e+04 1.5707963268e+00 -6.6490580618e-01
5.3985141949e-05 1.6703979374e+04 1.5707963268e+00 -6.6745910177e-01
5.4196142724e-05 1.6709290333e+04 1.5707963268e+00 -6.7001078000e-01
5.4407067543e-05 1.6714623428e+04 1.5707963268e+00 -6.7256083563e-01
5.4617916194e-05 1.6719978667e+04 1.5707963268e+00 -6.7510926347e-01
5.4828688464e-05 1.6725356054e+04 1.5707963268e+00 -6.7765605831e-01
5.5039384142e-05 1.6730755598e+04 1.5707963268e+00 -6.8020121498e-01
5.5250003018e-05 1.6736177303e+04 1.5707963268e+00 -6.8274472831e-01
5.5460544882e-05 1.6741621176e+04 1.5707963268e+00 -6.8528659316e-01
5.5671009525e-05 1.6747087225e+04 1.5707963268e+00 -6.8782680440e-01
5.5881396742e-05 1.6752575454e+04 1.5707963268e+00 -6.9036535690e-01
5.6091706325e-05 1.6758085871e+04 1.5707963268e+00 -6.9290224558e-01
5.6301938069e-05 1.6763618481e+04 1.5707963268e+00 -6.9543746534e-01
5.6512091769e-05 1.6769173291e+04 1.5707963268e+00 -6.9797101112e-01
5.6722167223e-05 1.6774750307e+04 1.5707963268e+00 -7.0050287786e-01
5.6932164228e-05 1.6780349535e+04 1.5707963268e+00 -7.0303306052e-01
5.7142082583e-05 1.6785970981e+04 1.5707963268e+00 -7.0556155409e-01
5.7351922087e-05 1.6791614652e+04 1.5707963268e+00 -7.0808835357e-01
5.7561682541e-05 1.6797280554e+04 1.5707963268e+00 -7.1061345395e-01
5.7771363746e-05 1.6802968692e+04 1.5707963268e+00 -7.1313685027e-01
5.7980965506e-05 1.6808679073e+04 1.5707963268e+00 -7.1565853758e-01
5.8190487624e-05 1.6814411704e+04 1.5707963268e+00 -7.1817851092e-01
5.8399929905e-05 1.6820166589e+04 1.5707963268e+00 -7.2069676539e-01
5.8609292155e-05 1.6825943735e+04 1.5707963268e+00 -7.2321329606e-01
5.8818574179e-05 1.6831743148e+04 1.5707963268e+00 -7.2572809805e-01
5.9027775787e-05 1.6837564834e+04 1.5707963268e+00 -7.2824116648e-01
5.9236896786e-05 1.6843408799e+04 1.5707963268e+00 -7.3075249649e-01
5.9445936986e-05 1.6849275049e+04 1.5707963268e+00 -7.3326208325e-01
5.9654896199e-05 1.6855163589e+04 1.5707963268e+00 -7.3576992192e-01
5.9863774236e-05 1.6861074426e+04 1.5707963268e+00 -7.3827600769e-01
6.0072570909e-05 1.6867007566e+04 1.5707963268e+00 -7.4078033577e-01
6.0281286033e-05 1.6872963013e+04 1.5707963268e+00 -7.4328290139e-01
6.0489919422e-05 1.6878940775e+04 1.5707963268e+00 -7.4578369979e-01
6.0698470892e-05 1.6884940857e+04 1.5707963268e+00 -7.4828272621e-01
6.0906940260e-05 1.6890963263e+04 1.5707963268e+00 -7.5077997594e-01
6.1115327344e-05 1.6897008002e+04 1.5707963268e+00 -7.5327544427e-01
6.1323631963e-05 1.6903075076e+04 1.5707963268e+00 -7.5576912650e-01
6.1531853937e-05 1.6909164494e+04 1.5707963268e+00 -7.5826101795e-01
6.1739993086e-05 1.6915276259e+04 1.5707963268e+00 -7.6075111398e-01
6.1948049233e-05 1.6921410379e+04 1.5707963268e+00 -7.6323940993e-01
6.2156022200e-05 1.6927566857e+04 1.5707963268e+00 -7.6572590117e-01
6.2363911812e-05 1.6933745700e+04 1.5707963268e+00 -7.6821058311e-01
6.2571717893e-05 1.6939946914e+04 1.5707963268e+00 -7.7069345115e-01
6.2779440269e-05 1.6946170503e+04 1.5707963268e+00 -7.7317450071e-01
6.2987078769e-05 1.6952416473e+04 1.5707963268e+00 -7.7565372725e-01
6.3194633218e-05 1.6958684830e+04 1.5707963268e+00 -7.7813112621e-01
6.3402103448e-05 1.6964975578e+04 1.5707963268e+00 -7.8060669307e-01
6.3609489287e-05 1.6971288724e+04 1.5707963268e+00 -7.8308042333e-01
6.3816790568e-05 1.6977624272e+04 1.5707963268e+00 -7.8555231251e-01
6.4024007121e-05 1.6983982228e+04 1.5707963268e+00 -7.8802235612e-01
6.4231138781e-05 1.6990362597e+04 1.5707963268e+00 -7.9049054972e-01
6.4438185382e-05 1.6996765384e+04 1.5707963268e+00 -7.9295688886e-01
6.4645146758e-05 1.7003190595e+04 1.5707963268e+00 -7.9542136914e-01
6.4852022747e-05 1.7009638233e+04 1.5707963268e+00 -7.9788398614e-01
6.5058813185e-05 1.7016108306e+04 1.5707963268e+00 -8.0034473549e-01
6.5265517910e-05 1.7022600816e+04 1.5707963268e+00 -8.0280361281e-01
6.5472136763e-05 1.7029115770e+04 1.5707963268e+00 -8.0526061376e-01
6.5678669583e-05 1.7035653173e+04 1.5707963268e+00 -8.0771573400e-01
6.5885116212e-05 1.7042213029e+04 1.5707963268e+00 -8.1016896922e-01
6.6091476492e-05 1.7048795343e+04 1.5707963268e+00 -8.1262031513e-01
6.6297750267e-05 1.7055400121e+04 1.5707963268e+00 -8.1506976744e-01
6.6503937380e-05 1.7062027367e+04 1.5707963268e+00 -8.1751732189e-01
6.6710037679e-05 1.7068677085e+04 1.5707963268e+00 -8.1996297425e-01
6.6916051009e-05 1.7075349280e+04 1.5707963268e+00 -8.2240672027e-01
6.7121977217e-05 1.7082043958e+04 1.5707963268e+00 -8.2484855577e-01
6.7327816153e-05 1.7088761123e+04 1.5707963268e+00 -8.2728847653e-01
6.7533567665e-05 1.7095500779e+04 1.5707963268e+00 -8.2972647840e-01
6.7739231605e-05 1.7102262932e+04 1.5707963268e+00 -8.3216255722e-01
6.7944807824e-05 1.7109047584e+04 1.5707963268e+00 -8.3459670884e-01
6.8150296176e-05 1.7115854742e+04 1.5707963268e+00 -8.3702892916e-01
6.8355696512e-05 1.7122684410e+04 1.5707963268e+00 -8.3945921407e-01
6.8561008689e-05 1.7129536591e+04 1.5707963268e+00 -8.4188755948e-01
6.8766232562e-05 1.7136411291e+04 1.5707963268e+00 -8.4431396134e-01
6.8971367987e-05 1.7143308513e+04 1.5707963268e+00 -8.4673841559e-01
6.9176414824e-05 1.7150228262e+04 1.5707963268e+00 -8.4916091821e-01
6.9381372929e-05 1.7157170542e+04 1.5707963268e+00 -8.5158146519e-01
6.9586242164e-05 1.7164135358e+04 1.5707963268e+00 -8.5400005252e-01
6.9791022389e-05 1.7171122712e+04 1.5707963268e+00 -8.5641667625e-01
6.9995713466e-05 1.7178132611e+04 1.5707963268e+00 -8.5883133240e-01
7.0200315258e-05 1.7185165057e+04 1.5707963268e+00 -8.6124401705e-01
7.0404827628e-05 1.7192220055e+04 1.5707963268e+00 -8.6365472627e-01
7.0609250443e-05 1.7199297608e+04 1.5707963268e+00 -8.6606345617e-01
7.0813583567e-05 1.7206397721e+04 1.5707963268e+00 -8.6847020285e-01
7.1017826867e-05 1.7213520398e+04 1.5707963268e+00 -8.7087496245e-01
7.1221980213e-05 1.7220665641e+04 1.5707963268e+00 -8.7327773112e-01
7.1426043472e-05 1.7227833456e+04 1.5707963268e+00 -8.7567850505e-01
7.1630016515e-05 1.7235023845e+04 1.5707963268e+00 -8.7807728041e-01
7.1833899213e-05 1.7242236813e+04 1.5707963268e+00 -8.8047405341e-01
7.2037691438e-05 1.7249472363e+04 1.5707963268e+00 -8.8286882028e-01
7.2241393063e-05 1.7256730499e+04 1.5707963268e+00 -8.8526157727e-01
7.2445003962e-05 1.7264011223e+04 1.5707963268e+00 -8.8765232064e-01
7.2648524010e-05 1.7271314541e+04 1.5707963268e+00 -8.9004104666e-01
7.2851953084e-05 1.7278640455e+04 1.5707963268e+00 -8.9242775165e-01
7.3055291060e-05 1.7285988968e+04 1.5707963268e+00 -8.9481243192e-01
7.3258537817e-05 1.7293360084e+04 1.5707963268e+00 -8.9719508380e-01
7.3461693233e-05 1.7300753806e+04 1.5707963268e+00 -8.9957570365e-01
7.3664757190e-05 1.7308170138e+04 1.5707963268e+00 -9.0195428786e-01
7.3867729568e-05 1.7315609082e+04 1.5707963268e+00 -9.0433083280e-01
7.4070610250e-05 1.7323070642e+04 1.5707963268e+00 -9.0670533489e-01
7.4273399118e-05 1.7330554821e+04 1.5707963268e+00 -9.0907779057e-01
7.4476096057e-05 1.7338061622e+04 1.5707963268e+00 -9.1144819627e-01
7.4678700952e-05 1.7345591048e+04 1.5707963268e+00 -9.1381654848e-01
7.4881213690e-05 1.7353143101e+04 1.5707963268e+00 -9.1618284366e-01
7.5083634157e-05 1.7360717785e+04 1.5707963268e+00 -9.1854707834e-01
7.5285962242e-05 1.7368315103e+04 1.5707963268e+00 -9.2090924903e-01
7.5488197834e-05 1.7375935057e+04 1.5707963268e+00 -9.2326935228e-01
7.5690340824e-05 1.7383577650e+04 1.5707963268e+00 -9.2562738464e-01
7.5892391102e-05 1.7391242885e+04 1.5707963268e+00 -9.2798334270e-01
7.6094348560e-05 1.7398930764e+04 1.5707963268e+00 -9.3033722305e-01
7.6296213093e-05 1.7406641290e+04 1.5707963268e+00 -9.3268902232e-01
7.6497984594e-05 1.7414374466e+04 1.5707963268e+00 -9.3503873713e-01
7.6699662959e-05 1.7422130293e+04 1.5707963268e+00 -9.3738636415e-01
7.6901248083e-05 1.7429908774e+04 1.5707963268e+00 -9.3973190005e-01
7.7102739864e-05 1.7437709912e+04 1.5707963268e+00 -9.4207534152e-01
7.7304138200e-05 1.7445533709e+04 1.5707963268e+00 -9.4441668527e-01
7.7505442991e-05 1.7453380167e+04 1.5707963268e+00 -9.4675592804e-01
7.7706654136e-05 1.7461249288e+04 1.5707963268e+00 -9.4909306656e-01
7.7907771537e-05 1.7469141075e+04 1.5707963268e+00 -9.5142809762e-01
7.8108795096e-05 1.7477055529e+04 1.5707963268e+00 -9.5376101800e-01
7.8309724716e-05 1.7484992652e+04 1.5707963268e+00 -9.5609182450e-01
7.8510560302e-05 1.7492952447e+04 1.5707963268e+00 -9.5842051396e-01
7.8711301757e-05 1.7500934915e+04 1.5707963268e+00 -9.6074708320e-01
7.8911948989e-05 1.7508940058e+04 1.5707963268e+00 -9.6307152911e-01
7.9112501905e-05 1.7516967878e+04 1.5707963268e+00 -9.6539384855e-01
7.9312960412e-05 1.7525018377e+04 1.5707963268e+00 -9.6771403844e-01
7.9513324420e-05 1.7533091555e+04 1.5707963268e+00 -9.7003209568e-01
7.9713593838e-05 1.7541187416e+04 1.5707963268e+00 -9.7234801723e-01
7.9913768578e-05 1.7549305960e+04 1.5707963268e+00 -9.7466180003e-01
8.0113848552e-05 1.7557447189e+04 1.5707963268e+00 -9.7697344107e-01
8.0313833672e-05 1.7565611104e+04 1.5707963268e+00 -9.7928293734e-01
8.0513723853e-05 1.7573797707e+04 1.5707963268e+00 -9.8159028586e-01
8.0713519009e-05 1.7582006998e+04 1.5707963268e+00 -9.8389548366e-01
8.0913219057e-05 1.7590238980e+04 1.5707963268e+00 -9.8619852779e-01
8.1112823912e-05 1.7598493653e+04 1.5707963268e+00 -9.8849941533e-01
8.1312333493e-05 1.7606771019e+04 1.5707963268e+00 -9.9079814337e-01
8.1511747719e-05 1.7615071077e+04 1.5707963268e+00 -9.9309470902e-01
8.1711066509e-05 1.7623393831e+04 1.5707963268e+00 -9.9538910941e-01
8.1910289784e-05 1.7631739280e+04 1.5707963268e+00 -9.9768134168e-01
8.2109417465e-05 1.7640107425e+04 1.5707963268e+00 -9.9997140301e-01
8.2308449476e-05 1.7648498267e+04 1.5707963268e+00 -1.0022592906e+00
8.2507385739e-05 1.7656911807e+04 1.5707963268e+00 -1.0045450016e+00
8.2706226179e-05 1.7665348046e+04 1.5707963268e+00 -1.0068285333e+00
8.2904970722e-05 1.7673806984e+04 1.5707963268e+00 -1.0091098829e+00
8.3103619294e-05 1.7682288621e+04 1.5707963268e+00 -1.0113890477e+00
8.3302171822e-05 1.7690792959e+04 1.5707963268e+00 -1.0136660250e+00
8.3500628235e-05 1.7699319997e+04 1.5707963268e+00 -1.0159408120e+00
8.3698988461e-05 1.7707869736e+04 1.5707963268e+00 -1.0182134061e+00
8.3897252431e-05 1.7716442176e+04 1.5707963268e+00 -1.0204838046e+00
8.4095420076e-05 1.7725037318e+04 1.5707963268e+00 -1.0227520049e+00
8.4293491329e-05 1.7733655162e+04 1.5707963268e+00 -1.0250180044e+00
8.4491466121e-05 1.7742295708e+04 1.5707963268e+00 -1.0272818004e+00
8.4689344387e-05 1.7750958955e+04 1.5707963268e+00 -1.0295433905e+00
8.4887126062e-05 1.7759644904e+04 1.5707963268e+00 -1.0318027719e+00
8.5084811082e-05 1.7768353555e+04 1.5707963268e+00 -1.0340599422e+00
8.5282399383e-05 1.7777084908e+04 1.5707963268e+00 -1.0363148988e+00
8.5479890903e-05 1.7785838961e+04 1.5707963268e+00 -1.0385676393e+00
8.5677285580e-05 1.7794615716e+04 1.5707963268e+00 -1.0408181611e+00
8.5874583354e-05 1.7803415172e+04 1.5707963268e+00 -1.0430664618e+00
8.6071784166e-05 1.7812237328e+04 1.5707963268e+00 -1.0453125389e+00
8.6268887956e-05 1.7821082184e+04 1.5707963268e+00 -1.0475563900e+00
8.6465894667e-05 1.7829949740e+04 1.5707963268e+00 -1.0497980127e+00
8.6662804242e-05 1.7838839994e+04 1.5707963268e+00 -1.0520374046e+00
8.6859616626e-05 1.7847752946e+04 1.5707963268e+00 -1.0542745633e+00
8.7056331762e-05 1.7856688595e+04 1.5707963268e+00 -1.0565094864e+00
8.7252949597e-05 1.7865646941e+04 1.5707963268e+00 -1.0587421717e+00
8.7449470079e-05 1.7874627983e+04 1.5707963268e+00 -1.0609726168e+00
8.7645893153e-05 1.7883631719e+04 1.5707963268e+00 -1.0632008194e+00
8.7842218770e-05 1.7892658149e+04 1.5707963268e+00 -1.0654267773e+00
8.8038446878e-05 1.7901707271e+04 1.5707963268e+00 -1.0676504881e+00
8.8234577428e-05 1.7910779085e+04 1.5707963268e+00 -1.0698719497e+00
8.8430610372e-05 1.7919873589e+04 1.5707963268e+00 -1.0720911598e+00
8.8626545660e-05 1.7928990782e+04 1.5707963268e+00 -1.0743081162e+00
8.8822383248e-05 1.7938130663e+04 1.5707963268e+00 -1.0765228167e+00
8.9018123088e-05 1.7947293230e+04 1.5707963268e+00 -1.0787352593e+00
8.9213765135e-05 1.7956478481e+04 1.5707963268e+00 -1.0809454416e+00
8.9409309345e-05 1.7965686415e+04 1.5707963268e+00 -1.0831533616e+00
8.9604755675e-05 1.7974917032e+04 1.5707963268e+00 -1.0853590173e+00
8.9800104082e-05 1.7984170327e+04 1.5707963268e+00 -1.0875624064e+00
8.9995354525e-05 1.7993446301e+04 1.5707963268e+00 -1.0897635270e+00
9.0190506963e-05 1.8002744951e+04 1.5707963268e+00 -1.0919623769e+00
9.0385561355e-05 1.8012066276e+04 1.5707963268e+00 -1.0941589543e+00
9.0580517664e-05 1.8021410272e+04 1.5707963268e+00 -1.0963532569e+00
9.0775375850e-05 1.8030776939e+04 1.5707963268e+00 -1.0985452829e+00
9.0970135878e-05 1.8040166274e+04 1.5707963268e+00 -1.1007350303e+00
9.1164797709e-05 1.8049578275e+04 1.5707963268e+00 -1.1029224972e+00
9.1359361309e-05 1.8059012940e+04 1.5707963268e+00 -1.1051076815e+00
9.1553826643e-05 1.8068470267e+04 1.5707963268e+00 -1.1072905814e+00
9.1748193677e-05 1.8077950252e+04 1.5707963268e+00 -1.1094711949e+00
9.1942462379e-05 1.8087452894e+04 1.5707963268e+00 -1.1116495203e+00
9.2136632715e-05 1.8096978190e+04 1.5707963268e+00 -1.1138255556e+00
9.2330704656e-05 1.8106526137e+04 1.5707963268e+00 -1.1159992989e+00
9.2524678170e-05 1.8116096733e+04 1.5707963268e+00 -1.1181707486e+00
9.2718553228e-05 1.8125689975e+04 1.5707963268e+00 -1.1203399027e+00
9.2912329801e-05 1.8135305861e+04 1.5707963268e+00 -1.1225067595e+00
9.3106007861e-05 1.8144944386e+04 1.5707963268e+00 -1.1246713172e+00
9.3299587382e-05 1.8154605549e+04 1.5707963268e+00 -1.1268335741e+00
9.3493068337e-05 1.8164289347e+04 1.5707963268e+00 -1.1289935284e+00
9.3686450700e-05 1.8173995775e+04 1.5707963268e+00 -1.1311511785e+00
9.3879734447e-05 1.8183724832e+04 1.5707963268e+00 -1.1333065226e+00
9.4072919555e-05 1.8193476513e+04 1.5707963268e+00 -1.1354595590e+00
9.4266006001e-05 1.8203250816e+04 1.5707963268e+00 -1.1376102862e+00
9.4458993762e-05 1.8213047737e+04 1.5707963268e+00 -1.1397587024e+00
9.4651882817e-05 1.8222867273e+04 1.5707963268e+00 -1.1419048061e+00
9.4844673146e-05 1.8232709420e+04 1.5707963268e+00 -1.1440485957e+00
9.5037364729e-05 1.8242574175e+04 1.5707963268e+00 -1.1461900696e+00
9.5229957548e-05 1.8252461533e+04 1.5707963268e+00 -1.1483292261e+00
9.5422451584e-05 1.8262371491e+04 1.5707963268e+00 -1.1504660639e+00
9.5614846820e-05 1.8272304046e+04 1.5707963268e+00 -1.1526005813e+00
9.5807143240e-05 1.8282259193e+04 1.5707963268e+00 -1.1547327769e+00
9.5999340828e-05 1.8292236929e+04 1.5707963268e+00 -1.1568626491e+00
9.6191439570e-05 1.8302237249e+04 1.5707963268e+00 -1.1589901966e+00
9.6383439451e-05 1.8312260149e+04 1.5707963268e+00 -1.1611154178e+00
9.6575340459e-05 1.8322305626e+04 1.5707963268e+00 -1.1632383113e+00
9.6767142580e-05 1.8332373675e+04 1.5707963268e+00 -1.1653588757e+00
9.6958845804e-05 1.8342464291e+04 1.5707963268e+00 -1.1674771096e+00
9.7150450119e-05 1.8352577470e+04 1.5707963268e+00 -1.1695930117e+00
9.7341955516e-05 1.8362713208e+04 1.5707963268e+00 -1.1717065805e+00
9.7533361985e-05 1.8372871500e+04 1.5707963268e+00 -1.1738178148e+00
9.7724669518e-05 1.8383052342e+04 1.5707963268e+00 -1.1759267132e+00
9.7915878107e-05 1.8393255728e+04 1.5707963268e+00 -1.1780332744e+00
9.8106987745e-05 1.8403481655e+04 1.5707963268e+00 -1.1801374972e+00
9.8297998427e-05 1.8413730117e+04 1.5707963268e+00 -1.1822393802e+00
9.8488910145e-05 1.8424001109e+04 1.5707963268e+00 -1.1843389223e+00
9.8679722897e-05 1.8434294627e+04 1.5707963268e+00 -1.1864361222e+00
9.8870436678e-05 1.8444610665e+04 1.5707963268e+00 -1.1885309786e+00
9.9061051485e-05 1.8454949219e+04 1.5707963268e+00 -1.1906234904e+00
9.9251567316e-05 1.8465310283e+04 1.5707963268e+00 -1.1927136564e+00
9.9441984169e-05 1.8475693851e+04 1.5707963268e+00 -1.1948014755e+00
9.9632302043e-05 1.8486099919e+04 1.5707963268e+00 -1.1968869466e+00
9.9822520939e-05 1.8496528480e+04 1.5707963268e+00 -1.1989700684e+00
1.0001264086e-04 1.8506979531e+04 1.5707963268e+00 -1.2010508399e+00
1.0020266180e-04 1.8517453064e+04 1.5707963268e+00 -1.2031292600e+00
1.0039258376e-04 1.8527949075e+04 1.5707963268e+00 -1.2052053277e+00
1.0058240676e-04 1.8538467557e+04 1.5707963268e+00 -1.2072790419e+00
1.0077213078e-04 1.8549008506e+04 1.5707963268e+00 -1.2093504015e+00
1.0096175585e-04 1.8559571914e+04 1.5707963268e+00 -1.2114194056e+00
1.0115128195e-04 1.8570157776e+04 1.5707963268e+00 -1.2134860531e+00
1.0134070910e-04 1.8580766087e+04 1.5707963268e+00 -1.2155503432e+00
1.0153003731e-04 1.8591396839e+04 1.5707963268e+00 -1.2176122747e+00
1.0171926657e-04 1.8602050028e+04 1.5707963268e+00 -1.2196718469e+00
1.0190839691e-04 1.8612725646e+04 1.5707963268e+00 -1.2217290587e+00
1.0209742832e-04 1.8623423688e+04 1.5707963268e+00 -1.2237839092e+00
1.0228636082e-04 1.8634144146e+04 1.5707963268e+00 -1.2258363977e+00
1.0247519442e-04 1.8644887015e+04 1.5707963268e+00 -1.2278865231e+00
1.0266392912e-04 1.8655652289e+04 1.5707963268e+00 -1.2299342847e+00
1.0285256494e-04 1.8666439959e+04 1.5707963268e+00 -1.2319796815e+00
1.0304110190e-04 1.8677250021e+04 1.5707963268e+00 -1.2340227129e+00
1.0322954000e-04 1.8688082467e+04 1.5707963268e+00 -1.2360633779e+00
1.0341787926e-04 1.8698937290e+04 1.5707963268e+00 -1.2381016759e+00
1.0360611969e-04 1.8709814484e+04 1.5707963268e+00 -1.2401376060e+00
1.0379426131e-04 1.8720714041e+04 1.5707963268e+00 -1.2421711675e+00
1.0398230413e-04 1.8731635954e+04 1.5707963268e+00 -1.2442023597e+00
1.0417024817e-04 1.8742580217e+04 1.5707963268e+00 -1.2462311818e+00
1.0435809345e-04 1.8753546823e+04 1.5707963268e+00 -1.2482576331e+00
1.0454583998e-04 1.8764535763e+04 1.5707963268e+00 -1.2502817131e+00
1.0473348779e-04 1.8775547031e+04 1.5707963268e+00 -1.2523034209e+00
1.0492103688e-04 1.8786580619e+04 1.5707963268e+00 -1.2543227561e+00
1.0510848729e-04 1.8797636520e+04 1.5707963268e+00 -1.2563397178e+00
1.0529583903e-04 1.8808714727e+04 1.5707963268e+00 -1.2583543056e+00
1.0548309213e-04 1.8819815231e+04 1.5707963268e+00 -1.2603665189e+00
1.0567024659e-04 1.8830938025e+04 1.5707963268e+00 -1.2623763570e+00
1.0585730246e-04 1.8842083102e+04 1.5707963268e+00 -1.2643838195e+00
1.0604425974e-04 1.8853250453e+04 1.5707963268e+00 -1.2663889057e+00
1.0623111847e-04 1.8864440071e+04 1.5707963268e+00 -1.2683916151e+00
1.0641787867e-04 1.8875651947e+04 1.5707963268e+00 -1.2703919473e+00
1.0660454036e-04 1.8886886074e+04 1.5707963268e+00 -1.2723899017e+00
1.0679110357e-04 1.8898142443e+04 1.5707963268e+00 -1.2743854780e+00
1.0697756833e-04 1.8909421047e+04 1.5707963268e+00 -1.2763786755e+00
1.0716393466e-04 1.8920721877e+04 1.5707963268e+00 -1.2783694939e+00
1.0735020258e-04 1.8932044925e+04 1.5707963268e+00 -1.2803579328e+00
1.0753637214e-04 1.8943390182e+04 1.5707963268e+00 -1.2823439917e+00
1.0772244335e-04 1.8954757640e+04 1.5707963268e+00 -1.2843276702e+00
1.0790841625e-04 1.8966147291e+04 1.5707963268e+00 -1.2863089681e+00
1.0809429086e-04 1.8977559125e+04 1.5707963268e+00 -1.2882878849e+00
1.0828006722e-04 1.8988993134e+04 1.5707963268e+00 -1.2902644203e+00
1.0846574536e-04 1.9000449310e+04 1.5707963268e+00 -1.2922385739e+00
1.0865132531e-04 1.9011927643e+04 1.5707963268e+00 -1.2942103456e+00
1.0883680710e-04 1.9023428125e+04 1.5707963268e+00 -1.2961797349e+00
1.0902219077e-04 1.9034950747e+04 1.5707963268e+00 -1.2981467415e+00
1.0920747634e-04 1.9046495499e+04 1.5707963268e+00 -1.3001113654e+00
1.0939266386e-04 1.9058062372e+04 1.5707963268e+00 -1.3020736061e+00
1.0957775336e-04 1.9069651358e+04 1.5707963268e+00 -1.3040334635e+00
1.0976274488e-04 1.9081262447e+04 1.5707963268e+00 -1.3059909374e+00
1.0994763844e-04 1.9092895630e+04 1.5707963268e+00 -1.3079460275e+00
1.1013243409e-04 1.9104550898e+04 1.5707963268e+00 -1.3098987338e+00
1.1031713187e-04 1.9116228240e+04 1.5707963268e+00 -1.3118490559e+00
1.1050173180e-04 1.9127927647e+04 1.5707963268e+00 -1.3137969939e+00
1.1068623394e-04 1.9139649111e+04 1.5707963268e+00 -1.3157425476e+00
1.1087063832e-04 1.9151392620e+04 1.5707963268e+00 -1.3176857168e+00
1.1105494498e-04 1.9163158166e+04 1.5707963268e+00 -1.3196265014e+00
1.1123915396e-04 1.9174945739e+04 1.5707963268e+00 -1.3215649015e+00
1.1142326530e-04 1.9186755328e+04 1.5707963268e+00 -1.3235009168e+00
1.1160727904e-04 1.9198586924e+04 1.5707963268e+00 -1.3254345475e+00
1.1179119522e-04 1.9210440517e+04 1.5707963268e+00 -1.3273657933e+00
1.1197501389e-04 1.9222316096e+04 1.5707963268e+00 -1.3292946544e+00
1.1215873509e-04 1.9234213652e+04 1.5707963268e+00 -1.3312211307e+00
1.1234235886e-04 1.9246133174e+04 1.5707963268e+00 -1.3331452223e+00
1.1252588525e-04 1.9258074652e+04 1.5707963268e+00 -1.3350669291e+00
1.1270931430e-04 1.9270038075e+04 1.5707963268e+00 -1.3369862512e+00
1.1289264606e-04 1.9282023434e+04 1.5707963268e+00 -1.3389031887e+00
1.1307588057e-04 1.9294030717e+04 1.5707963268e+00 -1.3408177416e+00
1.1325901788e-04 1.9306059914e+04 1.5707963268e+00 -1.3427299101e+00
1.1344205804e-04 1.9318111015e+04 1.5707963268e+00 -1.3446396942e+00
1.1362500109e-04 1.9330184009e+04 1.5707963268e+00 -1.3465470941e+00
1.1380784708e-04 1.9342278884e+04 1.5707963268e+00 -1.3484521100e+00
1.1399059606e-04 1.9354395630e+04 1.5707963268e+00 -1.3503547418e+00
1.1417324808e-04 1.9366534237e+04 1.5707963268e+00 -1.3522549900e+00
1.1435580319e-04 1.9378694693e+04 1.5707963268e+00 -1.3541528545e+00
1.1453826143e-04 1.9390876987e+04 1.5707963268e+00 -1.3560483357e+00
1.1472062287e-04 1.9403081107e+04 1.5707963268e+00 -1.3579414337e+00
1.1490288754e-04 1.9415307044e+04 1.5707963268e+00 -1.3598321487e+00
1.1508505551e-04 1.9427554785e+04 1.5707963268e+00 -1.3617204811e+00
1.1526712682e-04 1.9439824320e+04 1.5707963268e+00 -1.3636064311e+00
1.1544910153e-04 1.9452115636e+04 1.5707963268e+00 -1.3654899989e+00
1.1563097968e-04 1.9464428723e+04 1.5707963268e+00 -1.3673711848e+00
1.1581276134e-04 1.9476763568e+04 1.5707963268e+00 -1.3692499891e+00
1.1599444655e-04 1.9489120161e+04 1.5707963268e+00 -1.3711264123e+00
1.1617603538e-04 1.9501498489e+04 1.5707963268e+00 -1.3730004545e+00
1.1635752788e-04 1.9513898542e+04 1.5707963268e+00 -1.3748721161e+00
1.1653892409e-04 1.9526320306e+04 1.5707963268e+00 -1.3767413976e+00
1.1672022408e-04 1.9538763771e+04 1.5707963268e+00 -1.3786082992e+00
1.1690142791e-04 1.9551228924e+04 1.5707963268e+00 -1.3804728214e+00
1.1708253563e-04 1.9563715753e+04 1.5707963268e+00 -1.3823349646e+00
1.1726354730e-04 1.9576224247e+04 1.5707963268e+00 -1.3841947292e+00
1.1744446298e-04 1.9588754393e+04 1.5707963268e+00 -1.3860521156e+00
1.1762528273e-04 1.9601306178e+04 1.5707963268e+00 -1.3879071244e+00
1.1780600659e-04 1.9613879592e+04 1.5707963268e+00 -1.3897597558e+00
1.1798663465e-04 1.9626474621e+04 1.5707963268e+00 -1.3916100105e+00
1.1816716694e-04 1.9639091253e+04 1.5707963268e+00 -1.3934578889e+00
1.1834760354e-04 1.9651729475e+04 1.5707963268e+00 -1.3953033916e+00
1.1852794451e-04 1.9664389276e+04 1.5707963268e+00 -1.3971465190e+00
1.1870818990e-04 1.9677070642e+04 1.5707963268e+00 -1.3989872717e+00
1.1888833978e-04 1.9689773561e+04 1.5707963268e+00 -1.4008256502e+00
1.1906839421e-04 1.9702498021e+04 1.5707963268e+00 -1.4026616551e+00
1.1924835325e-04 1.9715244007e+04 1.5707963268e+00 -1.4044952870e+00
1.1942821697e-04 1.9728011509e+04 1.5707963268e+00 -1.4063265464e+00
1.1960798543e-04 1.9740800512e+04 1.5707963268e+00 -1.4081554341e+00
1.1978765869e-04 1.9753611004e+04 1.5707963268e+00 -1.4099819505e+00
1.1996723682e-04 1.9766442971e+04 1.5707963268e+00 -1.4118060963e+00
1.2014671988e-04 1.9779296401e+04 1.5707963268e+00 -1.4136278722e+00
1.2032610794e-04 1.9792171281e+04 1.5707963268e+00 -1.4154472788e+00
1.2050540106e-04 1.9805067597e+04 1.5707963268e+00 -1.4172643169e+00
1.2068459931e-04 1.9817985336e+04 1.5707963268e+00 -1.4190789870e+00
1.2086370275e-04 1.9830924485e+04 1.5707963268e+00 -1.4208912898e+00
1.2104271146e-04 1.9843885030e+04 1.5707963268e+00 -1.4227012262e+00
1.2122162550e-04 1.9856866958e+04 1.5707963268e+00 -1.4245087968e+00
1.2140044493e-04 1.9869870256e+04 1.5707963268e+00 -1.4263140024e+00
1.2157916984e-04 1.9882894909e+04 1.5707963268e+00 -1.4281168437e+00
1.2175780027e-04 1.9895940904e+04 1.5707963268e+00 -1.4299173215e+00
1.2193633631e-04 1.9909008228e+04 1.5707963268e+00 -1.4317154365e+00
1.2211477802e-04 1.9922096867e+04 1.5707963268e+00 -1.4335111896e+00
1.2229312547e-04 1.9935206806e+04 1.5707963268e+00 -1.4353045816e+00
1.2247137873e-04 1.9948338032e+04 1.5707963268e+00 -1.4370956132e+00
1.2264953788e-04 1.9961490532e+04 1.5707963268e+00 -1.4388842854e+00
1.2282760298e-04 1.9974664290e+04 1.5707963268e+00 -1.4406705989e+00
1.2300557411e-04 1.9987859294e+04 1.5707963268e+00 -1.4424545546e+00
1.2318345133e-04 2.0001075528e+04 1.5707963268e+00 -1.4442361534e+00
1.2336123472e-04 2.0014312980e+04 1.5707963268e+00 -1.4460153961e+00
1.2353892436e-04 2.0027571633e+04 1.5707963268e+00 -1.4477922838e+00
1.2371652030e-04 2.0040851475e+04 1.5707963268e+00 -1.4495668172e+00
1.2389402264e-04 2.0054152491e+04 1.5707963268e+00 -1.4513389973e+00
1.2407143143e-04 2.0067474666e+04 1.5707963268e+00 -1.4531088250e+00
1.2424874676e-04 2.0080817986e+04 1.5707963268e+00 -1.4548763013e+00
1.2442596870e-04 2.0094182436e+04 1.5707963268e+00 -1.4566414271e+00
1.2460309732e-04 2.0107568003e+04 1.5707963268e+00 -1.4584042034e+00
1.2478013271e-04 2.0120974670e+04 1.5707963268e+00 -1.4601646312e+00
1.2495707492e-04 2.0134402424e+04 1.5707963268e+00 -1.4619227115e+00
1.2513392405e-04 2.0147851250e+04 1.5707963268e+00 -1.4636784453e+00
1.2531068016e-04 2.0161321132e+04 1.5707963268e+00 -1.4654318336e+00
1.2548734334e-04 2.0174812057e+04 1.5707963268e+00 -1.4671828774e+00
1.2566391366e-04 2.0188324008e+04 1.5707963268e+00 -1.4689315778e+00
1.2584039119e-04 2.0201856972e+04 1.5707963268e+00 -1.4706779358e+00
1.2601677601e-04 2.0215410933e+04 1.5707963268e+00 -1.4724219526e+00
1.2619306821e-04 2.0228985876e+04 1.5707963268e+00 -1.4741636291e+00
1.2636926786e-04 2.0242581786e+04 1.5707963268e+00 -1.4759029665e+00
1.2654537504e-04 2.0256198647e+04 1.5707963268e+00 -1.4776399659e+00
1.2672138982e-04 2.0269836445e+04 1.5707963268e+00 -1.4793746284e+00
1.2689731230e-04 2.0283495163e+04 1.5707963268e+00 -1.4811069551e+00
1.2707314254e-04 2.0297174788e+04 1.5707963268e+00 -1.4828369471e+00
1.2724888062e-04 2.0310875302e+04 1.5707963268e+00 -1.4845646057e+00
1.2742452663e-04 2.0324596691e+04 1.5707963268e+00 -1.4862899320e+00
1.2760008065e-04 2.0338338940e+04 1.5707963268e+00 -1.4880129271e+00
1.2777554276e-04 2.0352102032e+04 1.5707963268e+00 -1.4897335922e+00
1.2795091303e-04 2.0365885952e+04 1.5707963268e+00 -1.4914519286e+00
1.2812619156e-04 2.0379690684e+04 1.5707963268e+00 -1.4931679374e+00
1.2830137841e-04 2.0393516213e+04 1.5707963268e+00 -1.4948816198e+00
1.2847647368e-04 2.0407362523e+04 1.5707963268e+00 -1.4965929772e+00
1.2865147745e-04 2.0421229597e+04 1.5707963268e+00 -1.4983020106e+00
1.2882638980e-04 2.0435117420e+04 1.5707963268e+00 -1.5000087215e+00
1.2900121081e-04 2.0449025977e+04 1.5707963268e+00 -1.5017131109e+00
1.2917594056e-04 2.0462955250e+04 1.5707963268e+00 -1.5034151803e+00
1.2935057914e-04 2.0476905224e+04 1.5707963268e+00 -1.5051149309e+00
1.2952512664e-04 2.0490875883e+04 1.5707963268e+00 -1.5068123640e+00
1.2969958313e-04 2.0504867210e+04 1.5707963268e+00 -1.5085074809e+00
1.2987394871e-04 2.0518879190e+04 1.5707963268e+00 -1.5102002830e+00
1.3004822344e-04 2.0532911806e+04 1.5707963268e+00 -1.5118907714e+00
1.3022240744e-04 2.0546965042e+04 1.5707963268e+00 -1.5135789477e+00
1.3039650076e-04 2.0561038881e+04 1.5707963268e+00 -1.5152648131e+00
1.3057050351e-04 2.0575133307e+04 1.5707963268e+00 -1.5169483690e+00
1.3074441577e-04 2.0589248304e+04 1.5707963268e+00 -1.5186296168e+00
1.3091823762e-04 2.0603383855e+04 1.5707963268e+00 -1.5203085578e+00
1.3109196915e-04 2.0617539943e+04 1.5707963268e+00 -1.5219851935e+00
1.3126561044e-04 2.0631716551e+04 1.5707963268e+00 -1.5236595252e+00
1.3143916159e-04 2.0645913664e+04 1.5707963268e+00 -1.5253315544e+00
1.3161262268e-04 2.0660131265e+04 1.5707963268e+00 -1.5270012825e+00
1.3178599380e-04 2.0674369336e+04 1.5707963268e+00 -1.5286687109e+00
1.3195927504e-04 2.0688627860e+04 1.5707963268e+00 -1.5303338410e+00
1.3213246647e-04 2.0702906822e+04 1.5707963268e+00 -1.5319966744e+00
1.3230556820e-04 2.0717206204e+04 1.5707963268e+00 -1.5336572124e+00
1.3247858032e-04 2.0731525989e+04 1.5707963268e+00 -1.5353154566e+00
1.3265150290e-04 2.0745866160e+04 1.5707963268e+00 -1.5369714085e+00
1.3282433603e-04 2.0760226699e+04 1.5707963268e+00 -1.5386250694e+00
1.3299707982e-04 2.0774607591e+04 1.5707963268e+00 -1.5402764410e+00
1.3316973434e-04 2.0789008818e+04 1.5707963268e+00 -1.5419255247e+00
1.3334229969e-04 2.0803430362e+04 1.5707963268e+00 -1.5435723221e+00
1.3351477595e-04 2.0817872206e+04 1.5707963268e+00 -1.5452168347e+00
1.3368716322e-04 2.0832334333e+04 1.5707963268e+00 -1.5468590641e+00
1.3385946159e-04 2.0846816727e+04 1.5707963268e+00 -1.5484990117e+00
1.3403167115e-04 2.0861319368e+04 1.5707963268e+00 -1.5501366792e+00
1.3420379198e-04 2.0875842240e+04 1.5707963268e+00 -1.5517720681e+00
1.3437582418e-04 2.0890385326e+04 1.5707963268e+00 -1.5534051800e+00
1.3454776785e-04 2.0904948608e+04 1.5707963268e+00 -1.5550360166e+00
1.3471962306e-04 2.0919532067e+04 1.5707963268e+00 -1.5566645793e+00
1.3489138992e-04 2.0934135688e+04 1.5707963268e+00 -1.5582908698e+00
1.3506306851e-04 2.0948759452e+04 1.5707963268e+00 -1.5599148897e+00
1.3523465894e-04 2.0963403341e+04 1.5707963268e+00 -1.5615366407e+00
1.3540616128e-04 2.0978067338e+04 1.5707963268e+00 -1.5631561244e+00
1.3557757564e-04 2.0992751425e+04 1.5707963268e+00 -1.5647733424e+00
1.3574890210e-04 2.1007455584e+04 1.5707963268e+00 -1.5663882964e+00
1.3592014076e-04 2.1022179797e+04 1.5707963268e+00 -1.5680009880e+00
1.3609129171e-04 2.1036924046e+04 1.5707963268e+00 -1.5696114189e+00
1.3626235505e-04 2.1051688314e+04 1.5707963268e+00 -1.5712195909e+00
1.3643333086e-04 2.1066472582e+04 1.5707963268e+00 -1.5728255055e+00
1.3660421925e-04 2.1081276833e+04 1.5707963268e+00 -1.5744291645e+00
1.3677502031e-04 2.1096101047e+04 1.5707963268e+00 -1.5760305696e+00
1.3694573412e-04 2.1110945208e+04 1.5707963268e+00 -1.5776297225e+00
1.3711636079e-04 2.1125809297e+04 1.5707963268e+00 -1.5792266249e+00
1.3728690041e-04 2.1140693296e+04 1.5707963268e+00 -1.5808212786e+00
1.3745735308e-04 2.1155597187e+04 1.5707963268e+00 -1.5824136853e+00
1.3762771889e-04 2.1170520950e+04 1.5707963268e+00 -1.5840038467e+00
1.3779799792e-04 2.1185464569e+04 1.5707963268e+00 -1.5855917647e+00
1.3796819029e-04 2.1200428024e+04 1.5707963268e+00 -1.5871774409e+00
1.3813829609e-04 2.1215411298e+04 1.5707963268e+00 -1.5887608772e+00
1.3830831541e-04 2.1230414371e+04 1.5707963268e+00 -1.5903420753e+00
1.3847824834e-04 2.1245437226e+04 1.5707963268e+00 -1.5919210370e+00
1.3864809498e-04 2.1260479843e+04 1.5707963268e+00 -1.5934977641e+00
1.3881785544e-04 2.1275542205e+04 1.5707963268e+00 -1.5950722585e+00
1.3898752980e-04 2.1290624292e+04 1.5707963268e+00 -1.5966445220e+00
1.3915711816e-04 2.1305726087e+04 1.5707963268e+00 -1.5982145562e+00
1.3932662062e-04 2.1320847570e+04 1.5707963268e+00 -1.5997823632e+00
1.3949603728e-04 2.1335988723e+04 1.5707963268e+00 -1.6013479447e+00
1.3966536823e-04 2.1351149526e+04 1.5707963268e+00 -1.6029113027e+00
1.3983461357e-04 2.1366329962e+04 1.5707963268e+00 -1.6044724388e+00
1.4000377339e-04 2.1381530011e+04 1.5707963268e+00 -1.6060313550e+00
1.4017284780e-04 2.1396749655e+04 1.5707963268e+00 -1.6075880532e+00
1.4034183690e-04 2.1411988874e+04 1.5707963268e+00 -1.6091425353e+00
1.4051074077e-04 2.1427247650e+04 1.5707963268e+00 -1.6106948031e+00
1.4067955952e-04 2.1442525964e+04 1.5707963268e+00 -1.6122448585e+00
1.4084829324e-04 2.1457823797e+04 1.5707963268e+00 -1.6137927034e+00
1.4101694204e-04 2.1473141129e+04 1.5707963268e+00 -1.6153383398e+00
1.4118550601e-04 2.1488477942e+04 1.5707963268e+00 -1.6168817694e+00
1.4135398526e-04 2.1503834217e+04 1.5707963268e+00 -1.6184229944e+00
1.4152237987e-04 2.1519209934e+04 1.5707963268e+00 -1.6199620166e+00
1.4169068995e-04 2.1534605074e+04 1.5707963268e+00 -1.6214988379e+00
1.4185891560e-04 2.1550019619e+04 1.5707963268e+00 -1.6230334602e+00
1.4202705691e-04 2.1565453549e+04 1.5707963268e+00 -1.6245658856e+00
1.4219511399e-04 2.1580906844e+04 1.5707963268e+00 -1.6260961160e+00
1.4236308693e-04 2.1596379485e+04 1.5707963268e+00 -1.6276241533e+00
1.4253097584e-04 2.1611871453e+04 1.5707963268e+00 -1.6291499995e+00
1.4269878081e-04 2.1627382729e+04 1.5707963268e+00 -1.6306736566e+00
1.4286650195e-04 2.1642913294e+04 1.5707963268e+00 -1.6321951266e+00
1.4303413934e-04 2.1658463127e+04 1.5707963268e+00 -1.6337144115e+00
1.4320169310e-04 2.1674032209e+04 1.5707963268e+00 -1.6352315133e+00
1.4336916333e-04 2.1689620521e+04 1.5707963268e+00 -1.6367464339e+00
1.4353655011e-04 2.1705228044e+04 1.5707963268e+00 -1.6382591754e+00
1.4370385356e-04 2.1720854757e+04 1.5707963268e+00 -1.6397697398e+00
1.4387107378e-04 2.1736500641e+04 1.5707963268e+00 -1.6412781292e+00
1.4403821086e-04 2.1752165678e+04 1.5707963268e+00 -1.6427843455e+00
1.4420526490e-04 2.1767849846e+04 1.5707963268e+00 -1.6442883908e+00
1.4437223601e-04 2.1783553126e+04 1.5707963268e+00 -1.6457902672e+00
1.4453912428e-04 2.1799275499e+04 1.5707963268e+00 -1.6472899767e+00
1.4470592983e-04 2.1815016944e+04 1.5707963268e+00 -1.6487875213e+00
1.4487265274e-04 2.1830777443e+04 1.5707963268e+00 -1.6502829032e+00
1.4503929312e-04 2.1846556975e+04 1.5707963268e+00 -1.6517761243e+00
1.4520585107e-04 2.1862355520e+04 1.5707963268e+00 -1.6532671868e+00
1.4537232669e-04 2.1878173059e+04 1.5707963268e+00 -1.6547560928e+00
1.4553872009e-04 2.1894009572e+04 1.5707963268e+00 -1.6562428443e+00
1.4570503136e-04 2.1909865038e+04 1.5707963268e+00 -1.6577274434e+00
1.4587126061e-04 2.1925739439e+04 1.5707963268e+00 -1.6592098923e+00
1.4603740793e-04 2.1941632753e+04 1.5707963268e+00 -1.6606901929e+00
1.4620347344e-04 2.1957544961e+04 1.5707963268e+00 -1.6621683476e+00
1.4636945723e-04 2.1973476043e+04 1.5707963268e+00 -1.6636443583e+00
1.4653535940e-04 2.1989425979e+04 1.5707963268e+00 -1.6651182272e+00
1.4670118006e-04 2.2005394749e+04 1.5707963268e+00 -1.6665899564e+00
1.4686691930e-04 2.2021382332e+04 1.5707963268e+00 -1.6680595481e+00
1.4703257724e-04 2.2037388709e+04 1.5707963268e+00 -1.6695270043e+00
1.4719815396e-04 2.2053413859e+04 1.5707963268e+00 -1.6709923273e+00
1.4736364959e-04 2.2069457763e+04 1.5707963268e+00 -1.6724555192e+00
1.4752906421e-04 2.2085520400e+04 1.5707963268e+00 -1.6739165822e+00
1.4769439792e-04 2.2101601749e+04 1.5707963268e+00 -1.6753755183e+00
1.4785965085e-04 2.2117701791e+04 1.5707963268e+00 -1.6768323299e+00
1.4802482307e-04 2.2133820506e+04 1.5707963268e+00 -1.6782870189e+00
1.4818991470e-04 2.2149957872e+04 1.5707963268e+00 -1.6797395878e+00
1.4835492585e-04 2.2166113870e+04 1.5707963268e+00 -1.6811900385e+00
1.4851985661e-04 2.2182288479e+04 1.5707963268e+00 -1.6826383734e+00
1.4868470708e-04 2.2198481679e+04 1.5707963268e+00 -1.6840845945e+00
1.4884947737e-04 2.2214693450e+04 1.5707963268e+00 -1.6855287042e+00
1.4901416758e-04 2.2230923771e+04 1.5707963268e+00 -1.6869707045e+00
1.4917877782e-04 2.2247172622e+04 1.5707963268e+00 -1.6884105978e+00
1.4934330819e-04 2.2263439982e+04 1.5707963268e+00 -1.6898483862e+00
1.4950775879e-04 2.2279725831e+04 1.5707963268e+00 -1.6912840719e+00
1.4967212972e-04 2.2296030148e+04 1.5707963268e+00 -1.6927176572e+00
1.4983642109e-04 2.2312352912e+04 1.5707963268e+00 -1.6941491444e+00
1.5000063301e-04 2.2328694104e+04 1.5707963268e+00 -1.6955785355e+00
1.5016476556e-04 2.2345053703e+04 1.5707963268e+00 -1.6970058330e+00
1.5032881887e-04 2.2361431687e+04 1.5707963268e+00 -1.6984310389e+00
1.5049279303e-04 2.2377828037e+04 1.5707963268e+00 -1.6998541556e+00
1.5065668814e-04 2.2394242731e+04 1.5707963268e+00 -1.7012751854e+00
1.5082050431e-04 2.2410675750e+04 1.5707963268e+00 -1.7026941304e+00
1.5098424164e-04 2.2427127072e+04 1.5707963268e+00 -1.7041109930e+00
1.5114790024e-04 2.2443596677e+04 1.5707963268e+00 -1.7055257753e+00
1.5131148021e-04 2.2460084544e+04 1.5707963268e+00 -1.7069384798e+00
1.5147498166e-04 2.2476590652e+04 1.5707963268e+00 -1.7083491086e+00
1.5163840468e-04 2.2493114981e+04 1.5707963268e+00 -1.7097576640e+00
1.5180174938e-04 2.2509657509e+04 1.5707963268e+00 -1.7111641484e+00
1.5196501587e-04 2.2526218216e+04 1.5707963268e+00 -1.7125685639e+00
1.5212820425e-04 2.2542797082e+04 1.5707963268e+00 -1.7139709130e+00
1.5229131462e-04 2.2559394085e+04 1.5707963268e+00 -1.7153711978e+00
1.5245434709e-04 2.2576009204e+04 1.5707963268e+00 -1.7167694208e+00
1.5261730175e-04 2.2592642419e+04 1.5707963268e+00 -1.7181655842e+00
1.5278017873e-04 2.2609293709e+04 1.5707963268e+00 -1.7195596902e+00
1.5294297811e-04 2.2625963052e+04 1.5707963268e+00 -1.7209517413e+00
1.5310570000e-04 2.2642650428e+04 1.5707963268e+00 -1.7223417397e+00
1.5326834452e-04 2.2659355817e+04 1.5707963268e+00 -1.7237296878e+00
1.5343091175e-04 2.2676079196e+04 1.5707963268e+00 -1.7251155879e+00
1.5359340181e-04 2.2692820545e+04 1.5707963268e+00 -1.7264994423e+00
1.5375581480e-04 2.2709579844e+04 1.5707963268e+00 -1.7278812534e+00
1.5391815082e-04 2.2726357070e+04 1.5707963268e+00 -1.7292610234e+00
1.5408040999e-04 2.2743152203e+04 1.5707963268e+00 -1.7306387548e+00
1.5424259239e-04 2.2759965223e+04 1.5707963268e+00 -1.7320144498e+00
1.5440469814e-04 2.2776796107e+04 1.5707963268e+00 -1.7333881108e+00
1.5456672734e-04 2.2793644836e+04 1.5707963268e+00 -1.7347597402e+00
1.5472868010e-04 2.2810511387e+04 1.5707963268e+00 -1.7361293404e+00
1.5489055651e-04 2.2827395740e+04 1.5707963268e+00 -1.7374969136e+00
1.5505235669e-04 2.2844297873e+04 1.5707963268e+00 -1.7388624623e+00
1.5521408074e-04 2.2861217766e+04 1.5707963268e+00 -1.7402259887e+00
1.5537572876e-04 2.2878155397e+04 1.5707963268e+00 -1.7415874954e+00
1.5553730086e-04 2.2895110746e+04 1.5707963268e+00 -1.7429469846e+00
1.5569879713e-04 2.2912083790e+04 1.5707963268e+00 -1.7443044587e+00
1.5586021769e-04 2.2929074510e+04 1.5707963268e+00 -1.7456599201e+00
1.5602156264e-04 2.2946082883e+04 1.5707963268e+00 -1.7470133712e+00
1.5618283209e-04 2.2963108889e+04 1.5707963268e+00 -1.7483648144e+00
1.5634402613e-04 2.2980152505e+04 1.5707963268e+00 -1.7497142520e+00
1.5650514488e-04 2.2997213712e+04 1.5707963268e+00 -1.7510616865e+00
1.5666618843e-04 2.3014292488e+04 1.5707963268e+00 -1.7524071203e+00
1.5682715689e-04 2.3031388811e+04 1.5707963268e+00 -1.7537505556e+00
1.5698805037e-04 2.3048502661e+04 1.5707963268e+00 -1.7550919950e+00
1.5714886897e-04 2.3065634015e+04 1.5707963268e+00 -1.7564314409e+00
1.5730961279e-04 2.3082782853e+04 1.5707963268e+00 -1.7577688956e+00
1.5747028194e-04 2.3099949154e+04 1.5707963268e+00 -1.7591043615e+00
1.5763087652e-04 2.3117132896e+04 1.5707963268e+00 -1.7604378411e+00
1.5779139664e-04 2.3134334057e+04 1.5707963268e+00 -1.7617693368e+00
1.5795184240e-04 2.3151552617e+04 1.5707963268e+00 -1.7630988511e+00
1.5811221391e-04 2.3168788554e+04 1.5707963268e+00 -1.7644263862e+00
1.5827251126e-04 2.3186041847e+04 1.5707963268e+00 -1.7657519447e+00
1.5843273457e-04 2.3203312474e+04 1.5707963268e+00 -1.7670755289e+00
1.5859288393e-04 2.3220600414e+04 1.5707963268e+00 -1.7683971414e+00
1.5875295946e-04 2.3237905646e+04 1.5707963268e+00 -1.7697167844e+00
1.5891296125e-04 2.3255228148e+04 1.5707963268e+00 -1.7710344606e+00
1.5907288942e-04 2.3272567899e+04 1.5707963268e+00 -1.7723501722e+00
1.5923274406e-04 2.3289924878e+04 1.5707963268e+00 -1.7736639218e+00
1.5939252527e-04 2.3307299062e+04 1.5707963268e+00 -1.7749757118e+00
1.5955223317e-04 2.3324690432e+04 1.5707963268e+00 -1.7762855445e+00
1.5971186786e-04 2.3342098964e+04 1.5707963268e+00 -1.7775934226e+00
1.5987142944e-04 2.3359524638e+04 1.5707963268e+00 -1.7788993483e+00
1.6003091801e-04 2.3376967432e+04 1.5707963268e+00 -1.7802033242e+00
1.6019033368e-04 2.3394427325e+04 1.5707963268e+00 -1.7815053528e+00
1.6034967655e-04 2.3411904296e+04 1.5707963268e+00 -1.7828054364e+00
1.6050894673e-04 2.3429398322e+04 1.5707963268e+00 -1.7841035775e+00
1.6066814432e-04 2.3446909383e+04 1.5707963268e+00 -1.7853997786e+00
1.6082726942e-04 2.3464437457e+04 1.5707963268e+00 -1.7866940422e+00
1.6098632214e-04 2.3481982522e+04 1.5707963268e+00 -1.7879863707e+00
1.6114530259e-04 2.3499544557e+04 1.5707963268e+00 -1.7892767665e+00
1.6130421086e-04 2.3517123541e+04 1.5707963268e+00 -1.7905652322e+00
1.6146304705e-04 2.3534719452e+04 1.5707963268e+00 -1.7918517702e+00
1.6162181129e-04 2.3552332268e+04 1.5707963268e+00 -1.7931363830e+00
1.6178050365e-04 2.3569961968e+04 1.5707963268e+00 -1.7944190730e+00
1.6193912426e-04 2.3587608530e+04 1.5707963268e+00 -1.7956998428e+00
1.6209767322e-04 2.3605271933e+04 1.5707963268e+00 -1.7969786947e+00
1.6225615062e-04 2.3622952155e+04 1.5707963268e+00 -1.7982556314e+00
1.6241455657e-04 2.3640649175e+04 1.5707963268e+00 -1.7995306552e+00
1.6257289117e-04 2.3658362972e+04 1.5707963268e+00 -1.8008037687e+00
1.6273115454e-04 2.3676093523e+04 1.5707963268e+00 -1.8020749742e+00
1.6288934676e-04 2.3693840807e+04 1.5707963268e+00 -1.8033442744e+00
1.6304746795e-04 2.3711604803e+04 1.5707963268e+00 -1.8046116717e+00
1.6320551821e-04 2.3729385488e+04 1.5707963268e+00 -1.8058771686e+00
1.6336349763e-04 2.3747182842e+04 1.5707963268e+00 -1.8071407676e+00
1.6352140634e-04 2.3764996843e+04 1.5707963268e+00 -1.8084024711e+00
1.6367924442e-04 2.3782827470e+04 1.5707963268e+00 -1.8096622817e+00
1.6383701198e-04 2.3800674700e+04 1.5707963268e+00 -1.8109202018e+00
1.6399470912e-04 2.3818538512e+04 1.5707963268e+00 -1.8121762340e+00
1.6415233595e-04 2.3836418884e+04 1.5707963268e+00 -1.8134303808e+00
1.6430989257e-04 2.3854315796e+04 1.5707963268e+00 -1.8146826445e+00
1.6446737909e-04 2.3872229225e+04 1.5707963268e+00 -1.8159330279e+00
1.6462479559e-04 2.3890159149e+04 1.5707963268e+00 -1.8171815332e+00
1.6478214220e-04 2.3908105548e+04 1.5707963268e+00 -1.8184281632e+00
1.6493941901e-04 2.3926068400e+04 1.5707963268e+00 -1.8196729201e+00
1.6509662612e-04 2.3944047682e+04 1.5707963268e+00 -1.8209158067e+00
1.6525376364e-04 2.3962043374e+04 1.5707963268e+00 -1.8221568253e+00
1.6541083166e-04 2.3980055454e+04 1.5707963268e+00 -1.8233959784e+00
1.6556783030e-04 2.3998083900e+04 1.5707963268e+00 -1.8246332687e+00
1.6572475965e-04 2.4016128690e+04 1.5707963268e+00 -1.8258686985e+00
1.6588161982e-04 2.4034189804e+04 1.5707963268e+00 -1.8271022704e+00
1.6603841091e-04 2.4052267219e+04 1.5707963268e+00 -1.8283339869e+00
1.6619513301e-04 2.4070360913e+04 1.5707963268e+00 -1.8295638506e+00
1.6635178624e-04 2.4088470866e+04 1.5707963268e+00 -1.8307918639e+00
1.6650837070e-04 2.4106597056e+04 1.5707963268e+00 -1.8320180293e+00
1.6666488648e-04 2.4124739461e+04 1.5707963268e+00 -1.8332423494e+00
1.6682133370e-04 2.4142898059e+04 1.5707963268e+00 -1.8344648266e+00
1.6697771244e-04 2.4161072828e+04 1.5707963268e+00 -1.8356854636e+00
1.6713402282e-04 2.4179263748e+04 1.5707963268e+00 -1.8369042627e+00
1.6729026493e-04 2.4197470797e+04 1.5707963268e+00 -1.8381212266e+00
1.6744643888e-04 2.4215693953e+04 1.5707963268e+00 -1.8393363578e+00
1.6760254477e-04 2.4233933194e+04 1.5707963268e+00 -1.8405496587e+00
1.6775858270e-04 2.4252188499e+04 1.5707963268e+00 -1.8417611318e+00
1.6791455277e-04 2.4270459846e+04 1.5707963268e+00 -1.8429707798e+00
1.6807045508e-04 2.4288747214e+04 1.5707963268e+00 -1.8441786052e+00
1.6822628974e-04 2.4307050581e+04 1.5707963268e+00 -1.8453846103e+00
1.6838205684e-04 2.4325369925e+04 1.5707963268e+00 -1.8465887979e+00
1.6853775650e-04 2.4343705225e+04 1.5707963268e+00 -1.8477911703e+00
1.6869338880e-04 2.4362056460e+04 1.5707963268e+00 -1.8489917302e+00
1.6884895385e-04 2.4380423607e+04 1.5707963268e+00 -1.8501904799e+00
1.6900445175e-04 2.4398806645e+04 1.5707963268e+00 -1.8513874222e+00
1.6915988260e-04 2.4417205553e+04 1.5707963268e+00 -1.8525825595e+00
1.6931524651e-04 2.4435620309e+04 1.5707963268e+00 -1.8537758942e+00
1.6947054357e-04 2.4454050892e+04 1.5707963268e+00 -1.8549674290e+00
1.6962577389e-04 2.4472497279e+04 1.5707963268e+00 -1.8561571664e+00
1.6978093756e-04 2.4490959450e+04 1.5707963268e+00 -1.8573451089e+00
1.6993603469e-04 2.4509437382e+04 1.5707963268e+00 -1.8585312590e+00
1.7009106537e-04 2.4527931055e+04 1.5707963268e+00 -1.8597156192e+00
1.7024602971e-04 2.4546440446e+04 1.5707963268e+00 -1.8608981922e+00
1.7040092781e-04 2.4564965534e+04 1.5707963268e+00 -1.8620789803e+00
1.7055575976e-04 2.4583506298e+04 1.5707963268e+00 -1.8632579861e+00
1.7071052568e-04 2.4602062716e+04 1.5707963268e+00 -1.8644352122e+00
1.7086522565e-04 2.4620634766e+04 1.5707963268e+00 -1.8656106611e+00
1.7101985978e-04 2.4639222428e+04 1.5707963268e+00 -1.8667843353e+00
1.7117442817e-04 2.4657825679e+04 1.5707963268e+00 -1.8679562374e+00
1.7132893091e-04 2.4676444498e+04 1.5707963268e+00 -1.8691263698e+00
1.7148336812e-04 2.4695078863e+04 1.5707963268e+00 -1.8702947351e+00
1.7163773988e-04 2.4713728753e+04 1.5707963268e+00 -1.8714613358e+00
1.7179204630e-04 2.4732394147e+04 1.5707963268e+00 -1.8726261745e+00
1.7194628748e-04 2.4751075022e+04 1.5707963268e+00 -1.8737892536e+00
1.7210046351e-04 2.4769771358e+04 1.5707963268e+00 -1.8749505758e+00
1.7225457450e-04 2.4788483133e+04 1.5707963268e+00 -1.8761101435e+00
1.7240862054e-04 2.4807210326e+04 1.5707963268e+00 -1.8772679592e+00
1.7256260174e-04 2.4825952914e+04 1.5707963268e+00 -1.8784240256e+00
1.7271651819e-04 2.4844710877e+04 1.5707963268e+00 -1.8795783450e+00
1.7287036999e-04 2.4863484193e+04 1.5707963268e+00 -1.8807309201e+00
1.7302415725e-04 2.4882272841e+04 1.5707963268e+00 -1.8818817534e+00
1.7317788006e-04 2.4901076799e+04 1.5707963268e+00 -1.8830308474e+00
1.7333153851e-04 2.4919896046e+04 1.5707963268e+00 -1.8841782045e+00
1.7348513272e-04 2.4938730560e+04 1.5707963268e+00 -1.8853238275e+00
1.7363866277e-04 2.4957580320e+04 1.5707963268e+00 -1.8864677187e+00
1.7379212876e-04 2.4976445305e+04 1.5707963268e+00 -1.8876098807e+00
1.7394553080e-04 2.4995325492e+04 1.5707963268e+00 -1.8887503160e+00
1.7409886898e-04 2.5014220862e+04 1.5707963268e+00 -1.8898890271e+00
1.7425214340e-04 2.5033131391e+04 1.5707963268e+00 -1.8910260167e+00
1.7440535416e-04 2.5052057060e+04 1.5707963268e+00 -1.8921612871e+00
1.7455850136e-04 2.5070997846e+04 1.5707963268e+00 -1.8932948409e+00
1.7471158509e-04 2.5089953729e+04 1.5707963268e+00 -1.8944266807e+00
1.7486460545e-04 2.5108924686e+04 1.5707963268e+00 -1.8955568089e+00
1.7501756254e-04 2.5127910697e+04 1.5707963268e+00 -1.8966852281e+00
1.7517045646e-04 2.5146911740e+04 1.5707963268e+00 -1.8978119408e+00
1.7532328731e-04 2.5165927793e+04 1.5707963268e+00 -1.8989369496e+00
1.7547605518e-04 2.5184958836e+04 1.5707963268e+00 -1.9000602568e+00
1.7562876016e-04 2.5204004848e+04 1.5707963268e+00 -1.9011818652e+00
1.7578140237e-04 2.5223065806e+04 1.5707963268e+00 -1.9023017771e+00
1.7593398189e-04 2.5242141690e+04 1.5707963268e+00 -1.9034199951e+00
1.7608649882e-04 2.5261232478e+04 1.5707963268e+00 -1.9045365217e+00
1.7623895326e-04 2.5280338150e+04 1.5707963268e+00 -1.9056513594e+00
1.7639134531e-04 2.5299458683e+04 1.5707963268e+00 -1.9067645108e+00
1.7654367506e-04 2.5318594056e+04 1.5707963268e+00 -1.9078759784e+00
1.7669594260e-04 2.5337744249e+04 1.5707963268e+00 -1.9089857646e+00
1.7684814805e-04 2.5356909240e+04 1.5707963268e+00 -1.9100938720e+00
1.7700029148e-04 2.5376089008e+04 1.5707963268e+00 -1.9112003031e+00
1.7715237301e-04 2.5395283531e+04 1.5707963268e+00 -1.9123050604e+00
1.7730439272e-04 2.5414492789e+04 1.5707963268e+00 -1.9134081464e+00
1.7745635071e-04 2.5433716760e+04 1.5707963268e+00 -1.9145095637e+00
1.7760824708e-04 2.5452955423e+04 1.5707963268e+00 -1.9156093147e+00
1.7776008192e-04 2.5472208756e+04 1.5707963268e+00 -1.9167074019e+00
1.7791185533e-04 2.5491476740e+04 1.5707963268e+00 -1.9178038279e+00
1.7806356741e-04 2.5510759352e+04 1.5707963268e+00 -1.9188985952e+00
1.7821521824e-04 2.5530056571e+04 1.5707963268e+00 -1.9199917062e+00
1.7836680794e-04 2.5549368377e+04 1.5707963268e+00 -1.9210831634e+00
1.7851833658e-04 2.5568694748e+04 1.5707963268e+00 -1.9221729695e+00
1.7866980427e-04 2.5588035663e+04 1.5707963268e+00 -1.9232611268e+00
1.7882121110e-04 2.5607391101e+04 1.5707963268e+00 -1.9243476379e+00
1.7897255718e-04 2.5626761041e+04 1.5707963268e+00 -1.9254325052e+00
1.7912384258e-04 2.5646145462e+04 1.5707963268e+00 -1.9265157314e+00
1.7927506741e-04 2.5665544342e+04 1.5707963268e+00 -1.9275973188e+00
1.7942623177e-04 2.5684957662e+04 1.5707963268e+00 -1.9286772699e+00
1.7957733574e-04 2.5704385399e+04 1.5707963268e+00 -1.9297555873e+00
1.7972837942e-04 2.5723827532e+04 1.5707963268e+00 -1.9308322735e+00
1.7987936291e-04 2.5743284042e+04 1.5707963268e+00 -1.9319073309e+00
1.8003028630e-04 2.5762754906e+04 1.5707963268e+00 -1.9329807621e+00
1.8018114968e-04 2.5782240104e+04 1.5707963268e+00 -1.9340525694e+00
1.8033195316e-04 2.5801739614e+04 1.5707963268e+00 -1.9351227555e+00
1.8048269681e-04 2.5821253417e+04 1.5707963268e+00 -1.9361913228e+00
1.8063338075e-04 2.5840781490e+04 1.5707963268e+00 -1.9372582738e+00
1.8078400505e-04 2.5860323813e+04 1.5707963268e+00 -1.9383236109e+00
1.8093456982e-04 2.5879880365e+04 1.5707963268e+00 -1.9393873368e+00
1.8108507515e-04 2.5899451126e+04 1.5707963268e+00 -1.9404494537e+00
1.8123552114e-04 2.5919036073e+04 1.5707963268e+00 -1.9415099643e+00
1.8138590786e-04 2.5938635187e+04 1.5707963268e+00 -1.9425688710e+00
1.8153623543e-04 2.5958248447e+04 1.5707963268e+00 -1.9436261762e+00
1.8168650393e-04 2.5977875831e+04 1.5707963268e+00 -1.9446818825e+00
1.8183671345e-04 2.5997517319e+04 1.5707963268e+00 -1.9457359924e+00
1.8198686409e-04 2.6017172890e+04 1.5707963268e+00 -1.9467885082e+00
1.8213695594e-04 2.6036842523e+04 1.5707963268e+00 -1.9478394326e+00
1.8228698910e-04 2.6056526197e+04 1.5707963268e+00 -1.9488887679e+00
1.8243696365e-04 2.6076223893e+04 1.5707963268e+00 -1.9499365166e+00
1.8258687969e-04 2.6095935588e+04 1.5707963268e+00 -1.9509826812e+00
1.8273673732e-04 2.6115661262e+04 1.5707963268e+00 -1.9520272641e+00
1.8288653661e-04 2.6135400895e+04 1.5707963268e+00 -1.9530702679e+00
1.8303627768e-04 2.6155154466e+04 1.5707963268e+00 -1.9541116949e+00
1.8318596060e-04 2.6174921953e+04 1.5707963268e+00 -1.9551515477e+00
1.8333558547e-04 2.6194703337e+04 1.5707963268e+00 -1.9561898287e+00
1.8348515238e-04 2.6214498596e+04 1.5707963268e+00 -1.9572265404e+00
1.8363466142e-04 2.6234307711e+04 1.5707963268e+00 -1.9582616851e+00
1.8378411270e-04 2.6254130660e+04 1.5707963268e+00 -1.9592952655e+00
1.8393350628e-04 2.6273967422e+04 1.5707963268e+00 -1.9603272839e+00
1.8408284228e-04 2.6293817978e+04 1.5707963268e+00 -1.9613577427e+00
1.8423212078e-04 2.6313682306e+04 1.5707963268e+00 -1.9623866445e+00
1.8438134186e-04 2.6333560387e+04 1.5707963268e+00 -1.9634139917e+00
1.8453050563e-04 2.6353452198e+04 1.5707963268e+00 -1.9644397867e+00
1.8467961217e-04 2.6373357721e+04 1.5707963268e+00 -1.9654640320e+00
1.8482866157e-04 2.6393276933e+04 1.5707963268e+00 -1.9664867300e+00
1.8497765393e-04 2.6413209816e+04 1.5707963268e+00 -1.9675078831e+00
1.8512658933e-04 2.6433156348e+04 1.5707963268e+00 -1.9685274939e+00
1.8527546787e-04 2.6453116509e+04 1.5707963268e+00 -1.9695455646e+00
1.8542428963e-04 2.6473090278e+04 1.5707963268e+00 -1.9705620979e+00
1.8557305471e-04 2.6493077635e+04 1.5707963268e+00 -1.9715770961e+00
1.8572176319e-04 2.6513078559e+04 1.5707963268e+00 -1.9725905616e+00
1.8587041517e-04 2.6533093031e+04 1.5707963268e+00 -1.9736024968e+00
1.8601901074e-04 2.6553121029e+04 1.5707963268e+00 -1.9746129043e+00
1.8616754998e-04 2.6573162534e+04 1.5707963268e+00 -1.9756217864e+00
1.8631603299e-04 2.6593217525e+04 1.5707963268e+00 -1.9766291456e+00
1.8646445985e-04 2.6613285981e+04 1.5707963268e+00 -1.9776349842e+00
1.8661283065e-04 2.6633367882e+04 1.5707963268e+00 -1.9786393047e+00
1.8676114549e-04 2.6653463208e+04 1.5707963268e+00 -1.9796421095e+00
1.8690940445e-04 2.6673571939e+04 1.5707963268e+00 -1.9806434011e+00
1.8705760762e-04 2.6693694055e+04 1.5707963268e+00 -1.9816431818e+00
1.8720575509e-04 2.6713829534e+04 1.5707963268e+00 -1.9826414541e+00
1.8735384695e-04 2.6733978357e+04 1.5707963268e+00 -1.9836382204e+00
1.8750188329e-04 2.6754140504e+04 1.5707963268e+00 -1.9846334830e+00
1.8764986420e-04 2.6774315955e+04 1.5707963268e+00 -1.9856272444e+00
1.8779778976e-04 2.6794504688e+04 1.5707963268e+00 -1.9866195071e+00
1.8794566006e-04 2.6814706685e+04 1.5707963268e+00 -1.9876102733e+00
1.8809347520e-04 2.6834921924e+04 1.5707963268e+00 -1.9885995455e+00
1.8824123525e-04 2.6855150387e+04 1.5707963268e+00 -1.9895873262e+00
1.8838894031e-04 2.6875392051e+04 1.5707963268e+00 -1.9905736176e+00
1.8853659047e-04 2.6895646899e+04 1.5707963268e+00 -1.9915584222e+00
1.8868418581e-04 2.6915914909e+04 1.5707963268e+00 -1.9925417425e+00
1.8883172642e-04 2.6936196061e+04 1.5707963268e+00 -1.9935235807e+00
1.8897921239e-04 2.6956490336e+04 1.5707963268e+00 -1.9945039392e+00
1.8912664380e-04 2.6976797713e+04 1.5707963268e+00 -1.9954828206e+00
1.8927402075e-04 2.6997118172e+04 1.5707963268e+00 -1.9964602270e+00
1.8942134332e-04 2.7017451693e+04 1.5707963268e+00 -1.9974361610e+00
1.8956861159e-04 2.7037798257e+04 1.5707963268e+00 -1.9984106249e+00
1.8971582566e-04 2.7058157843e+04 1.5707963268e+00 -1.9993836211e+00
1.8986298561e-04 2.7078530432e+04 1.5707963268e+00 -2.0003551519e+00
1.9001009152e-04 2.7098916003e+04 1.5707963268e+00 -2.0013252198e+00
1.9015714349e-04 2.7119314537e+04 1.5707963268e+00 -2.0022938271e+00
1.9030414160e-04 2.7139726014e+04 1.5707963268e+00 -2.0032609761e+00
1.9045108594e-04 2.7160150413e+04 1.5707963268e+00 -2.0042266693e+00
1.9059797658e-04 2.7180587715e+04 1.5707963268e+00 -2.0051909090e+00
1.9074481363e-04 2.7201037901e+04 1.5707963268e+00 -2.0061536976e+00
1.9089159716e-04 2.7221500950e+04 1.5707963268e+00 -2.0071150374e+00
1.9103832726e-04 2.7241976843e+04 1.5707963268e+00 -2.0080749308e+00
1.9118500401e-04 2.7262465559e+04 1.5707963268e+00 -2.0090333801e+00
1.9133162751e-04 2.7282967080e+04 1.5707963268e+00 -2.0099903877e+00
1.9147819784e-04 2.7303481385e+04 1.5707963268e+00 -2.0109459560e+00
1.9162471507e-04 2.7324008455e+04 1.5707963268e+00 -2.0119000873e+00
1.9177117930e-04 2.7344548269e+04 1.5707963268e+00 -2.0128527839e+00
1.9191759062e-04 2.7365100809e+04 1.5707963268e+00 -2.0138040482e+00
1.9206394910e-04 2.7385666055e+04 1.5707963268e+00 -2.0147538826e+00
1.9221025483e-04 2.7406243987e+04 1.5707963268e+00 -2.0157022893e+00
1.9235650790e-04 2.7426834585e+04 1.5707963268e+00 -2.0166492707e+00
1.9250270840e-04 2.7447437830e+04 1.5707963268e+00 -2.0175948292e+00
1.9264885639e-04 2.7468053702e+04 1.5707963268e+00 -2.0185389671e+00
1.9279495198e-04 2.7488682182e+04 1.5707963268e+00 -2.0194816866e+00
1.9294099524e-04 2.7509323250e+04 1.5707963268e+00 -2.0204229902e+00
1.9308698626e-04 2.7529976887e+04 1.5707963268e+00 -2.0213628802e+00
1.9323292512e-04 2.7550643073e+04 1.5707963268e+00 -2.0223013589e+00
1.9337881190e-04 2.7571321789e+04 1.5707963268e+00 -2.0232384285e+00
1.9352464670e-04 2.7592013015e+04 1.5707963268e+00 -2.0241740915e+00
1.9367042958e-04 2.7612716732e+04 1.5707963268e+00 -2.0251083501e+00
1.9381616065e-04 2.7633432920e+04 1.5707963268e+00 -2.0260412067e+00
1.9396183997e-04 2.7654161561e+04 1.5707963268e+00 -2.0269726635e+00
1.9410746764e-04 2.7674902634e+04 1.5707963268e+00 -2.0279027230e+00
1.9425304373e-04 2.7695656120e+04 1.5707963268e+00 -2.0288313873e+00
1.9439856833e-04 2.7716422000e+04 1.5707963268e+00 -2.0297586588e+00
1.9454404152e-04 2.7737200255e+04 1.5707963268e+00 -2.0306845397e+00
1.9468946339e-04 2.7757990866e+04 1.5707963268e+00 -2.0316090325e+00
1.9483483401e-04 2.7778793813e+04 1.5707963268e+00 -2.0325321393e+00
1.9498015348e-04 2.7799609076e+04 1.5707963268e+00 -2.0334538625e+00
1.9512542186e-04 2.7820436638e+04 1.5707963268e+00 -2.0343742044e+00
1.9527063925e-04 2.7841276477e+04 1.5707963268e+00 -2.0352931672e+00
1.9541580572e-04 2.7862128576e+04 1.5707963268e+00 -2.0362107533e+00
1.9556092136e-04 2.7882992916e+04 1.5707963268e+00 -2.0371269649e+00
1.9570598625e-04 2.7903869476e+04 1.5707963268e+00 -2.0380418043e+00
1.9585100048e-04 2.7924758238e+04 1.5707963268e+00 -2.0389552738e+00
1.9599596411e-04 2.7945659183e+04 1.5707963268e+00 -2.0398673756e+00
1.9614087724e-04 2.7966572291e+04 1.5707963268e+00 -2.0407781121e+00
1.9628573994e-04 2.7987497545e+04 1.5707963268e+00 -2.0416874854e+00
1.9643055230e-04 2.8008434924e+04 1.5707963268e+00 -2.0425954980e+00
1.9657531440e-04 2.8029384409e+04 1.5707963268e+00 -2.0435021519e+00
1.9672002632e-04 2.8050345982e+04 1.5707963268e+00 -2.0444074496e+00
1.9686468814e-04 2.8071319624e+04 1.5707963268e+00 -2.0453113932e+00
1.9700929993e-04 2.8092305315e+04 1.5707963268e+00 -2.0462139851e+00
1.9715386179e-04 2.8113303038e+04 1.5707963268e+00 -2.0471152274e+00
1.9729837379e-04 2.8134312772e+04 1.5707963268e+00 -2.0480151225e+00
1.9744283601e-04 2.8155334499e+04 1.5707963268e+00 -2.0489136725e+00
1.9758724853e-04 2.8176368200e+04 1.5707963268e+00 -2.0498108797e+00
1.9773161143e-04 2.8197413857e+04 1.5707963268e+00 -2.0507067464e+00
1.9787592480e-04 2.8218471450e+04 1.5707963268e+00 -2.0516012749e+00
1.9802018870e-04 2.8239540961e+04 1.5707963268e+00 -2.0524944672e+00
1.9816440323e-04 2.8260622370e+04 1.5707963268e+00 -2.0533863258e+00
1.9830856846e-04 2.8281715660e+04 1.5707963268e+00 -2.0542768527e+00
1.9845268446e-04 2.8302820811e+04 1.5707963268e+00 -2.0551660504e+00
1.9859675133e-04 2.8323937805e+04 1.5707963268e+00 -2.0560539209e+00
1.9874076914e-04 2.8345066623e+04 1.5707963268e+00 -2.0569404665e+00
1.9888473796e-04 2.8366207246e+04 1.5707963268e+00 -2.0578256894e+00
1.9902865788e-04 2.8387359656e+04 1.5707963268e+00 -2.0587095918e+00
1.9917252897e-04 2.8408523834e+04 1.5707963268e+00 -2.0595921761e+00
1.9931635132e-04 2.8429699762e+04 1.5707963268e+00 -2.0604734443e+00
1.9946012500e-04 2.8450887420e+04 1.5707963268e+00 -2.0613533987e+00
1.9960385010e-04 2.8472086791e+04 1.5707963268e+00 -2.0622320415e+00
1.9974752668e-04 2.8493297856e+04 1.5707963268e+00 -2.0631093749e+00
1.9989115483e-04 2.8514520596e+04 1.5707963268e+00 -2.0639854012e+00
2.0003473462e-04 2.8535754992e+04 1.5707963268e+00 -2.0648601224e+00
2.0017826614e-04 2.8557001028e+04 1.5707963268e+00 -2.0657335409e+00
2.0032174946e-04 2.8578258683e+04 1.5707963268e+00 -2.0666056587e+00
2.0046518466e-04 2.8599527939e+04 1.5707963268e+00 -2.0674764782e+00
2.0060857182e-04 2.8620808779e+04 1.5707963268e+00 -2.0683460014e+00
2.0075191101e-04 2.8642101183e+04 1.5707963268e+00 -2.0692142307e+00
2.0089520231e-04 2.8663405134e+04 1.5707963268e+00 -2.0700811681e+00
2.0103844580e-04 2.8684720613e+04 1.5707963268e+00 -2.0709468158e+00
2.0118164155e-04 2.8706047601e+04 1.5707963268e+00 -2.0718111761e+00
2.0132478965e-04 2.8727386081e+04 1.5707963268e+00 -2.0726742511e+00
2.0146789017e-04 2.8748736034e+04 1.5707963268e+00 -2.0735360429e+00
2.0161094318e-04 2.8770097442e+04 1.5707963268e+00 -2.0743965538e+00
2.0175394876e-04 2.8791470287e+04 1.5707963268e+00 -2.0752557860e+00
2.0189690700e-04 2.8812854550e+04 1.5707963268e+00 -2.0761137415e+00
2.0203981796e-04 2.8834250214e+04 1.5707963268e+00 -2.0769704225e+00
2.0218268172e-04 2.8855657260e+04 1.5707963268e+00 -2.0778258312e+00
2.0232549836e-04 2.8877075670e+04 1.5707963268e+00 -2.0786799698e+00
2.0246826795e-04 2.8898505425e+04 1.5707963268e+00 -2.0795328405e+00
2.0261099057e-04 2.8919946509e+04 1.5707963268e+00 -2.0803844452e+00
2.0275366630e-04 2.8941398903e+04 1.5707963268e+00 -2.0812347863e+00
2.0289629521e-04 2.8962862588e+04 1.5707963268e+00 -2.0820838659e+00
2.0303887737e-04 2.8984337547e+04 1.5707963268e+00 -2.0829316860e+00
2.0318141287e-04 2.9005823762e+04 1.5707963268e+00 -2.0837782489e+00
2.0332390177e-04 2.9027321214e+04 1.5707963268e+00 -2.0846235567e+00
2.0346634416e-04 2.9048829887e+04 1.5707963268e+00 -2.0854676115e+00
2.0360874010e-04 2.9070349761e+04 1.5707963268e+00 -2.0863104154e+00
2.0375108967e-04 2.9091880819e+04 1.5707963268e+00 -2.0871519706e+00
2.0389339295e-04 2.9113423044e+04 1.5707963268e+00 -2.0879922792e+00
2.0403565001e-04 2.9134976417e+04 1.5707963268e+00 -2.0888313433e+00
2.0417786092e-04 2.9156540920e+04 1.5707963268e+00 -2.0896691651e+00
2.0432002577e-04 2.9178116536e+04 1.5707963268e+00 -2.0905057466e+00
2.0446214461e-04 2.9199703247e+04 1.5707963268e+00 -2.0913410900e+00
2.0460421754e-04 2.9221301035e+04 1.5707963268e+00 -2.0921751974e+00
2.0474624462e-04 2.9242909882e+04 1.5707963268e+00 -2.0930080709e+00
2.0488822592e-04 2.9264529771e+04 1.5707963268e+00 -2.0938397125e+00
2.0503016153e-04 2.9286160684e+04 1.5707963268e+00 -2.0946701245e+00
2.0517205150e-04 2.9307802603e+04 1.5707963268e+00 -2.0954993089e+00
2.0531389592e-04 2.9329455511e+04 1.5707963268e+00 -2.0963272677e+00
2.0545569487e-04 2.9351119390e+04 1.5707963268e+00 -2.0971540032e+00
2.0559744840e-04 2.9372794222e+04 1.5707963268e+00 -2.0979795173e+00
2.0573915661e-04 2.9394479991e+04 1.5707963268e+00 -2.0988038122e+00
2.0588081955e-04 2.9416176677e+04 1.5707963268e+00 -2.0996268900e+00
2.0602243730e-04 2.9437884264e+04 1.5707963268e+00 -2.1004487527e+00
2.0616400994e-04 2.9459602735e+04 1.5707963268e+00 -2.1012694024e+00
2.0630553754e-04 2.9481332071e+04 1.5707963268e+00 -2.1020888412e+00
2.0644702016e-04 2.9503072256e+04 1.5707963268e+00 -2.1029070712e+00
2.0658845789e-04 2.9524823272e+04 1.5707963268e+00 -2.1037240944e+00
2.0672985080e-04 2.9546585101e+04 1.5707963268e+00 -2.1045399129e+00
2.0687119895e-04 2.9568357726e+04 1.5707963268e+00 -2.1053545288e+00
2.0701250241e-04 2.9590141130e+04 1.5707963268e+00 -2.1061679442e+00
2.0715376127e-04 2.9611935295e+04 1.5707963268e+00 -2.1069801610e+00
2.0729497560e-04 2.9633740204e+04 1.5707963268e+00 -2.1077911814e+00
2.0743614545e-04 2.9655555840e+04 1.5707963268e+00 -2.1086010073e+00
2.0757727091e-04 2.9677382186e+04 1.5707963268e+00 -2.1094096409e+00
2.0771835205e-04 2.9699219223e+04 1.5707963268e+00 -2.1102170843e+00
2.0785938894e-04 2.9721066936e+04 1.5707963268e+00 -2.1110233393e+00
2.0800038165e-04 2.9742925307e+04 1.5707963268e+00 -2.1118284082e+00
2.0814133024e-04 2.9764794318e+04 1.5707963268e+00 -2.1126322928e+00
2.0828223480e-04 2.9786673953e+04 1.5707963268e+00 -2.1134349954e+00
2.0842309539e-04 2.9808564194e+04 1.5707963268e+00 -2.1142365178e+00
2.0856391209e-04 2.9830465024e+04 1.5707963268e+00 -2.1150368621e+00
2.0870468495e-04 2.9852376426e+04 1.5707963268e+00 -2.1158360304e+00
2.0884541407e-04 2.9874298384e+04 1.5707963268e+00 -2.1166340247e+00
2.0898609949e-04 2.9896230880e+04 1.5707963268e+00 -2.1174308470e+00
2.0912674130e-04 2.9918173896e+04 1.5707963268e+00 -2.1182264992e+00
2.0926733956e-04 2.9940127417e+04 1.5707963268e+00 -2.1190209835e+00
2.0940789435e-04 2.9962091425e+04 1.5707963268e+00 -2.1198143019e+00
2.0954840574e-04 2.9984065903e+04 1.5707963268e+00 -2.1206064562e+00
2.0968887378e-04 3.0006050834e+04 1.5707963268e+00 -2.1213974487e+00
2.0982929857e-04 3.0028046201e+04 1.5707963268e+00 -2.1221872812e+00
2.0996968015e-04 3.0050051988e+04 1.5707963268e+00 -2.1229759557e+00
2.1011001861e-04 3.0072068178e+04 1.5707963268e+00 -2.1237634743e+00
2.1025031400e-04 3.0094094753e+04 1.5707963268e+00 -2.1245498390e+00
2.1039056641e-04 3.0116131697e+04 1.5707963268e+00 -2.1253350516e+00
2.1053077590e-04 3.0138178994e+04 1.5707963268e+00 -2.1261191144e+00
2.1067094254e-04 3.0160236626e+04 1.5707963268e+00 -2.1269020291e+00
2.1081106639e-04 3.0182304577e+04 1.5707963268e+00 -2.1276837978e+00
2.1095114754e-04 3.0204382829e+04 1.5707963268e+00 -2.1284644225e+00
2.1109118603e-04 3.0226471368e+04 1.5707963268e+00 -2.1292439052e+00
2.1123118195e-04 3.0248570174e+04 1.5707963268e+00 -2.1300222477e+00
2.1137113536e-04 3.0270679233e+04 1.5707963268e+00 -2.1307994522e+00
2.1151104633e-04 3.0292798527e+04 1.5707963268e+00 -2.1315755205e+00
2.1165091493e-04 3.0314928040e+04 1.5707963268e+00 -2.1323504547e+00
2.1179074122e-04 3.0337067756e+04 1.5707963268e+00 -2.1331242567e+00
2.1193052528e-04 3.0359217657e+04 1.5707963268e+00 -2.1338969283e+00
2.1207026716e-04 3.0381377727e+04 1.5707963268e+00 -2.1346684718e+00
2.1220996695e-04 3.0403547950e+04 1.5707963268e+00 -2.1354388888e+00
2.1234962470e-04 3.0425728309e+04 1.5707963268e+00 -2.1362081815e+00
2.1248924049e-04 3.0447918788e+04 1.5707963268e+00 -2.1369763517e+00
2.1262881437e-04 3.0470119371e+04 1.5707963268e+00 -2.1377434014e+00
2.1276834643e-04 3.0492330040e+04 1.5707963268e+00 -2.1385093326e+00
2.1290783671e-04 3.0514550780e+04 1.5707963268e+00 -2.1392741471e+00
2.1304728530e-04 3.0536781575e+04 1.5707963268e+00 -2.1400378469e+00
2.1318669226e-04 3.0559022407e+04 1.5707963268e+00 -2.1408004340e+00
2.1332605766e-04 3.0581273261e+04 1.5707963268e+00 -2.1415619102e+00
2.1346538155e-04 3.0603534120e+04 1.5707963268e+00 -2.1423222776e+00
2.1360466401e-04 3.0625804969e+04 1.5707963268e+00 -2.1430815380e+00
2.1374390511e-04 3.0648085790e+04 1.5707963268e+00 -2.1438396933e+00
2.1388310491e-04 3.0670376568e+04 1.5707963268e+00 -2.1445967454e+00
2.1402226347e-04 3.0692677286e+04 1.5707963268e+00 -2.1453526964e+00
2.1416138087e-04 3.0714987929e+04 1.5707963268e+00 -2.1461075480e+00
2.1430045716e-04 3.0737308480e+04 1.5707963268e+00 -2.1468613022e+00
2.1443949242e-04 3.0759638923e+04 1.5707963268e+00 -2.1476139609e+00
2.1457848670e-04 3.0781979242e+04 1.5707963268e+00 -2.1483655260e+00
2.1471744009e-04 3.0804329421e+04 1.5707963268e+00 -2.1491159994e+00
2.1485635263e-04 3.0826689444e+04 1.5707963268e+00 -2.1498653830e+00
2.1499522440e-04 3.0849059294e+04 1.5707963268e+00 -2.1506136786e+00
2.1513405546e-04 3.0871438957e+04 1.5707963268e+00 -2.1513608883e+00
2.1527284587e-04 3.0893828415e+04 1.5707963268e+00 -2.1521070138e+00
2.1541159571e-04 3.0916227653e+04 1.5707963268e+00 -2.1528520571e+00
2.1555030503e-04 3.0938636656e+04 1.5707963268e+00 -2.1535960200e+00
2.1568897390e-04 3.0961055406e+04 1.5707963268e+00 -2.1543389044e+00
2.1582760238e-04 3.0983483889e+04 1.5707963268e+00 -2.1550807121e+00
2.1596619055e-04 3.1005922088e+04 1.5707963268e+00 -2.1558214452e+00
2.1610473846e-04 3.1028369987e+04 1.5707963268e+00 -2.1565611053e+00
2.1624324617e-04 3.1050827572e+04 1.5707963268e+00 -2.1572996945e+00
2.1638171376e-04 3.1073294825e+04 1.5707963268e+00 -2.1580372145e+00
2.1652014128e-04 3.1095771731e+04 1.5707963268e+00 -2.1587736672e+00
2.1665852880e-04 3.1118258275e+04 1.5707963268e+00 -2.1595090545e+00
2.1679687639e-04 3.1140754441e+04 1.5707963268e+00 -2.1602433782e+00
2.1693518410e-04 3.1163260213e+04 1.5707963268e+00 -2.1609766402e+00
2.1707345201e-04 3.1185775575e+04 1.5707963268e+00 -2.1617088423e+00
2.1721168016e-04 3.1208300512e+04 1.5707963268e+00 -2.1624399864e+00
2.1734986864e-04 3.1230835009e+04 1.5707963268e+00 -2.1631700743e+00
2.1748801749e-04 3.1253379048e+04 1.5707963268e+00 -2.1638991079e+00
2.1762612679e-04 3.1275932616e+04 1.5707963268e+00 -2.1646270889e+00
2.1776419660e-04 3.1298495696e+04 1.5707963268e+00 -2.1653540193e+00
2.1790222697e-04 3.1321068274e+04 1.5707963268e+00 -2.1660799008e+00
2.1804021798e-04 3.1343650332e+04 1.5707963268e+00 -2.1668047354e+00
2.1817816968e-04 3.1366241857e+04 1.5707963268e+00 -2.1675285247e+00
2.1831608214e-04 3.1388842832e+04 1.5707963268e+00 -2.1682512706e+00
2.1845395541e-04 3.1411453242e+04 1.5707963268e+00 -2.1689729750e+00
2.1859178957e-04 3.1434073072e+04 1.5707963268e+00 -2.1696936397e+00
2.1872958468e-04 3.1456702306e+04 1.5707963268e+00 -2.1704132665e+00
2.1886734079e-04 3.1479340929e+04 1.5707963268e+00 -2.1711318571e+00
2.1900505797e-04 3.1501988926e+04 1.5707963268e+00 -2.1718494134e+00
2.1914273627e-04 3.1524646281e+04 1.5707963268e+00 -2.1725659373e+00
2.1928037577e-04 3.1547312979e+04 1.5707963268e+00 -2.1732814304e+00
2.1941797653e-04 3.1569989005e+04 1.5707963268e+00 -2.1739958946e+00
2.1955553860e-04 3.1592674344e+04 1.5707963268e+00 -2.1747093318e+00
2.1969306204e-04 3.1615368979e+04 1.5707963268e+00 -2.1754217436e+00
2.1983054692e-04 3.1638072897e+04 1.5707963268e+00 -2.1761331319e+00
2.1996799330e-04 3.1660786082e+04 1.5707963268e+00 -2.1768434984e+00
2.2010540124e-04 3.1683508519e+04 1.5707963268e+00 -2.1775528450e+00
2.2024277081e-04 3.1706240192e+04 1.5707963268e+00 -2.1782611735e+00
2.2038010205e-04 3.1728981087e+04 1.5707963268e+00 -2.1789684855e+00
2.2051739503e-04 3.1751731188e+04 1.5707963268e+00 -2.1796747829e+00
2.2065464982e-04 3.1774490481e+04 1.5707963268e+00 -2.1803800675e+00
2.2079186647e-04 3.1797258950e+04 1.5707963268e+00 -2.1810843409e+00
2.2092904505e-04 3.1820036581e+04 1.5707963268e+00 -2.1817876051e+00
2.2106618561e-04 3.1842823358e+04 1.5707963268e+00 -2.1824898617e+00
2.2120328821e-04 3.1865619267e+04 1.5707963268e+00 -2.1831911126e+00
2.2134035292e-04 3.1888424292e+04 1.5707963268e+00 -2.1838913593e+00
2.2147737980e-04 3.1911238419e+04 1.5707963268e+00 -2.1845906038e+00
2.2161436889e-04 3.1934061633e+04 1.5707963268e+00 -2.1852888478e+00
2.2175132028e-04 3.1956893918e+04 1.5707963268e+00 -2.1859860930e+00
2.2188823400e-04 3.1979735261e+04 1.5707963268e+00 -2.1866823412e+00
2.2202511013e-04 3.2002585646e+04 1.5707963268e+00 -2.1873775941e+00
2.2216194872e-04 3.2025445058e+04 1.5707963268e+00 -2.1880718534e+00
2.2229874984e-04 3.2048313483e+04 1.5707963268e+00 -2.1887651209e+00
2.2243551353e-04 3.2071190906e+04 1.5707963268e+00 -2.1894573983e+00
2.2257223987e-04 3.2094077312e+04 1.5707963268e+00 -2.1901486873e+00
2.2270892891e-04 3.2116972687e+04 1.5707963268e+00 -2.1908389898e+00
2.2284558070e-04 3.2139877016e+04 1.5707963268e+00 -2.1915283073e+00
2.2298219531e-04 3.2162790283e+04 1.5707963268e+00 -2.1922166417e+00
2.2311877280e-04 3.2185712476e+04 1.5707963268e+00 -2.1929039946e+00
2.2325531322e-04 3.2208643578e+04 1.5707963268e+00 -2.1935903677e+00
2.2339181663e-04 3.2231583576e+04 1.5707963268e+00 -2.1942757628e+00
2.2352828310e-04 3.2254532454e+04 1.5707963268e+00 -2.1949601816e+00
2.2366471267e-04 3.2277490199e+04 1.5707963268e+00 -2.1956436258e+00
2.2380110542e-04 3.2300456795e+04 1.5707963268e+00 -2.1963260971e+00
2.2393746139e-04 3.2323432229e+04 1.5707963268e+00 -2.1970075972e+00
2.2407378064e-04 3.2346416485e+04 1.5707963268e+00 -2.1976881278e+00
2.2421006323e-04 3.2369409550e+04 1.5707963268e+00 -2.1983676905e+00
2.2434630923e-04 3.2392411409e+04 1.5707963268e+00 -2.1990462872e+00
2.2448251868e-04 3.2415422047e+04 1.5707963268e+00 -2.1997239194e+00
2.2461869164e-04 3.2438441451e+04 1.5707963268e+00 -2.2004005889e+00
2.2475482818e-04 3.2461469605e+04 1.5707963268e+00 -2.2010762973e+00
2.2489092834e-04 3.2484506496e+04 1.5707963268e+00 -2.2017510463e+00
2.2502699219e-04 3.2507552109e+04 1.5707963268e+00 -2.2024248377e+00
2.2516301979e-04 3.2530606429e+04 1.5707963268e+00 -2.2030976730e+00
2.2529901118e-04 3.2553669444e+04 1.5707963268e+00 -2.2037695540e+00
2.2543496644e-04 3.2576741137e+04 1.5707963268e+00 -2.2044404823e+00
2.2557088560e-04 3.2599821496e+04 1.5707963268e+00 -2.2051104596e+00
2.2570676874e-04 3.2622910506e+04 1.5707963268e+00 -2.2057794875e+00
2.2584261591e-04 3.2646008153e+04 1.5707963268e+00 -2.2064475678e+00
2.2597842716e-04 3.2669114422e+04 1.5707963268e+00 -2.2071147020e+00
2.2611420255e-04 3.2692229300e+04 1.5707963268e+00 -2.2077808918e+00
2.2624994213e-04 3.2715352773e+04 1.5707963268e+00 -2.2084461390e+00
2.2638564597e-04 3.2738484825e+04 1.5707963268e+00 -2.2091104450e+00
2.2652131412e-04 3.2761625444e+04 1.5707963268e+00 -2.2097738117e+00
2.2665694663e-04 3.2784774615e+04 1.5707963268e+00 -2.2104362406e+00
2.2679254356e-04 3.2807932325e+04 1.5707963268e+00 -2.2110977333e+00
2.2692810497e-04 3.2831098559e+04 1.5707963268e+00 -2.2117582915e+00
2.2706363091e-04 3.2854273303e+04 1.5707963268e+00 -2.2124179169e+00
2.2719912144e-04 3.2877456543e+04 1.5707963268e+00 -2.2130766110e+00
2.2733457662e-04 3.2900648266e+04 1.5707963268e+00 -2.2137343756e+00
2.2746999649e-04 3.2923848458e+04 1.5707963268e+00 -2.2143912121e+00
2.2760538111e-04 3.2947057104e+04 1.5707963268e+00 -2.2150471224e+00
2.2774073054e-04 3.2970274191e+04 1.5707963268e+00 -2.2157021079e+00
2.2787604484e-04 3.2993499705e+04 1.5707963268e+00 -2.2163561702e+00
2.2801132405e-04 3.3016733632e+04 1.5707963268e+00 -2.2170093111e+00
2.2814656824e-04 3.3039975959e+04 1.5707963268e+00 -2.2176615321e+00
2.2828177746e-04 3.3063226671e+04 1.5707963268e+00 -2.2183128349e+00
2.2841695176e-04 3.3086485755e+04 1.5707963268e+00 -2.2189632210e+00
2.2855209120e-04 3.3109753198e+04 1.5707963268e+00 -2.2196126920e+00
2.2868719583e-04 3.3133028984e+04 1.5707963268e+00 -2.2202612495e+00
2.2882226570e-04 3.3156313102e+04 1.5707963268e+00 -2.2209088952e+00
2.2895730088e-04 3.3179605537e+04 1.5707963268e+00 -2.2215556307e+00
2.2909230141e-04 3.3202906276e+04 1.5707963268e+00 -2.2222014575e+00
2.2922726735e-04 3.3226215304e+04 1.5707963268e+00 -2.2228463772e+00
2.2936219875e-04 3.3249532609e+04 1.5707963268e+00 -2.2234903914e+00
2.2949709567e-04 3.3272858177e+04 1.5707963268e+00 -2.2241335017e+00
2.2963195816e-04 3.3296191994e+04 1.5707963268e+00 -2.2247757097e+00
2.2976678627e-04 3.3319534047e+04 1.5707963268e+00 -2.2254170169e+00
2.2990158006e-04 3.3342884322e+04 1.5707963268e+00 -2.2260574250e+00
2.3003633958e-04 3.3366242806e+04 1.5707963268e+00 -2.2266969354e+00
2.3017106489e-04 3.3389609485e+04 1.5707963268e+00 -2.2273355499e+00
2.3030575603e-04 3.3412984346e+04 1.5707963268e+00 -2.2279732699e+00
2.3044041307e-04 3.3436367376e+04 1.5707963268e+00 -2.2286100970e+00
2.3057503604e-04 3.3459758561e+04 1.5707963268e+00 -2.2292460328e+00
2.3070962502e-04 3.3483157888e+04 1.5707963268e+00 -2.2298810788e+00
2.3084418004e-04 3.3506565343e+04 1.5707963268e+00 -2.2305152366e+00
2.3097870117e-04 3.3529980914e+04 1.5707963268e+00 -2.2311485077e+00
2.3111318845e-04 3.3553404586e+04 1.5707963268e+00 -2.2317808938e+00
2.3124764193e-04 3.3576836347e+04 1.5707963268e+00 -2.2324123963e+00
2.3138206168e-04 3.3600276183e+04 1.5707963268e+00 -2.2330430168e+00
2.3151644774e-04 3.3623724082e+04 1.5707963268e+00 -2.2336727568e+00
2.3165080017e-04 3.3647180029e+04 1.5707963268e+00 -2.2343016178e+00
2.3178511901e-04 3.3670644012e+04 1.5707963268e+00 -2.2349296015e+00
2.3191940432e-04 3.3694116018e+04 1.5707963268e+00 -2.2355567094e+00
2.3205365615e-04 3.3717596034e+04 1.5707963268e+00 -2.2361829429e+00
2.3218787455e-04 3.3741084045e+04 1.5707963268e+00 -2.2368083036e+00
2.3232205958e-04 3.3764580040e+04 1.5707963268e+00 -2.2374327931e+00
2.3245621129e-04 3.3788084005e+04 1.5707963268e+00 -2.2380564128e+00
2.3259032972e-04 3.3811595927e+04 1.5707963268e+00 -2.2386791643e+00
2.3272441493e-04 3.3835115794e+04 1.5707963268e+00 -2.2393010491e+00
2.3285846697e-04 3.3858643591e+04 1.5707963268e+00 -2.2399220688e+00
2.3299248590e-04 3.3882179307e+04 1.5707963268e+00 -2.2405422247e+00
2.3312647175e-04 3.3905722928e+04 1.5707963268e+00 -2.2411615185e+00
2.3326042459e-04 3.3929274441e+04 1.5707963268e+00 -2.2417799516e+00
2.3339434447e-04 3.3952833833e+04 1.5707963268e+00 -2.2423975256e+00
2.3352823144e-04 3.3976401092e+04 1.5707963268e+00 -2.2430142419e+00
2.3366208554e-04 3.3999976204e+04 1.5707963268e+00 -2.2436301021e+00
2.3379590682e-04 3.4023559157e+04 1.5707963268e+00 -2.2442451077e+00
2.3392969535e-04 3.4047149938e+04 1.5707963268e+00 -2.2448592600e+00
2.3406345117e-04 3.4070748534e+04 1.5707963268e+00 -2.2454725607e+00
2.3419717432e-04 3.4094354932e+04 1.5707963268e+00 -2.2460850113e+00
2.3433086487e-04 3.4117969120e+04 1.5707963268e+00 -2.2466966131e+00
2.3446452285e-04 3.4141591085e+04 1.5707963268e+00 -2.2473073678e+00
2.3459814833e-04 3.4165220813e+04 1.5707963268e+00 -2.2479172767e+00
2.3473174135e-04 3.4188858293e+04 1.5707963268e+00 -2.2485263414e+00
2.3486530195e-04 3.4212503512e+04 1.5707963268e+00 -2.2491345633e+00
2.3499883020e-04 3.4236156456e+04 1.5707963268e+00 -2.2497419439e+00
2.3513232614e-04 3.4259817114e+04 1.5707963268e+00 -2.2503484846e+00
2.3526578981e-04 3.4283485473e+04 1.5707963268e+00 -2.2509541870e+00
2.3539922128e-04 3.4307161519e+04 1.5707963268e+00 -2.2515590525e+00
2.3553262059e-04 3.4330845242e+04 1.5707963268e+00 -2.2521630826e+00
2.3566598778e-04 3.4354536627e+04 1.5707963268e+00 -2.2527662787e+00
2.3579932291e-04 3.4378235663e+04 1.5707963268e+00 -2.2533686423e+00
2.3593262603e-04 3.4401942337e+04 1.5707963268e+00 -2.2539701748e+00
2.3606589719e-04 3.4425656637e+04 1.5707963268e+00 -2.2545708777e+00
2.3619913643e-04 3.4449378549e+04 1.5707963268e+00 -2.2551707524e+00
2.3633234380e-04 3.4473108062e+04 1.5707963268e+00 -2.2557698004e+00
2.3646551936e-04 3.4496845164e+04 1.5707963268e+00 -2.2563680232e+00
2.3659866315e-04 3.4520589841e+04 1.5707963268e+00 -2.2569654221e+00
2.3673177522e-04 3.4544342081e+04 1.5707963268e+00 -2.2575619986e+00
2.3686485562e-04 3.4568101873e+04 1.5707963268e+00 -2.2581577541e+00
2.3699790440e-04 3.4591869203e+04 1.5707963268e+00 -2.2587526901e+00
2.3713092161e-04 3.4615644060e+04 1.5707963268e+00 -2.2593468080e+00
2.3726390729e-04 3.4639426430e+04 1.5707963268e+00 -2.2599401093e+00
2.3739686149e-04 3.4663216303e+04 1.5707963268e+00 -2.2605325953e+00
2.3752978426e-04 3.4687013665e+04 1.5707963268e+00 -2.2611242675e+00
2.3766267565e-04 3.4710818504e+04 1.5707963268e+00 -2.2617151272e+00
2.3779553571e-04 3.4734630809e+04 1.5707963268e+00 -2.2623051760e+00
2.3792836449e-04 3.4758450566e+04 1.5707963268e+00 -2.2628944153e+00
2.3806116202e-04 3.4782277765e+04 1.5707963268e+00 -2.2634828463e+00
2.3819392837e-04 3.4806112391e+04 1.5707963268e+00 -2.2640704706e+00
2.3832666358e-04 3.4829954435e+04 1.5707963268e+00 -2.2646572896e+00
2.3845936769e-04 3.4853803882e+04 1.5707963268e+00 -2.2652433047e+00
2.3859204075e-04 3.4877660722e+04 1.5707963268e+00 -2.2658285172e+00
2.3872468282e-04 3.4901524942e+04 1.5707963268e+00 -2.2664129285e+00
2.3885729393e-04 3.4925396531e+04 1.5707963268e+00 -2.2669965402e+00
2.3898987414e-04 3.4949275475e+04 1.5707963268e+00 -2.2675793534e+00
2.3912242349e-04 3.4973161764e+04 1.5707963268e+00 -2.2681613698e+00
2.3925494203e-04 3.4997055385e+04 1.5707963268e+00 -2.2687425905e+00
2.3938742981e-04 3.5020956326e+04 1.5707963268e+00 -2.2693230171e+00
2.3951988687e-04 3.5044864575e+04 1.5707963268e+00 -2.2699026509e+00
2.3965231325e-04 3.5068780120e+04 1.5707963268e+00 -2.2704814933e+00
2.3978470902e-04 3.5092702950e+04 1.5707963268e+00 -2.2710595456e+00
2.3991707421e-04 3.5116633053e+04 1.5707963268e+00 -2.2716368093e+00
2.4004940886e-04 3.5140570416e+04 1.5707963268e+00 -2.2722132857e+00
2.4018171304e-04 3.5164515028e+04 1.5707963268e+00 -2.2727889762e+00
2.4031398677e-04 3.5188466877e+04 1.5707963268e+00 -2.2733638821e+00
2.4044623012e-04 3.5212425952e+04 1.5707963268e+00 -2.2739380049e+00
2.4057844311e-04 3.5236392240e+04 1.5707963268e+00 -2.2745113458e+00
2.4071062581e-04 3.5260365729e+04 1.5707963268e+00 -2.2750839063e+00
2.4084277826e-04 3.5284346409e+04 1.5707963268e+00 -2.2756556877e+00
2.4097490050e-04 3.5308334267e+04 1.5707963268e+00 -2.2762266914e+00
2.4110699257e-04 3.5332329291e+04 1.5707963268e+00 -2.2767969186e+00
2.4123905453e-04 3.5356331470e+04 1.5707963268e+00 -2.2773663708e+00
2.4137108642e-04 3.5380340792e+04 1.5707963268e+00 -2.2779350494e+00
2.4150308829e-04 3.5404357246e+04 1.5707963268e+00 -2.2785029556e+00
2.4163506017e-04 3.5428380820e+04 1.5707963268e+00 -2.2790700908e+00
2.4176700212e-04 3.5452411503e+04 1.5707963268e+00 -2.2796364563e+00
2.4189891419e-04 3.5476449282e+04 1.5707963268e+00 -2.2802020535e+00
