0.0000000000e+00 1.2062935923e+04 1.5707963268e+00 0.0000000000e+00
2.8752897604e-07 1.2062935923e+04 1.5707963268e+00 -3.6764705882e-03
5.7505795209e-07 1.2062919138e+04 1.5707963268e+00 -7.3529411765e-03
8.6258803943e-07 1.2062885570e+04 1.5707963268e+00 -1.1029421996e-02
1.1501203494e-06 1.2062835216e+04 1.5707963268e+00 -1.4705923276e-02
1.4376559934e-06 1.2062768078e+04 1.5707963268e+00 -1.8382455250e-02
1.7251960829e-06 1.2062684153e+04 1.5707963268e+00 -2.2059028150e-02
2.0127417297e-06 1.2062583441e+04 1.5707963268e+00 -2.5735652207e-02
2.3002940457e-06 1.2062465940e+04 1.5707963268e+00 -2.9412337657e-02
2.5878541432e-06 1.2062331649e+04 1.5707963268e+00 -3.3089094736e-02
2.8754231348e-06 1.2062180564e+04 1.5707963268e+00 -3.6765933682e-02
3.1630021336e-06 1.2062012683e+04 1.5707963268e+00 -4.0442864735e-02
3.4505922531e-06 1.2061828005e+04 1.5707963268e+00 -4.4119898138e-02
3.7381946073e-06 1.2061626524e+04 1.5707963268e+00 -4.7797044138e-02
4.0258103109e-06 1.2061408239e+04 1.5707963268e+00 -5.1474312984e-02
4.3134404791e-06 1.2061173144e+04 1.5707963268e+00 -5.5151714929e-02
4.6010862279e-06 1.2060921237e+04 1.5707963268e+00 -5.8829260229e-02
4.8887486741e-06 1.2060652512e+04 1.5707963268e+00 -6.2506959147e-02
5.1764289351e-06 1.2060366964e+04 1.5707963268e+00 -6.6184821948e-02
5.4641281293e-06 1.2060064590e+04 1.5707963268e+00 -6.9862858902e-02
5.7518473762e-06 1.2059745382e+04 1.5707963268e+00 -7.3541080286e-02
6.0395877960e-06 1.2059409336e+04 1.5707963268e+00 -7.7219496382e-02
6.3273505100e-06 1.2059056445e+04 1.5707963268e+00 -8.0898117476e-02
6.6151366408e-06 1.2058686704e+04 1.5707963268e+00 -8.4576953863e-02
6.9029473118e-06 1.2058300104e+04 1.5707963268e+00 -8.8256015844e-02
7.1907836481e-06 1.2057896640e+04 1.5707963268e+00 -9.1935313724e-02
7.4786467756e-06 1.2057476303e+04 1.5707963268e+00 -9.5614857819e-02
7.7665378218e-06 1.2057039087e+04 1.5707963268e+00 -9.9294658451e-02
8.0544579155e-06 1.2056584983e+04 1.5707963268e+00 -1.0297472595e-01
8.3424081869e-06 1.2056113983e+04 1.5707963268e+00 -1.0665507065e-01
8.6303897679e-06 1.2055626078e+04 1.5707963268e+00 -1.1033570291e-01
8.9184037917e-06 1.2055121259e+04 1.5707963268e+00 -1.1401663307e-01
9.2064513933e-06 1.2054599517e+04 1.5707963268e+00 -1.1769787150e-01
9.4945337093e-06 1.2054060842e+04 1.5707963268e+00 -1.2137942858e-01
9.7826518782e-06 1.2053505225e+04 1.5707963268e+00 -1.2506131469e-01
1.0070807040e-05 1.2052932654e+04 1.5707963268e+00 -1.2874354022e-01
1.0359000337e-05 1.2052343120e+04 1.5707963268e+00 -1.3242611558e-01
1.0647232913e-05 1.2051736611e+04 1.5707963268e+00 -1.3610905119e-01
1.0935505914e-05 1.2051113116e+04 1.5707963268e+00 -1.3979235746e-01
1.1223820487e-05 1.2050472624e+04 1.5707963268e+00 -1.4347604485e-01
1.1512177784e-05 1.2049815122e+04 1.5707963268e+00 -1.4716012380e-01
1.1800578956e-05 1.2049140599e+04 1.5707963268e+00 -1.5084460478e-01
1.2089025158e-05 1.2048449041e+04 1.5707963268e+00 -1.5452949825e-01
1.2377517546e-05 1.2047740436e+04 1.5707963268e+00 -1.5821481471e-01
1.2666057280e-05 1.2047014770e+04 1.5707963268e+00 -1.6190056466e-01
1.2954645521e-05 1.2046272030e+04 1.5707963268e+00 -1.6558675861e-01
1.3243283433e-05 1.2045512202e+04 1.5707963268e+00 -1.6927340710e-01
1.3531972183e-05 1.2044735272e+04 1.5707963268e+00 -1.7296052066e-01
1.3820712940e-05 1.2043941224e+04 1.5707963268e+00 -1.7664810986e-01
1.4109506875e-05 1.2043130045e+04 1.5707963268e+00 -1.8033618527e-01
1.4398355164e-05 1.2042301719e+04 1.5707963268e+00 -1.8402475747e-01
1.4687258983e-05 1.2041456229e+04 1.5707963268e+00 -1.8771383707e-01
1.4976219513e-05 1.2040593561e+04 1.5707963268e+00 -1.9140343469e-01
1.5265237936e-05 1.2039713698e+04 1.5707963268e+00 -1.9509356097e-01
1.5554315440e-05 1.2038816623e+04 1.5707963268e+00 -1.9878422655e-01
1.5843453212e-05 1.2037902320e+04 1.5707963268e+00 -2.0247544212e-01
1.6132652446e-05 1.2036970770e+04 1.5707963268e+00 -2.0616721836e-01
1.6421914337e-05 1.2036021957e+04 1.5707963268e+00 -2.0985956597e-01
1.6711240083e-05 1.2035055862e+04 1.5707963268e+00 -2.1355249567e-01
1.7000630886e-05 1.2034072467e+04 1.5707963268e+00 -2.1724601822e-01
1.7290087953e-05 1.2033071753e+04 1.5707963268e+00 -2.2094014437e-01
1.7579612491e-05 1.2032053702e+04 1.5707963268e+00 -2.2463488491e-01
1.7869205714e-05 1.2031018293e+04 1.5707963268e+00 -2.2833025062e-01
1.8158868836e-05 1.2029965508e+04 1.5707963268e+00 -2.3202625234e-01
1.8448603079e-05 1.2028895325e+04 1.5707963268e+00 -2.3572290091e-01
1.8738409665e-05 1.2027807725e+04 1.5707963268e+00 -2.3942020718e-01
1.9028289822e-05 1.2026702687e+04 1.5707963268e+00 -2.4311818204e-01
1.9318244780e-05 1.2025580189e+04 1.5707963268e+00 -2.4681683639e-01
1.9608275775e-05 1.2024440211e+04 1.5707963268e+00 -2.5051618116e-01
1.9898384045e-05 1.2023282730e+04 1.5707963268e+00 -2.5421622729e-01
2.0188570835e-05 1.2022107724e+04 1.5707963268e+00 -2.5791698577e-01
2.0478837390e-05 1.2020915170e+04 1.5707963268e+00 -2.6161846757e-01
2.0769184964e-05 1.2019705046e+04 1.5707963268e+00 -2.6532068373e-01
2.1059614811e-05 1.2018477329e+04 1.5707963268e+00 -2.6902364528e-01
2.1350128192e-05 1.2017231994e+04 1.5707963268e+00 -2.7272736328e-01
2.1640726372e-05 1.2015969018e+04 1.5707963268e+00 -2.7643184883e-01
2.1931410621e-05 1.2014688376e+04 1.5707963268e+00 -2.8013711304e-01
2.2222182211e-05 1.2013390044e+04 1.5707963268e+00 -2.8384316706e-01
2.2513042421e-05 1.2012073997e+04 1.5707963268e+00 -2.8755002204e-01
2.2803992536e-05 1.2010740208e+04 1.5707963268e+00 -2.9125768918e-01
2.3095033844e-05 1.2009388653e+04 1.5707963268e+00 -2.9496617970e-01
2.3386167636e-05 1.2008019305e+04 1.5707963268e+00 -2.9867550484e-01
2.3677395213e-05 1.2006632137e+04 1.5707963268e+00 -3.0238567588e-01
2.3968717877e-05 1.2005227123e+04 1.5707963268e+00 -3.0609670413e-01
2.4260136936e-05 1.2003804235e+04 1.5707963268e+00 -3.0980860089e-01
2.4551653705e-05 1.2002363446e+04 1.5707963268e+00 -3.1352137755e-01
2.4843269502e-05 1.2000904727e+04 1.5707963268e+00 -3.1723504547e-01
2.5134985652e-05 1.1999428051e+04 1.5707963268e+00 -3.2094961609e-01
2.5426803486e-05 1.1997933387e+04 1.5707963268e+00 -3.2466510084e-01
2.5718724338e-05 1.1996420708e+04 1.5707963268e+00 -3.2838151120e-01
2.6010749551e-05 1.1994889983e+04 1.5707963268e+00 -3.3209885867e-01
2.6302880471e-05 1.1993341183e+04 1.5707963268e+00 -3.3581715481e-01
2.6595118452e-05 1.1991774277e+04 1.5707963268e+00 -3.3953641116e-01
2.6887464852e-05 1.1990189235e+04 1.5707963268e+00 -3.4325663935e-01
2.7179921036e-05 1.1988586025e+04 1.5707963268e+00 -3.4697785099e-01
2.7472488376e-05 1.1986964616e+04 1.5707963268e+00 -3.5070005777e-01
2.7765168249e-05 1.1985324976e+04 1.5707963268e+00 -3.5442327137e-01
2.8057962039e-05 1.1983667072e+04 1.5707963268e+00 -3.5814750353e-01
2.8350871136e-05 1.1981990873e+04 1.5707963268e+00 -3.6187276602e-01
2.8643896936e-05 1.1980296344e+04 1.5707963268e+00 -3.6559907064e-01
2.8937040842e-05 1.1978583453e+04 1.5707963268e+00 -3.6932642924e-01
2.9230304266e-05 1.1976852165e+04 1.5707963268e+00 -3.7305485367e-01
2.9523688622e-05 1.1975102447e+04 1.5707963268e+00 -3.7678435586e-01
2.9817195336e-05 1.1973334263e+04 1.5707963268e+00 -3.8051494775e-01
3.0110825837e-05 1.1971547579e+04 1.5707963268e+00 -3.8424664132e-01
3.0404581564e-05 1.1969742359e+04 1.5707963268e+00 -3.8797944859e-01
3.0698463961e-05 1.1967918567e+04 1.5707963268e+00 -3.9171338162e-01
3.0992474480e-05 1.1966076166e+04 1.5707963268e+00 -3.9544845251e-01
3.1286614582e-05 1.1964215121e+04 1.5707963268e+00 -3.9918467338e-01
3.1580885733e-05 1.1962335394e+04 1.5707963268e+00 -4.0292205642e-01
3.1875289408e-05 1.1960436947e+04 1.5707963268e+00 -4.0666061384e-01
3.2169827089e-05 1.1958519742e+04 1.5707963268e+00 -4.1040035789e-01
3.2464500267e-05 1.1956583741e+04 1.5707963268e+00 -4.1414130087e-01
3.2759310441e-05 1.1954628906e+04 1.5707963268e+00 -4.1788345512e-01
3.3054259116e-05 1.1952655196e+04 1.5707963268e+00 -4.2162683301e-01
3.3349347806e-05 1.1950662573e+04 1.5707963268e+00 -4.2537144696e-01
3.3644578036e-05 1.1948650995e+04 1.5707963268e+00 -4.2911730944e-01
3.3939951335e-05 1.1946620423e+04 1.5707963268e+00 -4.3286443295e-01
3.4235469244e-05 1.1944570816e+04 1.5707963268e+00 -4.3661283005e-01
3.4531133311e-05 1.1942502132e+04 1.5707963268e+00 -4.4036251333e-01
3.4826945093e-05 1.1940414329e+04 1.5707963268e+00 -4.4411349542e-01
3.5122906155e-05 1.1938307365e+04 1.5707963268e+00 -4.4786578901e-01
3.5419018074e-05 1.1936181198e+04 1.5707963268e+00 -4.5161940684e-01
3.5715282432e-05 1.1934035783e+04 1.5707963268e+00 -4.5537436168e-01
3.6011700823e-05 1.1931871079e+04 1.5707963268e+00 -4.5913066636e-01
3.6308274850e-05 1.1929687039e+04 1.5707963268e+00 -4.6288833373e-01
3.6605006125e-05 1.1927483621e+04 1.5707963268e+00 -4.6664737674e-01
3.6901896269e-05 1.1925260778e+04 1.5707963268e+00 -4.7040780834e-01
3.7198946914e-05 1.1923018466e+04 1.5707963268e+00 -4.7416964155e-01
3.7496159702e-05 1.1920756638e+04 1.5707963268e+00 -4.7793288944e-01
3.7793536284e-05 1.1918475248e+04 1.5707963268e+00 -4.8169756512e-01
3.8091078322e-05 1.1916174250e+04 1.5707963268e+00 -4.8546368177e-01
3.8388787487e-05 1.1913853596e+04 1.5707963268e+00 -4.8923125260e-01
3.8686665461e-05 1.1911513238e+04 1.5707963268e+00 -4.9300029089e-01
3.8984713939e-05 1.1909153128e+04 1.5707963268e+00 -4.9677080996e-01
3.9282934622e-05 1.1906773218e+04 1.5707963268e+00 -5.0054282318e-01
3.9581329226e-05 1.1904373457e+04 1.5707963268e+00 -5.0431634400e-01
3.9879899477e-05 1.1901953797e+04 1.5707963268e+00 -5.0809138589e-01
4.0178647110e-05 1.1899514188e+04 1.5707963268e+00 -5.1186796239e-01
4.0477573874e-05 1.1897054578e+04 1.5707963268e+00 -5.1564608711e-01
4.0776681528e-05 1.1894574916e+04 1.5707963268e+00 -5.1942577369e-01
4.1075971844e-05 1.1892075151e+04 1.5707963268e+00 -5.2320703585e-01
4.1375446604e-05 1.1889555231e+04 1.5707963268e+00 -5.2698988734e-01
4.1675107602e-05 1.1887015102e+04 1.5707963268e+00 -5.3077434201e-01
4.1974956646e-05 1.1884454713e+04 1.5707963268e+00 -5.3456041372e-01
4.2274995556e-05 1.1881874009e+04 1.5707963268e+00 -5.3834811642e-01
4.2575226161e-05 1.1879272936e+04 1.5707963268e+00 -5.4213746412e-01
4.2875650307e-05 1.1876651439e+04 1.5707963268e+00 -5.4592847088e-01
4.3176269850e-05 1.1874009464e+04 1.5707963268e+00 -5.4972115083e-01
4.3477086661e-05 1.1871346954e+04 1.5707963268e+00 -5.5351551814e-01
4.3778102622e-05 1.1868663853e+04 1.5707963268e+00 -5.5731158708e-01
4.4079319629e-05 1.1865960105e+04 1.5707963268e+00 -5.6110937196e-01
4.4380739593e-05 1.1863235652e+04 1.5707963268e+00 -5.6490888715e-01
4.4682364435e-05 1.1860490437e+04 1.5707963268e+00 -5.6871014709e-01
4.4984196095e-05 1.1857724400e+04 1.5707963268e+00 -5.7251316630e-01
4.5286236522e-05 1.1854937484e+04 1.5707963268e+00 -5.7631795935e-01
4.5588487682e-05 1.1852129629e+04 1.5707963268e+00 -5.8012454087e-01
4.5890951556e-05 1.1849300774e+04 1.5707963268e+00 -5.8393292558e-01
4.6193630136e-05 1.1846450860e+04 1.5707963268e+00 -5.8774312825e-01
4.6496525434e-05 1.1843579825e+04 1.5707963268e+00 -5.9155516373e-01
4.6799639472e-05 1.1840687607e+04 1.5707963268e+00 -5.9536904694e-01
4.7102974291e-05 1.1837774145e+04 1.5707963268e+00 -5.9918479286e-01
4.7406531944e-05 1.1834839376e+04 1.5707963268e+00 -6.0300241654e-01
4.7710314503e-05 1.1831883235e+04 1.5707963268e+00 -6.0682193312e-01
4.8014324054e-05 1.1828905660e+04 1.5707963268e+00 -6.1064335780e-01
4.8318562699e-05 1.1825906586e+04 1.5707963268e+00 -6.1446670586e-01
4.8623032556e-05 1.1822885947e+04 1.5707963268e+00 -6.1829199264e-01
4.8927735761e-05 1.1819843679e+04 1.5707963268e+00 -6.2211923358e-01
4.9232674465e-05 1.1816779714e+04 1.5707963268e+00 -6.2594844417e-01
4.9537850838e-05 1.1813693987e+04 1.5707963268e+00 -6.2977963999e-01
4.9843267065e-05 1.1810586429e+04 1.5707963268e+00 -6.3361283669e-01
5.0148925349e-05 1.1807456973e+04 1.5707963268e+00 -6.3744805002e-01
5.0454827912e-05 1.1804305549e+04 1.5707963268e+00 -6.4128529579e-01
5.0760976992e-05 1.1801132090e+04 1.5707963268e+00 -6.4512458989e-01
5.1067374846e-05 1.1797936524e+04 1.5707963268e+00 -6.4896594829e-01
5.1374023750e-05 1.1794718781e+04 1.5707963268e+00 -6.5280938706e-01
5.1680925998e-05 1.1791478791e+04 1.5707963268e+00 -6.5665492232e-01
5.1988083903e-05 1.1788216481e+04 1.5707963268e+00 -6.6050257031e-01
5.2295499796e-05 1.1784931779e+04 1.5707963268e+00 -6.6435234734e-01
5.2603176030e-05 1.1781624612e+04 1.5707963268e+00 -6.6820426979e-01
5.2911114977e-05 1.1778294906e+04 1.5707963268e+00 -6.7205835414e-01
5.3219319026e-05 1.1774942588e+04 1.5707963268e+00 -6.7591461697e-01
5.3527790590e-05 1.1771567582e+04 1.5707963268e+00 -6.7977307492e-01
5.3836532101e-05 1.1768169812e+04 1.5707963268e+00 -6.8363374474e-01
5.4145546012e-05 1.1764749203e+04 1.5707963268e+00 -6.8749664326e-01
5.4454834798e-05 1.1761305677e+04 1.5707963268e+00 -6.9136178742e-01
5.4764400952e-05 1.1757839156e+04 1.5707963268e+00 -6.9522919421e-01
5.5074246994e-05 1.1754349564e+04 1.5707963268e+00 -6.9909888077e-01
5.5384375462e-05 1.1750836819e+04 1.5707963268e+00 -7.0297086428e-01
5.5694788918e-05 1.1747300843e+04 1.5707963268e+00 -7.0684516204e-01
5.6005489947e-05 1.1743741556e+04 1.5707963268e+00 -7.1072179146e-01
5.6316481155e-05 1.1740158876e+04 1.5707963268e+00 -7.1460077002e-01
5.6627765174e-05 1.1736552721e+04 1.5707963268e+00 -7.1848211531e-01
5.6939344657e-05 1.1732923010e+04 1.5707963268e+00 -7.2236584502e-01
5.7251222285e-05 1.1729269658e+04 1.5707963268e+00 -7.2625197693e-01
5.7563400758e-05 1.1725592582e+04 1.5707963268e+00 -7.3014052895e-01
5.7875882805e-05 1.1721891698e+04 1.5707963268e+00 -7.3403151905e-01
5.8188671178e-05 1.1718166920e+04 1.5707963268e+00 -7.3792496534e-01
5.8501768655e-05 1.1714418161e+04 1.5707963268e+00 -7.4182088601e-01
5.8815178040e-05 1.1710645336e+04 1.5707963268e+00 -7.4571929936e-01
5.9128902163e-05 1.1706848356e+04 1.5707963268e+00 -7.4962022382e-01
5.9442943881e-05 1.1703027132e+04 1.5707963268e+00 -7.5352367789e-01
5.9757306076e-05 1.1699181577e+04 1.5707963268e+00 -7.5742968022e-01
6.0071991660e-05 1.1695311600e+04 1.5707963268e+00 -7.6133824952e-01
6.0387003571e-05 1.1691417110e+04 1.5707963268e+00 -7.6524940466e-01
6.0702344776e-05 1.1687498015e+04 1.5707963268e+00 -7.6916316460e-01
6.1018018271e-05 1.1683554224e+04 1.5707963268e+00 -7.7307954841e-01
6.1334027078e-05 1.1679585644e+04 1.5707963268e+00 -7.7699857529e-01
6.1650374253e-05 1.1675592180e+04 1.5707963268e+00 -7.8092026453e-01
6.1967062879e-05 1.1671573739e+04 1.5707963268e+00 -7.8484463557e-01
6.2284096069e-05 1.1667530223e+04 1.5707963268e+00 -7.8877170794e-01
6.2601476969e-05 1.1663461538e+04 1.5707963268e+00 -7.9270150132e-01
6.2919208754e-05 1.1659367586e+04 1.5707963268e+00 -7.9663403548e-01
6.3237294632e-05 1.1655248269e+04 1.5707963268e+00 -8.0056933033e-01
6.3555737842e-05 1.1651103488e+04 1.5707963268e+00 -8.0450740591e-01
6.3874541658e-05 1.1646933144e+04 1.5707963268e+00 -8.0844828236e-01
6.4193709385e-05 1.1642737135e+04 1.5707963268e+00 -8.1239197997e-01
6.4513244362e-05 1.1638515362e+04 1.5707963268e+00 -8.1633851915e-01
6.4833149962e-05 1.1634267720e+04 1.5707963268e+00 -8.2028792044e-01
6.5153429595e-05 1.1629994108e+04 1.5707963268e+00 -8.2424020451e-01
6.5474086703e-05 1.1625694421e+04 1.5707963268e+00 -8.2819539216e-01
6.5795124766e-05 1.1621368553e+04 1.5707963268e+00 -8.3215350433e-01
6.6116547300e-05 1.1617016401e+04 1.5707963268e+00 -8.3611456209e-01
6.6438357857e-05 1.1612637855e+04 1.5707963268e+00 -8.4007858665e-01
6.6760560028e-05 1.1608232810e+04 1.5707963268e+00 -8.4404559936e-01
6.7083157441e-05 1.1603801155e+04 1.5707963268e+00 -8.4801562169e-01
6.7406153762e-05 1.1599342782e+04 1.5707963268e+00 -8.5198867528e-01
6.7729552698e-05 1.1594857581e+04 1.5707963268e+00 -8.5596478190e-01
6.8053357996e-05 1.1590345438e+04 1.5707963268e+00 -8.5994396346e-01
6.8377573442e-05 1.1585806243e+04 1.5707963268e+00 -8.6392624202e-01
6.8702202864e-05 1.1581239882e+04 1.5707963268e+00 -8.6791163978e-01
6.9027250132e-05 1.1576646240e+04 1.5707963268e+00 -8.7190017911e-01
6.9352719158e-05 1.1572025201e+04 1.5707963268e+00 -8.7589188250e-01
6.9678613898e-05 1.1567376651e+04 1.5707963268e+00 -8.7988677263e-01
7.0004938352e-05 1.1562700470e+04 1.5707963268e+00 -8.8388487229e-01
7.0331696563e-05 1.1557996541e+04 1.5707963268e+00 -8.8788620447e-01
7.0658892622e-05 1.1553264744e+04 1.5707963268e+00 -8.9189079228e-01
7.0986530664e-05 1.1548504958e+04 1.5707963268e+00 -8.9589865902e-01
7.1314614872e-05 1.1543717063e+04 1.5707963268e+00 -8.9990982813e-01
7.1643149475e-05 1.1538900935e+04 1.5707963268e+00 -9.0392432322e-01
7.1972138753e-05 1.1534056451e+04 1.5707963268e+00 -9.0794216807e-01
7.2301587034e-05 1.1529183486e+04 1.5707963268e+00 -9.1196338662e-01
7.2631498694e-05 1.1524281913e+04 1.5707963268e+00 -9.1598800297e-01
7.2961878164e-05 1.1519351607e+04 1.5707963268e+00 -9.2001604142e-01
7.3292729923e-05 1.1514392439e+04 1.5707963268e+00 -9.2404752640e-01
7.3624058505e-05 1.1509404280e+04 1.5707963268e+00 -9.2808248256e-01
7.3955868496e-05 1.1504386999e+04 1.5707963268e+00 -9.3212093469e-01
7.4288164538e-05 1.1499340466e+04 1.5707963268e+00 -9.3616290778e-01
7.4620951326e-05 1.1494264546e+04 1.5707963268e+00 -9.4020842698e-01
7.4954233614e-05 1.1489159107e+04 1.5707963268e+00 -9.4425751764e-01
7.5288016211e-05 1.1484024013e+04 1.5707963268e+00 -9.4831020530e-01
7.5622303985e-05 1.1478859129e+04 1.5707963268e+00 -9.5236651566e-01
7.5957101864e-05 1.1473664316e+04 1.5707963268e+00 -9.5642647464e-01
7.6292414835e-05 1.1468439437e+04 1.5707963268e+00 -9.6049010832e-01
7.6628247947e-05 1.1463184351e+04 1.5707963268e+00 -9.6455744300e-01
7.6964606312e-05 1.1457898918e+04 1.5707963268e+00 -9.6862850516e-01
7.7301495103e-05 1.1452582994e+04 1.5707963268e+00 -9.7270332148e-01
7.7638919562e-05 1.1447236437e+04 1.5707963268e+00 -9.7678191885e-01
7.7976884992e-05 1.1441859101e+04 1.5707963268e+00 -9.8086432435e-01
7.8315396766e-05 1.1436450840e+04 1.5707963268e+00 -9.8495056526e-01
7.8654460323e-05 1.1431011507e+04 1.5707963268e+00 -9.8904066908e-01
7.8994081174e-05 1.1425540953e+04 1.5707963268e+00 -9.9313466353e-01
7.9334264898e-05 1.1420039028e+04 1.5707963268e+00 -9.9723257651e-01
7.9675017147e-05 1.1414505580e+04 1.5707963268e+00 -1.0013344362e+00
8.0016343647e-05 1.1408940457e+04 1.5707963268e+00 -1.0054402708e+00
8.0358250196e-05 1.1403343503e+04 1.5707963268e+00 -1.0095501091e+00
8.0700742671e-05 1.1397714565e+04 1.5707963268e+00 -1.0136639797e+00
8.1043827023e-05 1.1392053483e+04 1.5707963268e+00 -1.0177819117e+00
8.1387509285e-05 1.1386360101e+04 1.5707963268e+00 -1.0219039344e+00
8.1731795567e-05 1.1380634258e+04 1.5707963268e+00 -1.0260300772e+00
8.2076692063e-05 1.1374875793e+04 1.5707963268e+00 -1.0301603697e+00
8.2422205049e-05 1.1369084543e+04 1.5707963268e+00 -1.0342948421e+00
8.2768340887e-05 1.1363260343e+04 1.5707963268e+00 -1.0384335244e+00
8.3115106023e-05 1.1357403029e+04 1.5707963268e+00 -1.0425764470e+00
8.3462506993e-05 1.1351512432e+04 1.5707963268e+00 -1.0467236407e+00
8.3810550421e-05 1.1345588383e+04 1.5707963268e+00 -1.0508751363e+00
8.4159243025e-05 1.1339630713e+04 1.5707963268e+00 -1.0550309650e+00
8.4508591614e-05 1.1333639250e+04 1.5707963268e+00 -1.0591911582e+00
8.4858603092e-05 1.1327613819e+04 1.5707963268e+00 -1.0633557477e+00
8.5209284461e-05 1.1321554247e+04 1.5707963268e+00 -1.0675247653e+00
8.5560642820e-05 1.1315460355e+04 1.5707963268e+00 -1.0716982432e+00
8.5912685369e-05 1.1309331966e+04 1.5707963268e+00 -1.0758762139e+00
8.6265419412e-05 1.1303168899e+04 1.5707963268e+00 -1.0800587101e+00
8.6618852357e-05 1.1296970973e+04 1.5707963268e+00 -1.0842457649e+00
8.6972991718e-05 1.1290738005e+04 1.5707963268e+00 -1.0884374115e+00
8.7327845117e-05 1.1284469808e+04 1.5707963268e+00 -1.0926336835e+00
8.7683420290e-05 1.1278166198e+04 1.5707963268e+00 -1.0968346147e+00
8.8039725083e-05 1.1271826984e+04 1.5707963268e+00 -1.1010402392e+00
8.8396767459e-05 1.1265451977e+04 1.5707963268e+00 -1.1052505916e+00
8.8754555500e-05 1.1259040984e+04 1.5707963268e+00 -1.1094657064e+00
8.9113097407e-05 1.1252593811e+04 1.5707963268e+00 -1.1136856188e+00
8.9472401503e-05 1.1246110263e+04 1.5707963268e+00 -1.1179103640e+00
8.9832476239e-05 1.1239590141e+04 1.5707963268e+00 -1.1221399776e+00
9.0193330190e-05 1.1233033247e+04 1.5707963268e+00 -1.1263744956e+00
9.0554972066e-05 1.1226439379e+04 1.5707963268e+00 -1.1306139542e+00
9.0917410707e-05 1.1219808334e+04 1.5707963268e+00 -1.1348583901e+00
9.1280655092e-05 1.1213139906e+04 1.5707963268e+00 -1.1391078399e+00
9.1644714335e-05 1.1206433887e+04 1.5707963268e+00 -1.1433623411e+00
9.2009597697e-05 1.1199690070e+04 1.5707963268e+00 -1.1476219311e+00
9.2375314581e-05 1.1192908242e+04 1.5707963268e+00 -1.1518866477e+00
9.2741874538e-05 1.1186088190e+04 1.5707963268e+00 -1.1561565292e+00
9.3109287273e-05 1.1179229699e+04 1.5707963268e+00 -1.1604316142e+00
9.3477562642e-05 1.1172332552e+04 1.5707963268e+00 -1.1647119415e+00
9.3846710663e-05 1.1165396529e+04 1.5707963268e+00 -1.1689975504e+00
9.4216741513e-05 1.1158421407e+04 1.5707963268e+00 -1.1732884805e+00
9.4587665536e-05 1.1151406965e+04 1.5707963268e+00 -1.1775847718e+00
9.4959493242e-05 1.1144352974e+04 1.5707963268e+00 -1.1818864645e+00
9.5332235317e-05 1.1137259208e+04 1.5707963268e+00 -1.1861935995e+00
9.5705902622e-05 1.1130125435e+04 1.5707963268e+00 -1.1905062177e+00
9.6080506198e-05 1.1122951423e+04 1.5707963268e+00 -1.1948243607e+00
9.6456057272e-05 1.1115736937e+04 1.5707963268e+00 -1.1991480702e+00
9.6832567259e-05 1.1108481740e+04 1.5707963268e+00 -1.2034773886e+00
9.7210047768e-05 1.1101185591e+04 1.5707963268e+00 -1.2078123585e+00
9.7588510604e-05 1.1093848250e+04 1.5707963268e+00 -1.2121530228e+00
9.7967967777e-05 1.1086469470e+04 1.5707963268e+00 -1.2164994251e+00
9.8348431501e-05 1.1079049005e+04 1.5707963268e+00 -1.2208516092e+00
9.8729914205e-05 1.1071586606e+04 1.5707963268e+00 -1.2252096193e+00
9.9112428532e-05 1.1064082021e+04 1.5707963268e+00 -1.2295735002e+00
9.9495987351e-05 1.1056534995e+04 1.5707963268e+00 -1.2339432969e+00
9.9880603754e-05 1.1048945272e+04 1.5707963268e+00 -1.2383190551e+00
1.0026629107e-04 1.1041312591e+04 1.5707963268e+00 -1.2427008208e+00
1.0065306286e-04 1.1033636690e+04 1.5707963268e+00 -1.2470886404e+00
1.0104093294e-04 1.1025917305e+04 1.5707963268e+00 -1.2514825608e+00
1.0142991537e-04 1.1018154167e+04 1.5707963268e+00 -1.2558826293e+00
1.0182002447e-04 1.1010347007e+04 1.5707963268e+00 -1.2602888939e+00
1.0221127482e-04 1.1002495551e+04 1.5707963268e+00 -1.2647014027e+00
1.0260368126e-04 1.0994599523e+04 1.5707963268e+00 -1.2691202047e+00
1.0299725893e-04 1.0986658644e+04 1.5707963268e+00 -1.2735453491e+00
1.0339202323e-04 1.0978672632e+04 1.5707963268e+00 -1.2779768856e+00
1.0378798986e-04 1.0970641204e+04 1.5707963268e+00 -1.2824148645e+00
1.0418517483e-04 1.0962564070e+04 1.5707963268e+00 -1.2868593366e+00
1.0458359444e-04 1.0954440942e+04 1.5707963268e+00 -1.2913103532e+00
1.0498326531e-04 1.0946271524e+04 1.5707963268e+00 -1.2957679661e+00
1.0538420438e-04 1.0938055520e+04 1.5707963268e+00 -1.3002322276e+00
1.0578642892e-04 1.0929792630e+04 1.5707963268e+00 -1.3047031907e+00
1.0618995654e-04 1.0921482552e+04 1.5707963268e+00 -1.3091809087e+00
1.0659480520e-04 1.0913124979e+04 1.5707963268e+00 -1.3136654357e+00
1.0700099321e-04 1.0904719601e+04 1.5707963268e+00 -1.3181568261e+00
1.0740853927e-04 1.0896266106e+04 1.5707963268e+00 -1.3226551352e+00
1.0781746243e-04 1.0887764177e+04 1.5707963268e+00 -1.3271604186e+00
1.0822778215e-04 1.0879213495e+04 1.5707963268e+00 -1.3316727326e+00
1.0863951827e-04 1.0870613737e+04 1.5707963268e+00 -1.3361921340e+00
1.0905269104e-04 1.0861964576e+04 1.5707963268e+00 -1.3407186804e+00
1.0946732116e-04 1.0853265683e+04 1.5707963268e+00 -1.3452524299e+00
1.0988342972e-04 1.0844516723e+04 1.5707963268e+00 -1.3497934412e+00
1.1030103829e-04 1.0835717360e+04 1.5707963268e+00 -1.3543417735e+00
1.1072016889e-04 1.0826867253e+04 1.5707963268e+00 -1.3588974871e+00
1.1114084399e-04 1.0817966057e+04 1.5707963268e+00 -1.3634606424e+00
1.1156308657e-04 1.0809013423e+04 1.5707963268e+00 -1.3680313008e+00
1.1198692011e-04 1.0800009000e+04 1.5707963268e+00 -1.3726095243e+00
1.1241236857e-04 1.0790952431e+04 1.5707963268e+00 -1.3771953755e+00
1.1283945649e-04 1.0781843356e+04 1.5707963268e+00 -1.3817889179e+00
1.1326820891e-04 1.0772681410e+04 1.5707963268e+00 -1.3863902155e+00
1.1369865146e-04 1.0763466227e+04 1.5707963268e+00 -1.3909993330e+00
1.1413081033e-04 1.0754197432e+04 1.5707963268e+00 -1.3956163360e+00
1.1456471232e-04 1.0744874650e+04 1.5707963268e+00 -1.4002412907e+00
1.1500038483e-04 1.0735497501e+04 1.5707963268e+00 -1.4048742642e+00
1.1543785591e-04 1.0726065598e+04 1.5707963268e+00 -1.4095153241e+00
1.1587715425e-04 1.0716578553e+04 1.5707963268e+00 -1.4141645390e+00
1.1631830922e-04 1.0707035971e+04 1.5707963268e+00 -1.4188219783e+00
1.1676135089e-04 1.0697437455e+04 1.5707963268e+00 -1.4234877119e+00
1.1720631003e-04 1.0687782600e+04 1.5707963268e+00 -1.4281618110e+00
1.1765321817e-04 1.0678071001e+04 1.5707963268e+00 -1.4328443472e+00
1.1810210760e-04 1.0668302244e+04 1.5707963268e+00 -1.4375353930e+00
1.1855301139e-04 1.0658475912e+04 1.5707963268e+00 -1.4422350220e+00
1.1900596344e-04 1.0648591583e+04 1.5707963268e+00 -1.4469433085e+00
1.1946099848e-04 1.0638648831e+04 1.5707963268e+00 -1.4516603276e+00
1.1991815213e-04 1.0628647224e+04 1.5707963268e+00 -1.4563861553e+00
1.2037746089e-04 1.0618586324e+04 1.5707963268e+00 -1.4611208688e+00
1.2083896221e-04 1.0608465690e+04 1.5707963268e+00 -1.4658645459e+00
1.2130269449e-04 1.0598284875e+04 1.5707963268e+00 -1.4706172654e+00
1.2176869715e-04 1.0588043426e+04 1.5707963268e+00 -1.4753791072e+00
1.2223701061e-04 1.0577740884e+04 1.5707963268e+00 -1.4801501520e+00
1.2270767640e-04 1.0567376787e+04 1.5707963268e+00 -1.4849304816e+00
1.2318073712e-04 1.0556950666e+04 1.5707963268e+00 -1.4897201787e+00
1.2365623654e-04 1.0546462046e+04 1.5707963268e+00 -1.4945193272e+00
1.2413421961e-04 1.0535910447e+04 1.5707963268e+00 -1.4993280119e+00
1.2461473254e-04 1.0525295382e+04 1.5707963268e+00 -1.5041463186e+00
1.2509782278e-04 1.0514616359e+04 1.5707963268e+00 -1.5089743344e+00
1.2558353913e-04 1.0503872882e+04 1.5707963268e+00 -1.5138121472e+00
1.2607193176e-04 1.0493064444e+04 1.5707963268e+00 -1.5186598462e+00
1.2656305229e-04 1.0482190537e+04 1.5707963268e+00 -1.5235175218e+00
1.2705695379e-04 1.0471250643e+04 1.5707963268e+00 -1.5283852653e+00
1.2755369091e-04 1.0460244240e+04 1.5707963268e+00 -1.5332631694e+00
1.2805331988e-04 1.0449170799e+04 1.5707963268e+00 -1.5381513279e+00
1.2855589859e-04 1.0438029782e+04 1.5707963268e+00 -1.5430498358e+00
1.2906148670e-04 1.0426820649e+04 1.5707963268e+00 -1.5479587894e+00
1.2957014565e-04 1.0415542848e+04 1.5707963268e+00 -1.5528782862e+00
1.3008193875e-04 1.0404195825e+04 1.5707963268e+00 -1.5578084250e+00
1.3059693128e-04 1.0392779015e+04 1.5707963268e+00 -1.5627493059e+00
1.3111519056e-04 1.0381291848e+04 1.5707963268e+00 -1.5677010303e+00
1.3163678603e-04 1.0369733747e+04 1.5707963268e+00 -1.5726637010e+00
1.3216178933e-04 1.0358104126e+04 1.5707963268e+00 -1.5776374222e+00
1.3269027443e-04 1.0346402393e+04 1.5707963268e+00 -1.5826222995e+00
1.3322231771e-04 1.0334627949e+04 1.5707963268e+00 -1.5876184397e+00
1.3375799804e-04 1.0322780185e+04 1.5707963268e+00 -1.5926259514e+00
1.3429739694e-04 1.0310858486e+04 1.5707963268e+00 -1.5976449444e+00
1.3484059869e-04 1.0298862228e+04 1.5707963268e+00 -1.6026755302e+00
1.3538769040e-04 1.0286790781e+04 1.5707963268e+00 -1.6077178218e+00
1.3593876222e-04 1.0274643504e+04 1.5707963268e+00 -1.6127719337e+00
1.3649390744e-04 1.0262419750e+04 1.5707963268e+00 -1.6178379820e+00
1.3705322261e-04 1.0250118862e+04 1.5707963268e+00 -1.6229160844e+00
1.3761680778e-04 1.0237740176e+04 1.5707963268e+00 -1.6280063605e+00
1.3818476658e-04 1.0225283017e+04 1.5707963268e+00 -1.6331089312e+00
1.3875720643e-04 1.0212746704e+04 1.5707963268e+00 -1.6382239194e+00
1.3933423875e-04 1.0200130544e+04 1.5707963268e+00 -1.6433514496e+00
1.3991597913e-04 1.0187433838e+04 1.5707963268e+00 -1.6484916483e+00
1.4050254755e-04 1.0174655876e+04 1.5707963268e+00 -1.6536446436e+00
1.4109406861e-04 1.0161795939e+04 1.5707963268e+00 -1.6588105656e+00
1.4169067177e-04 1.0148853297e+04 1.5707963268e+00 -1.6639895462e+00
1.4229249160e-04 1.0135827214e+04 1.5707963268e+00 -1.6691817193e+00
1.4289966804e-04 1.0122716940e+04 1.5707963268e+00 -1.6743872207e+00
1.4351234673e-04 1.0109521719e+04 1.5707963268e+00 -1.6796061883e+00
1.4413067930e-04 1.0096240782e+04 1.5707963268e+00 -1.6848387621e+00
1.4475482370e-04 1.0082873350e+04 1.5707963268e+00 -1.6900850839e+00
1.4538494453e-04 1.0069418637e+04 1.5707963268e+00 -1.6953452981e+00
1.4602121350e-04 1.0055875841e+04 1.5707963268e+00 -1.7006195508e+00
1.4666380976e-04 1.0042244156e+04 1.5707963268e+00 -1.7059079907e+00
1.4731292037e-04 1.0028522759e+04 1.5707963268e+00 -1.7112107685e+00
1.4796874080e-04 1.0014710820e+04 1.5707963268e+00 -1.7165280374e+00
1.4863147538e-04 1.0000807498e+04 1.5707963268e+00 -1.7218599529e+00
1.4930133792e-04 9.9868119386e+03 1.5707963268e+00 -1.7272066729e+00
1.4997855222e-04 9.9727232782e+03 1.5707963268e+00 -1.7325683577e+00
1.5066335277e-04 9.9585406413e+03 1.5707963268e+00 -1.7379451703e+00
1.5135598543e-04 9.9442631411e+03 1.5707963268e+00 -1.7433372760e+00
1.5205670815e-04 9.9298898794e+03 1.5707963268e+00 -1.7487448431e+00
1.5276579178e-04 9.9154199463e+03 1.5707963268e+00 -1.7541680421e+00
1.5348352097e-04 9.9008524206e+03 1.5707963268e+00 -1.7596070466e+00
1.5421019512e-04 9.8861863692e+03 1.5707963268e+00 -1.7650620329e+00
1.5494612938e-04 9.8714208476e+03 1.5707963268e+00 -1.7705331800e+00
1.5569165580e-04 9.8565548994e+03 1.5707963268e+00 -1.7760206700e+00
1.5644712458e-04 9.8415875569e+03 1.5707963268e+00 -1.7815246878e+00
1.5721290537e-04 9.8265178405e+03 1.5707963268e+00 -1.7870454215e+00
1.5798938878e-04 9.8113447593e+03 1.5707963268e+00 -1.7925830623e+00
1.5877698794e-04 9.7960673109e+03 1.5707963268e+00 -1.7981378043e+00
1.5957614034e-04 9.7806844817e+03 1.5707963268e+00 -1.8037098451e+00
1.6038730969e-04 9.7651952470e+03 1.5707963268e+00 -1.8092993856e+00
1.6121098814e-04 9.7495985714e+03 1.5707963268e+00 -1.8149066298e+00
1.6204769858e-04 9.7338934089e+03 1.5707963268e+00 -1.8205317855e+00
1.6289799731e-04 9.7180787034e+03 1.5707963268e+00 -1.8261750638e+00
1.6376247689e-04 9.7021533892e+03 1.5707963268e+00 -1.8318366795e+00
1.6464176940e-04 9.6861163916e+03 1.5707963268e+00 -1.8375168508e+00
1.6553654999e-04 9.6699666273e+03 1.5707963268e+00 -1.8432158000e+00
1.6644754091e-04 9.6537030055e+03 1.5707963268e+00 -1.8489337531e+00
1.6737551595e-04 9.6373244285e+03 1.5707963268e+00 -1.8546709399e+00
1.6832130549e-04 9.6208297931e+03 1.5707963268e+00 -1.8604275942e+00
1.6928580211e-04 9.6042179918e+03 1.5707963268e+00 -1.8662039539e+00
1.7026996695e-04 9.5874879142e+03 1.5707963268e+00 -1.8720002612e+00
1.7127483693e-04 9.5706384488e+03 1.5707963268e+00 -1.8778167622e+00
1.7230153286e-04 9.5536684853e+03 1.5707963268e+00 -1.8836537076e+00
1.7335126875e-04 9.5365769166e+03 1.5707963268e+00 -1.8895113523e+00
1.7442536237e-04 9.5193626421e+03 1.5707963268e+00 -1.8953899556e+00
1.7552524745e-04 9.5020245711e+03 1.5707963268e+00 -1.9012897817e+00
1.7665248755e-04 9.4845616262e+03 1.5707963268e+00 -1.9072110991e+00
1.7780879226e-04 9.4669727487e+03 1.5707963268e+00 -1.9131541809e+00
1.7899603586e-04 9.4492569035e+03 1.5707963268e+00 -1.9191193054e+00
1.8021627908e-04 9.4314130865e+03 1.5707963268e+00 -1.9251067554e+00
1.8147179460e-04 9.4134403313e+03 1.5707963268e+00 -1.9311168185e+00
1.8276509703e-04 9.3953377197e+03 1.5707963268e+00 -1.9371497875e+00
1.8409897834e-04 9.3771043922e+03 1.5707963268e+00 -1.9432059600e+00
1.8547655003e-04 9.3587395614e+03 1.5707963268e+00 -1.9492856387e+00
1.8690129356e-04 9.3402425290e+03 1.5707963268e+00 -1.9553891312e+00
1.8837712116e-04 9.3216127050e+03 1.5707963268e+00 -1.9615167501e+00
1.8990844955e-04 9.3028496321e+03 1.5707963268e+00 -1.9676688131e+00
1.9150029008e-04 9.2839530159e+03 1.5707963268e+00 -1.9738456425e+00
1.9315835987e-04 9.2649227621e+03 1.5707963268e+00 -1.9800475655e+00
1.9488922001e-04 9.2457590225e+03 1.5707963268e+00 -1.9862749139e+00
1.9670044922e-04 9.2264622543e+03 1.5707963268e+00 -1.9925280239e+00
1.9860086423e-04 9.2070332946e+03 1.5707963268e+00 -1.9988072355e+00
2.0060080302e-04 9.1874734573e+03 1.5707963268e+00 -2.0051128925e+00
2.0271249332e-04 9.1677846587e+03 1.5707963268e+00 -2.0114453415e+00
2.0495053922e-04 9.1479695845e+03 1.5707963268e+00 -2.0178049315e+00
2.0733257400e-04 9.1280319137e+03 1.5707963268e+00 -2.0241920124e+00
2.0988015200e-04 9.1079766243e+03 1.5707963268e+00 -2.0306069342e+00
2.1261999192e-04 9.0878104199e+03 1.5707963268e+00 -2.0370500445e+00
2.1558575099e-04 9.0675423369e+03 1.5707963268e+00 -2.0435216866e+00
2.1882062496e-04 9.0471846319e+03 1.5707963268e+00 -2.0500221954e+00
2.2238127849e-04 9.0267541174e+03 1.5707963268e+00 -2.0565518930e+00
2.2634400783e-04 9.0062742438e+03 1.5707963268e+00 -2.0631110816e+00
2.3081483530e-04 8.9857784803e+03 1.5707963268e+00 -2.0697000332e+00
2.3594694796e-04 8.9653160916e+03 1.5707963268e+00 -2.0763189739e+00
2.4197289143e-04 8.9449626369e+03 1.5707963268e+00 -2.0829680599e+00
2.4926929677e-04 8.9248406303e+03 1.5707963268e+00 -2.0896473361e+00
2.5850278175e-04 8.9051647001e+03 1.5707963268e+00 -2.0963566627e+00
2.7101704690e-04 8.8863559770e+03 1.5707963268e+00 -2.1030955725e+00
