0.0000000000e+00 1.6763933010e+04 1.5707963268e+00 0.0000000000e+00
2.1557545564e-07 1.6763933010e+04 1.5707963268e+00 2.6455026455e-03
4.3115091127e-07 1.6763957220e+04 1.5707963268e+00 5.2910052910e-03
6.4672601710e-07 1.6764005640e+04 1.5707963268e+00 7.9365002954e-03
8.6230042332e-07 1.6764078270e+04 1.5707963268e+00 1.0581980018e-02
1.0778737801e-06 1.6764175111e+04 1.5707963268e+00 1.3227436817e-02
1.2934457378e-06 1.6764296161e+04 1.5707963268e+00 1.5872863052e-02
1.5090159465e-06 1.6764441422e+04 1.5707963268e+00 1.8518251083e-02
1.7245840565e-06 1.6764610894e+04 1.5707963268e+00 2.1163593270e-02
1.9401497182e-06 1.6764804576e+04 1.5707963268e+00 2.3808881974e-02
2.1557125819e-06 1.6765022469e+04 1.5707963268e+00 2.6454109555e-02
2.3712722979e-06 1.6765264574e+04 1.5707963268e+00 2.9099268376e-02
2.5868285168e-06 1.6765530890e+04 1.5707963268e+00 3.1744350799e-02
2.8023808891e-06 1.6765821418e+04 1.5707963268e+00 3.4389349188e-02
3.0179290652e-06 1.6766136158e+04 1.5707963268e+00 3.7034255907e-02
3.2334726959e-06 1.6766475111e+04 1.5707963268e+00 3.9679063322e-02
3.4490114318e-06 1.6766838277e+04 1.5707963268e+00 4.2323763799e-02
3.6645449238e-06 1.6767225656e+04 1.5707963268e+00 4.4968349707e-02
3.8800728227e-06 1.6767637249e+04 1.5707963268e+00 4.7612813414e-02
4.0955947795e-06 1.6768073057e+04 1.5707963268e+00 5.0257147292e-02
4.3111104453e-06 1.6768533079e+04 1.5707963268e+00 5.2901343711e-02
4.5266194713e-06 1.6769017317e+04 1.5707963268e+00 5.5545395047e-02
4.7421215087e-06 1.6769525771e+04 1.5707963268e+00 5.8189293674e-02
4.9576162090e-06 1.6770058441e+04 1.5707963268e+00 6.0833031970e-02
5.1731032238e-06 1.6770615329e+04 1.5707963268e+00 6.3476602313e-02
5.3885822046e-06 1.6771196434e+04 1.5707963268e+00 6.6119997085e-02
5.6040528033e-06 1.6771801759e+04 1.5707963268e+00 6.8763208668e-02
5.8195146718e-06 1.6772431302e+04 1.5707963268e+00 7.1406229448e-02
6.0349674623e-06 1.6773085066e+04 1.5707963268e+00 7.4049051812e-02
6.2504108269e-06 1.6773763050e+04 1.5707963268e+00 7.6691668150e-02
6.4658444182e-06 1.6774465256e+04 1.5707963268e+00 7.9334070854e-02
6.6812678885e-06 1.6775191685e+04 1.5707963268e+00 8.1976252317e-02
6.8966808908e-06 1.6775942337e+04 1.5707963268e+00 8.4618204939e-02
7.1120830778e-06 1.6776717214e+04 1.5707963268e+00 8.7259921117e-02
7.3274741028e-06 1.6777516315e+04 1.5707963268e+00 8.9901393255e-02
7.5428536190e-06 1.6778339643e+04 1.5707963268e+00 9.2542613758e-02
7.7582212799e-06 1.6779187198e+04 1.5707963268e+00 9.5183575034e-02
7.9735767391e-06 1.6780058981e+04 1.5707963268e+00 9.7824269495e-02
8.1889196506e-06 1.6780954993e+04 1.5707963268e+00 1.0046468955e-01
8.4042496686e-06 1.6781875235e+04 1.5707963268e+00 1.0310482763e-01
8.6195664472e-06 1.6782819709e+04 1.5707963268e+00 1.0574467615e-01
8.8348696411e-06 1.6783788415e+04 1.5707963268e+00 1.0838422752e-01
9.0501589050e-06 1.6784781355e+04 1.5707963268e+00 1.1102347419e-01
9.2654338940e-06 1.6785798529e+04 1.5707963268e+00 1.1366240857e-01
9.4806942633e-06 1.6786839940e+04 1.5707963268e+00 1.1630102312e-01
9.6959396684e-06 1.6787905587e+04 1.5707963268e+00 1.1893931025e-01
9.9111697651e-06 1.6788995473e+04 1.5707963268e+00 1.2157726243e-01
1.0126384209e-05 1.6790109599e+04 1.5707963268e+00 1.2421487208e-01
1.0341582658e-05 1.6791247966e+04 1.5707963268e+00 1.2685213168e-01
1.0556764766e-05 1.6792410575e+04 1.5707963268e+00 1.2948903366e-01
1.0771930192e-05 1.6793597428e+04 1.5707963268e+00 1.3212557048e-01
1.0987078593e-05 1.6794808526e+04 1.5707963268e+00 1.3476173462e-01
1.1202209625e-05 1.6796043871e+04 1.5707963268e+00 1.3739751853e-01
1.1417322946e-05 1.6797303463e+04 1.5707963268e+00 1.4003291470e-01
1.1632418216e-05 1.6798587305e+04 1.5707963268e+00 1.4266791559e-01
1.1847495091e-05 1.6799895398e+04 1.5707963268e+00 1.4530251368e-01
1.2062553230e-05 1.6801227743e+04 1.5707963268e+00 1.4793670147e-01
1.2277592293e-05 1.6802584343e+04 1.5707963268e+00 1.5057047144e-01
1.2492611938e-05 1.6803965197e+04 1.5707963268e+00 1.5320381608e-01
1.2707611826e-05 1.6805370309e+04 1.5707963268e+00 1.5583672791e-01
1.2922591615e-05 1.6806799680e+04 1.5707963268e+00 1.5846919942e-01
1.3137550967e-05 1.6808253311e+04 1.5707963268e+00 1.6110122312e-01
1.3352489542e-05 1.6809731204e+04 1.5707963268e+00 1.6373279153e-01
1.3567407001e-05 1.6811233361e+04 1.5707963268e+00 1.6636389717e-01
1.3782303005e-05 1.6812759784e+04 1.5707963268e+00 1.6899453256e-01
1.3997177216e-05 1.6814310474e+04 1.5707963268e+00 1.7162469025e-01
1.4212029296e-05 1.6815885432e+04 1.5707963268e+00 1.7425436276e-01
1.4426858907e-05 1.6817484662e+04 1.5707963268e+00 1.7688354264e-01
1.4641665713e-05 1.6819108164e+04 1.5707963268e+00 1.7951222243e-01
1.4856449375e-05 1.6820755940e+04 1.5707963268e+00 1.8214039470e-01
1.5071209559e-05 1.6822427993e+04 1.5707963268e+00 1.8476805201e-01
1.5285945928e-05 1.6824124324e+04 1.5707963268e+00 1.8739518691e-01
1.5500658145e-05 1.6825844935e+04 1.5707963268e+00 1.9002179199e-01
1.5715345877e-05 1.6827589828e+04 1.5707963268e+00 1.9264785981e-01
1.5930008788e-05 1.6829359005e+04 1.5707963268e+00 1.9527338298e-01
1.6144646543e-05 1.6831152468e+04 1.5707963268e+00 1.9789835407e-01
1.6359258810e-05 1.6832970219e+04 1.5707963268e+00 2.0052276569e-01
1.6573845253e-05 1.6834812259e+04 1.5707963268e+00 2.0314661044e-01
1.6788405541e-05 1.6836678592e+04 1.5707963268e+00 2.0576988094e-01
1.7002939340e-05 1.6838569219e+04 1.5707963268e+00 2.0839256979e-01
1.7217446319e-05 1.6840484142e+04 1.5707963268e+00 2.1101466963e-01
1.7431926145e-05 1.6842423363e+04 1.5707963268e+00 2.1363617309e-01
1.7646378487e-05 1.6844386885e+04 1.5707963268e+00 2.1625707280e-01
1.7860803014e-05 1.6846374709e+04 1.5707963268e+00 2.1887736141e-01
1.8075199396e-05 1.6848386838e+04 1.5707963268e+00 2.2149703158e-01
1.8289567303e-05 1.6850423274e+04 1.5707963268e+00 2.2411607596e-01
1.8503906406e-05 1.6852484019e+04 1.5707963268e+00 2.2673448722e-01
1.8718216375e-05 1.6854569075e+04 1.5707963268e+00 2.2935225804e-01
1.8932496882e-05 1.6856678445e+04 1.5707963268e+00 2.3196938110e-01
1.9146747599e-05 1.6858812130e+04 1.5707963268e+00 2.3458584908e-01
1.9360968199e-05 1.6860970134e+04 1.5707963268e+00 2.3720165469e-01
1.9575158354e-05 1.6863152458e+04 1.5707963268e+00 2.3981679063e-01
1.9789317738e-05 1.6865359105e+04 1.5707963268e+00 2.4243124961e-01
2.0003446026e-05 1.6867590078e+04 1.5707963268e+00 2.4504502436e-01
2.0217542891e-05 1.6869845377e+04 1.5707963268e+00 2.4765810760e-01
2.0431608009e-05 1.6872125006e+04 1.5707963268e+00 2.5027049206e-01
2.0645641055e-05 1.6874428968e+04 1.5707963268e+00 2.5288217051e-01
2.0859641706e-05 1.6876757265e+04 1.5707963268e+00 2.5549313568e-01
2.1073609638e-05 1.6879109898e+04 1.5707963268e+00 2.5810338034e-01
2.1287544528e-05 1.6881486871e+04 1.5707963268e+00 2.6071289726e-01
2.1501446055e-05 1.6883888186e+04 1.5707963268e+00 2.6332167922e-01
2.1715313896e-05 1.6886313846e+04 1.5707963268e+00 2.6592971900e-01
2.1929147731e-05 1.6888763852e+04 1.5707963268e+00 2.6853700941e-01
2.2142947238e-05 1.6891238209e+04 1.5707963268e+00 2.7114354324e-01
2.2356712098e-05 1.6893736917e+04 1.5707963268e+00 2.7374931331e-01
2.2570441992e-05 1.6896259980e+04 1.5707963268e+00 2.7635431244e-01
2.2784136600e-05 1.6898807400e+04 1.5707963268e+00 2.7895853346e-01
2.2997795605e-05 1.6901379180e+04 1.5707963268e+00 2.8156196921e-01
2.3211418689e-05 1.6903975322e+04 1.5707963268e+00 2.8416461254e-01
2.3425005534e-05 1.6906595829e+04 1.5707963268e+00 2.8676645632e-01
2.3638555824e-05 1.6909240704e+04 1.5707963268e+00 2.8936749340e-01
2.3852069244e-05 1.6911909949e+04 1.5707963268e+00 2.9196771667e-01
2.4065545478e-05 1.6914603567e+04 1.5707963268e+00 2.9456711901e-01
2.4278984211e-05 1.6917321560e+04 1.5707963268e+00 2.9716569332e-01
2.4492385130e-05 1.6920063932e+04 1.5707963268e+00 2.9976343251e-01
2.4705747921e-05 1.6922830685e+04 1.5707963268e+00 3.0236032948e-01
2.4919072271e-05 1.6925621821e+04 1.5707963268e+00 3.0495637717e-01
2.5132357869e-05 1.6928437344e+04 1.5707963268e+00 3.0755156851e-01
2.5345604402e-05 1.6931277256e+04 1.5707963268e+00 3.1014589645e-01
2.5558811559e-05 1.6934141560e+04 1.5707963268e+00 3.1273935394e-01
2.5771979032e-05 1.6937030258e+04 1.5707963268e+00 3.1533193394e-01
2.5985106509e-05 1.6939943354e+04 1.5707963268e+00 3.1792362944e-01
2.6198193683e-05 1.6942880849e+04 1.5707963268e+00 3.2051443342e-01
2.6411240244e-05 1.6945842748e+04 1.5707963268e+00 3.2310433888e-01
2.6624245886e-05 1.6948829053e+04 1.5707963268e+00 3.2569333882e-01
2.6837210301e-05 1.6951839766e+04 1.5707963268e+00 3.2828142625e-01
2.7050133183e-05 1.6954874890e+04 1.5707963268e+00 3.3086859422e-01
2.7263014227e-05 1.6957934429e+04 1.5707963268e+00 3.3345483575e-01
2.7475853127e-05 1.6961018384e+04 1.5707963268e+00 3.3604014390e-01
2.7688649580e-05 1.6964126760e+04 1.5707963268e+00 3.3862451172e-01
2.7901403282e-05 1.6967259558e+04 1.5707963268e+00 3.4120793229e-01
2.8114113930e-05 1.6970416782e+04 1.5707963268e+00 3.4379039869e-01
2.8326781222e-05 1.6973598434e+04 1.5707963268e+00 3.4637190401e-01
2.8539404857e-05 1.6976804517e+04 1.5707963268e+00 3.4895244136e-01
2.8751984534e-05 1.6980035035e+04 1.5707963268e+00 3.5153200386e-01
2.8964519953e-05 1.6983289990e+04 1.5707963268e+00 3.5411058462e-01
2.9177010814e-05 1.6986569385e+04 1.5707963268e+00 3.5668817679e-01
2.9389456820e-05 1.6989873223e+04 1.5707963268e+00 3.5926477352e-01
2.9601857672e-05 1.6993201507e+04 1.5707963268e+00 3.6184036796e-01
2.9814213073e-05 1.6996554239e+04 1.5707963268e+00 3.6441495330e-01
3.0026522727e-05 1.6999931423e+04 1.5707963268e+00 3.6698852272e-01
3.0238786339e-05 1.7003333062e+04 1.5707963268e+00 3.6956106941e-01
3.0451003613e-05 1.7006759158e+04 1.5707963268e+00 3.7213258658e-01
3.0663174255e-05 1.7010209715e+04 1.5707963268e+00 3.7470306745e-01
3.0875297972e-05 1.7013684736e+04 1.5707963268e+00 3.7727250525e-01
3.1087374471e-05 1.7017184222e+04 1.5707963268e+00 3.7984089323e-01
3.1299403461e-05 1.7020708178e+04 1.5707963268e+00 3.8240822465e-01
3.1511384650e-05 1.7024256607e+04 1.5707963268e+00 3.8497449277e-01
3.1723317748e-05 1.7027829510e+04 1.5707963268e+00 3.8753969087e-01
3.1935202465e-05 1.7031426892e+04 1.5707963268e+00 3.9010381225e-01
3.2147038513e-05 1.7035048755e+04 1.5707963268e+00 3.9266685021e-01
3.2358825604e-05 1.7038695102e+04 1.5707963268e+00 3.9522879807e-01
3.2570563450e-05 1.7042365937e+04 1.5707963268e+00 3.9778964917e-01
3.2782251765e-05 1.7046061261e+04 1.5707963268e+00 4.0034939684e-01
3.2993890263e-05 1.7049781079e+04 1.5707963268e+00 4.0290803444e-01
3.3205478659e-05 1.7053525392e+04 1.5707963268e+00 4.0546555534e-01
3.3417016670e-05 1.7057294205e+04 1.5707963268e+00 4.0802195292e-01
3.3628504012e-05 1.7061087519e+04 1.5707963268e+00 4.1057722058e-01
3.3839940402e-05 1.7064905339e+04 1.5707963268e+00 4.1313135173e-01
3.4051325559e-05 1.7068747666e+04 1.5707963268e+00 4.1568433978e-01
3.4262659202e-05 1.7072614504e+04 1.5707963268e+00 4.1823617817e-01
3.4473941051e-05 1.7076505856e+04 1.5707963268e+00 4.2078686035e-01
3.4685170827e-05 1.7080421725e+04 1.5707963268e+00 4.2333637978e-01
3.4896348252e-05 1.7084362114e+04 1.5707963268e+00 4.2588472994e-01
3.5107473047e-05 1.7088327025e+04 1.5707963268e+00 4.2843190430e-01
3.5318544937e-05 1.7092316462e+04 1.5707963268e+00 4.3097789637e-01
3.5529563644e-05 1.7096330428e+04 1.5707963268e+00 4.3352269967e-01
3.5740528895e-05 1.7100368926e+04 1.5707963268e+00 4.3606630773e-01
3.5951440415e-05 1.7104431958e+04 1.5707963268e+00 4.3860871408e-01
3.6162297930e-05 1.7108519527e+04 1.5707963268e+00 4.4114991229e-01
3.6373101168e-05 1.7112631637e+04 1.5707963268e+00 4.4368989592e-01
3.6583849858e-05 1.7116768290e+04 1.5707963268e+00 4.4622865855e-01
3.6794543728e-05 1.7120929490e+04 1.5707963268e+00 4.4876619379e-01
3.7005182508e-05 1.7125115239e+04 1.5707963268e+00 4.5130249525e-01
3.7215765930e-05 1.7129325540e+04 1.5707963268e+00 4.5383755655e-01
3.7426293725e-05 1.7133560396e+04 1.5707963268e+00 4.5637137133e-01
3.7636765626e-05 1.7137819810e+04 1.5707963268e+00 4.5890393326e-01
3.7847181366e-05 1.7142103785e+04 1.5707963268e+00 4.6143523598e-01
3.8057540680e-05 1.7146412324e+04 1.5707963268e+00 4.6396527320e-01
3.8267843302e-05 1.7150745430e+04 1.5707963268e+00 4.6649403861e-01
3.8478088970e-05 1.7155103105e+04 1.5707963268e+00 4.6902152592e-01
3.8688277419e-05 1.7159485352e+04 1.5707963268e+00 4.7154772885e-01
3.8898408388e-05 1.7163892175e+04 1.5707963268e+00 4.7407264116e-01
3.9108481616e-05 1.7168323575e+04 1.5707963268e+00 4.7659625659e-01
3.9318496841e-05 1.7172779557e+04 1.5707963268e+00 4.7911856892e-01
3.9528453806e-05 1.7177260123e+04 1.5707963268e+00 4.8163957194e-01
3.9738352251e-05 1.7181765275e+04 1.5707963268e+00 4.8415925944e-01
3.9948191918e-05 1.7186295016e+04 1.5707963268e+00 4.8667762524e-01
4.0157972551e-05 1.7190849350e+04 1.5707963268e+00 4.8919466318e-01
4.0367693894e-05 1.7195428279e+04 1.5707963268e+00 4.9171036709e-01
4.0577355692e-05 1.7200031805e+04 1.5707963268e+00 4.9422473085e-01
4.0786957691e-05 1.7204659933e+04 1.5707963268e+00 4.9673774833e-01
4.0996499637e-05 1.7209312663e+04 1.5707963268e+00 4.9924941342e-01
4.1205981279e-05 1.7213989999e+04 1.5707963268e+00 5.0175972002e-01
4.1415402366e-05 1.7218691945e+04 1.5707963268e+00 5.0426866207e-01
4.1624762647e-05 1.7223418501e+04 1.5707963268e+00 5.0677623350e-01
4.1834061872e-05 1.7228169672e+04 1.5707963268e+00 5.0928242827e-01
4.2043299793e-05 1.7232945460e+04 1.5707963268e+00 5.1178724034e-01
4.2252476162e-05 1.7237745867e+04 1.5707963268e+00 5.1429066371e-01
4.2461590734e-05 1.7242570897e+04 1.5707963268e+00 5.1679269236e-01
4.2670643261e-05 1.7247420551e+04 1.5707963268e+00 5.1929332033e-01
4.2879633500e-05 1.7252294833e+04 1.5707963268e+00 5.2179254164e-01
4.3088561206e-05 1.7257193745e+04 1.5707963268e+00 5.2429035035e-01
4.3297426136e-05 1.7262117289e+04 1.5707963268e+00 5.2678674052e-01
4.3506228050e-05 1.7267065469e+04 1.5707963268e+00 5.2928170622e-01
4.3714966704e-05 1.7272038286e+04 1.5707963268e+00 5.3177524156e-01
4.3923641861e-05 1.7277035744e+04 1.5707963268e+00 5.3426734066e-01
4.4132253280e-05 1.7282057845e+04 1.5707963268e+00 5.3675799764e-01
4.4340800722e-05 1.7287104591e+04 1.5707963268e+00 5.3924720664e-01
4.4549283952e-05 1.7292175985e+04 1.5707963268e+00 5.4173496184e-01
4.4757702733e-05 1.7297272029e+04 1.5707963268e+00 5.4422125740e-01
4.4966056830e-05 1.7302392726e+04 1.5707963268e+00 5.4670608754e-01
4.5174346007e-05 1.7307538078e+04 1.5707963268e+00 5.4918944645e-01
4.5382570032e-05 1.7312708088e+04 1.5707963268e+00 5.5167132836e-01
4.5590728673e-05 1.7317902758e+04 1.5707963268e+00 5.5415172753e-01
4.5798821698e-05 1.7323122090e+04 1.5707963268e+00 5.5663063822e-01
4.6006848876e-05 1.7328366087e+04 1.5707963268e+00 5.5910805470e-01
4.6214809978e-05 1.7333634751e+04 1.5707963268e+00 5.6158397127e-01
4.6422704776e-05 1.7338928084e+04 1.5707963268e+00 5.6405838224e-01
4.6630533042e-05 1.7344246089e+04 1.5707963268e+00 5.6653128194e-01
4.6838294549e-05 1.7349588768e+04 1.5707963268e+00 5.6900266472e-01
4.7045989073e-05 1.7354956123e+04 1.5707963268e+00 5.7147252495e-01
4.7253616387e-05 1.7360348156e+04 1.5707963268e+00 5.7394085699e-01
4.7461176269e-05 1.7365764870e+04 1.5707963268e+00 5.7640765526e-01
4.7668668497e-05 1.7371206267e+04 1.5707963268e+00 5.7887291417e-01
4.7876092847e-05 1.7376672348e+04 1.5707963268e+00 5.8133662815e-01
4.8083449101e-05 1.7382163116e+04 1.5707963268e+00 5.8379879164e-01
4.8290737037e-05 1.7387678573e+04 1.5707963268e+00 5.8625939912e-01
4.8497956438e-05 1.7393218722e+04 1.5707963268e+00 5.8871844508e-01
4.8705107086e-05 1.7398783563e+04 1.5707963268e+00 5.9117592400e-01
4.8912188764e-05 1.7404373100e+04 1.5707963268e+00 5.9363183042e-01
4.9119201256e-05 1.7409987333e+04 1.5707963268e+00 5.9608615887e-01
4.9326144348e-05 1.7415626266e+04 1.5707963268e+00 5.9853890390e-01
4.9533017826e-05 1.7421289900e+04 1.5707963268e+00 6.0099006009e-01
4.9739821477e-05 1.7426978237e+04 1.5707963268e+00 6.0343962203e-01
4.9946555090e-05 1.7432691278e+04 1.5707963268e+00 6.0588758433e-01
5.0153218454e-05 1.7438429027e+04 1.5707963268e+00 6.0833394160e-01
5.0359811360e-05 1.7444191483e+04 1.5707963268e+00 6.1077868850e-01
5.0566333598e-05 1.7449978650e+04 1.5707963268e+00 6.1322181969e-01
5.0772784961e-05 1.7455790529e+04 1.5707963268e+00 6.1566332985e-01
5.0979165242e-05 1.7461627122e+04 1.5707963268e+00 6.1810321367e-01
5.1185474236e-05 1.7467488430e+04 1.5707963268e+00 6.2054146587e-01
5.1391711738e-05 1.7473374455e+04 1.5707963268e+00 6.2297808118e-01
5.1597877545e-05 1.7479285200e+04 1.5707963268e+00 6.2541305436e-01
5.1803971453e-05 1.7485220664e+04 1.5707963268e+00 6.2784638017e-01
5.2009993262e-05 1.7491180850e+04 1.5707963268e+00 6.3027805341e-01
5.2215942770e-05 1.7497165760e+04 1.5707963268e+00 6.3270806889e-01
5.2421819779e-05 1.7503175395e+04 1.5707963268e+00 6.3513642141e-01
5.2627624089e-05 1.7509209756e+04 1.5707963268e+00 6.3756310584e-01
5.2833355504e-05 1.7515268846e+04 1.5707963268e+00 6.3998811703e-01
5.3039013826e-05 1.7521352664e+04 1.5707963268e+00 6.4241144986e-01
5.3244598861e-05 1.7527461213e+04 1.5707963268e+00 6.4483309923e-01
5.3450110413e-05 1.7533594495e+04 1.5707963268e+00 6.4725306006e-01
5.3655548289e-05 1.7539752509e+04 1.5707963268e+00 6.4967132729e-01
5.3860912298e-05 1.7545935259e+04 1.5707963268e+00 6.5208789587e-01
5.4066202247e-05 1.7552142744e+04 1.5707963268e+00 6.5450276076e-01
5.4271417947e-05 1.7558374966e+04 1.5707963268e+00 6.5691591698e-01
5.4476559207e-05 1.7564631927e+04 1.5707963268e+00 6.5932735952e-01
5.4681625840e-05 1.7570913627e+04 1.5707963268e+00 6.6173708341e-01
5.4886617658e-05 1.7577220067e+04 1.5707963268e+00 6.6414508371e-01
5.5091534476e-05 1.7583551249e+04 1.5707963268e+00 6.6655135548e-01
5.5296376107e-05 1.7589907174e+04 1.5707963268e+00 6.6895589381e-01
5.5501142369e-05 1.7596287842e+04 1.5707963268e+00 6.7135869380e-01
5.5705833077e-05 1.7602693255e+04 1.5707963268e+00 6.7375975058e-01
5.5910448049e-05 1.7609123413e+04 1.5707963268e+00 6.7615905930e-01
5.6114987106e-05 1.7615578317e+04 1.5707963268e+00 6.7855661510e-01
5.6319450065e-05 1.7622057969e+04 1.5707963268e+00 6.8095241318e-01
5.6523836749e-05 1.7628562368e+04 1.5707963268e+00 6.8334644874e-01
5.6728146980e-05 1.7635091516e+04 1.5707963268e+00 6.8573871699e-01
5.6932380580e-05 1.7641645413e+04 1.5707963268e+00 6.8812921318e-01
5.7136537373e-05 1.7648224061e+04 1.5707963268e+00 6.9051793257e-01
5.7340617186e-05 1.7654827459e+04 1.5707963268e+00 6.9290487042e-01
5.7544619843e-05 1.7661455608e+04 1.5707963268e+00 6.9529002205e-01
5.7748545173e-05 1.7668108509e+04 1.5707963268e+00 6.9767338276e-01
5.7952393003e-05 1.7674786163e+04 1.5707963268e+00 7.0005494789e-01
5.8156163163e-05 1.7681488569e+04 1.5707963268e+00 7.0243471280e-01
5.8359855482e-05 1.7688215729e+04 1.5707963268e+00 7.0481267286e-01
5.8563469793e-05 1.7694967642e+04 1.5707963268e+00 7.0718882347e-01
5.8767005928e-05 1.7701744309e+04 1.5707963268e+00 7.0956316004e-01
5.8970463720e-05 1.7708545730e+04 1.5707963268e+00 7.1193567800e-01
5.9173843003e-05 1.7715371906e+04 1.5707963268e+00 7.1430637281e-01
5.9377143614e-05 1.7722222836e+04 1.5707963268e+00 7.1667523994e-01
5.9580365388e-05 1.7729098522e+04 1.5707963268e+00 7.1904227488e-01
5.9783508164e-05 1.7735998962e+04 1.5707963268e+00 7.2140747314e-01
5.9986571779e-05 1.7742924157e+04 1.5707963268e+00 7.2377083027e-01
6.0189556074e-05 1.7749874108e+04 1.5707963268e+00 7.2613234179e-01
6.0392460889e-05 1.7756848813e+04 1.5707963268e+00 7.2849200330e-01
6.0595286066e-05 1.7763848274e+04 1.5707963268e+00 7.3084981038e-01
6.0798031448e-05 1.7770872489e+04 1.5707963268e+00 7.3320575864e-01
6.1000696878e-05 1.7777921460e+04 1.5707963268e+00 7.3555984372e-01
6.1203282201e-05 1.7784995184e+04 1.5707963268e+00 7.3791206126e-01
6.1405787264e-05 1.7792093664e+04 1.5707963268e+00 7.4026240693e-01
6.1608211913e-05 1.7799216897e+04 1.5707963268e+00 7.4261087642e-01
6.1810555996e-05 1.7806364883e+04 1.5707963268e+00 7.4495746546e-01
6.2012819362e-05 1.7813537624e+04 1.5707963268e+00 7.4730216976e-01
6.2215001861e-05 1.7820735117e+04 1.5707963268e+00 7.4964498508e-01
6.2417103344e-05 1.7827957362e+04 1.5707963268e+00 7.5198590718e-01
6.2619123663e-05 1.7835204359e+04 1.5707963268e+00 7.5432493187e-01
6.2821062672e-05 1.7842476107e+04 1.5707963268e+00 7.5666205494e-01
6.3022920225e-05 1.7849772606e+04 1.5707963268e+00 7.5899727224e-01
6.3224696176e-05 1.7857093855e+04 1.5707963268e+00 7.6133057961e-01
6.3426390382e-05 1.7864439854e+04 1.5707963268e+00 7.6366197293e-01
6.3628002700e-05 1.7871810600e+04 1.5707963268e+00 7.6599144808e-01
6.3829532989e-05 1.7879206094e+04 1.5707963268e+00 7.6831900098e-01
6.4030981108e-05 1.7886626335e+04 1.5707963268e+00 7.7064462757e-01
6.4232346917e-05 1.7894071322e+04 1.5707963268e+00 7.7296832378e-01
6.4433630278e-05 1.7901541054e+04 1.5707963268e+00 7.7529008561e-01
6.4634831053e-05 1.7909035529e+04 1.5707963268e+00 7.7760990903e-01
6.4835949105e-05 1.7916554747e+04 1.5707963268e+00 7.7992779007e-01
6.5036984300e-05 1.7924098706e+04 1.5707963268e+00 7.8224372475e-01
6.5237936502e-05 1.7931667406e+04 1.5707963268e+00 7.8455770913e-01
6.5438805578e-05 1.7939260845e+04 1.5707963268e+00 7.8686973929e-01
6.5639591396e-05 1.7946879022e+04 1.5707963268e+00 7.8917981132e-01
6.5840293824e-05 1.7954521935e+04 1.5707963268e+00 7.9148792134e-01
6.6040912732e-05 1.7962189583e+04 1.5707963268e+00 7.9379406548e-01
6.6241447991e-05 1.7969881965e+04 1.5707963268e+00 7.9609823990e-01
6.6441899471e-05 1.7977599079e+04 1.5707963268e+00 7.9840044077e-01
6.6642267047e-05 1.7985340924e+04 1.5707963268e+00 8.0070066430e-01
6.6842550592e-05 1.7993107497e+04 1.5707963268e+00 8.0299890669e-01
6.7042749980e-05 1.8000898798e+04 1.5707963268e+00 8.0529516420e-01
6.7242865087e-05 1.8008714824e+04 1.5707963268e+00 8.0758943307e-01
6.7442895790e-05 1.8016555574e+04 1.5707963268e+00 8.0988170960e-01
6.7642841967e-05 1.8024421045e+04 1.5707963268e+00 8.1217199007e-01
6.7842703497e-05 1.8032311237e+04 1.5707963268e+00 8.1446027081e-01
6.8042480259e-05 1.8040226147e+04 1.5707963268e+00 8.1674654816e-01
6.8242172134e-05 1.8048165773e+04 1.5707963268e+00 8.1903081848e-01
6.8441779005e-05 1.8056130112e+04 1.5707963268e+00 8.2131307815e-01
6.8641300754e-05 1.8064119164e+04 1.5707963268e+00 8.2359332358e-01
6.8840737264e-05 1.8072132925e+04 1.5707963268e+00 8.2587155120e-01
6.9040088422e-05 1.8080171394e+04 1.5707963268e+00 8.2814775744e-01
6.9239354113e-05 1.8088234567e+04 1.5707963268e+00 8.3042193877e-01
6.9438534223e-05 1.8096322444e+04 1.5707963268e+00 8.3269409167e-01
6.9637628641e-05 1.8104435021e+04 1.5707963268e+00 8.3496421267e-01
6.9836637256e-05 1.8112572296e+04 1.5707963268e+00 8.3723229827e-01
7.0035559958e-05 1.8120734266e+04 1.5707963268e+00 8.3949834503e-01
7.0234396637e-05 1.8128920929e+04 1.5707963268e+00 8.4176234951e-01
7.0433147186e-05 1.8137132282e+04 1.5707963268e+00 8.4402430832e-01
7.0631811497e-05 1.8145368323e+04 1.5707963268e+00 8.4628421805e-01
7.0830389465e-05 1.8153629048e+04 1.5707963268e+00 8.4854207534e-01
7.1028880985e-05 1.8161914455e+04 1.5707963268e+00 8.5079787684e-01
7.1227285952e-05 1.8170224542e+04 1.5707963268e+00 8.5305161921e-01
7.1425604263e-05 1.8178559304e+04 1.5707963268e+00 8.5530329917e-01
7.1623835817e-05 1.8186918739e+04 1.5707963268e+00 8.5755291341e-01
7.1821980512e-05 1.8195302845e+04 1.5707963268e+00 8.5980045868e-01
7.2020038249e-05 1.8203711617e+04 1.5707963268e+00 8.6204593173e-01
7.2218008928e-05 1.8212145053e+04 1.5707963268e+00 8.6428932933e-01
7.2415892451e-05 1.8220603149e+04 1.5707963268e+00 8.6653064828e-01
7.2613688721e-05 1.8229085903e+04 1.5707963268e+00 8.6876988541e-01
7.2811397643e-05 1.8237593311e+04 1.5707963268e+00 8.7100703754e-01
7.3009019120e-05 1.8246125369e+04 1.5707963268e+00 8.7324210154e-01
7.3206553059e-05 1.8254682073e+04 1.5707963268e+00 8.7547507429e-01
7.3403999367e-05 1.8263263421e+04 1.5707963268e+00 8.7770595269e-01
7.3601357951e-05 1.8271869409e+04 1.5707963268e+00 8.7993473367e-01
7.3798628721e-05 1.8280500033e+04 1.5707963268e+00 8.8216141415e-01
7.3995811586e-05 1.8289155290e+04 1.5707963268e+00 8.8438599112e-01
7.4192906457e-05 1.8297835174e+04 1.5707963268e+00 8.8660846154e-01
7.4389913245e-05 1.8306539684e+04 1.5707963268e+00 8.8882882244e-01
7.4586831864e-05 1.8315268814e+04 1.5707963268e+00 8.9104707082e-01
7.4783662227e-05 1.8324022561e+04 1.5707963268e+00 8.9326320375e-01
7.4980404248e-05 1.8332800921e+04 1.5707963268e+00 8.9547721828e-01
7.5177057844e-05 1.8341603890e+04 1.5707963268e+00 8.9768911151e-01
7.5373622931e-05 1.8350431463e+04 1.5707963268e+00 8.9989888054e-01
7.5570099426e-05 1.8359283636e+04 1.5707963268e+00 9.0210652251e-01
7.5766487249e-05 1.8368160405e+04 1.5707963268e+00 9.0431203456e-01
7.5962786317e-05 1.8377061765e+04 1.5707963268e+00 9.0651541387e-01
7.6158996553e-05 1.8385987713e+04 1.5707963268e+00 9.0871665763e-01
7.6355117877e-05 1.8394938243e+04 1.5707963268e+00 9.1091576305e-01
7.6551150212e-05 1.8403913351e+04 1.5707963268e+00 9.1311272736e-01
7.6747093481e-05 1.8412913033e+04 1.5707963268e+00 9.1530754783e-01
7.6942947608e-05 1.8421937284e+04 1.5707963268e+00 9.1750022172e-01
7.7138712518e-05 1.8430986098e+04 1.5707963268e+00 9.1969074633e-01
7.7334388138e-05 1.8440059472e+04 1.5707963268e+00 9.2187911898e-01
7.7529974394e-05 1.8449157400e+04 1.5707963268e+00 9.2406533701e-01
7.7725471215e-05 1.8458279877e+04 1.5707963268e+00 9.2624939777e-01
7.7920878530e-05 1.8467426899e+04 1.5707963268e+00 9.2843129865e-01
7.8116196269e-05 1.8476598459e+04 1.5707963268e+00 9.3061103703e-01
7.8311424361e-05 1.8485794554e+04 1.5707963268e+00 9.3278861035e-01
7.8506562740e-05 1.8495015178e+04 1.5707963268e+00 9.3496401605e-01
7.8701611338e-05 1.8504260325e+04 1.5707963268e+00 9.3713725158e-01
7.8896570088e-05 1.8513529991e+04 1.5707963268e+00 9.3930831443e-01
7.9091438925e-05 1.8522824169e+04 1.5707963268e+00 9.4147720211e-01
7.9286217785e-05 1.8532142855e+04 1.5707963268e+00 9.4364391213e-01
7.9480906604e-05 1.8541486042e+04 1.5707963268e+00 9.4580844204e-01
7.9675505320e-05 1.8550853726e+04 1.5707963268e+00 9.4797078941e-01
7.9870013869e-05 1.8560245900e+04 1.5707963268e+00 9.5013095181e-01
8.0064432193e-05 1.8569662559e+04 1.5707963268e+00 9.5228892687e-01
8.0258760231e-05 1.8579103697e+04 1.5707963268e+00 9.5444471220e-01
8.0452997923e-05 1.8588569309e+04 1.5707963268e+00 9.5659830546e-01
8.0647145213e-05 1.8598059387e+04 1.5707963268e+00 9.5874970430e-01
8.0841202042e-05 1.8607573926e+04 1.5707963268e+00 9.6089890643e-01
8.1035168354e-05 1.8617112920e+04 1.5707963268e+00 9.6304590954e-01
8.1229044094e-05 1.8626676364e+04 1.5707963268e+00 9.6519071138e-01
8.1422829208e-05 1.8636264249e+04 1.5707963268e+00 9.6733330968e-01
8.1616523642e-05 1.8645876572e+04 1.5707963268e+00 9.6947370222e-01
8.1810127344e-05 1.8655513324e+04 1.5707963268e+00 9.7161188680e-01
8.2003640260e-05 1.8665174500e+04 1.5707963268e+00 9.7374786122e-01
8.2197062342e-05 1.8674860093e+04 1.5707963268e+00 9.7588162331e-01
8.2390393538e-05 1.8684570096e+04 1.5707963268e+00 9.7801317093e-01
8.2583633800e-05 1.8694304504e+04 1.5707963268e+00 9.8014250195e-01
8.2776783080e-05 1.8704063308e+04 1.5707963268e+00 9.8226961427e-01
8.2969841329e-05 1.8713846504e+04 1.5707963268e+00 9.8439450580e-01
8.3162808502e-05 1.8723654082e+04 1.5707963268e+00 9.8651717447e-01
8.3355684553e-05 1.8733486038e+04 1.5707963268e+00 9.8863761823e-01
8.3548469438e-05 1.8743342363e+04 1.5707963268e+00 9.9075583507e-01
8.3741163112e-05 1.8753223051e+04 1.5707963268e+00 9.9287182298e-01
8.3933765533e-05 1.8763128095e+04 1.5707963268e+00 9.9498557997e-01
8.4126276658e-05 1.8773057487e+04 1.5707963268e+00 9.9709710408e-01
8.4318696447e-05 1.8783011220e+04 1.5707963268e+00 9.9920639337e-01
8.4511024858e-05 1.8792989288e+04 1.5707963268e+00 1.0013134459e+00
8.4703261853e-05 1.8802991681e+04 1.5707963268e+00 1.0034182598e+00
8.4895407393e-05 1.8813018394e+04 1.5707963268e+00 1.0055208331e+00
8.5087461440e-05 1.8823069418e+04 1.5707963268e+00 1.0076211641e+00
8.5279423957e-05 1.8833144747e+04 1.5707963268e+00 1.0097192508e+00
8.5471294908e-05 1.8843244371e+04 1.5707963268e+00 1.0118150914e+00
8.5663074258e-05 1.8853368285e+04 1.5707963268e+00 1.0139086842e+00
8.5854761973e-05 1.8863516479e+04 1.5707963268e+00 1.0160000274e+00
8.6046358019e-05 1.8873688945e+04 1.5707963268e+00 1.0180891191e+00
8.6237862362e-05 1.8883885677e+04 1.5707963268e+00 1.0201759576e+00
8.6429274973e-05 1.8894106666e+04 1.5707963268e+00 1.0222605413e+00
8.6620595818e-05 1.8904351904e+04 1.5707963268e+00 1.0243428684e+00
8.6811824869e-05 1.8914621382e+04 1.5707963268e+00 1.0264229373e+00
8.7002962096e-05 1.8924915093e+04 1.5707963268e+00 1.0285007462e+00
8.7194007470e-05 1.8935233028e+04 1.5707963268e+00 1.0305762935e+00
8.7384960964e-05 1.8945575180e+04 1.5707963268e+00 1.0326495777e+00
8.7575822550e-05 1.8955941538e+04 1.5707963268e+00 1.0347205970e+00
8.7766592204e-05 1.8966332096e+04 1.5707963268e+00 1.0367893500e+00
8.7957269898e-05 1.8976746844e+04 1.5707963268e+00 1.0388558350e+00
8.8147855610e-05 1.8987185774e+04 1.5707963268e+00 1.0409200506e+00
8.8338349315e-05 1.8997648877e+04 1.5707963268e+00 1.0429819951e+00
8.8528750991e-05 1.9008136144e+04 1.5707963268e+00 1.0450416671e+00
8.8719060615e-05 1.9018647567e+04 1.5707963268e+00 1.0470990651e+00
8.8909278166e-05 1.9029183136e+04 1.5707963268e+00 1.0491541877e+00
8.9099403625e-05 1.9039742843e+04 1.5707963268e+00 1.0512070333e+00
8.9289436971e-05 1.9050326679e+04 1.5707963268e+00 1.0532576006e+00
8.9479378186e-05 1.9060934634e+04 1.5707963268e+00 1.0553058882e+00
8.9669227251e-05 1.9071566699e+04 1.5707963268e+00 1.0573518946e+00
8.9858984150e-05 1.9082222865e+04 1.5707963268e+00 1.0593956186e+00
9.0048648865e-05 1.9092903123e+04 1.5707963268e+00 1.0614370586e+00
9.0238221382e-05 1.9103607463e+04 1.5707963268e+00 1.0634762136e+00
9.0427701686e-05 1.9114335876e+04 1.5707963268e+00 1.0655130820e+00
9.0617089761e-05 1.9125088352e+04 1.5707963268e+00 1.0675476626e+00
9.0806385596e-05 1.9135864882e+04 1.5707963268e+00 1.0695799542e+00
9.0995589177e-05 1.9146665455e+04 1.5707963268e+00 1.0716099556e+00
9.1184700492e-05 1.9157490063e+04 1.5707963268e+00 1.0736376653e+00
9.1373719532e-05 1.9168338696e+04 1.5707963268e+00 1.0756630824e+00
9.1562646285e-05 1.9179211343e+04 1.5707963268e+00 1.0776862055e+00
9.1751480742e-05 1.9190107994e+04 1.5707963268e+00 1.0797070335e+00
9.1940222894e-05 1.9201028640e+04 1.5707963268e+00 1.0817255652e+00
9.2128872733e-05 1.9211973271e+04 1.5707963268e+00 1.0837417996e+00
9.2317430253e-05 1.9222941875e+04 1.5707963268e+00 1.0857557354e+00
9.2505895446e-05 1.9233934444e+04 1.5707963268e+00 1.0877673716e+00
9.2694268307e-05 1.9244950967e+04 1.5707963268e+00 1.0897767071e+00
9.2882548831e-05 1.9255991433e+04 1.5707963268e+00 1.0917837409e+00
9.3070737013e-05 1.9267055831e+04 1.5707963268e+00 1.0937884719e+00
9.3258832851e-05 1.9278144153e+04 1.5707963268e+00 1.0957908990e+00
9.3446836341e-05 1.9289256386e+04 1.5707963268e+00 1.0977910214e+00
9.3634747482e-05 1.9300392520e+04 1.5707963268e+00 1.0997888379e+00
9.3822566272e-05 1.9311552545e+04 1.5707963268e+00 1.1017843476e+00
9.4010292711e-05 1.9322736450e+04 1.5707963268e+00 1.1037775497e+00
9.4197926798e-05 1.9333944223e+04 1.5707963268e+00 1.1057684431e+00
9.4385468535e-05 1.9345175854e+04 1.5707963268e+00 1.1077570269e+00
9.4572917923e-05 1.9356431332e+04 1.5707963268e+00 1.1097433003e+00
9.4760274965e-05 1.9367710646e+04 1.5707963268e+00 1.1117272623e+00
9.4947539664e-05 1.9379013785e+04 1.5707963268e+00 1.1137089122e+00
9.5134712023e-05 1.9390340738e+04 1.5707963268e+00 1.1156882491e+00
9.5321792046e-05 1.9401691492e+04 1.5707963268e+00 1.1176652721e+00
9.5508779740e-05 1.9413066038e+04 1.5707963268e+00 1.1196399806e+00
9.5695675109e-05 1.9424464363e+04 1.5707963268e+00 1.1216123736e+00
9.5882478161e-05 1.9435886456e+04 1.5707963268e+00 1.1235824504e+00
9.6069188903e-05 1.9447332305e+04 1.5707963268e+00 1.1255502104e+00
9.6255807342e-05 1.9458801900e+04 1.5707963268e+00 1.1275156526e+00
9.6442333487e-05 1.9470295227e+04 1.5707963268e+00 1.1294787766e+00
9.6628767348e-05 1.9481812276e+04 1.5707963268e+00 1.1314395815e+00
9.6815108934e-05 1.9493353035e+04 1.5707963268e+00 1.1333980667e+00
9.7001358256e-05 1.9504917491e+04 1.5707963268e+00 1.1353542315e+00
9.7187515326e-05 1.9516505634e+04 1.5707963268e+00 1.1373080754e+00
9.7373580156e-05 1.9528117450e+04 1.5707963268e+00 1.1392595976e+00
9.7559552757e-05 1.9539752927e+04 1.5707963268e+00 1.1412087976e+00
9.7745433145e-05 1.9551412055e+04 1.5707963268e+00 1.1431556749e+00
9.7931221332e-05 1.9563094819e+04 1.5707963268e+00 1.1451002288e+00
9.8116917334e-05 1.9574801209e+04 1.5707963268e+00 1.1470424587e+00
9.8302521165e-05 1.9586531211e+04 1.5707963268e+00 1.1489823643e+00
9.8488032842e-05 1.9598284814e+04 1.5707963268e+00 1.1509199449e+00
9.8673452381e-05 1.9610062004e+04 1.5707963268e+00 1.1528552001e+00
9.8858779801e-05 1.9621862769e+04 1.5707963268e+00 1.1547881294e+00
9.9044015117e-05 1.9633687098e+04 1.5707963268e+00 1.1567187323e+00
9.9229158351e-05 1.9645534975e+04 1.5707963268e+00 1.1586470084e+00
9.9414209520e-05 1.9657406390e+04 1.5707963268e+00 1.1605729573e+00
9.9599168644e-05 1.9669301330e+04 1.5707963268e+00 1.1624965786e+00
9.9784035744e-05 1.9681219780e+04 1.5707963268e+00 1.1644178718e+00
9.9968810842e-05 1.9693161730e+04 1.5707963268e+00 1.1663368367e+00
1.0015349396e-04 1.9705127164e+04 1.5707963268e+00 1.1682534728e+00
1.0033808512e-04 1.9717116071e+04 1.5707963268e+00 1.1701677799e+00
1.0052258434e-04 1.9729128437e+04 1.5707963268e+00 1.1720797576e+00
1.0070699165e-04 1.9741164249e+04 1.5707963268e+00 1.1739894055e+00
1.0089130707e-04 1.9753223493e+04 1.5707963268e+00 1.1758967236e+00
1.0107553063e-04 1.9765306157e+04 1.5707963268e+00 1.1778017113e+00
1.0125966235e-04 1.9777412227e+04 1.5707963268e+00 1.1797043686e+00
1.0144370227e-04 1.9789541689e+04 1.5707963268e+00 1.1816046952e+00
1.0162765039e-04 1.9801694530e+04 1.5707963268e+00 1.1835026908e+00
1.0181150676e-04 1.9813870736e+04 1.5707963268e+00 1.1853983553e+00
1.0199527141e-04 1.9826070293e+04 1.5707963268e+00 1.1872916885e+00
1.0217894435e-04 1.9838293189e+04 1.5707963268e+00 1.1891826902e+00
1.0236252562e-04 1.9850539408e+04 1.5707963268e+00 1.1910713603e+00
1.0254601524e-04 1.9862808938e+04 1.5707963268e+00 1.1929576986e+00
1.0272941326e-04 1.9875101763e+04 1.5707963268e+00 1.1948417050e+00
1.0291271969e-04 1.9887417871e+04 1.5707963268e+00 1.1967233795e+00
1.0309593458e-04 1.9899757247e+04 1.5707963268e+00 1.1986027219e+00
1.0327905795e-04 1.9912119876e+04 1.5707963268e+00 1.2004797322e+00
1.0346208983e-04 1.9924505746e+04 1.5707963268e+00 1.2023544103e+00
1.0364503027e-04 1.9936914841e+04 1.5707963268e+00 1.2042267562e+00
1.0382787928e-04 1.9949347147e+04 1.5707963268e+00 1.2060967699e+00
1.0401063692e-04 1.9961802649e+04 1.5707963268e+00 1.2079644514e+00
1.0419330320e-04 1.9974281335e+04 1.5707963268e+00 1.2098298007e+00
1.0437587817e-04 1.9986783187e+04 1.5707963268e+00 1.2116928178e+00
1.0455836187e-04 1.9999308194e+04 1.5707963268e+00 1.2135535029e+00
1.0474075432e-04 2.0011856338e+04 1.5707963268e+00 1.2154118558e+00
1.0492305557e-04 2.0024427607e+04 1.5707963268e+00 1.2172678768e+00
1.0510526566e-04 2.0037021984e+04 1.5707963268e+00 1.2191215660e+00
1.0528738462e-04 2.0049639456e+04 1.5707963268e+00 1.2209729233e+00
1.0546941249e-04 2.0062280007e+04 1.5707963268e+00 1.2228219491e+00
1.0565134931e-04 2.0074943623e+04 1.5707963268e+00 1.2246686433e+00
1.0583319512e-04 2.0087630288e+04 1.5707963268e+00 1.2265130062e+00
1.0601494996e-04 2.0100339987e+04 1.5707963268e+00 1.2283550380e+00
1.0619661388e-04 2.0113072706e+04 1.5707963268e+00 1.2301947389e+00
1.0637818690e-04 2.0125828428e+04 1.5707963268e+00 1.2320321089e+00
1.0655966909e-04 2.0138607139e+04 1.5707963268e+00 1.2338671485e+00
1.0674106047e-04 2.0151408824e+04 1.5707963268e+00 1.2356998578e+00
1.0692236109e-04 2.0164233467e+04 1.5707963268e+00 1.2375302370e+00
1.0710357100e-04 2.0177081052e+04 1.5707963268e+00 1.2393582865e+00
1.0728469023e-04 2.0189951564e+04 1.5707963268e+00 1.2411840066e+00
1.0746571884e-04 2.0202844988e+04 1.5707963268e+00 1.2430073974e+00
1.0764665686e-04 2.0215761307e+04 1.5707963268e+00 1.2448284594e+00
1.0782750435e-04 2.0228700507e+04 1.5707963268e+00 1.2466471929e+00
1.0800826135e-04 2.0241662571e+04 1.5707963268e+00 1.2484635981e+00
1.0818892790e-04 2.0254647484e+04 1.5707963268e+00 1.2502776756e+00
1.0836950406e-04 2.0267655230e+04 1.5707963268e+00 1.2520894256e+00
1.0854998987e-04 2.0280685792e+04 1.5707963268e+00 1.2538988486e+00
1.0873038538e-04 2.0293739155e+04 1.5707963268e+00 1.2557059449e+00
1.0891069063e-04 2.0306815303e+04 1.5707963268e+00 1.2575107151e+00
1.0909090568e-04 2.0319914220e+04 1.5707963268e+00 1.2593131594e+00
1.0927103058e-04 2.0333035889e+04 1.5707963268e+00 1.2611132784e+00
1.0945106537e-04 2.0346180295e+04 1.5707963268e+00 1.2629110725e+00
1.0963101011e-04 2.0359347421e+04 1.5707963268e+00 1.2647065422e+00
1.0981086484e-04 2.0372537250e+04 1.5707963268e+00 1.2664996881e+00
1.0999062963e-04 2.0385749767e+04 1.5707963268e+00 1.2682905105e+00
1.1017030451e-04 2.0398984954e+04 1.5707963268e+00 1.2700790101e+00
1.1034988955e-04 2.0412242796e+04 1.5707963268e+00 1.2718651874e+00
1.1052938479e-04 2.0425523276e+04 1.5707963268e+00 1.2736490429e+00
1.1070879029e-04 2.0438826377e+04 1.5707963268e+00 1.2754305772e+00
1.1088810610e-04 2.0452152082e+04 1.5707963268e+00 1.2772097909e+00
1.1106733228e-04 2.0465500375e+04 1.5707963268e+00 1.2789866846e+00
1.1124646888e-04 2.0478871239e+04 1.5707963268e+00 1.2807612589e+00
1.1142551596e-04 2.0492264658e+04 1.5707963268e+00 1.2825335143e+00
1.1160447356e-04 2.0505680613e+04 1.5707963268e+00 1.2843034516e+00
1.1178334176e-04 2.0519119089e+04 1.5707963268e+00 1.2860710714e+00
1.1196212060e-04 2.0532580068e+04 1.5707963268e+00 1.2878363744e+00
1.1214081014e-04 2.0546063533e+04 1.5707963268e+00 1.2895993613e+00
1.1231941044e-04 2.0559569467e+04 1.5707963268e+00 1.2913600326e+00
1.1249792155e-04 2.0573097853e+04 1.5707963268e+00 1.2931183892e+00
1.1267634354e-04 2.0586648674e+04 1.5707963268e+00 1.2948744318e+00
1.1285467646e-04 2.0600221912e+04 1.5707963268e+00 1.2966281611e+00
1.1303292037e-04 2.0613817550e+04 1.5707963268e+00 1.2983795779e+00
1.1321107533e-04 2.0627435570e+04 1.5707963268e+00 1.3001286828e+00
1.1338914141e-04 2.0641075956e+04 1.5707963268e+00 1.3018754768e+00
1.1356711865e-04 2.0654738690e+04 1.5707963268e+00 1.3036199605e+00
1.1374500712e-04 2.0668423753e+04 1.5707963268e+00 1.3053621349e+00
1.1392280689e-04 2.0682131129e+04 1.5707963268e+00 1.3071020006e+00
1.1410051801e-04 2.0695860800e+04 1.5707963268e+00 1.3088395585e+00
1.1427814054e-04 2.0709612748e+04 1.5707963268e+00 1.3105748096e+00
1.1445567456e-04 2.0723386955e+04 1.5707963268e+00 1.3123077545e+00
1.1463312011e-04 2.0737183403e+04 1.5707963268e+00 1.3140383943e+00
1.1481047727e-04 2.0751002076e+04 1.5707963268e+00 1.3157667297e+00
1.1498774609e-04 2.0764842954e+04 1.5707963268e+00 1.3174927617e+00
1.1516492664e-04 2.0778706019e+04 1.5707963268e+00 1.3192164912e+00
1.1534201899e-04 2.0792591255e+04 1.5707963268e+00 1.3209379190e+00
1.1551902320e-04 2.0806498642e+04 1.5707963268e+00 1.3226570462e+00
1.1569593933e-04 2.0820428162e+04 1.5707963268e+00 1.3243738737e+00
1.1587276745e-04 2.0834379798e+04 1.5707963268e+00 1.3260884025e+00
1.1604950763e-04 2.0848353531e+04 1.5707963268e+00 1.3278006334e+00
1.1622615992e-04 2.0862349342e+04 1.5707963268e+00 1.3295105675e+00
1.1640272441e-04 2.0876367214e+04 1.5707963268e+00 1.3312182059e+00
1.1657920115e-04 2.0890407128e+04 1.5707963268e+00 1.3329235494e+00
1.1675559021e-04 2.0904469066e+04 1.5707963268e+00 1.3346265991e+00
1.1693189166e-04 2.0918553009e+04 1.5707963268e+00 1.3363273562e+00
1.1710810557e-04 2.0932658938e+04 1.5707963268e+00 1.3380258215e+00
1.1728423200e-04 2.0946786835e+04 1.5707963268e+00 1.3397219961e+00
1.1746027103e-04 2.0960936682e+04 1.5707963268e+00 1.3414158812e+00
1.1763622271e-04 2.0975108460e+04 1.5707963268e+00 1.3431074778e+00
1.1781208714e-04 2.0989302149e+04 1.5707963268e+00 1.3447967871e+00
1.1798786436e-04 2.1003517732e+04 1.5707963268e+00 1.3464838100e+00
1.1816355445e-04 2.1017755189e+04 1.5707963268e+00 1.3481685478e+00
1.1833915749e-04 2.1032014502e+04 1.5707963268e+00 1.3498510015e+00
1.1851467354e-04 2.1046295651e+04 1.5707963268e+00 1.3515311723e+00
1.1869010267e-04 2.1060598618e+04 1.5707963268e+00 1.3532090615e+00
1.1886544496e-04 2.1074923383e+04 1.5707963268e+00 1.3548846700e+00
1.1904070048e-04 2.1089269929e+04 1.5707963268e+00 1.3565579991e+00
1.1921586929e-04 2.1103638234e+04 1.5707963268e+00 1.3582290501e+00
1.1939095148e-04 2.1118028281e+04 1.5707963268e+00 1.3598978240e+00
1.1956594711e-04 2.1132440050e+04 1.5707963268e+00 1.3615643221e+00
1.1974085625e-04 2.1146873522e+04 1.5707963268e+00 1.3632285457e+00
1.1991567899e-04 2.1161328678e+04 1.5707963268e+00 1.3648904960e+00
1.2009041539e-04 2.1175805497e+04 1.5707963268e+00 1.3665501741e+00
1.2026506553e-04 2.1190303962e+04 1.5707963268e+00 1.3682075815e+00
1.2043962948e-04 2.1204824052e+04 1.5707963268e+00 1.3698627192e+00
1.2061410731e-04 2.1219365748e+04 1.5707963268e+00 1.3715155887e+00
1.2078849911e-04 2.1233929031e+04 1.5707963268e+00 1.3731661912e+00
1.2096280494e-04 2.1248513881e+04 1.5707963268e+00 1.3748145281e+00
1.2113702488e-04 2.1263120278e+04 1.5707963268e+00 1.3764606005e+00
1.2131115901e-04 2.1277748202e+04 1.5707963268e+00 1.3781044099e+00
1.2148520741e-04 2.1292397635e+04 1.5707963268e+00 1.3797459576e+00
1.2165917014e-04 2.1307068556e+04 1.5707963268e+00 1.3813852449e+00
1.2183304729e-04 2.1321760946e+04 1.5707963268e+00 1.3830222733e+00
1.2200683894e-04 2.1336474784e+04 1.5707963268e+00 1.3846570439e+00
1.2218054515e-04 2.1351210051e+04 1.5707963268e+00 1.3862895584e+00
1.2235416602e-04 2.1365966727e+04 1.5707963268e+00 1.3879198179e+00
1.2252770160e-04 2.1380744792e+04 1.5707963268e+00 1.3895478240e+00
1.2270115199e-04 2.1395544227e+04 1.5707963268e+00 1.3911735780e+00
1.2287451727e-04 2.1410365010e+04 1.5707963268e+00 1.3927970813e+00
1.2304779750e-04 2.1425207122e+04 1.5707963268e+00 1.3944183355e+00
1.2322099278e-04 2.1440070543e+04 1.5707963268e+00 1.3960373418e+00
1.2339410317e-04 2.1454955253e+04 1.5707963268e+00 1.3976541019e+00
1.2356712876e-04 2.1469861232e+04 1.5707963268e+00 1.3992686171e+00
1.2374006962e-04 2.1484788458e+04 1.5707963268e+00 1.4008808888e+00
1.2391292585e-04 2.1499736913e+04 1.5707963268e+00 1.4024909187e+00
1.2408569751e-04 2.1514706576e+04 1.5707963268e+00 1.4040987082e+00
1.2425838469e-04 2.1529697426e+04 1.5707963268e+00 1.4057042587e+00
1.2443098747e-04 2.1544709443e+04 1.5707963268e+00 1.4073075719e+00
1.2460350593e-04 2.1559742607e+04 1.5707963268e+00 1.4089086491e+00
1.2477594014e-04 2.1574796897e+04 1.5707963268e+00 1.4105074920e+00
1.2494829021e-04 2.1589872293e+04 1.5707963268e+00 1.4121041021e+00
1.2512055619e-04 2.1604968773e+04 1.5707963268e+00 1.4136984809e+00
1.2529273818e-04 2.1620086319e+04 1.5707963268e+00 1.4152906300e+00
1.2546483626e-04 2.1635224908e+04 1.5707963268e+00 1.4168805510e+00
1.2563685051e-04 2.1650384521e+04 1.5707963268e+00 1.4184682455e+00
1.2580878101e-04 2.1665565137e+04 1.5707963268e+00 1.4200537149e+00
1.2598062784e-04 2.1680766734e+04 1.5707963268e+00 1.4216369610e+00
1.2615239110e-04 2.1695989293e+04 1.5707963268e+00 1.4232179853e+00
1.2632407086e-04 2.1711232792e+04 1.5707963268e+00 1.4247967895e+00
1.2649566720e-04 2.1726497210e+04 1.5707963268e+00 1.4263733752e+00
1.2666718021e-04 2.1741782528e+04 1.5707963268e+00 1.4279477440e+00
1.2683860998e-04 2.1757088723e+04 1.5707963268e+00 1.4295198975e+00
1.2700995658e-04 2.1772415775e+04 1.5707963268e+00 1.4310898374e+00
1.2718122011e-04 2.1787763663e+04 1.5707963268e+00 1.4326575655e+00
1.2735240064e-04 2.1803132366e+04 1.5707963268e+00 1.4342230832e+00
1.2752349826e-04 2.1818521863e+04 1.5707963268e+00 1.4357863924e+00
1.2769451306e-04 2.1833932132e+04 1.5707963268e+00 1.4373474947e+00
1.2786544513e-04 2.1849363154e+04 1.5707963268e+00 1.4389063918e+00
1.2803629454e-04 2.1864814906e+04 1.5707963268e+00 1.4404630854e+00
1.2820706138e-04 2.1880287367e+04 1.5707963268e+00 1.4420175773e+00
1.2837774574e-04 2.1895780517e+04 1.5707963268e+00 1.4435698691e+00
1.2854834770e-04 2.1911294334e+04 1.5707963268e+00 1.4451199625e+00
1.2871886736e-04 2.1926828796e+04 1.5707963268e+00 1.4466678594e+00
1.2888930480e-04 2.1942383883e+04 1.5707963268e+00 1.4482135615e+00
1.2905966010e-04 2.1957959573e+04 1.5707963268e+00 1.4497570705e+00
1.2922993335e-04 2.1973555844e+04 1.5707963268e+00 1.4512983883e+00
1.2940012464e-04 2.1989172676e+04 1.5707963268e+00 1.4528375164e+00
1.2957023405e-04 2.2004810047e+04 1.5707963268e+00 1.4543744569e+00
1.2974026168e-04 2.2020467936e+04 1.5707963268e+00 1.4559092113e+00
1.2991020761e-04 2.2036146320e+04 1.5707963268e+00 1.4574417816e+00
1.3008007192e-04 2.2051845179e+04 1.5707963268e+00 1.4589721696e+00
1.3024985471e-04 2.2067564490e+04 1.5707963268e+00 1.4605003770e+00
1.3041955607e-04 2.2083304233e+04 1.5707963268e+00 1.4620264057e+00
1.3058917608e-04 2.2099064386e+04 1.5707963268e+00 1.4635502575e+00
1.3075871483e-04 2.2114844927e+04 1.5707963268e+00 1.4650719343e+00
1.3092817241e-04 2.2130645834e+04 1.5707963268e+00 1.4665914379e+00
1.3109754891e-04 2.2146467086e+04 1.5707963268e+00 1.4681087701e+00
1.3126684442e-04 2.2162308661e+04 1.5707963268e+00 1.4696239328e+00
1.3143605903e-04 2.2178170537e+04 1.5707963268e+00 1.4711369279e+00
1.3160519282e-04 2.2194052692e+04 1.5707963268e+00 1.4726477572e+00
1.3177424589e-04 2.2209955106e+04 1.5707963268e+00 1.4741564227e+00
1.3194321832e-04 2.2225877755e+04 1.5707963268e+00 1.4756629263e+00
1.3211211021e-04 2.2241820618e+04 1.5707963268e+00 1.4771672697e+00
1.3228092164e-04 2.2257783673e+04 1.5707963268e+00 1.4786694550e+00
1.3244965271e-04 2.2273766898e+04 1.5707963268e+00 1.4801694841e+00
1.3261830350e-04 2.2289770271e+04 1.5707963268e+00 1.4816673588e+00
1.3278687411e-04 2.2305793771e+04 1.5707963268e+00 1.4831630811e+00
1.3295536463e-04 2.2321837375e+04 1.5707963268e+00 1.4846566529e+00
1.3312377514e-04 2.2337901061e+04 1.5707963268e+00 1.4861480763e+00
1.3329210575e-04 2.2353984807e+04 1.5707963268e+00 1.4876373530e+00
1.3346035653e-04 2.2370088591e+04 1.5707963268e+00 1.4891244851e+00
1.3362852758e-04 2.2386212391e+04 1.5707963268e+00 1.4906094746e+00
1.3379661900e-04 2.2402356185e+04 1.5707963268e+00 1.4920923234e+00
1.3396463086e-04 2.2418519951e+04 1.5707963268e+00 1.4935730335e+00
1.3413256327e-04 2.2434703666e+04 1.5707963268e+00 1.4950516068e+00
1.3430041632e-04 2.2450907309e+04 1.5707963268e+00 1.4965280454e+00
1.3446819010e-04 2.2467130857e+04 1.5707963268e+00 1.4980023513e+00
1.3463588470e-04 2.2483374287e+04 1.5707963268e+00 1.4994745264e+00
1.3480350020e-04 2.2499637579e+04 1.5707963268e+00 1.5009445729e+00
1.3497103672e-04 2.2515920708e+04 1.5707963268e+00 1.5024124926e+00
1.3513849433e-04 2.2532223654e+04 1.5707963268e+00 1.5038782876e+00
1.3530587312e-04 2.2548546393e+04 1.5707963268e+00 1.5053419599e+00
1.3547317320e-04 2.2564888903e+04 1.5707963268e+00 1.5068035117e+00
1.3564039466e-04 2.2581251163e+04 1.5707963268e+00 1.5082629448e+00
1.3580753758e-04 2.2597633149e+04 1.5707963268e+00 1.5097202615e+00
1.3597460206e-04 2.2614034839e+04 1.5707963268e+00 1.5111754636e+00
1.3614158820e-04 2.2630456210e+04 1.5707963268e+00 1.5126285534e+00
1.3630849608e-04 2.2646897241e+04 1.5707963268e+00 1.5140795328e+00
1.3647532580e-04 2.2663357909e+04 1.5707963268e+00 1.5155284039e+00
1.3664207745e-04 2.2679838190e+04 1.5707963268e+00 1.5169751688e+00
1.3680875113e-04 2.2696338064e+04 1.5707963268e+00 1.5184198297e+00
1.3697534693e-04 2.2712857506e+04 1.5707963268e+00 1.5198623885e+00
1.3714186494e-04 2.2729396495e+04 1.5707963268e+00 1.5213028474e+00
1.3730830526e-04 2.2745955008e+04 1.5707963268e+00 1.5227412084e+00
1.3747466798e-04 2.2762533022e+04 1.5707963268e+00 1.5241774738e+00
1.3764095320e-04 2.2779130515e+04 1.5707963268e+00 1.5256116455e+00
1.3780716100e-04 2.2795747464e+04 1.5707963268e+00 1.5270437258e+00
1.3797329149e-04 2.2812383847e+04 1.5707963268e+00 1.5284737167e+00
1.3813934476e-04 2.2829039640e+04 1.5707963268e+00 1.5299016204e+00
1.3830532089e-04 2.2845714821e+04 1.5707963268e+00 1.5313274391e+00
1.3847122000e-04 2.2862409367e+04 1.5707963268e+00 1.5327511747e+00
1.3863704216e-04 2.2879123256e+04 1.5707963268e+00 1.5341728296e+00
1.3880278748e-04 2.2895856465e+04 1.5707963268e+00 1.5355924059e+00
1.3896845605e-04 2.2912608970e+04 1.5707963268e+00 1.5370099056e+00
1.3913404797e-04 2.2929380750e+04 1.5707963268e+00 1.5384253311e+00
1.3929956332e-04 2.2946171782e+04 1.5707963268e+00 1.5398386844e+00
1.3946500221e-04 2.2962982041e+04 1.5707963268e+00 1.5412499677e+00
1.3963036473e-04 2.2979811507e+04 1.5707963268e+00 1.5426591832e+00
1.3979565097e-04 2.2996660156e+04 1.5707963268e+00 1.5440663331e+00
1.3996086103e-04 2.3013527964e+04 1.5707963268e+00 1.5454714195e+00
1.4012599501e-04 2.3030414910e+04 1.5707963268e+00 1.5468744448e+00
1.4029105300e-04 2.3047320970e+04 1.5707963268e+00 1.5482754110e+00
1.4045603509e-04 2.3064246121e+04 1.5707963268e+00 1.5496743204e+00
1.4062094139e-04 2.3081190341e+04 1.5707963268e+00 1.5510711751e+00
1.4078577198e-04 2.3098153606e+04 1.5707963268e+00 1.5524659775e+00
1.4095052696e-04 2.3115135894e+04 1.5707963268e+00 1.5538587296e+00
1.4111520643e-04 2.3132137181e+04 1.5707963268e+00 1.5552494338e+00
1.4127981049e-04 2.3149157444e+04 1.5707963268e+00 1.5566380923e+00
1.4144433922e-04 2.3166196662e+04 1.5707963268e+00 1.5580247072e+00
1.4160879273e-04 2.3183254809e+04 1.5707963268e+00 1.5594092809e+00
1.4177317111e-04 2.3200331864e+04 1.5707963268e+00 1.5607918155e+00
1.4193747446e-04 2.3217427804e+04 1.5707963268e+00 1.5621723134e+00
1.4210170287e-04 2.3234542604e+04 1.5707963268e+00 1.5635507767e+00
1.4226585644e-04 2.3251676244e+04 1.5707963268e+00 1.5649272078e+00
1.4242993526e-04 2.3268828698e+04 1.5707963268e+00 1.5663016088e+00
1.4259393943e-04 2.3285999944e+04 1.5707963268e+00 1.5676739821e+00
1.4275786906e-04 2.3303189960e+04 1.5707963268e+00 1.5690443299e+00
1.4292172422e-04 2.3320398721e+04 1.5707963268e+00 1.5704126545e+00
1.4308550503e-04 2.3337626205e+04 1.5707963268e+00 1.5717789581e+00
1.4324921157e-04 2.3354872389e+04 1.5707963268e+00 1.5731432431e+00
1.4341284394e-04 2.3372137249e+04 1.5707963268e+00 1.5745055117e+00
1.4357640225e-04 2.3389420763e+04 1.5707963268e+00 1.5758657662e+00
1.4373988658e-04 2.3406722906e+04 1.5707963268e+00 1.5772240089e+00
1.4390329703e-04 2.3424043657e+04 1.5707963268e+00 1.5785802422e+00
1.4406663369e-04 2.3441382991e+04 1.5707963268e+00 1.5799344682e+00
1.4422989668e-04 2.3458740886e+04 1.5707963268e+00 1.5812866893e+00
1.4439308607e-04 2.3476117319e+04 1.5707963268e+00 1.5826369079e+00
1.4455620198e-04 2.3493512265e+04 1.5707963268e+00 1.5839851261e+00
1.4471924449e-04 2.3510925702e+04 1.5707963268e+00 1.5853313464e+00
1.4488221370e-04 2.3528357607e+04 1.5707963268e+00 1.5866755711e+00
1.4504510971e-04 2.3545807957e+04 1.5707963268e+00 1.5880178024e+00
1.4520793261e-04 2.3563276727e+04 1.5707963268e+00 1.5893580428e+00
1.4537068251e-04 2.3580763896e+04 1.5707963268e+00 1.5906962945e+00
1.4553335949e-04 2.3598269439e+04 1.5707963268e+00 1.5920325598e+00
1.4569596366e-04 2.3615793333e+04 1.5707963268e+00 1.5933668412e+00
1.4585849512e-04 2.3633335556e+04 1.5707963268e+00 1.5946991409e+00
1.4602095395e-04 2.3650896083e+04 1.5707963268e+00 1.5960294613e+00
1.4618334026e-04 2.3668474892e+04 1.5707963268e+00 1.5973578047e+00
1.4634565414e-04 2.3686071959e+04 1.5707963268e+00 1.5986841735e+00
1.4650789569e-04 2.3703687260e+04 1.5707963268e+00 1.6000085701e+00
1.4667006501e-04 2.3721320773e+04 1.5707963268e+00 1.6013309967e+00
1.4683216220e-04 2.3738972475e+04 1.5707963268e+00 1.6026514558e+00
1.4699418734e-04 2.3756642341e+04 1.5707963268e+00 1.6039699498e+00
1.4715614054e-04 2.3774330349e+04 1.5707963268e+00 1.6052864809e+00
1.4731802190e-04 2.3792036475e+04 1.5707963268e+00 1.6066010515e+00
1.4747983151e-04 2.3809760695e+04 1.5707963268e+00 1.6079136641e+00
1.4764156947e-04 2.3827502987e+04 1.5707963268e+00 1.6092243210e+00
1.4780323588e-04 2.3845263327e+04 1.5707963268e+00 1.6105330246e+00
1.4796483083e-04 2.3863041692e+04 1.5707963268e+00 1.6118397772e+00
1.4812635442e-04 2.3880838058e+04 1.5707963268e+00 1.6131445813e+00
1.4828780675e-04 2.3898652402e+04 1.5707963268e+00 1.6144474392e+00
1.4844918791e-04 2.3916484701e+04 1.5707963268e+00 1.6157483533e+00
1.4861049800e-04 2.3934334931e+04 1.5707963268e+00 1.6170473260e+00
1.4877173713e-04 2.3952203069e+04 1.5707963268e+00 1.6183443598e+00
1.4893290538e-04 2.3970089091e+04 1.5707963268e+00 1.6196394569e+00
1.4909400285e-04 2.3987992974e+04 1.5707963268e+00 1.6209326199e+00
1.4925502964e-04 2.4005914694e+04 1.5707963268e+00 1.6222238510e+00
1.4941598585e-04 2.4023854229e+04 1.5707963268e+00 1.6235131528e+00
1.4957687158e-04 2.4041811555e+04 1.5707963268e+00 1.6248005275e+00
1.4973768691e-04 2.4059786648e+04 1.5707963268e+00 1.6260859778e+00
1.4989843196e-04 2.4077779485e+04 1.5707963268e+00 1.6273695058e+00
1.5005910681e-04 2.4095790042e+04 1.5707963268e+00 1.6286511141e+00
1.5021971156e-04 2.4113818297e+04 1.5707963268e+00 1.6299308051e+00
1.5038024631e-04 2.4131864225e+04 1.5707963268e+00 1.6312085812e+00
1.5054071116e-04 2.4149927804e+04 1.5707963268e+00 1.6324844447e+00
1.5070110621e-04 2.4168009010e+04 1.5707963268e+00 1.6337583983e+00
1.5086143154e-04 2.4186107819e+04 1.5707963268e+00 1.6350304442e+00
1.5102168726e-04 2.4204224208e+04 1.5707963268e+00 1.6363005849e+00
1.5118187347e-04 2.4222358153e+04 1.5707963268e+00 1.6375688228e+00
1.5134199026e-04 2.4240509632e+04 1.5707963268e+00 1.6388351603e+00
1.5150203772e-04 2.4258678621e+04 1.5707963268e+00 1.6400996000e+00
1.5166201597e-04 2.4276865096e+04 1.5707963268e+00 1.6413621442e+00
1.5182192508e-04 2.4295069034e+04 1.5707963268e+00 1.6426227953e+00
1.5198176517e-04 2.4313290411e+04 1.5707963268e+00 1.6438815559e+00
1.5214153632e-04 2.4331529205e+04 1.5707963268e+00 1.6451384283e+00
1.5230123864e-04 2.4349785391e+04 1.5707963268e+00 1.6463934150e+00
1.5246087221e-04 2.4368058946e+04 1.5707963268e+00 1.6476465185e+00
1.5262043714e-04 2.4386349847e+04 1.5707963268e+00 1.6488977412e+00
1.5277993353e-04 2.4404658070e+04 1.5707963268e+00 1.6501470854e+00
1.5293936147e-04 2.4422983593e+04 1.5707963268e+00 1.6513945538e+00
1.5309872105e-04 2.4441326391e+04 1.5707963268e+00 1.6526401487e+00
1.5325801238e-04 2.4459686440e+04 1.5707963268e+00 1.6538838727e+00
1.5341723555e-04 2.4478063719e+04 1.5707963268e+00 1.6551257281e+00
1.5357639066e-04 2.4496458203e+04 1.5707963268e+00 1.6563657173e+00
1.5373547780e-04 2.4514869869e+04 1.5707963268e+00 1.6576038430e+00
1.5389449707e-04 2.4533298693e+04 1.5707963268e+00 1.6588401075e+00
1.5405344857e-04 2.4551744652e+04 1.5707963268e+00 1.6600745133e+00
1.5421233239e-04 2.4570207723e+04 1.5707963268e+00 1.6613070629e+00
1.5437114864e-04 2.4588687882e+04 1.5707963268e+00 1.6625377587e+00
1.5452989740e-04 2.4607185106e+04 1.5707963268e+00 1.6637666032e+00
1.5468857877e-04 2.4625699372e+04 1.5707963268e+00 1.6649935989e+00
1.5484719285e-04 2.4644230655e+04 1.5707963268e+00 1.6662187482e+00
1.5500573974e-04 2.4662778933e+04 1.5707963268e+00 1.6674420536e+00
1.5516421954e-04 2.4681344183e+04 1.5707963268e+00 1.6686635176e+00
1.5532263233e-04 2.4699926380e+04 1.5707963268e+00 1.6698831426e+00
1.5548097821e-04 2.4718525501e+04 1.5707963268e+00 1.6711009312e+00
1.5563925729e-04 2.4737141524e+04 1.5707963268e+00 1.6723168857e+00
1.5579746965e-04 2.4755774425e+04 1.5707963268e+00 1.6735310088e+00
1.5595561540e-04 2.4774424180e+04 1.5707963268e+00 1.6747433028e+00
1.5611369463e-04 2.4793090766e+04 1.5707963268e+00 1.6759537702e+00
1.5627170743e-04 2.4811774160e+04 1.5707963268e+00 1.6771624136e+00
1.5642965391e-04 2.4830474338e+04 1.5707963268e+00 1.6783692353e+00
1.5658753415e-04 2.4849191277e+04 1.5707963268e+00 1.6795742380e+00
1.5674534826e-04 2.4867924954e+04 1.5707963268e+00 1.6807774240e+00
1.5690309632e-04 2.4886675345e+04 1.5707963268e+00 1.6819787958e+00
1.5706077844e-04 2.4905442427e+04 1.5707963268e+00 1.6831783560e+00
1.5721839472e-04 2.4924226176e+04 1.5707963268e+00 1.6843761070e+00
1.5737594523e-04 2.4943026570e+04 1.5707963268e+00 1.6855720513e+00
1.5753343010e-04 2.4961843585e+04 1.5707963268e+00 1.6867661914e+00
1.5769084940e-04 2.4980677198e+04 1.5707963268e+00 1.6879585298e+00
1.5784820323e-04 2.4999527385e+04 1.5707963268e+00 1.6891490690e+00
1.5800549169e-04 2.5018394124e+04 1.5707963268e+00 1.6903378114e+00
1.5816271488e-04 2.5037277390e+04 1.5707963268e+00 1.6915247596e+00
1.5831987289e-04 2.5056177161e+04 1.5707963268e+00 1.6927099160e+00
1.5847696581e-04 2.5075093413e+04 1.5707963268e+00 1.6938932831e+00
1.5863399374e-04 2.5094026123e+04 1.5707963268e+00 1.6950748635e+00
1.5879095678e-04 2.5112975268e+04 1.5707963268e+00 1.6962546596e+00
1.5894785502e-04 2.5131940825e+04 1.5707963268e+00 1.6974326739e+00
1.5910468856e-04 2.5150922770e+04 1.5707963268e+00 1.6986089089e+00
1.5926145749e-04 2.5169921079e+04 1.5707963268e+00 1.6997833671e+00
1.5941816190e-04 2.5188935731e+04 1.5707963268e+00 1.7009560510e+00
1.5957480190e-04 2.5207966702e+04 1.5707963268e+00 1.7021269630e+00
1.5973137757e-04 2.5227013968e+04 1.5707963268e+00 1.7032961058e+00
1.5988788901e-04 2.5246077506e+04 1.5707963268e+00 1.7044634818e+00
1.6004433632e-04 2.5265157293e+04 1.5707963268e+00 1.7056290934e+00
1.6020071959e-04 2.5284253306e+04 1.5707963268e+00 1.7067929432e+00
1.6035703892e-04 2.5303365522e+04 1.5707963268e+00 1.7079550336e+00
1.6051329439e-04 2.5322493917e+04 1.5707963268e+00 1.7091153673e+00
1.6066948611e-04 2.5341638469e+04 1.5707963268e+00 1.7102739466e+00
1.6082561417e-04 2.5360799154e+04 1.5707963268e+00 1.7114307740e+00
1.6098167866e-04 2.5379975949e+04 1.5707963268e+00 1.7125858521e+00
1.6113767968e-04 2.5399168831e+04 1.5707963268e+00 1.7137391834e+00
1.6129361733e-04 2.5418377777e+04 1.5707963268e+00 1.7148907703e+00
1.6144949168e-04 2.5437602764e+04 1.5707963268e+00 1.7160406154e+00
1.6160530285e-04 2.5456843769e+04 1.5707963268e+00 1.7171887211e+00
1.6176105092e-04 2.5476100768e+04 1.5707963268e+00 1.7183350900e+00
1.6191673599e-04 2.5495373738e+04 1.5707963268e+00 1.7194797245e+00
1.6207235816e-04 2.5514662658e+04 1.5707963268e+00 1.7206226271e+00
1.6222791751e-04 2.5533967502e+04 1.5707963268e+00 1.7217638004e+00
1.6238341414e-04 2.5553288249e+04 1.5707963268e+00 1.7229032468e+00
1.6253884814e-04 2.5572624875e+04 1.5707963268e+00 1.7240409689e+00
1.6269421961e-04 2.5591977358e+04 1.5707963268e+00 1.7251769690e+00
1.6284952864e-04 2.5611345674e+04 1.5707963268e+00 1.7263112498e+00
1.6300477532e-04 2.5630729800e+04 1.5707963268e+00 1.7274438138e+00
1.6315995976e-04 2.5650129714e+04 1.5707963268e+00 1.7285746633e+00
1.6331508203e-04 2.5669545392e+04 1.5707963268e+00 1.7297038010e+00
1.6347014224e-04 2.5688976811e+04 1.5707963268e+00 1.7308312293e+00
1.6362514048e-04 2.5708423949e+04 1.5707963268e+00 1.7319569507e+00
1.6378007683e-04 2.5727886782e+04 1.5707963268e+00 1.7330809677e+00
1.6393495140e-04 2.5747365288e+04 1.5707963268e+00 1.7342032828e+00
1.6408976428e-04 2.5766859444e+04 1.5707963268e+00 1.7353238986e+00
1.6424451556e-04 2.5786369227e+04 1.5707963268e+00 1.7364428174e+00
1.6439920533e-04 2.5805894613e+04 1.5707963268e+00 1.7375600417e+00
1.6455383368e-04 2.5825435581e+04 1.5707963268e+00 1.7386755742e+00
1.6470840071e-04 2.5844992107e+04 1.5707963268e+00 1.7397894173e+00
1.6486290652e-04 2.5864564168e+04 1.5707963268e+00 1.7409015734e+00
1.6501735118e-04 2.5884151741e+04 1.5707963268e+00 1.7420120450e+00
1.6517173481e-04 2.5903754805e+04 1.5707963268e+00 1.7431208347e+00
1.6532605747e-04 2.5923373335e+04 1.5707963268e+00 1.7442279450e+00
1.6548031928e-04 2.5943007309e+04 1.5707963268e+00 1.7453333783e+00
1.6563452032e-04 2.5962656705e+04 1.5707963268e+00 1.7464371371e+00
1.6578866069e-04 2.5982321499e+04 1.5707963268e+00 1.7475392239e+00
1.6594274047e-04 2.6002001669e+04 1.5707963268e+00 1.7486396413e+00
1.6609675976e-04 2.6021697192e+04 1.5707963268e+00 1.7497383916e+00
1.6625071865e-04 2.6041408045e+04 1.5707963268e+00 1.7508354774e+00
1.6640461723e-04 2.6061134206e+04 1.5707963268e+00 1.7519309011e+00
1.6655845560e-04 2.6080875652e+04 1.5707963268e+00 1.7530246653e+00
1.6671223384e-04 2.6100632360e+04 1.5707963268e+00 1.7541167725e+00
1.6686595204e-04 2.6120404308e+04 1.5707963268e+00 1.7552072250e+00
1.6701961031e-04 2.6140191473e+04 1.5707963268e+00 1.7562960255e+00
1.6717320872e-04 2.6159993832e+04 1.5707963268e+00 1.7573831764e+00
1.6732674738e-04 2.6179811362e+04 1.5707963268e+00 1.7584686801e+00
1.6748022636e-04 2.6199644042e+04 1.5707963268e+00 1.7595525392e+00
1.6763364577e-04 2.6219491848e+04 1.5707963268e+00 1.7606347561e+00
1.6778700569e-04 2.6239354759e+04 1.5707963268e+00 1.7617153333e+00
1.6794030622e-04 2.6259232750e+04 1.5707963268e+00 1.7627942733e+00
1.6809354744e-04 2.6279125800e+04 1.5707963268e+00 1.7638715786e+00
1.6824672945e-04 2.6299033887e+04 1.5707963268e+00 1.7649472516e+00
1.6839985233e-04 2.6318956987e+04 1.5707963268e+00 1.7660212949e+00
1.6855291619e-04 2.6338895079e+04 1.5707963268e+00 1.7670937108e+00
1.6870592110e-04 2.6358848139e+04 1.5707963268e+00 1.7681645019e+00
1.6885886715e-04 2.6378816146e+04 1.5707963268e+00 1.7692336707e+00
1.6901175445e-04 2.6398799077e+04 1.5707963268e+00 1.7703012195e+00
1.6916458307e-04 2.6418796909e+04 1.5707963268e+00 1.7713671510e+00
1.6931735312e-04 2.6438809620e+04 1.5707963268e+00 1.7724314675e+00
1.6947006467e-04 2.6458837188e+04 1.5707963268e+00 1.7734941715e+00
1.6962271782e-04 2.6478879590e+04 1.5707963268e+00 1.7745552655e+00
1.6977531266e-04 2.6498936803e+04 1.5707963268e+00 1.7756147520e+00
1.6992784927e-04 2.6519008807e+04 1.5707963268e+00 1.7766726334e+00
1.7008032776e-04 2.6539095577e+04 1.5707963268e+00 1.7777289121e+00
1.7023274820e-04 2.6559197093e+04 1.5707963268e+00 1.7787835908e+00
1.7038511068e-04 2.6579313331e+04 1.5707963268e+00 1.7798366717e+00
1.7053741530e-04 2.6599444269e+04 1.5707963268e+00 1.7808881574e+00
1.7068966215e-04 2.6619589886e+04 1.5707963268e+00 1.7819380503e+00
1.7084185131e-04 2.6639750158e+04 1.5707963268e+00 1.7829863529e+00
1.7099398288e-04 2.6659925064e+04 1.5707963268e+00 1.7840330677e+00
1.7114605693e-04 2.6680114581e+04 1.5707963268e+00 1.7850781970e+00
1.7129807357e-04 2.6700318687e+04 1.5707963268e+00 1.7861217434e+00
1.7145003287e-04 2.6720537360e+04 1.5707963268e+00 1.7871637093e+00
1.7160193494e-04 2.6740770578e+04 1.5707963268e+00 1.7882040972e+00
1.7175377985e-04 2.6761018319e+04 1.5707963268e+00 1.7892429095e+00
1.7190556770e-04 2.6781280561e+04 1.5707963268e+00 1.7902801486e+00
1.7205729857e-04 2.6801557280e+04 1.5707963268e+00 1.7913158170e+00
1.7220897255e-04 2.6821848457e+04 1.5707963268e+00 1.7923499172e+00
1.7236058973e-04 2.6842154067e+04 1.5707963268e+00 1.7933824515e+00
1.7251215020e-04 2.6862474090e+04 1.5707963268e+00 1.7944134225e+00
1.7266365404e-04 2.6882808503e+04 1.5707963268e+00 1.7954428325e+00
1.7281510135e-04 2.6903157285e+04 1.5707963268e+00 1.7964706841e+00
1.7296649221e-04 2.6923520412e+04 1.5707963268e+00 1.7974969796e+00
1.7311782671e-04 2.6943897864e+04 1.5707963268e+00 1.7985217215e+00
1.7326910493e-04 2.6964289618e+04 1.5707963268e+00 1.7995449122e+00
1.7342032697e-04 2.6984695653e+04 1.5707963268e+00 1.8005665541e+00
1.7357149291e-04 2.7005115946e+04 1.5707963268e+00 1.8015866498e+00
1.7372260284e-04 2.7025550475e+04 1.5707963268e+00 1.8026052015e+00
1.7387365685e-04 2.7045999220e+04 1.5707963268e+00 1.8036222118e+00
1.7402465501e-04 2.7066462157e+04 1.5707963268e+00 1.8046376831e+00
1.7417559743e-04 2.7086939265e+04 1.5707963268e+00 1.8056516177e+00
1.7432648419e-04 2.7107430522e+04 1.5707963268e+00 1.8066640182e+00
1.7447731536e-04 2.7127935907e+04 1.5707963268e+00 1.8076748869e+00
1.7462809105e-04 2.7148455397e+04 1.5707963268e+00 1.8086842263e+00
1.7477881133e-04 2.7168988971e+04 1.5707963268e+00 1.8096920387e+00
1.7492947630e-04 2.7189536608e+04 1.5707963268e+00 1.8106983267e+00
1.7508008603e-04 2.7210098284e+04 1.5707963268e+00 1.8117030925e+00
1.7523064062e-04 2.7230673980e+04 1.5707963268e+00 1.8127063387e+00
1.7538114015e-04 2.7251263672e+04 1.5707963268e+00 1.8137080676e+00
1.7553158471e-04 2.7271867340e+04 1.5707963268e+00 1.8147082817e+00
1.7568197438e-04 2.7292484961e+04 1.5707963268e+00 1.8157069833e+00
1.7583230925e-04 2.7313116515e+04 1.5707963268e+00 1.8167041748e+00
1.7598258941e-04 2.7333761979e+04 1.5707963268e+00 1.8176998588e+00
1.7613281493e-04 2.7354421332e+04 1.5707963268e+00 1.8186940375e+00
1.7628298591e-04 2.7375094552e+04 1.5707963268e+00 1.8196867133e+00
1.7643310243e-04 2.7395781618e+04 1.5707963268e+00 1.8206778887e+00
1.7658316458e-04 2.7416482508e+04 1.5707963268e+00 1.8216675661e+00
1.7673317244e-04 2.7437197202e+04 1.5707963268e+00 1.8226557478e+00
1.7688312609e-04 2.7457925676e+04 1.5707963268e+00 1.8236424363e+00
1.7703302563e-04 2.7478667911e+04 1.5707963268e+00 1.8246276339e+00
1.7718287113e-04 2.7499423883e+04 1.5707963268e+00 1.8256113430e+00
1.7733266268e-04 2.7520193573e+04 1.5707963268e+00 1.8265935660e+00
1.7748240037e-04 2.7540976959e+04 1.5707963268e+00 1.8275743054e+00
1.7763208428e-04 2.7561774019e+04 1.5707963268e+00 1.8285535634e+00
1.7778171449e-04 2.7582584732e+04 1.5707963268e+00 1.8295313425e+00
1.7793129109e-04 2.7603409076e+04 1.5707963268e+00 1.8305076450e+00
1.7808081417e-04 2.7624247031e+04 1.5707963268e+00 1.8314824734e+00
1.7823028380e-04 2.7645098575e+04 1.5707963268e+00 1.8324558299e+00
1.7837970007e-04 2.7665963686e+04 1.5707963268e+00 1.8334277170e+00
1.7852906307e-04 2.7686842344e+04 1.5707963268e+00 1.8343981371e+00
1.7867837287e-04 2.7707734528e+04 1.5707963268e+00 1.8353670924e+00
1.7882762956e-04 2.7728640215e+04 1.5707963268e+00 1.8363345855e+00
1.7897683323e-04 2.7749559385e+04 1.5707963268e+00 1.8373006185e+00
1.7912598396e-04 2.7770492018e+04 1.5707963268e+00 1.8382651940e+00
1.7927508184e-04 2.7791438090e+04 1.5707963268e+00 1.8392283142e+00
1.7942412693e-04 2.7812397583e+04 1.5707963268e+00 1.8401899816e+00
1.7957311934e-04 2.7833370474e+04 1.5707963268e+00 1.8411501984e+00
1.7972205913e-04 2.7854356742e+04 1.5707963268e+00 1.8421089671e+00
1.7987094640e-04 2.7875356366e+04 1.5707963268e+00 1.8430662899e+00
1.8001978123e-04 2.7896369326e+04 1.5707963268e+00 1.8440221693e+00
1.8016856369e-04 2.7917395601e+04 1.5707963268e+00 1.8449766076e+00
1.8031729388e-04 2.7938435168e+04 1.5707963268e+00 1.8459296070e+00
1.8046597187e-04 2.7959488008e+04 1.5707963268e+00 1.8468811701e+00
1.8061459775e-04 2.7980554100e+04 1.5707963268e+00 1.8478312991e+00
1.8076317160e-04 2.8001633422e+04 1.5707963268e+00 1.8487799963e+00
1.8091169350e-04 2.8022725953e+04 1.5707963268e+00 1.8497272641e+00
1.8106016353e-04 2.8043831674e+04 1.5707963268e+00 1.8506731048e+00
1.8120858177e-04 2.8064950562e+04 1.5707963268e+00 1.8516175208e+00
1.8135694832e-04 2.8086082598e+04 1.5707963268e+00 1.8525605143e+00
1.8150526324e-04 2.8107227760e+04 1.5707963268e+00 1.8535020878e+00
1.8165352661e-04 2.8128386028e+04 1.5707963268e+00 1.8544422435e+00
1.8180173853e-04 2.8149557380e+04 1.5707963268e+00 1.8553809838e+00
1.8194989908e-04 2.8170741797e+04 1.5707963268e+00 1.8563183109e+00
1.8209800832e-04 2.8191939257e+04 1.5707963268e+00 1.8572542272e+00
1.8224606635e-04 2.8213149739e+04 1.5707963268e+00 1.8581887351e+00
1.8239407324e-04 2.8234373224e+04 1.5707963268e+00 1.8591218368e+00
1.8254202908e-04 2.8255609690e+04 1.5707963268e+00 1.8600535346e+00
1.8268993395e-04 2.8276859118e+04 1.5707963268e+00 1.8609838309e+00
1.8283778793e-04 2.8298121485e+04 1.5707963268e+00 1.8619127279e+00
1.8298559109e-04 2.8319396772e+04 1.5707963268e+00 1.8628402280e+00
1.8313334352e-04 2.8340684958e+04 1.5707963268e+00 1.8637663334e+00
1.8328104530e-04 2.8361986023e+04 1.5707963268e+00 1.8646910465e+00
1.8342869650e-04 2.8383299946e+04 1.5707963268e+00 1.8656143696e+00
1.8357629722e-04 2.8404626707e+04 1.5707963268e+00 1.8665363049e+00
1.8372384752e-04 2.8425966285e+04 1.5707963268e+00 1.8674568548e+00
1.8387134750e-04 2.8447318659e+04 1.5707963268e+00 1.8683760214e+00
1.8401879722e-04 2.8468683810e+04 1.5707963268e+00 1.8692938073e+00
1.8416619677e-04 2.8490061717e+04 1.5707963268e+00 1.8702102145e+00
1.8431354622e-04 2.8511452360e+04 1.5707963268e+00 1.8711252454e+00
1.8446084566e-04 2.8532855718e+04 1.5707963268e+00 1.8720389023e+00
1.8460809517e-04 2.8554271772e+04 1.5707963268e+00 1.8729511874e+00
1.8475529482e-04 2.8575700500e+04 1.5707963268e+00 1.8738621031e+00
1.8490244470e-04 2.8597141882e+04 1.5707963268e+00 1.8747716515e+00
1.8504954488e-04 2.8618595899e+04 1.5707963268e+00 1.8756798350e+00
1.8519659544e-04 2.8640062530e+04 1.5707963268e+00 1.8765866559e+00
1.8534359646e-04 2.8661541754e+04 1.5707963268e+00 1.8774921163e+00
1.8549054802e-04 2.8683033553e+04 1.5707963268e+00 1.8783962186e+00
1.8563745019e-04 2.8704537905e+04 1.5707963268e+00 1.8792989651e+00
1.8578430306e-04 2.8726054790e+04 1.5707963268e+00 1.8802003579e+00
1.8593110670e-04 2.8747584189e+04 1.5707963268e+00 1.8811003993e+00
1.8607786120e-04 2.8769126082e+04 1.5707963268e+00 1.8819990917e+00
1.8622456663e-04 2.8790680447e+04 1.5707963268e+00 1.8828964371e+00
1.8637122306e-04 2.8812247266e+04 1.5707963268e+00 1.8837924380e+00
1.8651783058e-04 2.8833826518e+04 1.5707963268e+00 1.8846870964e+00
1.8666438926e-04 2.8855418184e+04 1.5707963268e+00 1.8855804148e+00
1.8681089918e-04 2.8877022243e+04 1.5707963268e+00 1.8864723953e+00
1.8695736042e-04 2.8898638675e+04 1.5707963268e+00 1.8873630401e+00
1.8710377305e-04 2.8920267461e+04 1.5707963268e+00 1.8882523515e+00
1.8725013715e-04 2.8941908580e+04 1.5707963268e+00 1.8891403317e+00
1.8739645281e-04 2.8963562014e+04 1.5707963268e+00 1.8900269829e+00
1.8754272009e-04 2.8985227742e+04 1.5707963268e+00 1.8909123074e+00
1.8768893907e-04 2.9006905743e+04 1.5707963268e+00 1.8917963075e+00
1.8783510983e-04 2.9028596000e+04 1.5707963268e+00 1.8926789852e+00
1.8798123245e-04 2.9050298491e+04 1.5707963268e+00 1.8935603429e+00
1.8812730700e-04 2.9072013197e+04 1.5707963268e+00 1.8944403827e+00
1.8827333357e-04 2.9093740098e+04 1.5707963268e+00 1.8953191068e+00
1.8841931221e-04 2.9115479175e+04 1.5707963268e+00 1.8961965176e+00
1.8856524302e-04 2.9137230408e+04 1.5707963268e+00 1.8970726171e+00
1.8871112606e-04 2.9158993778e+04 1.5707963268e+00 1.8979474077e+00
1.8885696142e-04 2.9180769264e+04 1.5707963268e+00 1.8988208914e+00
1.8900274917e-04 2.9202556847e+04 1.5707963268e+00 1.8996930705e+00
1.8914848938e-04 2.9224356509e+04 1.5707963268e+00 1.9005639472e+00
1.8929418213e-04 2.9246168228e+04 1.5707963268e+00 1.9014335237e+00
1.8943982750e-04 2.9267991986e+04 1.5707963268e+00 1.9023018021e+00
1.8958542555e-04 2.9289827763e+04 1.5707963268e+00 1.9031687848e+00
1.8973097638e-04 2.9311675540e+04 1.5707963268e+00 1.9040344737e+00
1.8987648004e-04 2.9333535297e+04 1.5707963268e+00 1.9048988713e+00
1.9002193662e-04 2.9355407016e+04 1.5707963268e+00 1.9057619795e+00
1.9016734619e-04 2.9377290675e+04 1.5707963268e+00 1.9066238006e+00
1.9031270883e-04 2.9399186257e+04 1.5707963268e+00 1.9074843368e+00
1.9045802461e-04 2.9421093742e+04 1.5707963268e+00 1.9083435903e+00
1.9060329360e-04 2.9443013111e+04 1.5707963268e+00 1.9092015631e+00
1.9074851589e-04 2.9464944344e+04 1.5707963268e+00 1.9100582576e+00
1.9089369153e-04 2.9486887422e+04 1.5707963268e+00 1.9109136757e+00
1.9103882061e-04 2.9508842325e+04 1.5707963268e+00 1.9117678198e+00
1.9118390321e-04 2.9530809036e+04 1.5707963268e+00 1.9126206920e+00
1.9132893939e-04 2.9552787534e+04 1.5707963268e+00 1.9134722944e+00
1.9147392923e-04 2.9574777800e+04 1.5707963268e+00 1.9143226292e+00
1.9161887280e-04 2.9596779816e+04 1.5707963268e+00 1.9151716985e+00
1.9176377018e-04 2.9618793562e+04 1.5707963268e+00 1.9160195044e+00
1.9190862144e-04 2.9640819018e+04 1.5707963268e+00 1.9168660492e+00
1.9205342666e-04 2.9662856167e+04 1.5707963268e+00 1.9177113350e+00
1.9219818590e-04 2.9684904989e+04 1.5707963268e+00 1.9185553639e+00
1.9234289924e-04 2.9706965465e+04 1.5707963268e+00 1.9193981380e+00
1.9248756675e-04 2.9729037576e+04 1.5707963268e+00 1.9202396595e+00
1.9263218851e-04 2.9751121304e+04 1.5707963268e+00 1.9210799305e+00
1.9277676458e-04 2.9773216628e+04 1.5707963268e+00 1.9219189531e+00
1.9292129505e-04 2.9795323531e+04 1.5707963268e+00 1.9227567295e+00
1.9306577998e-04 2.9817441993e+04 1.5707963268e+00 1.9235932618e+00
1.9321021945e-04 2.9839571996e+04 1.5707963268e+00 1.9244285521e+00
1.9335461352e-04 2.9861713521e+04 1.5707963268e+00 1.9252626025e+00
1.9349896228e-04 2.9883866548e+04 1.5707963268e+00 1.9260954151e+00
1.9364326579e-04 2.9906031060e+04 1.5707963268e+00 1.9269269921e+00
1.9378752412e-04 2.9928207038e+04 1.5707963268e+00 1.9277573356e+00
1.9393173735e-04 2.9950394462e+04 1.5707963268e+00 1.9285864476e+00
1.9407590555e-04 2.9972593315e+04 1.5707963268e+00 1.9294143303e+00
1.9422002879e-04 2.9994803577e+04 1.5707963268e+00 1.9302409858e+00
1.9436410714e-04 3.0017025230e+04 1.5707963268e+00 1.9310664161e+00
1.9450814067e-04 3.0039258255e+04 1.5707963268e+00 1.9318906234e+00
1.9465212945e-04 3.0061502634e+04 1.5707963268e+00 1.9327136097e+00
1.9479607356e-04 3.0083758348e+04 1.5707963268e+00 1.9335353772e+00
1.9493997307e-04 3.0106025378e+04 1.5707963268e+00 1.9343559279e+00
1.9508382804e-04 3.0128303707e+04 1.5707963268e+00 1.9351752639e+00
1.9522763856e-04 3.0150593315e+04 1.5707963268e+00 1.9359933873e+00
1.9537140468e-04 3.0172894184e+04 1.5707963268e+00 1.9368103001e+00
1.9551512647e-04 3.0195206297e+04 1.5707963268e+00 1.9376260046e+00
1.9565880402e-04 3.0217529633e+04 1.5707963268e+00 1.9384405026e+00
1.9580243739e-04 3.0239864175e+04 1.5707963268e+00 1.9392537963e+00
1.9594602665e-04 3.0262209905e+04 1.5707963268e+00 1.9400658877e+00
1.9608957187e-04 3.0284566805e+04 1.5707963268e+00 1.9408767790e+00
1.9623307312e-04 3.0306934855e+04 1.5707963268e+00 1.9416864721e+00
1.9637653047e-04 3.0329314038e+04 1.5707963268e+00 1.9424949692e+00
1.9651994398e-04 3.0351704335e+04 1.5707963268e+00 1.9433022722e+00
1.9666331374e-04 3.0374105729e+04 1.5707963268e+00 1.9441083833e+00
1.9680663981e-04 3.0396518201e+04 1.5707963268e+00 1.9449133045e+00
1.9694992226e-04 3.0418941732e+04 1.5707963268e+00 1.9457170378e+00
1.9709316115e-04 3.0441376306e+04 1.5707963268e+00 1.9465195852e+00
1.9723635656e-04 3.0463821903e+04 1.5707963268e+00 1.9473209489e+00
1.9737950856e-04 3.0486278505e+04 1.5707963268e+00 1.9481211308e+00
1.9752261721e-04 3.0508746095e+04 1.5707963268e+00 1.9489201330e+00
1.9766568259e-04 3.0531224654e+04 1.5707963268e+00 1.9497179575e+00
1.9780870476e-04 3.0553714165e+04 1.5707963268e+00 1.9505146064e+00
1.9795168379e-04 3.0576214609e+04 1.5707963268e+00 1.9513100816e+00
1.9809461975e-04 3.0598725969e+04 1.5707963268e+00 1.9521043852e+00
1.9823751270e-04 3.0621248227e+04 1.5707963268e+00 1.9528975192e+00
1.9838036273e-04 3.0643781363e+04 1.5707963268e+00 1.9536894857e+00
1.9852316989e-04 3.0666325362e+04 1.5707963268e+00 1.9544802865e+00
1.9866593425e-04 3.0688880205e+04 1.5707963268e+00 1.9552699239e+00
1.9880865589e-04 3.0711445873e+04 1.5707963268e+00 1.9560583997e+00
1.9895133486e-04 3.0734022350e+04 1.5707963268e+00 1.9568457159e+00
1.9909397124e-04 3.0756609617e+04 1.5707963268e+00 1.9576318746e+00
1.9923656509e-04 3.0779207657e+04 1.5707963268e+00 1.9584168778e+00
1.9937911648e-04 3.0801816452e+04 1.5707963268e+00 1.9592007274e+00
1.9952162548e-04 3.0824435985e+04 1.5707963268e+00 1.9599834255e+00
1.9966409216e-04 3.0847066237e+04 1.5707963268e+00 1.9607649740e+00
1.9980651659e-04 3.0869707191e+04 1.5707963268e+00 1.9615453749e+00
1.9994889882e-04 3.0892358829e+04 1.5707963268e+00 1.9623246303e+00
2.0009123893e-04 3.0915021134e+04 1.5707963268e+00 1.9631027420e+00
2.0023353698e-04 3.0937694088e+04 1.5707963268e+00 1.9638797121e+00
2.0037579305e-04 3.0960377674e+04 1.5707963268e+00 1.9646555426e+00
2.0051800719e-04 3.0983071874e+04 1.5707963268e+00 1.9654302354e+00
2.0066017948e-04 3.1005776670e+04 1.5707963268e+00 1.9662037924e+00
2.0080230997e-04 3.1028492046e+04 1.5707963268e+00 1.9669762158e+00
2.0094439874e-04 3.1051217983e+04 1.5707963268e+00 1.9677475073e+00
2.0108644586e-04 3.1073954465e+04 1.5707963268e+00 1.9685176690e+00
2.0122845139e-04 3.1096701474e+04 1.5707963268e+00 1.9692867029e+00
2.0137041538e-04 3.1119458992e+04 1.5707963268e+00 1.9700546108e+00
2.0151233792e-04 3.1142227002e+04 1.5707963268e+00 1.9708213948e+00
2.0165421907e-04 3.1165005487e+04 1.5707963268e+00 1.9715870568e+00
2.0179605889e-04 3.1187794430e+04 1.5707963268e+00 1.9723515987e+00
2.0193785744e-04 3.1210593813e+04 1.5707963268e+00 1.9731150225e+00
2.0207961480e-04 3.1233403620e+04 1.5707963268e+00 1.9738773301e+00
2.0222133103e-04 3.1256223832e+04 1.5707963268e+00 1.9746385235e+00
2.0236300618e-04 3.1279054433e+04 1.5707963268e+00 1.9753986046e+00
2.0250464034e-04 3.1301895405e+04 1.5707963268e+00 1.9761575753e+00
2.0264623356e-04 3.1324746732e+04 1.5707963268e+00 1.9769154375e+00
2.0278778591e-04 3.1347608396e+04 1.5707963268e+00 1.9776721932e+00
2.0292929745e-04 3.1370480381e+04 1.5707963268e+00 1.9784278444e+00
2.0307076824e-04 3.1393362668e+04 1.5707963268e+00 1.9791823928e+00
2.0321219836e-04 3.1416255242e+04 1.5707963268e+00 1.9799358405e+00
2.0335358787e-04 3.1439158085e+04 1.5707963268e+00 1.9806881893e+00
2.0349493682e-04 3.1462071180e+04 1.5707963268e+00 1.9814394411e+00
2.0363624529e-04 3.1484994511e+04 1.5707963268e+00 1.9821895980e+00
2.0377751334e-04 3.1507928059e+04 1.5707963268e+00 1.9829386617e+00
2.0391874103e-04 3.1530871809e+04 1.5707963268e+00 1.9836866341e+00
2.0405992843e-04 3.1553825744e+04 1.5707963268e+00 1.9844335173e+00
2.0420107559e-04 3.1576789847e+04 1.5707963268e+00 1.9851793130e+00
2.0434218259e-04 3.1599764100e+04 1.5707963268e+00 1.9859240231e+00
2.0448324949e-04 3.1622748487e+04 1.5707963268e+00 1.9866676496e+00
2.0462427635e-04 3.1645742992e+04 1.5707963268e+00 1.9874101944e+00
2.0476526323e-04 3.1668747597e+04 1.5707963268e+00 1.9881516592e+00
2.0490621020e-04 3.1691762286e+04 1.5707963268e+00 1.9888920461e+00
2.0504711731e-04 3.1714787043e+04 1.5707963268e+00 1.9896313568e+00
2.0518798465e-04 3.1737821850e+04 1.5707963268e+00 1.9903695933e+00
2.0532881225e-04 3.1760866690e+04 1.5707963268e+00 1.9911067574e+00
2.0546960020e-04 3.1783921548e+04 1.5707963268e+00 1.9918428509e+00
2.0561034854e-04 3.1806986407e+04 1.5707963268e+00 1.9925778759e+00
2.0575105735e-04 3.1830061250e+04 1.5707963268e+00 1.9933118340e+00
2.0589172669e-04 3.1853146060e+04 1.5707963268e+00 1.9940447273e+00
2.0603235661e-04 3.1876240822e+04 1.5707963268e+00 1.9947765575e+00
2.0617294718e-04 3.1899345518e+04 1.5707963268e+00 1.9955073264e+00
2.0631349847e-04 3.1922460132e+04 1.5707963268e+00 1.9962370360e+00
2.0645401053e-04 3.1945584648e+04 1.5707963268e+00 1.9969656881e+00
2.0659448343e-04 3.1968719049e+04 1.5707963268e+00 1.9976932845e+00
2.0673491723e-04 3.1991863319e+04 1.5707963268e+00 1.9984198271e+00
2.0687531198e-04 3.2015017441e+04 1.5707963268e+00 1.9991453178e+00
2.0701566776e-04 3.2038181400e+04 1.5707963268e+00 1.9998697582e+00
2.0715598462e-04 3.2061355179e+04 1.5707963268e+00 2.0005931504e+00
2.0729626262e-04 3.2084538761e+04 1.5707963268e+00 2.0013154961e+00
2.0743650183e-04 3.2107732131e+04 1.5707963268e+00 2.0020367971e+00
2.0757670230e-04 3.2130935272e+04 1.5707963268e+00 2.0027570553e+00
2.0771686411e-04 3.2154148167e+04 1.5707963268e+00 2.0034762724e+00
2.0785698730e-04 3.2177370802e+04 1.5707963268e+00 2.0041944504e+00
2.0799707194e-04 3.2200603159e+04 1.5707963268e+00 2.0049115910e+00
2.0813711809e-04 3.2223845223e+04 1.5707963268e+00 2.0056276960e+00
2.0827712581e-04 3.2247096977e+04 1.5707963268e+00 2.0063427673e+00
2.0841709516e-04 3.2270358405e+04 1.5707963268e+00 2.0070568067e+00
2.0855702620e-04 3.2293629492e+04 1.5707963268e+00 2.0077698158e+00
2.0869691899e-04 3.2316910221e+04 1.5707963268e+00 2.0084817967e+00
2.0883677360e-04 3.2340200576e+04 1.5707963268e+00 2.0091927510e+00
2.0897659007e-04 3.2363500542e+04 1.5707963268e+00 2.0099026806e+00
2.0911636848e-04 3.2386810102e+04 1.5707963268e+00 2.0106115871e+00
2.0925610888e-04 3.2410129240e+04 1.5707963268e+00 2.0113194726e+00
2.0939581133e-04 3.2433457941e+04 1.5707963268e+00 2.0120263386e+00
2.0953547589e-04 3.2456796188e+04 1.5707963268e+00 2.0127321871e+00
2.0967510263e-04 3.2480143966e+04 1.5707963268e+00 2.0134370197e+00
2.0981469159e-04 3.2503501260e+04 1.5707963268e+00 2.0141408383e+00
2.0995424284e-04 3.2526868052e+04 1.5707963268e+00 2.0148436446e+00
2.1009375644e-04 3.2550244328e+04 1.5707963268e+00 2.0155454404e+00
2.1023323244e-04 3.2573630071e+04 1.5707963268e+00 2.0162462275e+00
2.1037267092e-04 3.2597025267e+04 1.5707963268e+00 2.0169460076e+00
2.1051207191e-04 3.2620429899e+04 1.5707963268e+00 2.0176447825e+00
2.1065143550e-04 3.2643843951e+04 1.5707963268e+00 2.0183425540e+00
2.1079076172e-04 3.2667267408e+04 1.5707963268e+00 2.0190393238e+00
2.1093005065e-04 3.2690700255e+04 1.5707963268e+00 2.0197350937e+00
2.1106930233e-04 3.2714142476e+04 1.5707963268e+00 2.0204298654e+00
2.1120851684e-04 3.2737594054e+04 1.5707963268e+00 2.0211236407e+00
2.1134769422e-04 3.2761054975e+04 1.5707963268e+00 2.0218164213e+00
2.1148683453e-04 3.2784525224e+04 1.5707963268e+00 2.0225082089e+00
2.1162593784e-04 3.2808004784e+04 1.5707963268e+00 2.0231990054e+00
2.1176500420e-04 3.2831493640e+04 1.5707963268e+00 2.0238888123e+00
2.1190403366e-04 3.2854991777e+04 1.5707963268e+00 2.0245776316e+00
2.1204302630e-04 3.2878499179e+04 1.5707963268e+00 2.0252654648e+00
2.1218198215e-04 3.2902015832e+04 1.5707963268e+00 2.0259523138e+00
2.1232090129e-04 3.2925541718e+04 1.5707963268e+00 2.0266381802e+00
2.1245978377e-04 3.2949076824e+04 1.5707963268e+00 2.0273230658e+00
2.1259862964e-04 3.2972621134e+04 1.5707963268e+00 2.0280069723e+00
2.1273743897e-04 3.2996174633e+04 1.5707963268e+00 2.0286899014e+00
2.1287621181e-04 3.3019737305e+04 1.5707963268e+00 2.0293718548e+00
2.1301494821e-04 3.3043309135e+04 1.5707963268e+00 2.0300528342e+00
2.1315364824e-04 3.3066890108e+04 1.5707963268e+00 2.0307328414e+00
2.1329231195e-04 3.3090480209e+04 1.5707963268e+00 2.0314118780e+00
2.1343093940e-04 3.3114079422e+04 1.5707963268e+00 2.0320899457e+00
2.1356953064e-04 3.3137687732e+04 1.5707963268e+00 2.0327670463e+00
2.1370808574e-04 3.3161305125e+04 1.5707963268e+00 2.0334431815e+00
2.1384660474e-04 3.3184931586e+04 1.5707963268e+00 2.0341183528e+00
2.1398508771e-04 3.3208567098e+04 1.5707963268e+00 2.0347925621e+00
2.1412353470e-04 3.3232211647e+04 1.5707963268e+00 2.0354658110e+00
2.1426194576e-04 3.3255865219e+04 1.5707963268e+00 2.0361381012e+00
2.1440032095e-04 3.3279527797e+04 1.5707963268e+00 2.0368094343e+00
2.1453866034e-04 3.3303199368e+04 1.5707963268e+00 2.0374798121e+00
2.1467696397e-04 3.3326879916e+04 1.5707963268e+00 2.0381492363e+00
2.1481523189e-04 3.3350569426e+04 1.5707963268e+00 2.0388177084e+00
2.1495346418e-04 3.3374267884e+04 1.5707963268e+00 2.0394852302e+00
2.1509166087e-04 3.3397975274e+04 1.5707963268e+00 2.0401518034e+00
2.1522982203e-04 3.3421691581e+04 1.5707963268e+00 2.0408174295e+00
2.1536794772e-04 3.3445416792e+04 1.5707963268e+00 2.0414821103e+00
2.1550603798e-04 3.3469150891e+04 1.5707963268e+00 2.0421458474e+00
2.1564409287e-04 3.3492893863e+04 1.5707963268e+00 2.0428086425e+00
2.1578211245e-04 3.3516645693e+04 1.5707963268e+00 2.0434704972e+00
2.1592009677e-04 3.3540406367e+04 1.5707963268e+00 2.0441314132e+00
2.1605804589e-04 3.3564175871e+04 1.5707963268e+00 2.0447913922e+00
2.1619595986e-04 3.3587954189e+04 1.5707963268e+00 2.0454504357e+00
2.1633383873e-04 3.3611741307e+04 1.5707963268e+00 2.0461085454e+00
2.1647168257e-04 3.3635537210e+04 1.5707963268e+00 2.0467657229e+00
2.1660949142e-04 3.3659341883e+04 1.5707963268e+00 2.0474219700e+00
2.1674726534e-04 3.3683155313e+04 1.5707963268e+00 2.0480772881e+00
2.1688500439e-04 3.3706977484e+04 1.5707963268e+00 2.0487316790e+00
2.1702270861e-04 3.3730808382e+04 1.5707963268e+00 2.0493851443e+00
2.1716037807e-04 3.3754647992e+04 1.5707963268e+00 2.0500376856e+00
2.1729801281e-04 3.3778496301e+04 1.5707963268e+00 2.0506893045e+00
2.1743561289e-04 3.3802353293e+04 1.5707963268e+00 2.0513400026e+00
2.1757317836e-04 3.3826218954e+04 1.5707963268e+00 2.0519897816e+00
2.1771070929e-04 3.3850093270e+04 1.5707963268e+00 2.0526386430e+00
2.1784820571e-04 3.3873976226e+04 1.5707963268e+00 2.0532865885e+00
2.1798566769e-04 3.3897867808e+04 1.5707963268e+00 2.0539336198e+00
2.1812309527e-04 3.3921768002e+04 1.5707963268e+00 2.0545797383e+00
2.1826048851e-04 3.3945676793e+04 1.5707963268e+00 2.0552249456e+00
2.1839784747e-04 3.3969594167e+04 1.5707963268e+00 2.0558692435e+00
2.1853517220e-04 3.3993520110e+04 1.5707963268e+00 2.0565126335e+00
2.1867246275e-04 3.4017454608e+04 1.5707963268e+00 2.0571551171e+00
2.1880971917e-04 3.4041397646e+04 1.5707963268e+00 2.0577966960e+00
2.1894694151e-04 3.4065349210e+04 1.5707963268e+00 2.0584373718e+00
2.1908412983e-04 3.4089309286e+04 1.5707963268e+00 2.0590771459e+00
2.1922128419e-04 3.4113277860e+04 1.5707963268e+00 2.0597160202e+00
2.1935840463e-04 3.4137254918e+04 1.5707963268e+00 2.0603539960e+00
2.1949549120e-04 3.4161240445e+04 1.5707963268e+00 2.0609910750e+00
2.1963254396e-04 3.4185234429e+04 1.5707963268e+00 2.0616272587e+00
2.1976956296e-04 3.4209236853e+04 1.5707963268e+00 2.0622625488e+00
2.1990654826e-04 3.4233247706e+04 1.5707963268e+00 2.0628969467e+00
2.2004349990e-04 3.4257266971e+04 1.5707963268e+00 2.0635304542e+00
2.2018041793e-04 3.4281294637e+04 1.5707963268e+00 2.0641630726e+00
2.2031730242e-04 3.4305330688e+04 1.5707963268e+00 2.0647948036e+00
2.2045415340e-04 3.4329375111e+04 1.5707963268e+00 2.0654256487e+00
2.2059097094e-04 3.4353427891e+04 1.5707963268e+00 2.0660556096e+00
2.2072775508e-04 3.4377489016e+04 1.5707963268e+00 2.0666846876e+00
2.2086450587e-04 3.4401558471e+04 1.5707963268e+00 2.0673128845e+00
2.2100122337e-04 3.4425636242e+04 1.5707963268e+00 2.0679402017e+00
2.2113790763e-04 3.4449722315e+04 1.5707963268e+00 2.0685666407e+00
2.2127455869e-04 3.4473816677e+04 1.5707963268e+00 2.0691922032e+00
2.2141117662e-04 3.4497919315e+04 1.5707963268e+00 2.0698168907e+00
2.2154776145e-04 3.4522030213e+04 1.5707963268e+00 2.0704407046e+00
2.2168431325e-04 3.4546149359e+04 1.5707963268e+00 2.0710636465e+00
2.2182083206e-04 3.4570276738e+04 1.5707963268e+00 2.0716857180e+00
2.2195731793e-04 3.4594412338e+04 1.5707963268e+00 2.0723069206e+00
2.2209377092e-04 3.4618556145e+04 1.5707963268e+00 2.0729272558e+00
2.2223019107e-04 3.4642708144e+04 1.5707963268e+00 2.0735467251e+00
2.2236657844e-04 3.4666868323e+04 1.5707963268e+00 2.0741653300e+00
2.2250293307e-04 3.4691036667e+04 1.5707963268e+00 2.0747830721e+00
2.2263925501e-04 3.4715213164e+04 1.5707963268e+00 2.0753999529e+00
2.2277554432e-04 3.4739397799e+04 1.5707963268e+00 2.0760159739e+00
2.2291180105e-04 3.4763590559e+04 1.5707963268e+00 2.0766311365e+00
2.2304802524e-04 3.4787791431e+04 1.5707963268e+00 2.0772454423e+00
2.2318421695e-04 3.4812000402e+04 1.5707963268e+00 2.0778588929e+00
2.2332037622e-04 3.4836217457e+04 1.5707963268e+00 2.0784714896e+00
2.2345650310e-04 3.4860442584e+04 1.5707963268e+00 2.0790832340e+00
2.2359259765e-04 3.4884675768e+04 1.5707963268e+00 2.0796941276e+00
2.2372865992e-04 3.4908916998e+04 1.5707963268e+00 2.0803041719e+00
2.2386468995e-04 3.4933166258e+04 1.5707963268e+00 2.0809133683e+00
2.2400068779e-04 3.4957423537e+04 1.5707963268e+00 2.0815217184e+00
2.2413665349e-04 3.4981688821e+04 1.5707963268e+00 2.0821292237e+00
2.2427258710e-04 3.5005962096e+04 1.5707963268e+00 2.0827358855e+00
2.2440848868e-04 3.5030243349e+04 1.5707963268e+00 2.0833417054e+00
2.2454435826e-04 3.5054532567e+04 1.5707963268e+00 2.0839466849e+00
2.2468019590e-04 3.5078829737e+04 1.5707963268e+00 2.0845508255e+00
2.2481600165e-04 3.5103134846e+04 1.5707963268e+00 2.0851541285e+00
2.2495177555e-04 3.5127447880e+04 1.5707963268e+00 2.0857565956e+00
2.2508751766e-04 3.5151768827e+04 1.5707963268e+00 2.0863582280e+00
2.2522322802e-04 3.5176097673e+04 1.5707963268e+00 2.0869590274e+00
2.2535890668e-04 3.5200434405e+04 1.5707963268e+00 2.0875589951e+00
2.2549455369e-04 3.5224779010e+04 1.5707963268e+00 2.0881581327e+00
2.2563016910e-04 3.5249131475e+04 1.5707963268e+00 2.0887564415e+00
2.2576575296e-04 3.5273491787e+04 1.5707963268e+00 2.0893539231e+00
2.2590130531e-04 3.5297859934e+04 1.5707963268e+00 2.0899505788e+00
2.2603682620e-04 3.5322235901e+04 1.5707963268e+00 2.0905464102e+00
2.2617231568e-04 3.5346619677e+04 1.5707963268e+00 2.0911414186e+00
2.2630777380e-04 3.5371011248e+04 1.5707963268e+00 2.0917356055e+00
2.2644320060e-04 3.5395410601e+04 1.5707963268e+00 2.0923289724e+00
2.2657859614e-04 3.5419817724e+04 1.5707963268e+00 2.0929215206e+00
2.2671396046e-04 3.5444232603e+04 1.5707963268e+00 2.0935132516e+00
2.2684929360e-04 3.5468655226e+04 1.5707963268e+00 2.0941041669e+00
