0.0000000000e+00 1.5965650486e+04 1.5707963268e+00 0.0000000000e+00
2.2189865661e-07 1.5965650486e+04 1.5707963268e+00 -2.7777777778e-03
4.4379731321e-07 1.5965671018e+04 1.5707963268e+00 -5.5555555556e-03
6.6569561311e-07 1.5965712082e+04 1.5707963268e+00 -8.3333261888e-03
8.8759319961e-07 1.5965773678e+04 1.5707963268e+00 -1.1111082533e-02
1.1094897160e-06 1.5965855806e+04 1.5707963268e+00 -1.3888817444e-02
1.3313848056e-06 1.5965958466e+04 1.5707963268e+00 -1.6666523778e-02
1.5532781118e-06 1.5966081659e+04 1.5707963268e+00 -1.9444194390e-02
1.7751692780e-06 1.5966225385e+04 1.5707963268e+00 -2.2221822138e-02
1.9970579474e-06 1.5966389644e+04 1.5707963268e+00 -2.4999399877e-02
2.2189437637e-06 1.5966574437e+04 1.5707963268e+00 -2.7776920466e-02
2.4408263701e-06 1.5966779764e+04 1.5707963268e+00 -3.0554376761e-02
2.6627054104e-06 1.5967005625e+04 1.5707963268e+00 -3.3331761621e-02
2.8845805280e-06 1.5967252021e+04 1.5707963268e+00 -3.6109067905e-02
3.1064513665e-06 1.5967518953e+04 1.5707963268e+00 -3.8886288473e-02
3.3283175697e-06 1.5967806421e+04 1.5707963268e+00 -4.1663416184e-02
3.5501787813e-06 1.5968114426e+04 1.5707963268e+00 -4.4440443901e-02
3.7720346451e-06 1.5968442969e+04 1.5707963268e+00 -4.7217364484e-02
3.9938848051e-06 1.5968792050e+04 1.5707963268e+00 -4.9994170798e-02
4.2157289052e-06 1.5969161671e+04 1.5707963268e+00 -5.2770855706e-02
4.4375665895e-06 1.5969551832e+04 1.5707963268e+00 -5.5547412073e-02
4.6593975022e-06 1.5969962535e+04 1.5707963268e+00 -5.8323832766e-02
4.8812212876e-06 1.5970393779e+04 1.5707963268e+00 -6.1100110651e-02
5.1030375900e-06 1.5970845568e+04 1.5707963268e+00 -6.3876238598e-02
5.3248460538e-06 1.5971317900e+04 1.5707963268e+00 -6.6652209477e-02
5.5466463238e-06 1.5971810778e+04 1.5707963268e+00 -6.9428016159e-02
5.7684380447e-06 1.5972324204e+04 1.5707963268e+00 -7.2203651516e-02
5.9902208612e-06 1.5972858177e+04 1.5707963268e+00 -7.4979108425e-02
6.2119944183e-06 1.5973412700e+04 1.5707963268e+00 -7.7754379760e-02
6.4337583612e-06 1.5973987774e+04 1.5707963268e+00 -8.0529458399e-02
6.6555123350e-06 1.5974583400e+04 1.5707963268e+00 -8.3304337221e-02
6.8772559853e-06 1.5975199579e+04 1.5707963268e+00 -8.6079009109e-02
7.0989889574e-06 1.5975836315e+04 1.5707963268e+00 -8.8853466944e-02
7.3207108972e-06 1.5976493607e+04 1.5707963268e+00 -9.1627703612e-02
7.5424214505e-06 1.5977171457e+04 1.5707963268e+00 -9.4401712000e-02
7.7641202634e-06 1.5977869868e+04 1.5707963268e+00 -9.7175484997e-02
7.9858069819e-06 1.5978588841e+04 1.5707963268e+00 -9.9949015493e-02
8.2074812526e-06 1.5979328378e+04 1.5707963268e+00 -1.0272229638e-01
8.4291427219e-06 1.5980088480e+04 1.5707963268e+00 -1.0549532056e-01
8.6507910366e-06 1.5980869150e+04 1.5707963268e+00 -1.0826808093e-01
8.8724258436e-06 1.5981670389e+04 1.5707963268e+00 -1.1104057038e-01
9.0940467902e-06 1.5982492200e+04 1.5707963268e+00 -1.1381278182e-01
9.3156535235e-06 1.5983334585e+04 1.5707963268e+00 -1.1658470815e-01
9.5372456913e-06 1.5984197545e+04 1.5707963268e+00 -1.1935634229e-01
9.7588229411e-06 1.5985081082e+04 1.5707963268e+00 -1.2212767714e-01
9.9803849211e-06 1.5985985200e+04 1.5707963268e+00 -1.2489870561e-01
1.0201931279e-05 1.5986909900e+04 1.5707963268e+00 -1.2766942062e-01
1.0423461664e-05 1.5987855185e+04 1.5707963268e+00 -1.3043981510e-01
1.0644975725e-05 1.5988821056e+04 1.5707963268e+00 -1.3320988195e-01
1.0866473110e-05 1.5989807517e+04 1.5707963268e+00 -1.3597961411e-01
1.1087953468e-05 1.5990814569e+04 1.5707963268e+00 -1.3874900450e-01
1.1309416449e-05 1.5991842216e+04 1.5707963268e+00 -1.4151804605e-01
1.1530861703e-05 1.5992890459e+04 1.5707963268e+00 -1.4428673170e-01
1.1752288879e-05 1.5993959302e+04 1.5707963268e+00 -1.4705505439e-01
1.1973697628e-05 1.5995048747e+04 1.5707963268e+00 -1.4982300704e-01
1.2195087599e-05 1.5996158796e+04 1.5707963268e+00 -1.5259058261e-01
1.2416458445e-05 1.5997289453e+04 1.5707963268e+00 -1.5535777405e-01
1.2637809815e-05 1.5998440720e+04 1.5707963268e+00 -1.5812457430e-01
1.2859141362e-05 1.5999612601e+04 1.5707963268e+00 -1.6089097631e-01
1.3080452736e-05 1.6000805097e+04 1.5707963268e+00 -1.6365697305e-01
1.3301743589e-05 1.6002018213e+04 1.5707963268e+00 -1.6642255747e-01
1.3523013574e-05 1.6003251950e+04 1.5707963268e+00 -1.6918772255e-01
1.3744262344e-05 1.6004506312e+04 1.5707963268e+00 -1.7195246124e-01
1.3965489550e-05 1.6005781303e+04 1.5707963268e+00 -1.7471676652e-01
1.4186694846e-05 1.6007076924e+04 1.5707963268e+00 -1.7748063136e-01
1.4407877886e-05 1.6008393180e+04 1.5707963268e+00 -1.8024404876e-01
1.4629038323e-05 1.6009730074e+04 1.5707963268e+00 -1.8300701168e-01
1.4850175812e-05 1.6011087608e+04 1.5707963268e+00 -1.8576951312e-01
1.5071290006e-05 1.6012465787e+04 1.5707963268e+00 -1.8853154608e-01
1.5292380560e-05 1.6013864613e+04 1.5707963268e+00 -1.9129310354e-01
1.5513447130e-05 1.6015284091e+04 1.5707963268e+00 -1.9405417851e-01
1.5734489371e-05 1.6016724222e+04 1.5707963268e+00 -1.9681476399e-01
1.5955506939e-05 1.6018185012e+04 1.5707963268e+00 -1.9957485300e-01
1.6176499490e-05 1.6019666463e+04 1.5707963268e+00 -2.0233443854e-01
1.6397466680e-05 1.6021168580e+04 1.5707963268e+00 -2.0509351364e-01
1.6618408166e-05 1.6022691365e+04 1.5707963268e+00 -2.0785207132e-01
1.6839323607e-05 1.6024234823e+04 1.5707963268e+00 -2.1061010461e-01
1.7060212658e-05 1.6025798957e+04 1.5707963268e+00 -2.1336760654e-01
1.7281074979e-05 1.6027383771e+04 1.5707963268e+00 -2.1612457014e-01
1.7501910227e-05 1.6028989268e+04 1.5707963268e+00 -2.1888098847e-01
1.7722718063e-05 1.6030615454e+04 1.5707963268e+00 -2.2163685456e-01
1.7943498143e-05 1.6032262331e+04 1.5707963268e+00 -2.2439216147e-01
1.8164250130e-05 1.6033929904e+04 1.5707963268e+00 -2.2714690226e-01
1.8384973682e-05 1.6035618176e+04 1.5707963268e+00 -2.2990106999e-01
1.8605668459e-05 1.6037327153e+04 1.5707963268e+00 -2.3265465772e-01
1.8826334123e-05 1.6039056836e+04 1.5707963268e+00 -2.3540765853e-01
1.9046970336e-05 1.6040807232e+04 1.5707963268e+00 -2.3816006551e-01
1.9267576758e-05 1.6042578344e+04 1.5707963268e+00 -2.4091187172e-01
1.9488153052e-05 1.6044370176e+04 1.5707963268e+00 -2.4366307026e-01
1.9708698880e-05 1.6046182733e+04 1.5707963268e+00 -2.4641365423e-01
1.9929213906e-05 1.6048016019e+04 1.5707963268e+00 -2.4916361672e-01
2.0149697793e-05 1.6049870038e+04 1.5707963268e+00 -2.5191295084e-01
2.0370150204e-05 1.6051744795e+04 1.5707963268e+00 -2.5466164971e-01
2.0590570805e-05 1.6053640294e+04 1.5707963268e+00 -2.5740970643e-01
2.0810959260e-05 1.6055556539e+04 1.5707963268e+00 -2.6015711414e-01
2.1031315235e-05 1.6057493536e+04 1.5707963268e+00 -2.6290386595e-01
2.1251638394e-05 1.6059451288e+04 1.5707963268e+00 -2.6564995501e-01
2.1471928405e-05 1.6061429801e+04 1.5707963268e+00 -2.6839537446e-01
2.1692184934e-05 1.6063429078e+04 1.5707963268e+00 -2.7114011744e-01
2.1912407649e-05 1.6065449125e+04 1.5707963268e+00 -2.7388417710e-01
2.2132596216e-05 1.6067489947e+04 1.5707963268e+00 -2.7662754661e-01
2.2352750305e-05 1.6069551547e+04 1.5707963268e+00 -2.7937021913e-01
2.2572869584e-05 1.6071633932e+04 1.5707963268e+00 -2.8211218783e-01
2.2792953721e-05 1.6073737106e+04 1.5707963268e+00 -2.8485344590e-01
2.3013002388e-05 1.6075861073e+04 1.5707963268e+00 -2.8759398650e-01
2.3233015254e-05 1.6078005838e+04 1.5707963268e+00 -2.9033380284e-01
2.3452991989e-05 1.6080171408e+04 1.5707963268e+00 -2.9307288812e-01
2.3672932266e-05 1.6082357786e+04 1.5707963268e+00 -2.9581123553e-01
2.3892835756e-05 1.6084564977e+04 1.5707963268e+00 -2.9854883829e-01
2.4112702130e-05 1.6086792988e+04 1.5707963268e+00 -3.0128568962e-01
2.4332531063e-05 1.6089041822e+04 1.5707963268e+00 -3.0402178274e-01
2.4552322227e-05 1.6091311485e+04 1.5707963268e+00 -3.0675711088e-01
2.4772075296e-05 1.6093601983e+04 1.5707963268e+00 -3.0949166728e-01
2.4991789946e-05 1.6095913319e+04 1.5707963268e+00 -3.1222544518e-01
2.5211465850e-05 1.6098245501e+04 1.5707963268e+00 -3.1495843785e-01
2.5431102684e-05 1.6100598533e+04 1.5707963268e+00 -3.1769063853e-01
2.5650700125e-05 1.6102972419e+04 1.5707963268e+00 -3.2042204050e-01
2.5870257849e-05 1.6105367167e+04 1.5707963268e+00 -3.2315263703e-01
2.6089775534e-05 1.6107782781e+04 1.5707963268e+00 -3.2588242139e-01
2.6309252857e-05 1.6110219266e+04 1.5707963268e+00 -3.2861138689e-01
2.6528689497e-05 1.6112676629e+04 1.5707963268e+00 -3.3133952681e-01
2.6748085133e-05 1.6115154874e+04 1.5707963268e+00 -3.3406683447e-01
2.6967439445e-05 1.6117654008e+04 1.5707963268e+00 -3.3679330316e-01
2.7186752112e-05 1.6120174035e+04 1.5707963268e+00 -3.3951892622e-01
2.7406022815e-05 1.6122714961e+04 1.5707963268e+00 -3.4224369696e-01
2.7625251236e-05 1.6125276793e+04 1.5707963268e+00 -3.4496760872e-01
2.7844437058e-05 1.6127859535e+04 1.5707963268e+00 -3.4769065485e-01
2.8063579961e-05 1.6130463194e+04 1.5707963268e+00 -3.5041282869e-01
2.8282679631e-05 1.6133087774e+04 1.5707963268e+00 -3.5313412360e-01
2.8501735750e-05 1.6135733283e+04 1.5707963268e+00 -3.5585453295e-01
2.8720748002e-05 1.6138399726e+04 1.5707963268e+00 -3.5857405011e-01
2.8939716074e-05 1.6141087109e+04 1.5707963268e+00 -3.6129266847e-01
2.9158639651e-05 1.6143795437e+04 1.5707963268e+00 -3.6401038142e-01
2.9377518419e-05 1.6146524716e+04 1.5707963268e+00 -3.6672718235e-01
2.9596352065e-05 1.6149274953e+04 1.5707963268e+00 -3.6944306467e-01
2.9815140276e-05 1.6152046153e+04 1.5707963268e+00 -3.7215802180e-01
3.0033882742e-05 1.6154838323e+04 1.5707963268e+00 -3.7487204716e-01
3.0252579150e-05 1.6157651468e+04 1.5707963268e+00 -3.7758513419e-01
3.0471229191e-05 1.6160485595e+04 1.5707963268e+00 -3.8029727632e-01
3.0689832555e-05 1.6163340709e+04 1.5707963268e+00 -3.8300846701e-01
3.0908388932e-05 1.6166216817e+04 1.5707963268e+00 -3.8571869971e-01
3.1126898015e-05 1.6169113925e+04 1.5707963268e+00 -3.8842796789e-01
3.1345359494e-05 1.6172032039e+04 1.5707963268e+00 -3.9113626503e-01
3.1563773065e-05 1.6174971165e+04 1.5707963268e+00 -3.9384358461e-01
3.1782138419e-05 1.6177931309e+04 1.5707963268e+00 -3.9654992013e-01
3.2000455251e-05 1.6180912479e+04 1.5707963268e+00 -3.9925526509e-01
3.2218723256e-05 1.6183914680e+04 1.5707963268e+00 -4.0195961300e-01
3.2436942131e-05 1.6186937918e+04 1.5707963268e+00 -4.0466295738e-01
3.2655111570e-05 1.6189982199e+04 1.5707963268e+00 -4.0736529177e-01
3.2873231271e-05 1.6193047531e+04 1.5707963268e+00 -4.1006660970e-01
3.3091300932e-05 1.6196133920e+04 1.5707963268e+00 -4.1276690472e-01
3.3309320252e-05 1.6199241371e+04 1.5707963268e+00 -4.1546617038e-01
3.3527288929e-05 1.6202369892e+04 1.5707963268e+00 -4.1816440027e-01
3.3745206663e-05 1.6205519488e+04 1.5707963268e+00 -4.2086158795e-01
3.3963073155e-05 1.6208690167e+04 1.5707963268e+00 -4.2355772701e-01
3.4180888106e-05 1.6211881935e+04 1.5707963268e+00 -4.2625281105e-01
3.4398651219e-05 1.6215094798e+04 1.5707963268e+00 -4.2894683368e-01
3.4616362195e-05 1.6218328764e+04 1.5707963268e+00 -4.3163978850e-01
3.4834020739e-05 1.6221583837e+04 1.5707963268e+00 -4.3433166915e-01
3.5051626554e-05 1.6224860026e+04 1.5707963268e+00 -4.3702246926e-01
3.5269179346e-05 1.6228157337e+04 1.5707963268e+00 -4.3971218248e-01
3.5486678820e-05 1.6231475777e+04 1.5707963268e+00 -4.4240080245e-01
3.5704124683e-05 1.6234815351e+04 1.5707963268e+00 -4.4508832286e-01
3.5921516642e-05 1.6238176068e+04 1.5707963268e+00 -4.4777473736e-01
3.6138854404e-05 1.6241557933e+04 1.5707963268e+00 -4.5046003966e-01
3.6356137679e-05 1.6244960953e+04 1.5707963268e+00 -4.5314422344e-01
3.6573366176e-05 1.6248385135e+04 1.5707963268e+00 -4.5582728241e-01
3.6790539605e-05 1.6251830487e+04 1.5707963268e+00 -4.5850921028e-01
3.7007657677e-05 1.6255297014e+04 1.5707963268e+00 -4.6119000079e-01
3.7224720105e-05 1.6258784723e+04 1.5707963268e+00 -4.6386964767e-01
3.7441726599e-05 1.6262293622e+04 1.5707963268e+00 -4.6654814467e-01
3.7658676875e-05 1.6265823717e+04 1.5707963268e+00 -4.6922548555e-01
3.7875570645e-05 1.6269375015e+04 1.5707963268e+00 -4.7190166407e-01
3.8092407625e-05 1.6272947523e+04 1.5707963268e+00 -4.7457667402e-01
3.8309187530e-05 1.6276541248e+04 1.5707963268e+00 -4.7725050919e-01
3.8525910077e-05 1.6280156197e+04 1.5707963268e+00 -4.7992316337e-01
3.8742574983e-05 1.6283792376e+04 1.5707963268e+00 -4.8259463038e-01
3.8959181966e-05 1.6287449793e+04 1.5707963268e+00 -4.8526490405e-01
3.9175730745e-05 1.6291128455e+04 1.5707963268e+00 -4.8793397821e-01
3.9392221039e-05 1.6294828368e+04 1.5707963268e+00 -4.9060184670e-01
3.9608652569e-05 1.6298549540e+04 1.5707963268e+00 -4.9326850337e-01
3.9825025057e-05 1.6302291978e+04 1.5707963268e+00 -4.9593394211e-01
4.0041338224e-05 1.6306055689e+04 1.5707963268e+00 -4.9859815678e-01
4.0257591793e-05 1.6309840679e+04 1.5707963268e+00 -5.0126114127e-01
4.0473785488e-05 1.6313646956e+04 1.5707963268e+00 -5.0392288950e-01
4.0689919033e-05 1.6317474527e+04 1.5707963268e+00 -5.0658339536e-01
4.0905992154e-05 1.6321323399e+04 1.5707963268e+00 -5.0924265278e-01
4.1122004577e-05 1.6325193579e+04 1.5707963268e+00 -5.1190065571e-01
4.1337956029e-05 1.6329085074e+04 1.5707963268e+00 -5.1455739808e-01
4.1553846238e-05 1.6332997891e+04 1.5707963268e+00 -5.1721287385e-01
4.1769674932e-05 1.6336932038e+04 1.5707963268e+00 -5.1986707701e-01
4.1985441841e-05 1.6340887522e+04 1.5707963268e+00 -5.2252000152e-01
4.2201146695e-05 1.6344864349e+04 1.5707963268e+00 -5.2517164138e-01
4.2416789226e-05 1.6348862527e+04 1.5707963268e+00 -5.2782199060e-01
4.2632369165e-05 1.6352882063e+04 1.5707963268e+00 -5.3047104320e-01
4.2847886246e-05 1.6356922964e+04 1.5707963268e+00 -5.3311879321e-01
4.3063340203e-05 1.6360985238e+04 1.5707963268e+00 -5.3576523466e-01
4.3278730769e-05 1.6365068891e+04 1.5707963268e+00 -5.3841036162e-01
4.3494057680e-05 1.6369173932e+04 1.5707963268e+00 -5.4105416814e-01
4.3709320673e-05 1.6373300366e+04 1.5707963268e+00 -5.4369664831e-01
4.3924519485e-05 1.6377448201e+04 1.5707963268e+00 -5.4633779622e-01
4.4139653855e-05 1.6381617445e+04 1.5707963268e+00 -5.4897760597e-01
4.4354723520e-05 1.6385808105e+04 1.5707963268e+00 -5.5161607167e-01
4.4569728220e-05 1.6390020187e+04 1.5707963268e+00 -5.5425318746e-01
4.4784667698e-05 1.6394253700e+04 1.5707963268e+00 -5.5688894747e-01
4.4999541693e-05 1.6398508650e+04 1.5707963268e+00 -5.5952334585e-01
4.5214349949e-05 1.6402785045e+04 1.5707963268e+00 -5.6215637678e-01
4.5429092209e-05 1.6407082892e+04 1.5707963268e+00 -5.6478803442e-01
4.5643768217e-05 1.6411402198e+04 1.5707963268e+00 -5.6741831298e-01
4.5858377718e-05 1.6415742971e+04 1.5707963268e+00 -5.7004720664e-01
4.6072920459e-05 1.6420105217e+04 1.5707963268e+00 -5.7267470964e-01
4.6287396185e-05 1.6424488945e+04 1.5707963268e+00 -5.7530081620e-01
4.6501804646e-05 1.6428894160e+04 1.5707963268e+00 -5.7792552055e-01
4.6716145589e-05 1.6433320871e+04 1.5707963268e+00 -5.8054881696e-01
4.6930418765e-05 1.6437769085e+04 1.5707963268e+00 -5.8317069970e-01
4.7144623923e-05 1.6442238809e+04 1.5707963268e+00 -5.8579116303e-01
4.7358760816e-05 1.6446730051e+04 1.5707963268e+00 -5.8841020127e-01
4.7572829195e-05 1.6451242817e+04 1.5707963268e+00 -5.9102780871e-01
4.7786828815e-05 1.6455777115e+04 1.5707963268e+00 -5.9364397967e-01
4.8000759428e-05 1.6460332953e+04 1.5707963268e+00 -5.9625870850e-01
4.8214620790e-05 1.6464910336e+04 1.5707963268e+00 -5.9887198953e-01
4.8428412657e-05 1.6469509274e+04 1.5707963268e+00 -6.0148381714e-01
4.8642134786e-05 1.6474129773e+04 1.5707963268e+00 -6.0409418568e-01
4.8855786935e-05 1.6478771840e+04 1.5707963268e+00 -6.0670308955e-01
4.9069368863e-05 1.6483435482e+04 1.5707963268e+00 -6.0931052315e-01
4.9282880329e-05 1.6488120708e+04 1.5707963268e+00 -6.1191648090e-01
4.9496321093e-05 1.6492827523e+04 1.5707963268e+00 -6.1452095722e-01
4.9709690918e-05 1.6497555936e+04 1.5707963268e+00 -6.1712394656e-01
4.9922989567e-05 1.6502305953e+04 1.5707963268e+00 -6.1972544336e-01
5.0136216801e-05 1.6507077583e+04 1.5707963268e+00 -6.2232544211e-01
5.0349372386e-05 1.6511870831e+04 1.5707963268e+00 -6.2492393729e-01
5.0562456087e-05 1.6516685706e+04 1.5707963268e+00 -6.2752092338e-01
5.0775467670e-05 1.6521522214e+04 1.5707963268e+00 -6.3011639491e-01
5.0988406903e-05 1.6526380363e+04 1.5707963268e+00 -6.3271034640e-01
5.1201273553e-05 1.6531260160e+04 1.5707963268e+00 -6.3530277239e-01
5.1414067390e-05 1.6536161613e+04 1.5707963268e+00 -6.3789366743e-01
5.1626788183e-05 1.6541084727e+04 1.5707963268e+00 -6.4048302609e-01
5.1839435704e-05 1.6546029512e+04 1.5707963268e+00 -6.4307084295e-01
5.2052009725e-05 1.6550995973e+04 1.5707963268e+00 -6.4565711261e-01
5.2264510018e-05 1.6555984118e+04 1.5707963268e+00 -6.4824182967e-01
5.2476936357e-05 1.6560993954e+04 1.5707963268e+00 -6.5082498878e-01
5.2689288518e-05 1.6566025489e+04 1.5707963268e+00 -6.5340658455e-01
5.2901566275e-05 1.6571078729e+04 1.5707963268e+00 -6.5598661166e-01
5.3113769406e-05 1.6576153682e+04 1.5707963268e+00 -6.5856506476e-01
5.3325897688e-05 1.6581250354e+04 1.5707963268e+00 -6.6114193853e-01
5.3537950900e-05 1.6586368753e+04 1.5707963268e+00 -6.6371722769e-01
5.3749928821e-05 1.6591508886e+04 1.5707963268e+00 -6.6629092693e-01
5.3961831233e-05 1.6596670760e+04 1.5707963268e+00 -6.6886303099e-01
5.4173657916e-05 1.6601854383e+04 1.5707963268e+00 -6.7143353461e-01
5.4385408653e-05 1.6607059760e+04 1.5707963268e+00 -6.7400243254e-01
5.4597083228e-05 1.6612286900e+04 1.5707963268e+00 -6.7656971956e-01
5.4808681426e-05 1.6617535809e+04 1.5707963268e+00 -6.7913539045e-01
5.5020203030e-05 1.6622806494e+04 1.5707963268e+00 -6.8169944001e-01
5.5231647829e-05 1.6628098962e+04 1.5707963268e+00 -6.8426186306e-01
5.5443015610e-05 1.6633413221e+04 1.5707963268e+00 -6.8682265443e-01
5.5654306160e-05 1.6638749277e+04 1.5707963268e+00 -6.8938180897e-01
5.5865519269e-05 1.6644107137e+04 1.5707963268e+00 -6.9193932154e-01
5.6076654728e-05 1.6649486809e+04 1.5707963268e+00 -6.9449518701e-01
5.6287712328e-05 1.6654888298e+04 1.5707963268e+00 -6.9704940028e-01
5.6498691862e-05 1.6660311613e+04 1.5707963268e+00 -6.9960195626e-01
5.6709593122e-05 1.6665756759e+04 1.5707963268e+00 -7.0215284987e-01
5.6920415902e-05 1.6671223745e+04 1.5707963268e+00 -7.0470207604e-01
5.7131159999e-05 1.6676712576e+04 1.5707963268e+00 -7.0724962972e-01
5.7341825209e-05 1.6682223259e+04 1.5707963268e+00 -7.0979550590e-01
5.7552411328e-05 1.6687755802e+04 1.5707963268e+00 -7.1233969955e-01
5.7762918155e-05 1.6693310211e+04 1.5707963268e+00 -7.1488220567e-01
5.7973345489e-05 1.6698886492e+04 1.5707963268e+00 -7.1742301928e-01
5.8183693132e-05 1.6704484654e+04 1.5707963268e+00 -7.1996213540e-01
5.8393960882e-05 1.6710104701e+04 1.5707963268e+00 -7.2249954909e-01
5.8604148544e-05 1.6715746642e+04 1.5707963268e+00 -7.2503525541e-01
5.8814255920e-05 1.6721410483e+04 1.5707963268e+00 -7.2756924944e-01
5.9024282815e-05 1.6727096230e+04 1.5707963268e+00 -7.3010152626e-01
5.9234229034e-05 1.6732803890e+04 1.5707963268e+00 -7.3263208100e-01
5.9444094383e-05 1.6738533471e+04 1.5707963268e+00 -7.3516090877e-01
5.9653878669e-05 1.6744284977e+04 1.5707963268e+00 -7.3768800472e-01
5.9863581700e-05 1.6750058416e+04 1.5707963268e+00 -7.4021336400e-01
6.0073203287e-05 1.6755853795e+04 1.5707963268e+00 -7.4273698180e-01
6.0282743239e-05 1.6761671120e+04 1.5707963268e+00 -7.4525885329e-01
6.0492201367e-05 1.6767510398e+04 1.5707963268e+00 -7.4777897369e-01
6.0701577484e-05 1.6773371634e+04 1.5707963268e+00 -7.5029733822e-01
6.0910871403e-05 1.6779254837e+04 1.5707963268e+00 -7.5281394211e-01
6.1120082938e-05 1.6785160011e+04 1.5707963268e+00 -7.5532878062e-01
6.1329211905e-05 1.6791087163e+04 1.5707963268e+00 -7.5784184902e-01
6.1538258120e-05 1.6797036300e+04 1.5707963268e+00 -7.6035314259e-01
6.1747221401e-05 1.6803007428e+04 1.5707963268e+00 -7.6286265665e-01
6.1956101565e-05 1.6809000554e+04 1.5707963268e+00 -7.6537038651e-01
6.2164898432e-05 1.6815015683e+04 1.5707963268e+00 -7.6787632751e-01
6.2373611822e-05 1.6821052822e+04 1.5707963268e+00 -7.7038047500e-01
6.2582241557e-05 1.6827111978e+04 1.5707963268e+00 -7.7288282434e-01
6.2790787460e-05 1.6833193155e+04 1.5707963268e+00 -7.7538337093e-01
6.2999249353e-05 1.6839296362e+04 1.5707963268e+00 -7.7788211017e-01
6.3207627061e-05 1.6845421603e+04 1.5707963268e+00 -7.8037903747e-01
6.3415920409e-05 1.6851568885e+04 1.5707963268e+00 -7.8287414827e-01
6.3624129225e-05 1.6857738214e+04 1.5707963268e+00 -7.8536743803e-01
6.3832253335e-05 1.6863929596e+04 1.5707963268e+00 -7.8785890221e-01
6.4040292568e-05 1.6870143037e+04 1.5707963268e+00 -7.9034853629e-01
6.4248246753e-05 1.6876378543e+04 1.5707963268e+00 -7.9283633579e-01
6.4456115721e-05 1.6882636120e+04 1.5707963268e+00 -7.9532229622e-01
6.4663899304e-05 1.6888915774e+04 1.5707963268e+00 -7.9780641311e-01
6.4871597334e-05 1.6895217511e+04 1.5707963268e+00 -8.0028868202e-01
6.5079209645e-05 1.6901541336e+04 1.5707963268e+00 -8.0276909852e-01
6.5286736070e-05 1.6907887256e+04 1.5707963268e+00 -8.0524765820e-01
6.5494176447e-05 1.6914255277e+04 1.5707963268e+00 -8.0772435666e-01
6.5701530611e-05 1.6920645403e+04 1.5707963268e+00 -8.1019918951e-01
6.5908798401e-05 1.6927057641e+04 1.5707963268e+00 -8.1267215241e-01
6.6115979654e-05 1.6933491997e+04 1.5707963268e+00 -8.1514324100e-01
6.6323074211e-05 1.6939948476e+04 1.5707963268e+00 -8.1761245096e-01
6.6530081912e-05 1.6946427083e+04 1.5707963268e+00 -8.2007977798e-01
6.6737002599e-05 1.6952927825e+04 1.5707963268e+00 -8.2254521776e-01
6.6943836115e-05 1.6959450707e+04 1.5707963268e+00 -8.2500876603e-01
6.7150582303e-05 1.6965995734e+04 1.5707963268e+00 -8.2747041853e-01
6.7357241009e-05 1.6972562912e+04 1.5707963268e+00 -8.2993017101e-01
6.7563812078e-05 1.6979152247e+04 1.5707963268e+00 -8.3238801926e-01
6.7770295357e-05 1.6985763743e+04 1.5707963268e+00 -8.3484395907e-01
6.7976690694e-05 1.6992397406e+04 1.5707963268e+00 -8.3729798624e-01
6.8182997938e-05 1.6999053241e+04 1.5707963268e+00 -8.3975009661e-01
6.8389216939e-05 1.7005731254e+04 1.5707963268e+00 -8.4220028602e-01
6.8595347547e-05 1.7012431450e+04 1.5707963268e+00 -8.4464855034e-01
6.8801389614e-05 1.7019153834e+04 1.5707963268e+00 -8.4709488544e-01
6.9007342994e-05 1.7025898411e+04 1.5707963268e+00 -8.4953928722e-01
6.9213207541e-05 1.7032665187e+04 1.5707963268e+00 -8.5198175161e-01
6.9418983109e-05 1.7039454166e+04 1.5707963268e+00 -8.5442227453e-01
6.9624669554e-05 1.7046265353e+04 1.5707963268e+00 -8.5686085193e-01
6.9830266734e-05 1.7053098754e+04 1.5707963268e+00 -8.5929747979e-01
7.0035774506e-05 1.7059954374e+04 1.5707963268e+00 -8.6173215408e-01
7.0241192731e-05 1.7066832216e+04 1.5707963268e+00 -8.6416487082e-01
7.0446521266e-05 1.7073732287e+04 1.5707963268e+00 -8.6659562603e-01
7.0651759975e-05 1.7080654591e+04 1.5707963268e+00 -8.6902441574e-01
7.0856908719e-05 1.7087599132e+04 1.5707963268e+00 -8.7145123601e-01
7.1061967360e-05 1.7094565916e+04 1.5707963268e+00 -8.7387608292e-01
7.1266935764e-05 1.7101554947e+04 1.5707963268e+00 -8.7629895256e-01
7.1471813796e-05 1.7108566230e+04 1.5707963268e+00 -8.7871984105e-01
7.1676601321e-05 1.7115599769e+04 1.5707963268e+00 -8.8113874451e-01
7.1881298207e-05 1.7122655570e+04 1.5707963268e+00 -8.8355565909e-01
7.2085904322e-05 1.7129733636e+04 1.5707963268e+00 -8.8597058095e-01
7.2290419535e-05 1.7136833971e+04 1.5707963268e+00 -8.8838350627e-01
7.2494843716e-05 1.7143956581e+04 1.5707963268e+00 -8.9079443127e-01
7.2699176738e-05 1.7151101470e+04 1.5707963268e+00 -8.9320335215e-01
7.2903418471e-05 1.7158268642e+04 1.5707963268e+00 -8.9561026516e-01
7.3107568789e-05 1.7165458101e+04 1.5707963268e+00 -8.9801516654e-01
7.3311627568e-05 1.7172669852e+04 1.5707963268e+00 -9.0041805258e-01
7.3515594681e-05 1.7179903898e+04 1.5707963268e+00 -9.0281891956e-01
7.3719470005e-05 1.7187160244e+04 1.5707963268e+00 -9.0521776379e-01
7.3923253418e-05 1.7194438895e+04 1.5707963268e+00 -9.0761458160e-01
7.4126944797e-05 1.7201739853e+04 1.5707963268e+00 -9.1000936934e-01
7.4330544023e-05 1.7209063123e+04 1.5707963268e+00 -9.1240212337e-01
7.4534050975e-05 1.7216408709e+04 1.5707963268e+00 -9.1479284008e-01
7.4737465535e-05 1.7223776614e+04 1.5707963268e+00 -9.1718151585e-01
7.4940787585e-05 1.7231166844e+04 1.5707963268e+00 -9.1956814712e-01
7.5144017009e-05 1.7238579400e+04 1.5707963268e+00 -9.2195273032e-01
7.5347153690e-05 1.7246014288e+04 1.5707963268e+00 -9.2433526191e-01
7.5550197515e-05 1.7253471511e+04 1.5707963268e+00 -9.2671573835e-01
7.5753148369e-05 1.7260951071e+04 1.5707963268e+00 -9.2909415615e-01
7.5956006141e-05 1.7268452974e+04 1.5707963268e+00 -9.3147051181e-01
7.6158770717e-05 1.7275977223e+04 1.5707963268e+00 -9.3384480186e-01
7.6361441988e-05 1.7283523820e+04 1.5707963268e+00 -9.3621702284e-01
7.6564019845e-05 1.7291092770e+04 1.5707963268e+00 -9.3858717133e-01
7.6766504177e-05 1.7298684075e+04 1.5707963268e+00 -9.4095524391e-01
7.6968894879e-05 1.7306297740e+04 1.5707963268e+00 -9.4332123718e-01
7.7171191842e-05 1.7313933767e+04 1.5707963268e+00 -9.4568514776e-01
7.7373394961e-05 1.7321592159e+04 1.5707963268e+00 -9.4804697230e-01
7.7575504133e-05 1.7329272921e+04 1.5707963268e+00 -9.5040670744e-01
7.7777519252e-05 1.7336976054e+04 1.5707963268e+00 -9.5276434987e-01
7.7979440217e-05 1.7344701561e+04 1.5707963268e+00 -9.5511989628e-01
7.8181266925e-05 1.7352449447e+04 1.5707963268e+00 -9.5747334339e-01
7.8382999276e-05 1.7360219713e+04 1.5707963268e+00 -9.5982468793e-01
7.8584637170e-05 1.7368012363e+04 1.5707963268e+00 -9.6217392665e-01
7.8786180509e-05 1.7375827400e+04 1.5707963268e+00 -9.6452105631e-01
7.8987629194e-05 1.7383664825e+04 1.5707963268e+00 -9.6686607371e-01
7.9188983129e-05 1.7391524643e+04 1.5707963268e+00 -9.6920897566e-01
7.9390242218e-05 1.7399406855e+04 1.5707963268e+00 -9.7154975898e-01
7.9591406366e-05 1.7407311464e+04 1.5707963268e+00 -9.7388842051e-01
7.9792475480e-05 1.7415238473e+04 1.5707963268e+00 -9.7622495711e-01
7.9993449466e-05 1.7423187885e+04 1.5707963268e+00 -9.7855936568e-01
8.0194328232e-05 1.7431159700e+04 1.5707963268e+00 -9.8089164310e-01
8.0395111689e-05 1.7439153923e+04 1.5707963268e+00 -9.8322178630e-01
8.0595799745e-05 1.7447170555e+04 1.5707963268e+00 -9.8554979221e-01
8.0796392312e-05 1.7455209599e+04 1.5707963268e+00 -9.8787565779e-01
8.0996889301e-05 1.7463271056e+04 1.5707963268e+00 -9.9019938002e-01
8.1197290627e-05 1.7471354929e+04 1.5707963268e+00 -9.9252095589e-01
8.1397596202e-05 1.7479461220e+04 1.5707963268e+00 -9.9484038241e-01
8.1597805941e-05 1.7487589931e+04 1.5707963268e+00 -9.9715765661e-01
8.1797919761e-05 1.7495741063e+04 1.5707963268e+00 -9.9947277555e-01
8.1997937579e-05 1.7503914620e+04 1.5707963268e+00 -1.0017857363e+00
8.2197859311e-05 1.7512110602e+04 1.5707963268e+00 -1.0040965359e+00
8.2397684877e-05 1.7520329011e+04 1.5707963268e+00 -1.0064051715e+00
8.2597414197e-05 1.7528569850e+04 1.5707963268e+00 -1.0087116403e+00
8.2797047191e-05 1.7536833119e+04 1.5707963268e+00 -1.0110159393e+00
8.2996583781e-05 1.7545118820e+04 1.5707963268e+00 -1.0133180657e+00
8.3196023889e-05 1.7553426956e+04 1.5707963268e+00 -1.0156180168e+00
8.3395367439e-05 1.7561757526e+04 1.5707963268e+00 -1.0179157896e+00
8.3594614355e-05 1.7570110533e+04 1.5707963268e+00 -1.0202113815e+00
8.3793764563e-05 1.7578485979e+04 1.5707963268e+00 -1.0225047897e+00
8.3992817990e-05 1.7586883863e+04 1.5707963268e+00 -1.0247960113e+00
8.4191774561e-05 1.7595304188e+04 1.5707963268e+00 -1.0270850438e+00
8.4390634207e-05 1.7603746955e+04 1.5707963268e+00 -1.0293718844e+00
8.4589396856e-05 1.7612212164e+04 1.5707963268e+00 -1.0316565304e+00
8.4788062437e-05 1.7620699817e+04 1.5707963268e+00 -1.0339389791e+00
8.4986630883e-05 1.7629209915e+04 1.5707963268e+00 -1.0362192279e+00
8.5185102125e-05 1.7637742459e+04 1.5707963268e+00 -1.0384972742e+00
8.5383476096e-05 1.7646297449e+04 1.5707963268e+00 -1.0407731153e+00
8.5581752730e-05 1.7654874886e+04 1.5707963268e+00 -1.0430467486e+00
8.5779931962e-05 1.7663474771e+04 1.5707963268e+00 -1.0453181717e+00
8.5978013727e-05 1.7672097105e+04 1.5707963268e+00 -1.0475873819e+00
8.6175997963e-05 1.7680741888e+04 1.5707963268e+00 -1.0498543767e+00
8.6373884607e-05 1.7689409120e+04 1.5707963268e+00 -1.0521191535e+00
8.6571673597e-05 1.7698098803e+04 1.5707963268e+00 -1.0543817100e+00
8.6769364872e-05 1.7706810936e+04 1.5707963268e+00 -1.0566420435e+00
8.6966958374e-05 1.7715545520e+04 1.5707963268e+00 -1.0589001517e+00
8.7164454043e-05 1.7724302554e+04 1.5707963268e+00 -1.0611560321e+00
8.7361851822e-05 1.7733082041e+04 1.5707963268e+00 -1.0634096822e+00
8.7559151654e-05 1.7741883978e+04 1.5707963268e+00 -1.0656610997e+00
8.7756353482e-05 1.7750708367e+04 1.5707963268e+00 -1.0679102822e+00
8.7953457252e-05 1.7759555207e+04 1.5707963268e+00 -1.0701572274e+00
8.8150462909e-05 1.7768424499e+04 1.5707963268e+00 -1.0724019328e+00
8.8347370401e-05 1.7777316241e+04 1.5707963268e+00 -1.0746443961e+00
8.8544179674e-05 1.7786230435e+04 1.5707963268e+00 -1.0768846151e+00
8.8740890678e-05 1.7795167079e+04 1.5707963268e+00 -1.0791225874e+00
8.8937503362e-05 1.7804126174e+04 1.5707963268e+00 -1.0813583108e+00
8.9134017676e-05 1.7813107718e+04 1.5707963268e+00 -1.0835917831e+00
8.9330433571e-05 1.7822111712e+04 1.5707963268e+00 -1.0858230019e+00
8.9526751000e-05 1.7831138154e+04 1.5707963268e+00 -1.0880519651e+00
8.9722969915e-05 1.7840187045e+04 1.5707963268e+00 -1.0902786704e+00
8.9919090271e-05 1.7849258383e+04 1.5707963268e+00 -1.0925031158e+00
9.0115112022e-05 1.7858352169e+04 1.5707963268e+00 -1.0947252989e+00
9.0311035124e-05 1.7867468400e+04 1.5707963268e+00 -1.0969452178e+00
9.0506859533e-05 1.7876607076e+04 1.5707963268e+00 -1.0991628703e+00
9.0702585208e-05 1.7885768196e+04 1.5707963268e+00 -1.1013782542e+00
9.0898212105e-05 1.7894951759e+04 1.5707963268e+00 -1.1035913676e+00
9.1093740185e-05 1.7904157764e+04 1.5707963268e+00 -1.1058022082e+00
9.1289169408e-05 1.7913386210e+04 1.5707963268e+00 -1.1080107742e+00
9.1484499734e-05 1.7922637095e+04 1.5707963268e+00 -1.1102170633e+00
9.1679731125e-05 1.7931910419e+04 1.5707963268e+00 -1.1124210738e+00
9.1874863544e-05 1.7941206179e+04 1.5707963268e+00 -1.1146228035e+00
9.2069896954e-05 1.7950524375e+04 1.5707963268e+00 -1.1168222504e+00
9.2264831321e-05 1.7959865005e+04 1.5707963268e+00 -1.1190194127e+00
9.2459666608e-05 1.7969228067e+04 1.5707963268e+00 -1.1212142884e+00
9.2654402783e-05 1.7978613559e+04 1.5707963268e+00 -1.1234068756e+00
9.2849039811e-05 1.7988021481e+04 1.5707963268e+00 -1.1255971723e+00
9.3043577662e-05 1.7997451829e+04 1.5707963268e+00 -1.1277851768e+00
9.3238016303e-05 1.8006904603e+04 1.5707963268e+00 -1.1299708871e+00
9.3432355705e-05 1.8016379800e+04 1.5707963268e+00 -1.1321543014e+00
9.3626595836e-05 1.8025877419e+04 1.5707963268e+00 -1.1343354179e+00
9.3820736670e-05 1.8035397456e+04 1.5707963268e+00 -1.1365142347e+00
9.4014778177e-05 1.8044939911e+04 1.5707963268e+00 -1.1386907502e+00
9.4208720331e-05 1.8054504780e+04 1.5707963268e+00 -1.1408649625e+00
9.4402563106e-05 1.8064092062e+04 1.5707963268e+00 -1.1430368699e+00
9.4596306475e-05 1.8073701754e+04 1.5707963268e+00 -1.1452064706e+00
9.4789950414e-05 1.8083333853e+04 1.5707963268e+00 -1.1473737630e+00
9.4983494900e-05 1.8092988358e+04 1.5707963268e+00 -1.1495387453e+00
9.5176939910e-05 1.8102665266e+04 1.5707963268e+00 -1.1517014159e+00
9.5370285420e-05 1.8112364573e+04 1.5707963268e+00 -1.1538617731e+00
9.5563531411e-05 1.8122086278e+04 1.5707963268e+00 -1.1560198153e+00
9.5756677862e-05 1.8131830377e+04 1.5707963268e+00 -1.1581755409e+00
9.5949724752e-05 1.8141596868e+04 1.5707963268e+00 -1.1603289482e+00
9.6142672063e-05 1.8151385747e+04 1.5707963268e+00 -1.1624800358e+00
9.6335519777e-05 1.8161197012e+04 1.5707963268e+00 -1.1646288019e+00
9.6528267877e-05 1.8171030659e+04 1.5707963268e+00 -1.1667752451e+00
9.6720916346e-05 1.8180886686e+04 1.5707963268e+00 -1.1689193639e+00
9.6913465168e-05 1.8190765089e+04 1.5707963268e+00 -1.1710611567e+00
9.7105914330e-05 1.8200665865e+04 1.5707963268e+00 -1.1732006221e+00
9.7298263815e-05 1.8210589010e+04 1.5707963268e+00 -1.1753377586e+00
9.7490513613e-05 1.8220534522e+04 1.5707963268e+00 -1.1774725647e+00
9.7682663709e-05 1.8230502396e+04 1.5707963268e+00 -1.1796050390e+00
9.7874714092e-05 1.8240492628e+04 1.5707963268e+00 -1.1817351801e+00
9.8066664752e-05 1.8250505216e+04 1.5707963268e+00 -1.1838629866e+00
9.8258515678e-05 1.8260540156e+04 1.5707963268e+00 -1.1859884570e+00
9.8450266861e-05 1.8270597443e+04 1.5707963268e+00 -1.1881115902e+00
9.8641918292e-05 1.8280677074e+04 1.5707963268e+00 -1.1902323846e+00
9.8833469964e-05 1.8290779045e+04 1.5707963268e+00 -1.1923508390e+00
9.9024921870e-05 1.8300903352e+04 1.5707963268e+00 -1.1944669520e+00
9.9216274003e-05 1.8311049991e+04 1.5707963268e+00 -1.1965807225e+00
9.9407526358e-05 1.8321218957e+04 1.5707963268e+00 -1.1986921490e+00
9.9598678931e-05 1.8331410246e+04 1.5707963268e+00 -1.2008012304e+00
9.9789731716e-05 1.8341623855e+04 1.5707963268e+00 -1.2029079655e+00
9.9980684712e-05 1.8351859778e+04 1.5707963268e+00 -1.2050123529e+00
1.0017153792e-04 1.8362118011e+04 1.5707963268e+00 -1.2071143915e+00
1.0036229133e-04 1.8372398550e+04 1.5707963268e+00 -1.2092140802e+00
1.0055294494e-04 1.8382701390e+04 1.5707963268e+00 -1.2113114177e+00
1.0074349876e-04 1.8393026526e+04 1.5707963268e+00 -1.2134064030e+00
1.0093395279e-04 1.8403373953e+04 1.5707963268e+00 -1.2154990348e+00
1.0112430702e-04 1.8413743668e+04 1.5707963268e+00 -1.2175893121e+00
1.0131456146e-04 1.8424135664e+04 1.5707963268e+00 -1.2196772338e+00
1.0150471612e-04 1.8434549937e+04 1.5707963268e+00 -1.2217627988e+00
1.0169477099e-04 1.8444986482e+04 1.5707963268e+00 -1.2238460061e+00
1.0188472608e-04 1.8455445293e+04 1.5707963268e+00 -1.2259268546e+00
1.0207458139e-04 1.8465926366e+04 1.5707963268e+00 -1.2280053434e+00
1.0226433694e-04 1.8476429695e+04 1.5707963268e+00 -1.2300814713e+00
1.0245399272e-04 1.8486955275e+04 1.5707963268e+00 -1.2321552374e+00
1.0264354875e-04 1.8497503101e+04 1.5707963268e+00 -1.2342266408e+00
1.0283300503e-04 1.8508073166e+04 1.5707963268e+00 -1.2362956805e+00
1.0302236157e-04 1.8518665465e+04 1.5707963268e+00 -1.2383623555e+00
1.0321161838e-04 1.8529279994e+04 1.5707963268e+00 -1.2404266650e+00
1.0340077547e-04 1.8539916745e+04 1.5707963268e+00 -1.2424886081e+00
1.0358983285e-04 1.8550575714e+04 1.5707963268e+00 -1.2445481838e+00
1.0377879054e-04 1.8561256894e+04 1.5707963268e+00 -1.2466053914e+00
1.0396764854e-04 1.8571960279e+04 1.5707963268e+00 -1.2486602299e+00
1.0415640687e-04 1.8582685864e+04 1.5707963268e+00 -1.2507126986e+00
1.0434506553e-04 1.8593433642e+04 1.5707963268e+00 -1.2527627966e+00
1.0453362456e-04 1.8604203607e+04 1.5707963268e+00 -1.2548105232e+00
1.0472208395e-04 1.8614995753e+04 1.5707963268e+00 -1.2568558775e+00
1.0491044373e-04 1.8625810074e+04 1.5707963268e+00 -1.2588988589e+00
1.0509870392e-04 1.8636646564e+04 1.5707963268e+00 -1.2609394665e+00
1.0528686452e-04 1.8647505215e+04 1.5707963268e+00 -1.2629776997e+00
1.0547492556e-04 1.8658386021e+04 1.5707963268e+00 -1.2650135577e+00
1.0566288706e-04 1.8669288976e+04 1.5707963268e+00 -1.2670470399e+00
1.0585074903e-04 1.8680214073e+04 1.5707963268e+00 -1.2690781456e+00
1.0603851149e-04 1.8691161306e+04 1.5707963268e+00 -1.2711068740e+00
1.0622617447e-04 1.8702130667e+04 1.5707963268e+00 -1.2731332247e+00
1.0641373799e-04 1.8713122149e+04 1.5707963268e+00 -1.2751571970e+00
1.0660120206e-04 1.8724135747e+04 1.5707963268e+00 -1.2771787902e+00
1.0678856672e-04 1.8735171451e+04 1.5707963268e+00 -1.2791980038e+00
1.0697583197e-04 1.8746229257e+04 1.5707963268e+00 -1.2812148373e+00
1.0716299786e-04 1.8757309156e+04 1.5707963268e+00 -1.2832292900e+00
1.0735006439e-04 1.8768411141e+04 1.5707963268e+00 -1.2852413614e+00
1.0753703160e-04 1.8779535204e+04 1.5707963268e+00 -1.2872510510e+00
1.0772389951e-04 1.8790681339e+04 1.5707963268e+00 -1.2892583584e+00
1.0791066815e-04 1.8801849538e+04 1.5707963268e+00 -1.2912632829e+00
1.0809733755e-04 1.8813039794e+04 1.5707963268e+00 -1.2932658242e+00
1.0828390773e-04 1.8824252098e+04 1.5707963268e+00 -1.2952659819e+00
1.0847037872e-04 1.8835486443e+04 1.5707963268e+00 -1.2972637554e+00
1.0865675054e-04 1.8846742821e+04 1.5707963268e+00 -1.2992591443e+00
1.0884302324e-04 1.8858021225e+04 1.5707963268e+00 -1.3012521483e+00
1.0902919684e-04 1.8869321647e+04 1.5707963268e+00 -1.3032427670e+00
1.0921527137e-04 1.8880644078e+04 1.5707963268e+00 -1.3052309999e+00
1.0940124685e-04 1.8891988511e+04 1.5707963268e+00 -1.3072168468e+00
1.0958712333e-04 1.8903354937e+04 1.5707963268e+00 -1.3092003073e+00
1.0977290084e-04 1.8914743349e+04 1.5707963268e+00 -1.3111813811e+00
1.0995857940e-04 1.8926153737e+04 1.5707963268e+00 -1.3131600679e+00
1.1014415906e-04 1.8937586094e+04 1.5707963268e+00 -1.3151363674e+00
1.1032963985e-04 1.8949040412e+04 1.5707963268e+00 -1.3171102793e+00
1.1051502179e-04 1.8960516681e+04 1.5707963268e+00 -1.3190818034e+00
1.1070030494e-04 1.8972014893e+04 1.5707963268e+00 -1.3210509394e+00
1.1088548932e-04 1.8983535040e+04 1.5707963268e+00 -1.3230176871e+00
1.1107057497e-04 1.8995077113e+04 1.5707963268e+00 -1.3249820464e+00
1.1125556192e-04 1.9006641103e+04 1.5707963268e+00 -1.3269440170e+00
1.1144045023e-04 1.9018227001e+04 1.5707963268e+00 -1.3289035987e+00
1.1162523991e-04 1.9029834799e+04 1.5707963268e+00 -1.3308607914e+00
1.1180993102e-04 1.9041464487e+04 1.5707963268e+00 -1.3328155950e+00
1.1199452360e-04 1.9053116056e+04 1.5707963268e+00 -1.3347680092e+00
1.1217901767e-04 1.9064789498e+04 1.5707963268e+00 -1.3367180341e+00
1.1236341330e-04 1.9076484803e+04 1.5707963268e+00 -1.3386656696e+00
1.1254771050e-04 1.9088201961e+04 1.5707963268e+00 -1.3406109154e+00
1.1273190934e-04 1.9099940964e+04 1.5707963268e+00 -1.3425537717e+00
1.1291600985e-04 1.9111701802e+04 1.5707963268e+00 -1.3444942383e+00
1.1310001206e-04 1.9123484466e+04 1.5707963268e+00 -1.3464323152e+00
1.1328391604e-04 1.9135288946e+04 1.5707963268e+00 -1.3483680024e+00
1.1346772182e-04 1.9147115232e+04 1.5707963268e+00 -1.3503012998e+00
1.1365142944e-04 1.9158963315e+04 1.5707963268e+00 -1.3522322076e+00
1.1383503896e-04 1.9170833184e+04 1.5707963268e+00 -1.3541607257e+00
1.1401855041e-04 1.9182724832e+04 1.5707963268e+00 -1.3560868542e+00
1.1420196385e-04 1.9194638246e+04 1.5707963268e+00 -1.3580105932e+00
1.1438527932e-04 1.9206573417e+04 1.5707963268e+00 -1.3599319427e+00
1.1456849686e-04 1.9218530336e+04 1.5707963268e+00 -1.3618509028e+00
1.1475161653e-04 1.9230508992e+04 1.5707963268e+00 -1.3637674736e+00
1.1493463838e-04 1.9242509375e+04 1.5707963268e+00 -1.3656816553e+00
1.1511756245e-04 1.9254531475e+04 1.5707963268e+00 -1.3675934480e+00
1.1530038880e-04 1.9266575282e+04 1.5707963268e+00 -1.3695028518e+00
1.1548311747e-04 1.9278640784e+04 1.5707963268e+00 -1.3714098670e+00
1.1566574851e-04 1.9290727972e+04 1.5707963268e+00 -1.3733144936e+00
1.1584828198e-04 1.9302836835e+04 1.5707963268e+00 -1.3752167320e+00
1.1603071792e-04 1.9314967363e+04 1.5707963268e+00 -1.3771165822e+00
1.1621305640e-04 1.9327119544e+04 1.5707963268e+00 -1.3790140446e+00
1.1639529746e-04 1.9339293369e+04 1.5707963268e+00 -1.3809091194e+00
1.1657744115e-04 1.9351488826e+04 1.5707963268e+00 -1.3828018069e+00
1.1675948753e-04 1.9363705905e+04 1.5707963268e+00 -1.3846921072e+00
1.1694143666e-04 1.9375944594e+04 1.5707963268e+00 -1.3865800208e+00
1.1712328859e-04 1.9388204883e+04 1.5707963268e+00 -1.3884655479e+00
1.1730504336e-04 1.9400486761e+04 1.5707963268e+00 -1.3903486889e+00
1.1748670105e-04 1.9412790215e+04 1.5707963268e+00 -1.3922294440e+00
1.1766826171e-04 1.9425115237e+04 1.5707963268e+00 -1.3941078136e+00
1.1784972538e-04 1.9437461813e+04 1.5707963268e+00 -1.3959837981e+00
1.1803109214e-04 1.9449829932e+04 1.5707963268e+00 -1.3978573978e+00
1.1821236203e-04 1.9462219584e+04 1.5707963268e+00 -1.3997286132e+00
1.1839353512e-04 1.9474630757e+04 1.5707963268e+00 -1.4015974446e+00
1.1857461146e-04 1.9487063439e+04 1.5707963268e+00 -1.4034638925e+00
1.1875559111e-04 1.9499517619e+04 1.5707963268e+00 -1.4053279574e+00
1.1893647414e-04 1.9511993285e+04 1.5707963268e+00 -1.4071896395e+00
1.1911726060e-04 1.9524490425e+04 1.5707963268e+00 -1.4090489395e+00
1.1929795056e-04 1.9537009028e+04 1.5707963268e+00 -1.4109058578e+00
1.1947854406e-04 1.9549549081e+04 1.5707963268e+00 -1.4127603948e+00
1.1965904119e-04 1.9562110573e+04 1.5707963268e+00 -1.4146125512e+00
1.1983944199e-04 1.9574693492e+04 1.5707963268e+00 -1.4164623273e+00
1.2001974653e-04 1.9587297825e+04 1.5707963268e+00 -1.4183097238e+00
1.2019995487e-04 1.9599923561e+04 1.5707963268e+00 -1.4201547412e+00
1.2038006708e-04 1.9612570688e+04 1.5707963268e+00 -1.4219973801e+00
1.2056008322e-04 1.9625239193e+04 1.5707963268e+00 -1.4238376409e+00
1.2074000335e-04 1.9637929063e+04 1.5707963268e+00 -1.4256755244e+00
1.2091982754e-04 1.9650640287e+04 1.5707963268e+00 -1.4275110310e+00
1.2109955585e-04 1.9663372852e+04 1.5707963268e+00 -1.4293441615e+00
1.2127918835e-04 1.9676126746e+04 1.5707963268e+00 -1.4311749165e+00
1.2145872511e-04 1.9688901955e+04 1.5707963268e+00 -1.4330032966e+00
1.2163816618e-04 1.9701698468e+04 1.5707963268e+00 -1.4348293024e+00
1.2181751165e-04 1.9714516272e+04 1.5707963268e+00 -1.4366529347e+00
1.2199676156e-04 1.9727355353e+04 1.5707963268e+00 -1.4384741940e+00
1.2217591600e-04 1.9740215700e+04 1.5707963268e+00 -1.4402930812e+00
1.2235497503e-04 1.9753097299e+04 1.5707963268e+00 -1.4421095969e+00
1.2253393872e-04 1.9766000137e+04 1.5707963268e+00 -1.4439237418e+00
1.2271280714e-04 1.9778924201e+04 1.5707963268e+00 -1.4457355168e+00
1.2289158035e-04 1.9791869478e+04 1.5707963268e+00 -1.4475449224e+00
1.2307025843e-04 1.9804835956e+04 1.5707963268e+00 -1.4493519595e+00
1.2324884145e-04 1.9817823620e+04 1.5707963268e+00 -1.4511566290e+00
1.2342732947e-04 1.9830832458e+04 1.5707963268e+00 -1.4529589314e+00
1.2360572256e-04 1.9843862457e+04 1.5707963268e+00 -1.4547588678e+00
1.2378402081e-04 1.9856913602e+04 1.5707963268e+00 -1.4565564388e+00
1.2396222428e-04 1.9869985881e+04 1.5707963268e+00 -1.4583516453e+00
1.2414033304e-04 1.9883079280e+04 1.5707963268e+00 -1.4601444881e+00
1.2431834716e-04 1.9896193785e+04 1.5707963268e+00 -1.4619349682e+00
1.2449626672e-04 1.9909329383e+04 1.5707963268e+00 -1.4637230863e+00
1.2467409179e-04 1.9922486060e+04 1.5707963268e+00 -1.4655088434e+00
1.2485182245e-04 1.9935663803e+04 1.5707963268e+00 -1.4672922403e+00
1.2502945876e-04 1.9948862597e+04 1.5707963268e+00 -1.4690732779e+00
1.2520700080e-04 1.9962082429e+04 1.5707963268e+00 -1.4708519572e+00
1.2538444865e-04 1.9975323285e+04 1.5707963268e+00 -1.4726282791e+00
1.2556180239e-04 1.9988585151e+04 1.5707963268e+00 -1.4744022446e+00
1.2573906208e-04 2.0001868012e+04 1.5707963268e+00 -1.4761738545e+00
1.2591622780e-04 2.0015171855e+04 1.5707963268e+00 -1.4779431098e+00
1.2609329963e-04 2.0028496666e+04 1.5707963268e+00 -1.4797100116e+00
1.2627027765e-04 2.0041842430e+04 1.5707963268e+00 -1.4814745608e+00
1.2644716192e-04 2.0055209134e+04 1.5707963268e+00 -1.4832367585e+00
1.2662395254e-04 2.0068596762e+04 1.5707963268e+00 -1.4849966055e+00
1.2680064958e-04 2.0082005300e+04 1.5707963268e+00 -1.4867541031e+00
1.2697725311e-04 2.0095434734e+04 1.5707963268e+00 -1.4885092521e+00
1.2715376321e-04 2.0108885050e+04 1.5707963268e+00 -1.4902620537e+00
1.2733017996e-04 2.0122356233e+04 1.5707963268e+00 -1.4920125090e+00
1.2750650344e-04 2.0135848268e+04 1.5707963268e+00 -1.4937606189e+00
1.2768273374e-04 2.0149361140e+04 1.5707963268e+00 -1.4955063846e+00
1.2785887092e-04 2.0162894836e+04 1.5707963268e+00 -1.4972498072e+00
1.2803491507e-04 2.0176449339e+04 1.5707963268e+00 -1.4989908878e+00
1.2821086627e-04 2.0190024636e+04 1.5707963268e+00 -1.5007296275e+00
1.2838672460e-04 2.0203620711e+04 1.5707963268e+00 -1.5024660275e+00
1.2856249014e-04 2.0217237550e+04 1.5707963268e+00 -1.5042000889e+00
1.2873816297e-04 2.0230875137e+04 1.5707963268e+00 -1.5059318128e+00
1.2891374318e-04 2.0244533457e+04 1.5707963268e+00 -1.5076612004e+00
1.2908923084e-04 2.0258212495e+04 1.5707963268e+00 -1.5093882530e+00
1.2926462603e-04 2.0271912237e+04 1.5707963268e+00 -1.5111129716e+00
1.2943992885e-04 2.0285632666e+04 1.5707963268e+00 -1.5128353576e+00
1.2961513937e-04 2.0299373768e+04 1.5707963268e+00 -1.5145554120e+00
1.2979025767e-04 2.0313135527e+04 1.5707963268e+00 -1.5162731362e+00
1.2996528384e-04 2.0326917928e+04 1.5707963268e+00 -1.5179885313e+00
1.3014021797e-04 2.0340720956e+04 1.5707963268e+00 -1.5197015987e+00
1.3031506013e-04 2.0354544594e+04 1.5707963268e+00 -1.5214123396e+00
1.3048981041e-04 2.0368388827e+04 1.5707963268e+00 -1.5231207551e+00
1.3066446890e-04 2.0382253641e+04 1.5707963268e+00 -1.5248268468e+00
1.3083903568e-04 2.0396139018e+04 1.5707963268e+00 -1.5265306157e+00
1.3101351083e-04 2.0410044944e+04 1.5707963268e+00 -1.5282320633e+00
1.3118789444e-04 2.0423971402e+04 1.5707963268e+00 -1.5299311908e+00
1.3136218660e-04 2.0437918377e+04 1.5707963268e+00 -1.5316279995e+00
1.3153638739e-04 2.0451885854e+04 1.5707963268e+00 -1.5333224909e+00
1.3171049690e-04 2.0465873815e+04 1.5707963268e+00 -1.5350146661e+00
1.3188451522e-04 2.0479882245e+04 1.5707963268e+00 -1.5367045267e+00
1.3205844242e-04 2.0493911129e+04 1.5707963268e+00 -1.5383920739e+00
1.3223227861e-04 2.0507960449e+04 1.5707963268e+00 -1.5400773092e+00
1.3240602386e-04 2.0522030190e+04 1.5707963268e+00 -1.5417602339e+00
1.3257967827e-04 2.0536120337e+04 1.5707963268e+00 -1.5434408494e+00
1.3275324191e-04 2.0550230871e+04 1.5707963268e+00 -1.5451191571e+00
1.3292671489e-04 2.0564361778e+04 1.5707963268e+00 -1.5467951585e+00
1.3310009728e-04 2.0578513041e+04 1.5707963268e+00 -1.5484688549e+00
1.3327338919e-04 2.0592684643e+04 1.5707963268e+00 -1.5501402478e+00
1.3344659068e-04 2.0606876568e+04 1.5707963268e+00 -1.5518093387e+00
1.3361970187e-04 2.0621088800e+04 1.5707963268e+00 -1.5534761290e+00
1.3379272283e-04 2.0635321323e+04 1.5707963268e+00 -1.5551406202e+00
1.3396565365e-04 2.0649574119e+04 1.5707963268e+00 -1.5568028138e+00
1.3413849442e-04 2.0663847172e+04 1.5707963268e+00 -1.5584627112e+00
1.3431124524e-04 2.0678140465e+04 1.5707963268e+00 -1.5601203140e+00
1.3448390620e-04 2.0692453982e+04 1.5707963268e+00 -1.5617756236e+00
1.3465647738e-04 2.0706787706e+04 1.5707963268e+00 -1.5634286415e+00
1.3482895887e-04 2.0721141619e+04 1.5707963268e+00 -1.5650793694e+00
1.3500135077e-04 2.0735515707e+04 1.5707963268e+00 -1.5667278087e+00
1.3517365317e-04 2.0749909950e+04 1.5707963268e+00 -1.5683739610e+00
1.3534586617e-04 2.0764324333e+04 1.5707963268e+00 -1.5700178279e+00
1.3551798984e-04 2.0778758839e+04 1.5707963268e+00 -1.5716594108e+00
1.3569002429e-04 2.0793213449e+04 1.5707963268e+00 -1.5732987114e+00
1.3586196960e-04 2.0807688148e+04 1.5707963268e+00 -1.5749357313e+00
1.3603382587e-04 2.0822182919e+04 1.5707963268e+00 -1.5765704720e+00
1.3620559319e-04 2.0836697743e+04 1.5707963268e+00 -1.5782029352e+00
1.3637727166e-04 2.0851232605e+04 1.5707963268e+00 -1.5798331225e+00
1.3654886137e-04 2.0865787485e+04 1.5707963268e+00 -1.5814610354e+00
1.3672036240e-04 2.0880362368e+04 1.5707963268e+00 -1.5830866757e+00
1.3689177486e-04 2.0894957237e+04 1.5707963268e+00 -1.5847100450e+00
1.3706309884e-04 2.0909572072e+04 1.5707963268e+00 -1.5863311448e+00
1.3723433443e-04 2.0924206858e+04 1.5707963268e+00 -1.5879499769e+00
1.3740548172e-04 2.0938861576e+04 1.5707963268e+00 -1.5895665429e+00
1.3757654082e-04 2.0953536210e+04 1.5707963268e+00 -1.5911808446e+00
1.3774751181e-04 2.0968230741e+04 1.5707963268e+00 -1.5927928835e+00
1.3791839479e-04 2.0982945152e+04 1.5707963268e+00 -1.5944026614e+00
1.3808918985e-04 2.0997679425e+04 1.5707963268e+00 -1.5960101800e+00
1.3825989709e-04 2.1012433543e+04 1.5707963268e+00 -1.5976154410e+00
1.3843051661e-04 2.1027207488e+04 1.5707963268e+00 -1.5992184461e+00
1.3860104850e-04 2.1042001242e+04 1.5707963268e+00 -1.6008191971e+00
1.3877149286e-04 2.1056814787e+04 1.5707963268e+00 -1.6024176956e+00
1.3894184978e-04 2.1071648105e+04 1.5707963268e+00 -1.6040139435e+00
1.3911211935e-04 2.1086501180e+04 1.5707963268e+00 -1.6056079424e+00
1.3928230168e-04 2.1101373991e+04 1.5707963268e+00 -1.6071996941e+00
1.3945239686e-04 2.1116266523e+04 1.5707963268e+00 -1.6087892004e+00
1.3962240499e-04 2.1131178756e+04 1.5707963268e+00 -1.6103764631e+00
1.3979232616e-04 2.1146110672e+04 1.5707963268e+00 -1.6119614840e+00
1.3996216048e-04 2.1161062255e+04 1.5707963268e+00 -1.6135442648e+00
1.4013190803e-04 2.1176033484e+04 1.5707963268e+00 -1.6151248074e+00
1.4030156892e-04 2.1191024342e+04 1.5707963268e+00 -1.6167031136e+00
1.4047114324e-04 2.1206034812e+04 1.5707963268e+00 -1.6182791851e+00
1.4064063109e-04 2.1221064874e+04 1.5707963268e+00 -1.6198530239e+00
1.4081003257e-04 2.1236114510e+04 1.5707963268e+00 -1.6214246316e+00
1.4097934777e-04 2.1251183703e+04 1.5707963268e+00 -1.6229940103e+00
1.4114857680e-04 2.1266272433e+04 1.5707963268e+00 -1.6245611617e+00
1.4131771976e-04 2.1281380683e+04 1.5707963268e+00 -1.6261260877e+00
1.4148677673e-04 2.1296508433e+04 1.5707963268e+00 -1.6276887901e+00
1.4165574782e-04 2.1311655666e+04 1.5707963268e+00 -1.6292492709e+00
1.4182463313e-04 2.1326822362e+04 1.5707963268e+00 -1.6308075318e+00
1.4199343276e-04 2.1342008504e+04 1.5707963268e+00 -1.6323635749e+00
1.4216214680e-04 2.1357214073e+04 1.5707963268e+00 -1.6339174019e+00
1.4233077536e-04 2.1372439049e+04 1.5707963268e+00 -1.6354690148e+00
1.4249931853e-04 2.1387683415e+04 1.5707963268e+00 -1.6370184156e+00
1.4266777642e-04 2.1402947152e+04 1.5707963268e+00 -1.6385656060e+00
1.4283614912e-04 2.1418230240e+04 1.5707963268e+00 -1.6401105880e+00
1.4300443673e-04 2.1433532662e+04 1.5707963268e+00 -1.6416533637e+00
1.4317263936e-04 2.1448854398e+04 1.5707963268e+00 -1.6431939348e+00
1.4334075710e-04 2.1464195430e+04 1.5707963268e+00 -1.6447323034e+00
1.4350879005e-04 2.1479555738e+04 1.5707963268e+00 -1.6462684714e+00
1.4367673831e-04 2.1494935304e+04 1.5707963268e+00 -1.6478024407e+00
1.4384460199e-04 2.1510334109e+04 1.5707963268e+00 -1.6493342134e+00
1.4401238118e-04 2.1525752134e+04 1.5707963268e+00 -1.6508637913e+00
1.4418007599e-04 2.1541189360e+04 1.5707963268e+00 -1.6523911766e+00
1.4434768651e-04 2.1556645767e+04 1.5707963268e+00 -1.6539163711e+00
1.4451521285e-04 2.1572121337e+04 1.5707963268e+00 -1.6554393769e+00
1.4468265510e-04 2.1587616051e+04 1.5707963268e+00 -1.6569601959e+00
1.4485001337e-04 2.1603129889e+04 1.5707963268e+00 -1.6584788302e+00
1.4501728776e-04 2.1618662833e+04 1.5707963268e+00 -1.6599952818e+00
1.4518447837e-04 2.1634214863e+04 1.5707963268e+00 -1.6615095527e+00
1.4535158530e-04 2.1649785959e+04 1.5707963268e+00 -1.6630216449e+00
1.4551860866e-04 2.1665376103e+04 1.5707963268e+00 -1.6645315605e+00
1.4568554854e-04 2.1680985276e+04 1.5707963268e+00 -1.6660393014e+00
1.4585240505e-04 2.1696613457e+04 1.5707963268e+00 -1.6675448699e+00
1.4601917828e-04 2.1712260628e+04 1.5707963268e+00 -1.6690482678e+00
1.4618586835e-04 2.1727926770e+04 1.5707963268e+00 -1.6705494973e+00
1.4635247534e-04 2.1743611862e+04 1.5707963268e+00 -1.6720485604e+00
1.4651899937e-04 2.1759315885e+04 1.5707963268e+00 -1.6735454592e+00
1.4668544054e-04 2.1775038820e+04 1.5707963268e+00 -1.6750401957e+00
1.4685179895e-04 2.1790780648e+04 1.5707963268e+00 -1.6765327722e+00
1.4701807470e-04 2.1806541348e+04 1.5707963268e+00 -1.6780231905e+00
1.4718426789e-04 2.1822320902e+04 1.5707963268e+00 -1.6795114529e+00
1.4735037863e-04 2.1838119290e+04 1.5707963268e+00 -1.6809975615e+00
1.4751640701e-04 2.1853936491e+04 1.5707963268e+00 -1.6824815183e+00
1.4768235315e-04 2.1869772487e+04 1.5707963268e+00 -1.6839633254e+00
1.4784821714e-04 2.1885627257e+04 1.5707963268e+00 -1.6854429851e+00
1.4801399909e-04 2.1901500783e+04 1.5707963268e+00 -1.6869204993e+00
1.4817969911e-04 2.1917393044e+04 1.5707963268e+00 -1.6883958703e+00
1.4834531728e-04 2.1933304020e+04 1.5707963268e+00 -1.6898691001e+00
1.4851085372e-04 2.1949233692e+04 1.5707963268e+00 -1.6913401910e+00
1.4867630853e-04 2.1965182040e+04 1.5707963268e+00 -1.6928091450e+00
1.4884168181e-04 2.1981149044e+04 1.5707963268e+00 -1.6942759643e+00
1.4900697367e-04 2.1997134684e+04 1.5707963268e+00 -1.6957406511e+00
1.4917218421e-04 2.2013138940e+04 1.5707963268e+00 -1.6972032075e+00
1.4933731354e-04 2.2029161793e+04 1.5707963268e+00 -1.6986636357e+00
1.4950236175e-04 2.2045203222e+04 1.5707963268e+00 -1.7001219379e+00
1.4966732895e-04 2.2061263208e+04 1.5707963268e+00 -1.7015781163e+00
1.4983221524e-04 2.2077341730e+04 1.5707963268e+00 -1.7030321730e+00
1.4999702073e-04 2.2093438768e+04 1.5707963268e+00 -1.7044841102e+00
1.5016174553e-04 2.2109554303e+04 1.5707963268e+00 -1.7059339302e+00
1.5032638973e-04 2.2125688314e+04 1.5707963268e+00 -1.7073816351e+00
1.5049095344e-04 2.2141840782e+04 1.5707963268e+00 -1.7088272271e+00
1.5065543676e-04 2.2158011685e+04 1.5707963268e+00 -1.7102707084e+00
1.5081983981e-04 2.2174201005e+04 1.5707963268e+00 -1.7117120814e+00
1.5098416267e-04 2.2190408720e+04 1.5707963268e+00 -1.7131513480e+00
1.5114840546e-04 2.2206634811e+04 1.5707963268e+00 -1.7145885107e+00
1.5131256828e-04 2.2222879257e+04 1.5707963268e+00 -1.7160235717e+00
1.5147665124e-04 2.2239142039e+04 1.5707963268e+00 -1.7174565331e+00
1.5164065443e-04 2.2255423135e+04 1.5707963268e+00 -1.7188873972e+00
1.5180457797e-04 2.2271722526e+04 1.5707963268e+00 -1.7203161662e+00
1.5196842195e-04 2.2288040192e+04 1.5707963268e+00 -1.7217428425e+00
1.5213218649e-04 2.2304376111e+04 1.5707963268e+00 -1.7231674282e+00
1.5229587168e-04 2.2320730264e+04 1.5707963268e+00 -1.7245899256e+00
1.5245947764e-04 2.2337102631e+04 1.5707963268e+00 -1.7260103370e+00
1.5262300446e-04 2.2353493190e+04 1.5707963268e+00 -1.7274286647e+00
1.5278645225e-04 2.2369901922e+04 1.5707963268e+00 -1.7288449108e+00
1.5294982112e-04 2.2386328806e+04 1.5707963268e+00 -1.7302590778e+00
1.5311311117e-04 2.2402773821e+04 1.5707963268e+00 -1.7316711678e+00
1.5327632250e-04 2.2419236948e+04 1.5707963268e+00 -1.7330811832e+00
1.5343945522e-04 2.2435718166e+04 1.5707963268e+00 -1.7344891262e+00
1.5360250943e-04 2.2452217454e+04 1.5707963268e+00 -1.7358949991e+00
1.5376548524e-04 2.2468734791e+04 1.5707963268e+00 -1.7372988043e+00
1.5392838276e-04 2.2485270158e+04 1.5707963268e+00 -1.7387005440e+00
1.5409120209e-04 2.2501823533e+04 1.5707963268e+00 -1.7401002206e+00
1.5425394332e-04 2.2518394896e+04 1.5707963268e+00 -1.7414978363e+00
1.5441660658e-04 2.2534984227e+04 1.5707963268e+00 -1.7428933935e+00
1.5457919196e-04 2.2551591504e+04 1.5707963268e+00 -1.7442868945e+00
1.5474169957e-04 2.2568216708e+04 1.5707963268e+00 -1.7456783415e+00
1.5490412951e-04 2.2584859817e+04 1.5707963268e+00 -1.7470677370e+00
1.5506648189e-04 2.2601520811e+04 1.5707963268e+00 -1.7484550833e+00
1.5522875682e-04 2.2618199669e+04 1.5707963268e+00 -1.7498403826e+00
1.5539095439e-04 2.2634896370e+04 1.5707963268e+00 -1.7512236374e+00
1.5555307472e-04 2.2651610895e+04 1.5707963268e+00 -1.7526048499e+00
1.5571511790e-04 2.2668343221e+04 1.5707963268e+00 -1.7539840226e+00
1.5587708405e-04 2.2685093329e+04 1.5707963268e+00 -1.7553611577e+00
1.5603897326e-04 2.2701861197e+04 1.5707963268e+00 -1.7567362576e+00
1.5620078566e-04 2.2718646804e+04 1.5707963268e+00 -1.7581093247e+00
1.5636252132e-04 2.2735450131e+04 1.5707963268e+00 -1.7594803614e+00
1.5652418038e-04 2.2752271156e+04 1.5707963268e+00 -1.7608493699e+00
1.5668576292e-04 2.2769109858e+04 1.5707963268e+00 -1.7622163527e+00
1.5684726906e-04 2.2785966216e+04 1.5707963268e+00 -1.7635813120e+00
1.5700869889e-04 2.2802840210e+04 1.5707963268e+00 -1.7649442504e+00
1.5717005253e-04 2.2819731818e+04 1.5707963268e+00 -1.7663051702e+00
1.5733133008e-04 2.2836641021e+04 1.5707963268e+00 -1.7676640737e+00
1.5749253165e-04 2.2853567796e+04 1.5707963268e+00 -1.7690209633e+00
1.5765365733e-04 2.2870512123e+04 1.5707963268e+00 -1.7703758415e+00
1.5781470725e-04 2.2887473982e+04 1.5707963268e+00 -1.7717287105e+00
1.5797568149e-04 2.2904453350e+04 1.5707963268e+00 -1.7730795729e+00
1.5813658016e-04 2.2921450208e+04 1.5707963268e+00 -1.7744284309e+00
1.5829740338e-04 2.2938464533e+04 1.5707963268e+00 -1.7757752871e+00
1.5845815124e-04 2.2955496306e+04 1.5707963268e+00 -1.7771201437e+00
1.5861882385e-04 2.2972545506e+04 1.5707963268e+00 -1.7784630032e+00
1.5877942132e-04 2.2989612110e+04 1.5707963268e+00 -1.7798038680e+00
1.5893994375e-04 2.3006696099e+04 1.5707963268e+00 -1.7811427405e+00
1.5910039125e-04 2.3023797450e+04 1.5707963268e+00 -1.7824796232e+00
1.5926076391e-04 2.3040916144e+04 1.5707963268e+00 -1.7838145183e+00
1.5942106186e-04 2.3058052159e+04 1.5707963268e+00 -1.7851474285e+00
1.5958128518e-04 2.3075205474e+04 1.5707963268e+00 -1.7864783560e+00
1.5974143399e-04 2.3092376068e+04 1.5707963268e+00 -1.7878073033e+00
1.5990150839e-04 2.3109563920e+04 1.5707963268e+00 -1.7891342728e+00
1.6006150849e-04 2.3126769008e+04 1.5707963268e+00 -1.7904592670e+00
1.6022143439e-04 2.3143991312e+04 1.5707963268e+00 -1.7917822882e+00
1.6038128620e-04 2.3161230811e+04 1.5707963268e+00 -1.7931033390e+00
1.6054106401e-04 2.3178487483e+04 1.5707963268e+00 -1.7944224217e+00
1.6070076795e-04 2.3195761307e+04 1.5707963268e+00 -1.7957395388e+00
1.6086039810e-04 2.3213052263e+04 1.5707963268e+00 -1.7970546927e+00
1.6101995458e-04 2.3230360328e+04 1.5707963268e+00 -1.7983678860e+00
1.6117943749e-04 2.3247685483e+04 1.5707963268e+00 -1.7996791209e+00
1.6133884693e-04 2.3265027704e+04 1.5707963268e+00 -1.8009884000e+00
1.6149818302e-04 2.3282386973e+04 1.5707963268e+00 -1.8022957257e+00
1.6165744585e-04 2.3299763266e+04 1.5707963268e+00 -1.8036011005e+00
1.6181663553e-04 2.3317156564e+04 1.5707963268e+00 -1.8049045268e+00
1.6197575216e-04 2.3334566845e+04 1.5707963268e+00 -1.8062060071e+00
1.6213479585e-04 2.3351994087e+04 1.5707963268e+00 -1.8075055438e+00
1.6229376671e-04 2.3369438270e+04 1.5707963268e+00 -1.8088031395e+00
1.6245266484e-04 2.3386899372e+04 1.5707963268e+00 -1.8100987965e+00
1.6261149033e-04 2.3404377372e+04 1.5707963268e+00 -1.8113925173e+00
1.6277024331e-04 2.3421872248e+04 1.5707963268e+00 -1.8126843044e+00
1.6292892387e-04 2.3439383980e+04 1.5707963268e+00 -1.8139741603e+00
1.6308753211e-04 2.3456912547e+04 1.5707963268e+00 -1.8152620875e+00
1.6324606814e-04 2.3474457926e+04 1.5707963268e+00 -1.8165480883e+00
1.6340453207e-04 2.3492020097e+04 1.5707963268e+00 -1.8178321653e+00
1.6356292400e-04 2.3509599039e+04 1.5707963268e+00 -1.8191143210e+00
1.6372124403e-04 2.3527194729e+04 1.5707963268e+00 -1.8203945579e+00
1.6387949227e-04 2.3544807148e+04 1.5707963268e+00 -1.8216728783e+00
1.6403766882e-04 2.3562436273e+04 1.5707963268e+00 -1.8229492849e+00
1.6419577379e-04 2.3580082084e+04 1.5707963268e+00 -1.8242237800e+00
1.6435380728e-04 2.3597744558e+04 1.5707963268e+00 -1.8254963662e+00
1.6451176940e-04 2.3615423675e+04 1.5707963268e+00 -1.8267670460e+00
1.6466966024e-04 2.3633119413e+04 1.5707963268e+00 -1.8280358218e+00
1.6482747991e-04 2.3650831752e+04 1.5707963268e+00 -1.8293026962e+00
1.6498522852e-04 2.3668560669e+04 1.5707963268e+00 -1.8305676716e+00
1.6514290618e-04 2.3686306144e+04 1.5707963268e+00 -1.8318307505e+00
1.6530051297e-04 2.3704068155e+04 1.5707963268e+00 -1.8330919354e+00
1.6545804902e-04 2.3721846680e+04 1.5707963268e+00 -1.8343512288e+00
1.6561551441e-04 2.3739641699e+04 1.5707963268e+00 -1.8356086333e+00
1.6577290927e-04 2.3757453190e+04 1.5707963268e+00 -1.8368641512e+00
1.6593023368e-04 2.3775281132e+04 1.5707963268e+00 -1.8381177852e+00
1.6608748775e-04 2.3793125503e+04 1.5707963268e+00 -1.8393695377e+00
1.6624467159e-04 2.3810986283e+04 1.5707963268e+00 -1.8406194112e+00
1.6640178530e-04 2.3828863449e+04 1.5707963268e+00 -1.8418674082e+00
1.6655882898e-04 2.3846756980e+04 1.5707963268e+00 -1.8431135312e+00
1.6671580274e-04 2.3864666856e+04 1.5707963268e+00 -1.8443577827e+00
1.6687270668e-04 2.3882593054e+04 1.5707963268e+00 -1.8456001653e+00
1.6702954090e-04 2.3900535553e+04 1.5707963268e+00 -1.8468406814e+00
1.6718630551e-04 2.3918494333e+04 1.5707963268e+00 -1.8480793336e+00
1.6734300061e-04 2.3936469371e+04 1.5707963268e+00 -1.8493161243e+00
1.6749962630e-04 2.3954460646e+04 1.5707963268e+00 -1.8505510562e+00
1.6765618268e-04 2.3972468137e+04 1.5707963268e+00 -1.8517841315e+00
1.6781266987e-04 2.3990491822e+04 1.5707963268e+00 -1.8530153530e+00
1.6796908795e-04 2.4008531681e+04 1.5707963268e+00 -1.8542447232e+00
1.6812543704e-04 2.4026587692e+04 1.5707963268e+00 -1.8554722444e+00
1.6828171724e-04 2.4044659833e+04 1.5707963268e+00 -1.8566979193e+00
1.6843792864e-04 2.4062748083e+04 1.5707963268e+00 -1.8579217503e+00
1.6859407136e-04 2.4080852420e+04 1.5707963268e+00 -1.8591437400e+00
1.6875014549e-04 2.4098972824e+04 1.5707963268e+00 -1.8603638910e+00
1.6890615114e-04 2.4117109273e+04 1.5707963268e+00 -1.8615822056e+00
1.6906208841e-04 2.4135261746e+04 1.5707963268e+00 -1.8627986865e+00
1.6921795740e-04 2.4153430221e+04 1.5707963268e+00 -1.8640133361e+00
1.6937375822e-04 2.4171614676e+04 1.5707963268e+00 -1.8652261570e+00
1.6952949096e-04 2.4189815092e+04 1.5707963268e+00 -1.8664371517e+00
1.6968515573e-04 2.4208031445e+04 1.5707963268e+00 -1.8676463228e+00
1.6984075263e-04 2.4226263715e+04 1.5707963268e+00 -1.8688536727e+00
1.6999628176e-04 2.4244511881e+04 1.5707963268e+00 -1.8700592039e+00
1.7015174323e-04 2.4262775921e+04 1.5707963268e+00 -1.8712629191e+00
1.7030713713e-04 2.4281055813e+04 1.5707963268e+00 -1.8724648206e+00
1.7046246358e-04 2.4299351537e+04 1.5707963268e+00 -1.8736649111e+00
1.7061772266e-04 2.4317663071e+04 1.5707963268e+00 -1.8748631931e+00
1.7077291448e-04 2.4335990393e+04 1.5707963268e+00 -1.8760596691e+00
1.7092803915e-04 2.4354333483e+04 1.5707963268e+00 -1.8772543416e+00
1.7108309676e-04 2.4372692319e+04 1.5707963268e+00 -1.8784472131e+00
1.7123808741e-04 2.4391066880e+04 1.5707963268e+00 -1.8796382862e+00
1.7139301122e-04 2.4409457144e+04 1.5707963268e+00 -1.8808275635e+00
1.7154786827e-04 2.4427863090e+04 1.5707963268e+00 -1.8820150473e+00
1.7170265867e-04 2.4446284697e+04 1.5707963268e+00 -1.8832007403e+00
1.7185738252e-04 2.4464721943e+04 1.5707963268e+00 -1.8843846450e+00
1.7201203992e-04 2.4483174807e+04 1.5707963268e+00 -1.8855667639e+00
1.7216663098e-04 2.4501643268e+04 1.5707963268e+00 -1.8867470995e+00
1.7232115578e-04 2.4520127304e+04 1.5707963268e+00 -1.8879256544e+00
1.7247561445e-04 2.4538626894e+04 1.5707963268e+00 -1.8891024311e+00
1.7263000706e-04 2.4557142017e+04 1.5707963268e+00 -1.8902774321e+00
1.7278433374e-04 2.4575672652e+04 1.5707963268e+00 -1.8914506600e+00
1.7293859456e-04 2.4594218776e+04 1.5707963268e+00 -1.8926221173e+00
1.7309278965e-04 2.4612780370e+04 1.5707963268e+00 -1.8937918065e+00
1.7324691909e-04 2.4631357411e+04 1.5707963268e+00 -1.8949597301e+00
1.7340098298e-04 2.4649949879e+04 1.5707963268e+00 -1.8961258906e+00
1.7355498144e-04 2.4668557752e+04 1.5707963268e+00 -1.8972902907e+00
1.7370891455e-04 2.4687181008e+04 1.5707963268e+00 -1.8984529328e+00
1.7386278242e-04 2.4705819627e+04 1.5707963268e+00 -1.8996138195e+00
1.7401658514e-04 2.4724473587e+04 1.5707963268e+00 -1.9007729532e+00
1.7417032282e-04 2.4743142868e+04 1.5707963268e+00 -1.9019303365e+00
1.7432399556e-04 2.4761827447e+04 1.5707963268e+00 -1.9030859720e+00
1.7447760345e-04 2.4780527303e+04 1.5707963268e+00 -1.9042398622e+00
1.7463114660e-04 2.4799242416e+04 1.5707963268e+00 -1.9053920095e+00
1.7478462510e-04 2.4817972764e+04 1.5707963268e+00 -1.9065424165e+00
1.7493803906e-04 2.4836718326e+04 1.5707963268e+00 -1.9076910858e+00
1.7509138857e-04 2.4855479080e+04 1.5707963268e+00 -1.9088380199e+00
1.7524467373e-04 2.4874255006e+04 1.5707963268e+00 -1.9099832212e+00
1.7539789464e-04 2.4893046082e+04 1.5707963268e+00 -1.9111266924e+00
1.7555105141e-04 2.4911852287e+04 1.5707963268e+00 -1.9122684359e+00
1.7570414412e-04 2.4930673600e+04 1.5707963268e+00 -1.9134084543e+00
1.7585717288e-04 2.4949509999e+04 1.5707963268e+00 -1.9145467501e+00
1.7601013779e-04 2.4968361464e+04 1.5707963268e+00 -1.9156833258e+00
1.7616303895e-04 2.4987227973e+04 1.5707963268e+00 -1.9168181839e+00
1.7631587644e-04 2.5006109506e+04 1.5707963268e+00 -1.9179513271e+00
1.7646865038e-04 2.5025006040e+04 1.5707963268e+00 -1.9190827577e+00
1.7662136087e-04 2.5043917556e+04 1.5707963268e+00 -1.9202124783e+00
1.7677400799e-04 2.5062844031e+04 1.5707963268e+00 -1.9213404914e+00
1.7692659184e-04 2.5081785444e+04 1.5707963268e+00 -1.9224667996e+00
1.7707911254e-04 2.5100741775e+04 1.5707963268e+00 -1.9235914053e+00
1.7723157016e-04 2.5119713003e+04 1.5707963268e+00 -1.9247143112e+00
1.7738396482e-04 2.5138699106e+04 1.5707963268e+00 -1.9258355196e+00
1.7753629660e-04 2.5157700063e+04 1.5707963268e+00 -1.9269550332e+00
1.7768856561e-04 2.5176715853e+04 1.5707963268e+00 -1.9280728544e+00
1.7784077195e-04 2.5195746455e+04 1.5707963268e+00 -1.9291889858e+00
1.7799291570e-04 2.5214791848e+04 1.5707963268e+00 -1.9303034299e+00
1.7814499698e-04 2.5233852011e+04 1.5707963268e+00 -1.9314161891e+00
1.7829701587e-04 2.5252926923e+04 1.5707963268e+00 -1.9325272661e+00
1.7844897247e-04 2.5272016563e+04 1.5707963268e+00 -1.9336366632e+00
1.7860086688e-04 2.5291120910e+04 1.5707963268e+00 -1.9347443831e+00
1.7875269920e-04 2.5310239942e+04 1.5707963268e+00 -1.9358504283e+00
1.7890446952e-04 2.5329373640e+04 1.5707963268e+00 -1.9369548011e+00
1.7905617794e-04 2.5348521981e+04 1.5707963268e+00 -1.9380575043e+00
1.7920782456e-04 2.5367684945e+04 1.5707963268e+00 -1.9391585402e+00
1.7935940947e-04 2.5386862511e+04 1.5707963268e+00 -1.9402579114e+00
1.7951093277e-04 2.5406054657e+04 1.5707963268e+00 -1.9413556204e+00
1.7966239455e-04 2.5425261364e+04 1.5707963268e+00 -1.9424516697e+00
1.7981379492e-04 2.5444482610e+04 1.5707963268e+00 -1.9435460618e+00
1.7996513397e-04 2.5463718374e+04 1.5707963268e+00 -1.9446387991e+00
1.8011641179e-04 2.5482968635e+04 1.5707963268e+00 -1.9457298843e+00
1.8026762848e-04 2.5502233372e+04 1.5707963268e+00 -1.9468193198e+00
1.8041878414e-04 2.5521512565e+04 1.5707963268e+00 -1.9479071081e+00
1.8056987885e-04 2.5540806192e+04 1.5707963268e+00 -1.9489932517e+00
1.8072091273e-04 2.5560114232e+04 1.5707963268e+00 -1.9500777531e+00
1.8087188585e-04 2.5579436666e+04 1.5707963268e+00 -1.9511606148e+00
1.8102279833e-04 2.5598773471e+04 1.5707963268e+00 -1.9522418393e+00
1.8117365024e-04 2.5618124628e+04 1.5707963268e+00 -1.9533214291e+00
1.8132444170e-04 2.5637490114e+04 1.5707963268e+00 -1.9543993867e+00
1.8147517278e-04 2.5656869910e+04 1.5707963268e+00 -1.9554757146e+00
1.8162584360e-04 2.5676263995e+04 1.5707963268e+00 -1.9565504152e+00
1.8177645424e-04 2.5695672348e+04 1.5707963268e+00 -1.9576234911e+00
1.8192700479e-04 2.5715094947e+04 1.5707963268e+00 -1.9586949448e+00
1.8207749536e-04 2.5734531773e+04 1.5707963268e+00 -1.9597647786e+00
1.8222792603e-04 2.5753982805e+04 1.5707963268e+00 -1.9608329953e+00
1.8237829690e-04 2.5773448021e+04 1.5707963268e+00 -1.9618995971e+00
1.8252860807e-04 2.5792927401e+04 1.5707963268e+00 -1.9629645866e+00
1.8267885963e-04 2.5812420925e+04 1.5707963268e+00 -1.9640279663e+00
1.8282905167e-04 2.5831928571e+04 1.5707963268e+00 -1.9650897387e+00
1.8297918428e-04 2.5851450319e+04 1.5707963268e+00 -1.9661499062e+00
1.8312925757e-04 2.5870986149e+04 1.5707963268e+00 -1.9672084713e+00
1.8327927162e-04 2.5890536039e+04 1.5707963268e+00 -1.9682654365e+00
1.8342922653e-04 2.5910099969e+04 1.5707963268e+00 -1.9693208043e+00
1.8357912239e-04 2.5929677919e+04 1.5707963268e+00 -1.9703745771e+00
1.8372895929e-04 2.5949269867e+04 1.5707963268e+00 -1.9714267575e+00
1.8387873733e-04 2.5968875794e+04 1.5707963268e+00 -1.9724773478e+00
1.8402845660e-04 2.5988495678e+04 1.5707963268e+00 -1.9735263506e+00
1.8417811720e-04 2.6008129499e+04 1.5707963268e+00 -1.9745737683e+00
1.8432771921e-04 2.6027777236e+04 1.5707963268e+00 -1.9756196034e+00
1.8447726273e-04 2.6047438869e+04 1.5707963268e+00 -1.9766638584e+00
1.8462674786e-04 2.6067114378e+04 1.5707963268e+00 -1.9777065356e+00
1.8477617468e-04 2.6086803741e+04 1.5707963268e+00 -1.9787476377e+00
1.8492554328e-04 2.6106506939e+04 1.5707963268e+00 -1.9797871670e+00
1.8507485377e-04 2.6126223950e+04 1.5707963268e+00 -1.9808251260e+00
1.8522410622e-04 2.6145954755e+04 1.5707963268e+00 -1.9818615172e+00
1.8537330074e-04 2.6165699333e+04 1.5707963268e+00 -1.9828963429e+00
1.8552243742e-04 2.6185457663e+04 1.5707963268e+00 -1.9839296058e+00
1.8567151634e-04 2.6205229725e+04 1.5707963268e+00 -1.9849613081e+00
1.8582053760e-04 2.6225015499e+04 1.5707963268e+00 -1.9859914524e+00
1.8596950129e-04 2.6244814964e+04 1.5707963268e+00 -1.9870200412e+00
1.8611840750e-04 2.6264628099e+04 1.5707963268e+00 -1.9880470768e+00
1.8626725633e-04 2.6284454885e+04 1.5707963268e+00 -1.9890725617e+00
1.8641604786e-04 2.6304295301e+04 1.5707963268e+00 -1.9900964984e+00
1.8656478218e-04 2.6324149327e+04 1.5707963268e+00 -1.9911188892e+00
1.8671345940e-04 2.6344016943e+04 1.5707963268e+00 -1.9921397367e+00
1.8686207959e-04 2.6363898127e+04 1.5707963268e+00 -1.9931590433e+00
1.8701064284e-04 2.6383792860e+04 1.5707963268e+00 -1.9941768114e+00
1.8715914926e-04 2.6403701122e+04 1.5707963268e+00 -1.9951930434e+00
1.8730759893e-04 2.6423622892e+04 1.5707963268e+00 -1.9962077418e+00
1.8745599193e-04 2.6443558150e+04 1.5707963268e+00 -1.9972209090e+00
1.8760432837e-04 2.6463506876e+04 1.5707963268e+00 -1.9982325474e+00
1.8775260833e-04 2.6483469049e+04 1.5707963268e+00 -1.9992426595e+00
1.8790083189e-04 2.6503444650e+04 1.5707963268e+00 -2.0002512477e+00
1.8804899916e-04 2.6523433658e+04 1.5707963268e+00 -2.0012583144e+00
1.8819711022e-04 2.6543436053e+04 1.5707963268e+00 -2.0022638620e+00
1.8834516516e-04 2.6563451815e+04 1.5707963268e+00 -2.0032678930e+00
1.8849316406e-04 2.6583480923e+04 1.5707963268e+00 -2.0042704097e+00
1.8864110703e-04 2.6603523359e+04 1.5707963268e+00 -2.0052714147e+00
1.8878899414e-04 2.6623579101e+04 1.5707963268e+00 -2.0062709102e+00
1.8893682549e-04 2.6643648129e+04 1.5707963268e+00 -2.0072688987e+00
1.8908460117e-04 2.6663730424e+04 1.5707963268e+00 -2.0082653827e+00
1.8923232126e-04 2.6683825965e+04 1.5707963268e+00 -2.0092603645e+00
1.8937998586e-04 2.6703934733e+04 1.5707963268e+00 -2.0102538465e+00
1.8952759504e-04 2.6724056707e+04 1.5707963268e+00 -2.0112458312e+00
1.8967514892e-04 2.6744191867e+04 1.5707963268e+00 -2.0122363209e+00
1.8982264756e-04 2.6764340194e+04 1.5707963268e+00 -2.0132253180e+00
1.8997009105e-04 2.6784501667e+04 1.5707963268e+00 -2.0142128250e+00
1.9011747950e-04 2.6804676266e+04 1.5707963268e+00 -2.0151988442e+00
1.9026481298e-04 2.6824863972e+04 1.5707963268e+00 -2.0161833780e+00
1.9041209158e-04 2.6845064765e+04 1.5707963268e+00 -2.0171664288e+00
1.9055931539e-04 2.6865278625e+04 1.5707963268e+00 -2.0181479991e+00
1.9070648450e-04 2.6885505531e+04 1.5707963268e+00 -2.0191280911e+00
1.9085359900e-04 2.6905745465e+04 1.5707963268e+00 -2.0201067073e+00
1.9100065897e-04 2.6925998406e+04 1.5707963268e+00 -2.0210838500e+00
1.9114766450e-04 2.6946264334e+04 1.5707963268e+00 -2.0220595217e+00
1.9129461568e-04 2.6966543230e+04 1.5707963268e+00 -2.0230337247e+00
1.9144151259e-04 2.6986835073e+04 1.5707963268e+00 -2.0240064615e+00
1.9158835533e-04 2.7007139845e+04 1.5707963268e+00 -2.0249777342e+00
1.9173514397e-04 2.7027457525e+04 1.5707963268e+00 -2.0259475454e+00
1.9188187861e-04 2.7047788093e+04 1.5707963268e+00 -2.0269158974e+00
1.9202855934e-04 2.7068131531e+04 1.5707963268e+00 -2.0278827926e+00
1.9217518623e-04 2.7088487818e+04 1.5707963268e+00 -2.0288482334e+00
1.9232175937e-04 2.7108856934e+04 1.5707963268e+00 -2.0298122220e+00
1.9246827886e-04 2.7129238860e+04 1.5707963268e+00 -2.0307747609e+00
1.9261474478e-04 2.7149633576e+04 1.5707963268e+00 -2.0317358524e+00
1.9276115720e-04 2.7170041063e+04 1.5707963268e+00 -2.0326954989e+00
1.9290751623e-04 2.7190461302e+04 1.5707963268e+00 -2.0336537027e+00
1.9305382195e-04 2.7210894271e+04 1.5707963268e+00 -2.0346104662e+00
1.9320007443e-04 2.7231339953e+04 1.5707963268e+00 -2.0355657917e+00
1.9334627377e-04 2.7251798327e+04 1.5707963268e+00 -2.0365196817e+00
1.9349242005e-04 2.7272269374e+04 1.5707963268e+00 -2.0374721383e+00
1.9363851336e-04 2.7292753074e+04 1.5707963268e+00 -2.0384231640e+00
1.9378455379e-04 2.7313249408e+04 1.5707963268e+00 -2.0393727611e+00
1.9393054141e-04 2.7333758357e+04 1.5707963268e+00 -2.0403209319e+00
1.9407647631e-04 2.7354279900e+04 1.5707963268e+00 -2.0412676789e+00
1.9422235857e-04 2.7374814020e+04 1.5707963268e+00 -2.0422130042e+00
1.9436818829e-04 2.7395360695e+04 1.5707963268e+00 -2.0431569103e+00
1.9451396555e-04 2.7415919907e+04 1.5707963268e+00 -2.0440993994e+00
1.9465969043e-04 2.7436491637e+04 1.5707963268e+00 -2.0450404739e+00
1.9480536301e-04 2.7457075865e+04 1.5707963268e+00 -2.0459801362e+00
1.9495098338e-04 2.7477672572e+04 1.5707963268e+00 -2.0469183885e+00
1.9509655162e-04 2.7498281738e+04 1.5707963268e+00 -2.0478552331e+00
1.9524206782e-04 2.7518903344e+04 1.5707963268e+00 -2.0487906724e+00
1.9538753206e-04 2.7539537371e+04 1.5707963268e+00 -2.0497247087e+00
1.9553294442e-04 2.7560183800e+04 1.5707963268e+00 -2.0506573443e+00
1.9567830499e-04 2.7580842612e+04 1.5707963268e+00 -2.0515885815e+00
1.9582361385e-04 2.7601513787e+04 1.5707963268e+00 -2.0525184226e+00
1.9596887109e-04 2.7622197305e+04 1.5707963268e+00 -2.0534468699e+00
1.9611407679e-04 2.7642893149e+04 1.5707963268e+00 -2.0543739257e+00
1.9625923102e-04 2.7663601299e+04 1.5707963268e+00 -2.0552995924e+00
1.9640433388e-04 2.7684321735e+04 1.5707963268e+00 -2.0562238721e+00
1.9654938544e-04 2.7705054439e+04 1.5707963268e+00 -2.0571467673e+00
1.9669438579e-04 2.7725799392e+04 1.5707963268e+00 -2.0580682801e+00
1.9683933502e-04 2.7746556573e+04 1.5707963268e+00 -2.0589884129e+00
1.9698423320e-04 2.7767325966e+04 1.5707963268e+00 -2.0599071680e+00
1.9712908041e-04 2.7788107549e+04 1.5707963268e+00 -2.0608245477e+00
1.9727387674e-04 2.7808901305e+04 1.5707963268e+00 -2.0617405542e+00
1.9741862227e-04 2.7829707215e+04 1.5707963268e+00 -2.0626551897e+00
1.9756331709e-04 2.7850525259e+04 1.5707963268e+00 -2.0635684567e+00
1.9770796126e-04 2.7871355418e+04 1.5707963268e+00 -2.0644803574e+00
1.9785255488e-04 2.7892197674e+04 1.5707963268e+00 -2.0653908939e+00
1.9799709803e-04 2.7913052008e+04 1.5707963268e+00 -2.0663000687e+00
1.9814159079e-04 2.7933918401e+04 1.5707963268e+00 -2.0672078839e+00
1.9828603324e-04 2.7954796833e+04 1.5707963268e+00 -2.0681143419e+00
1.9843042546e-04 2.7975687287e+04 1.5707963268e+00 -2.0690194448e+00
1.9857476752e-04 2.7996589743e+04 1.5707963268e+00 -2.0699231950e+00
1.9871905953e-04 2.8017504183e+04 1.5707963268e+00 -2.0708255947e+00
1.9886330154e-04 2.8038430587e+04 1.5707963268e+00 -2.0717266461e+00
1.9900749365e-04 2.8059368938e+04 1.5707963268e+00 -2.0726263515e+00
1.9915163593e-04 2.8080319216e+04 1.5707963268e+00 -2.0735247132e+00
1.9929572847e-04 2.8101281402e+04 1.5707963268e+00 -2.0744217334e+00
1.9943977134e-04 2.8122255479e+04 1.5707963268e+00 -2.0753174143e+00
1.9958376463e-04 2.8143241427e+04 1.5707963268e+00 -2.0762117582e+00
1.9972770841e-04 2.8164239227e+04 1.5707963268e+00 -2.0771047672e+00
1.9987160277e-04 2.8185248861e+04 1.5707963268e+00 -2.0779964438e+00
2.0001544778e-04 2.8206270311e+04 1.5707963268e+00 -2.0788867900e+00
2.0015924352e-04 2.8227303558e+04 1.5707963268e+00 -2.0797758081e+00
2.0030299008e-04 2.8248348583e+04 1.5707963268e+00 -2.0806635003e+00
2.0044668754e-04 2.8269405367e+04 1.5707963268e+00 -2.0815498689e+00
2.0059033596e-04 2.8290473893e+04 1.5707963268e+00 -2.0824349161e+00
2.0073393544e-04 2.8311554142e+04 1.5707963268e+00 -2.0833186441e+00
2.0087748605e-04 2.8332646095e+04 1.5707963268e+00 -2.0842010550e+00
2.0102098786e-04 2.8353749734e+04 1.5707963268e+00 -2.0850821512e+00
2.0116444097e-04 2.8374865040e+04 1.5707963268e+00 -2.0859619348e+00
2.0130784544e-04 2.8395991995e+04 1.5707963268e+00 -2.0868404080e+00
2.0145120135e-04 2.8417130581e+04 1.5707963268e+00 -2.0877175731e+00
2.0159450879e-04 2.8438280779e+04 1.5707963268e+00 -2.0885934322e+00
2.0173776784e-04 2.8459442571e+04 1.5707963268e+00 -2.0894679876e+00
2.0188097856e-04 2.8480615939e+04 1.5707963268e+00 -2.0903412414e+00
2.0202414104e-04 2.8501800864e+04 1.5707963268e+00 -2.0912131958e+00
2.0216725535e-04 2.8522997328e+04 1.5707963268e+00 -2.0920838530e+00
2.0231032158e-04 2.8544205313e+04 1.5707963268e+00 -2.0929532153e+00
2.0245333980e-04 2.8565424801e+04 1.5707963268e+00 -2.0938212847e+00
2.0259631009e-04 2.8586655773e+04 1.5707963268e+00 -2.0946880635e+00
2.0273923252e-04 2.8607898211e+04 1.5707963268e+00 -2.0955535538e+00
2.0288210718e-04 2.8629152097e+04 1.5707963268e+00 -2.0964177579e+00
2.0302493413e-04 2.8650417413e+04 1.5707963268e+00 -2.0972806779e+00
2.0316771347e-04 2.8671694141e+04 1.5707963268e+00 -2.0981423159e+00
2.0331044526e-04 2.8692982262e+04 1.5707963268e+00 -2.0990026742e+00
2.0345312958e-04 2.8714281759e+04 1.5707963268e+00 -2.0998617549e+00
2.0359576650e-04 2.8735592614e+04 1.5707963268e+00 -2.1007195601e+00
2.0373835611e-04 2.8756914808e+04 1.5707963268e+00 -2.1015760921e+00
2.0388089848e-04 2.8778248324e+04 1.5707963268e+00 -2.1024313530e+00
2.0402339369e-04 2.8799593143e+04 1.5707963268e+00 -2.1032853449e+00
2.0416584181e-04 2.8820949248e+04 1.5707963268e+00 -2.1041380700e+00
2.0430824292e-04 2.8842316621e+04 1.5707963268e+00 -2.1049895304e+00
2.0445059709e-04 2.8863695243e+04 1.5707963268e+00 -2.1058397283e+00
2.0459290440e-04 2.8885085098e+04 1.5707963268e+00 -2.1066886658e+00
2.0473516493e-04 2.8906486166e+04 1.5707963268e+00 -2.1075363451e+00
2.0487737875e-04 2.8927898430e+04 1.5707963268e+00 -2.1083827684e+00
2.0501954594e-04 2.8949321873e+04 1.5707963268e+00 -2.1092279376e+00
2.0516166656e-04 2.8970756476e+04 1.5707963268e+00 -2.1100718550e+00
2.0530374071e-04 2.8992202222e+04 1.5707963268e+00 -2.1109145227e+00
2.0544576845e-04 2.9013659092e+04 1.5707963268e+00 -2.1117559428e+00
2.0558774985e-04 2.9035127070e+04 1.5707963268e+00 -2.1125961175e+00
2.0572968499e-04 2.9056606138e+04 1.5707963268e+00 -2.1134350488e+00
2.0587157395e-04 2.9078096277e+04 1.5707963268e+00 -2.1142727390e+00
2.0601341681e-04 2.9099597471e+04 1.5707963268e+00 -2.1151091900e+00
2.0615521362e-04 2.9121109701e+04 1.5707963268e+00 -2.1159444040e+00
2.0629696448e-04 2.9142632950e+04 1.5707963268e+00 -2.1167783831e+00
2.0643866945e-04 2.9164167200e+04 1.5707963268e+00 -2.1176111295e+00
2.0658032860e-04 2.9185712434e+04 1.5707963268e+00 -2.1184426452e+00
2.0672194202e-04 2.9207268635e+04 1.5707963268e+00 -2.1192729323e+00
2.0686350977e-04 2.9228835783e+04 1.5707963268e+00 -2.1201019929e+00
2.0700503193e-04 2.9250413863e+04 1.5707963268e+00 -2.1209298292e+00
2.0714650858e-04 2.9272002857e+04 1.5707963268e+00 -2.1217564431e+00
2.0728793978e-04 2.9293602747e+04 1.5707963268e+00 -2.1225818369e+00
2.0742932560e-04 2.9315213515e+04 1.5707963268e+00 -2.1234060125e+00
2.0757066613e-04 2.9336835145e+04 1.5707963268e+00 -2.1242289721e+00
2.0771196143e-04 2.9358467619e+04 1.5707963268e+00 -2.1250507177e+00
2.0785321159e-04 2.9380110920e+04 1.5707963268e+00 -2.1258712514e+00
2.0799441666e-04 2.9401765029e+04 1.5707963268e+00 -2.1266905754e+00
2.0813557672e-04 2.9423429931e+04 1.5707963268e+00 -2.1275086916e+00
2.0827669185e-04 2.9445105607e+04 1.5707963268e+00 -2.1283256021e+00
2.0841776212e-04 2.9466792041e+04 1.5707963268e+00 -2.1291413090e+00
2.0855878760e-04 2.9488489215e+04 1.5707963268e+00 -2.1299558144e+00
2.0869976836e-04 2.9510197111e+04 1.5707963268e+00 -2.1307691203e+00
2.0884070448e-04 2.9531915713e+04 1.5707963268e+00 -2.1315812288e+00
2.0898159602e-04 2.9553645004e+04 1.5707963268e+00 -2.1323921419e+00
2.0912244306e-04 2.9575384966e+04 1.5707963268e+00 -2.1332018616e+00
2.0926324567e-04 2.9597135582e+04 1.5707963268e+00 -2.1340103901e+00
2.0940400392e-04 2.9618896835e+04 1.5707963268e+00 -2.1348177294e+00
2.0954471788e-04 2.9640668708e+04 1.5707963268e+00 -2.1356238815e+00
2.0968538763e-04 2.9662451184e+04 1.5707963268e+00 -2.1364288484e+00
2.0982601324e-04 2.9684244246e+04 1.5707963268e+00 -2.1372326322e+00
2.0996659476e-04 2.9706047876e+04 1.5707963268e+00 -2.1380352349e+00
2.1010713229e-04 2.9727862059e+04 1.5707963268e+00 -2.1388366586e+00
2.1024762589e-04 2.9749686776e+04 1.5707963268e+00 -2.1396369053e+00
2.1038807562e-04 2.9771522011e+04 1.5707963268e+00 -2.1404359769e+00
2.1052848156e-04 2.9793367747e+04 1.5707963268e+00 -2.1412338756e+00
2.1066884378e-04 2.9815223968e+04 1.5707963268e+00 -2.1420306033e+00
2.1080916236e-04 2.9837090655e+04 1.5707963268e+00 -2.1428261620e+00
2.1094943735e-04 2.9858967793e+04 1.5707963268e+00 -2.1436205538e+00
2.1108966883e-04 2.9880855364e+04 1.5707963268e+00 -2.1444137807e+00
2.1122985687e-04 2.9902753351e+04 1.5707963268e+00 -2.1452058447e+00
2.1137000155e-04 2.9924661739e+04 1.5707963268e+00 -2.1459967477e+00
2.1151010292e-04 2.9946580510e+04 1.5707963268e+00 -2.1467864918e+00
2.1165016106e-04 2.9968509647e+04 1.5707963268e+00 -2.1475750791e+00
2.1179017604e-04 2.9990449134e+04 1.5707963268e+00 -2.1483625113e+00
2.1193014793e-04 3.0012398953e+04 1.5707963268e+00 -2.1491487907e+00
2.1207007680e-04 3.0034359089e+04 1.5707963268e+00 -2.1499339191e+00
2.1220996271e-04 3.0056329525e+04 1.5707963268e+00 -2.1507178985e+00
2.1234980574e-04 3.0078310244e+04 1.5707963268e+00 -2.1515007310e+00
2.1248960596e-04 3.0100301229e+04 1.5707963268e+00 -2.1522824185e+00
2.1262936342e-04 3.0122302463e+04 1.5707963268e+00 -2.1530629629e+00
2.1276907821e-04 3.0144313931e+04 1.5707963268e+00 -2.1538423663e+00
2.1290875039e-04 3.0166335616e+04 1.5707963268e+00 -2.1546206306e+00
2.1304838003e-04 3.0188367501e+04 1.5707963268e+00 -2.1553977578e+00
2.1318796719e-04 3.0210409570e+04 1.5707963268e+00 -2.1561737499e+00
2.1332751195e-04 3.0232461806e+04 1.5707963268e+00 -2.1569486088e+00
2.1346701438e-04 3.0254524192e+04 1.5707963268e+00 -2.1577223365e+00
2.1360647453e-04 3.0276596714e+04 1.5707963268e+00 -2.1584949348e+00
2.1374589249e-04 3.0298679353e+04 1.5707963268e+00 -2.1592664059e+00
2.1388526831e-04 3.0320772094e+04 1.5707963268e+00 -2.1600367516e+00
2.1402460206e-04 3.0342874920e+04 1.5707963268e+00 -2.1608059739e+00
2.1416389382e-04 3.0364987815e+04 1.5707963268e+00 -2.1615740747e+00
2.1430314364e-04 3.0387110763e+04 1.5707963268e+00 -2.1623410560e+00
2.1444235161e-04 3.0409243747e+04 1.5707963268e+00 -2.1631069197e+00
2.1458151777e-04 3.0431386751e+04 1.5707963268e+00 -2.1638716678e+00
2.1472064221e-04 3.0453539760e+04 1.5707963268e+00 -2.1646353021e+00
2.1485972498e-04 3.0475702756e+04 1.5707963268e+00 -2.1653978246e+00
2.1499876616e-04 3.0497875723e+04 1.5707963268e+00 -2.1661592372e+00
2.1513776580e-04 3.0520058646e+04 1.5707963268e+00 -2.1669195419e+00
2.1527672399e-04 3.0542251508e+04 1.5707963268e+00 -2.1676787405e+00
2.1541564078e-04 3.0564454293e+04 1.5707963268e+00 -2.1684368350e+00
2.1555451624e-04 3.0586666986e+04 1.5707963268e+00 -2.1691938274e+00
2.1569335043e-04 3.0608889569e+04 1.5707963268e+00 -2.1699497194e+00
2.1583214343e-04 3.0631122027e+04 1.5707963268e+00 -2.1707045131e+00
2.1597089529e-04 3.0653364344e+04 1.5707963268e+00 -2.1714582103e+00
2.1610960609e-04 3.0675616505e+04 1.5707963268e+00 -2.1722108129e+00
2.1624827589e-04 3.0697878492e+04 1.5707963268e+00 -2.1729623229e+00
2.1638690475e-04 3.0720150290e+04 1.5707963268e+00 -2.1737127421e+00
2.1652549274e-04 3.0742431883e+04 1.5707963268e+00 -2.1744620724e+00
2.1666403993e-04 3.0764723255e+04 1.5707963268e+00 -2.1752103157e+00
2.1680254638e-04 3.0787024391e+04 1.5707963268e+00 -2.1759574739e+00
2.1694101216e-04 3.0809335274e+04 1.5707963268e+00 -2.1767035488e+00
2.1707943732e-04 3.0831655888e+04 1.5707963268e+00 -2.1774485425e+00
2.1721782195e-04 3.0853986219e+04 1.5707963268e+00 -2.1781924567e+00
2.1735616609e-04 3.0876326249e+04 1.5707963268e+00 -2.1789352933e+00
2.1749446982e-04 3.0898675964e+04 1.5707963268e+00 -2.1796770542e+00
2.1763273320e-04 3.0921035348e+04 1.5707963268e+00 -2.1804177412e+00
2.1777095629e-04 3.0943404384e+04 1.5707963268e+00 -2.1811573563e+00
2.1790913917e-04 3.0965783057e+04 1.5707963268e+00 -2.1818959012e+00
2.1804728188e-04 3.0988171352e+04 1.5707963268e+00 -2.1826333779e+00
2.1818538451e-04 3.1010569252e+04 1.5707963268e+00 -2.1833697883e+00
2.1832344710e-04 3.1032976743e+04 1.5707963268e+00 -2.1841051340e+00
2.1846146973e-04 3.1055393808e+04 1.5707963268e+00 -2.1848394171e+00
2.1859945246e-04 3.1077820433e+04 1.5707963268e+00 -2.1855726394e+00
2.1873739535e-04 3.1100256601e+04 1.5707963268e+00 -2.1863048027e+00
2.1887529846e-04 3.1122702297e+04 1.5707963268e+00 -2.1870359088e+00
2.1901316187e-04 3.1145157505e+04 1.5707963268e+00 -2.1877659596e+00
2.1915098562e-04 3.1167622210e+04 1.5707963268e+00 -2.1884949569e+00
2.1928876980e-04 3.1190096397e+04 1.5707963268e+00 -2.1892229026e+00
2.1942651445e-04 3.1212580050e+04 1.5707963268e+00 -2.1899497985e+00
2.1956421964e-04 3.1235073153e+04 1.5707963268e+00 -2.1906756464e+00
2.1970188544e-04 3.1257575692e+04 1.5707963268e+00 -2.1914004482e+00
2.1983951190e-04 3.1280087651e+04 1.5707963268e+00 -2.1921242056e+00
2.1997709910e-04 3.1302609014e+04 1.5707963268e+00 -2.1928469205e+00
2.2011464709e-04 3.1325139767e+04 1.5707963268e+00 -2.1935685947e+00
2.2025215593e-04 3.1347679894e+04 1.5707963268e+00 -2.1942892301e+00
2.2038962569e-04 3.1370229379e+04 1.5707963268e+00 -2.1950088283e+00
2.2052705642e-04 3.1392788208e+04 1.5707963268e+00 -2.1957273913e+00
2.2066444820e-04 3.1415356365e+04 1.5707963268e+00 -2.1964449209e+00
2.2080180108e-04 3.1437933835e+04 1.5707963268e+00 -2.1971614188e+00
2.2093911513e-04 3.1460520603e+04 1.5707963268e+00 -2.1978768868e+00
2.2107639040e-04 3.1483116654e+04 1.5707963268e+00 -2.1985913267e+00
2.2121362697e-04 3.1505721972e+04 1.5707963268e+00 -2.1993047404e+00
2.2135082488e-04 3.1528336543e+04 1.5707963268e+00 -2.2000171296e+00
2.2148798420e-04 3.1550960351e+04 1.5707963268e+00 -2.2007284961e+00
2.2162510499e-04 3.1573593381e+04 1.5707963268e+00 -2.2014388417e+00
2.2176218732e-04 3.1596235619e+04 1.5707963268e+00 -2.2021481682e+00
2.2189923125e-04 3.1618887049e+04 1.5707963268e+00 -2.2028564773e+00
2.2203623682e-04 3.1641547657e+04 1.5707963268e+00 -2.2035637708e+00
2.2217320412e-04 3.1664217426e+04 1.5707963268e+00 -2.2042700506e+00
2.2231013319e-04 3.1686896344e+04 1.5707963268e+00 -2.2049753183e+00
2.2244702410e-04 3.1709584393e+04 1.5707963268e+00 -2.2056795757e+00
2.2258387691e-04 3.1732281560e+04 1.5707963268e+00 -2.2063828246e+00
2.2272069167e-04 3.1754987830e+04 1.5707963268e+00 -2.2070850668e+00
2.2285746846e-04 3.1777703188e+04 1.5707963268e+00 -2.2077863040e+00
2.2299420732e-04 3.1800427619e+04 1.5707963268e+00 -2.2084865379e+00
2.2313090833e-04 3.1823161107e+04 1.5707963268e+00 -2.2091857704e+00
2.2326757153e-04 3.1845903640e+04 1.5707963268e+00 -2.2098840031e+00
2.2340419699e-04 3.1868655201e+04 1.5707963268e+00 -2.2105812378e+00
2.2354078477e-04 3.1891415776e+04 1.5707963268e+00 -2.2112774763e+00
2.2367733493e-04 3.1914185350e+04 1.5707963268e+00 -2.2119727203e+00
2.2381384752e-04 3.1936963909e+04 1.5707963268e+00 -2.2126669715e+00
2.2395032261e-04 3.1959751437e+04 1.5707963268e+00 -2.2133602317e+00
2.2408676026e-04 3.1982547921e+04 1.5707963268e+00 -2.2140525026e+00
2.2422316053e-04 3.2005353345e+04 1.5707963268e+00 -2.2147437859e+00
2.2435952347e-04 3.2028167696e+04 1.5707963268e+00 -2.2154340834e+00
2.2449584914e-04 3.2050990957e+04 1.5707963268e+00 -2.2161233967e+00
2.2463213761e-04 3.2073823116e+04 1.5707963268e+00 -2.2168117276e+00
2.2476838892e-04 3.2096664157e+04 1.5707963268e+00 -2.2174990778e+00
2.2490460315e-04 3.2119514066e+04 1.5707963268e+00 -2.2181854491e+00
2.2504078035e-04 3.2142372828e+04 1.5707963268e+00 -2.2188708430e+00
2.2517692057e-04 3.2165240430e+04 1.5707963268e+00 -2.2195552615e+00
2.2531302388e-04 3.2188116855e+04 1.5707963268e+00 -2.2202387060e+00
2.2544909033e-04 3.2211002091e+04 1.5707963268e+00 -2.2209211784e+00
2.2558511998e-04 3.2233896122e+04 1.5707963268e+00 -2.2216026804e+00
2.2572111289e-04 3.2256798935e+04 1.5707963268e+00 -2.2222832136e+00
2.2585706912e-04 3.2279710514e+04 1.5707963268e+00 -2.2229627797e+00
2.2599298873e-04 3.2302630846e+04 1.5707963268e+00 -2.2236413805e+00
2.2612887177e-04 3.2325559917e+04 1.5707963268e+00 -2.2243190175e+00
2.2626471830e-04 3.2348497711e+04 1.5707963268e+00 -2.2249956926e+00
2.2640052838e-04 3.2371444216e+04 1.5707963268e+00 -2.2256714074e+00
2.2653630206e-04 3.2394399416e+04 1.5707963268e+00 -2.2263461635e+00
2.2667203941e-04 3.2417363297e+04 1.5707963268e+00 -2.2270199626e+00
2.2680774047e-04 3.2440335845e+04 1.5707963268e+00 -2.2276928065e+00
2.2694340532e-04 3.2463317047e+04 1.5707963268e+00 -2.2283646967e+00
2.2707903400e-04 3.2486306887e+04 1.5707963268e+00 -2.2290356350e+00
2.2721462656e-04 3.2509305352e+04 1.5707963268e+00 -2.2297056230e+00
2.2735018308e-04 3.2532312428e+04 1.5707963268e+00 -2.2303746623e+00
2.2748570360e-04 3.2555328100e+04 1.5707963268e+00 -2.2310427547e+00
2.2762118818e-04 3.2578352355e+04 1.5707963268e+00 -2.2317099018e+00
2.2775663688e-04 3.2601385178e+04 1.5707963268e+00 -2.2323761053e+00
2.2789204975e-04 3.2624426556e+04 1.5707963268e+00 -2.2330413667e+00
2.2802742686e-04 3.2647476474e+04 1.5707963268e+00 -2.2337056877e+00
2.2816276825e-04 3.2670534919e+04 1.5707963268e+00 -2.2343690701e+00
2.2829807398e-04 3.2693601877e+04 1.5707963268e+00 -2.2350315153e+00
2.2843334411e-04 3.2716677333e+04 1.5707963268e+00 -2.2356930252e+00
2.2856857869e-04 3.2739761274e+04 1.5707963268e+00 -2.2363536012e+00
2.2870377778e-04 3.2762853686e+04 1.5707963268e+00 -2.2370132450e+00
2.2883894144e-04 3.2785954555e+04 1.5707963268e+00 -2.2376719584e+00
2.2897406972e-04 3.2809063867e+04 1.5707963268e+00 -2.2383297428e+00
2.2910916267e-04 3.2832181609e+04 1.5707963268e+00 -2.2389865999e+00
2.2924422036e-04 3.2855307766e+04 1.5707963268e+00 -2.2396425314e+00
2.2937924283e-04 3.2878442326e+04 1.5707963268e+00 -2.2402975388e+00
2.2951423014e-04 3.2901585274e+04 1.5707963268e+00 -2.2409516238e+00
2.2964918235e-04 3.2924736596e+04 1.5707963268e+00 -2.2416047880e+00
2.2978409952e-04 3.2947896279e+04 1.5707963268e+00 -2.2422570330e+00
2.2991898168e-04 3.2971064309e+04 1.5707963268e+00 -2.2429083604e+00
2.3005382892e-04 3.2994240672e+04 1.5707963268e+00 -2.2435587718e+00
2.3018864126e-04 3.3017425356e+04 1.5707963268e+00 -2.2442082688e+00
2.3032341878e-04 3.3040618345e+04 1.5707963268e+00 -2.2448568530e+00
2.3045816152e-04 3.3063819628e+04 1.5707963268e+00 -2.2455045260e+00
2.3059286954e-04 3.3087029189e+04 1.5707963268e+00 -2.2461512895e+00
2.3072754289e-04 3.3110247016e+04 1.5707963268e+00 -2.2467971449e+00
2.3086218163e-04 3.3133473095e+04 1.5707963268e+00 -2.2474420939e+00
2.3099678581e-04 3.3156707413e+04 1.5707963268e+00 -2.2480861381e+00
2.3113135549e-04 3.3179949956e+04 1.5707963268e+00 -2.2487292790e+00
2.3126589072e-04 3.3203200711e+04 1.5707963268e+00 -2.2493715182e+00
2.3140039155e-04 3.3226459663e+04 1.5707963268e+00 -2.2500128574e+00
2.3153485803e-04 3.3249726801e+04 1.5707963268e+00 -2.2506532980e+00
2.3166929023e-04 3.3273002110e+04 1.5707963268e+00 -2.2512928417e+00
2.3180368819e-04 3.3296285578e+04 1.5707963268e+00 -2.2519314900e+00
2.3193805196e-04 3.3319577190e+04 1.5707963268e+00 -2.2525692445e+00
2.3207238161e-04 3.3342876933e+04 1.5707963268e+00 -2.2532061067e+00
2.3220667717e-04 3.3366184795e+04 1.5707963268e+00 -2.2538420783e+00
2.3234093872e-04 3.3389500762e+04 1.5707963268e+00 -2.2544771607e+00
2.3247516629e-04 3.3412824820e+04 1.5707963268e+00 -2.2551113555e+00
2.3260935994e-04 3.3436156957e+04 1.5707963268e+00 -2.2557446643e+00
2.3274351973e-04 3.3459497159e+04 1.5707963268e+00 -2.2563770887e+00
2.3287764571e-04 3.3482845413e+04 1.5707963268e+00 -2.2570086301e+00
2.3301173792e-04 3.3506201706e+04 1.5707963268e+00 -2.2576392901e+00
2.3314579643e-04 3.3529566025e+04 1.5707963268e+00 -2.2582690703e+00
2.3327982128e-04 3.3552938356e+04 1.5707963268e+00 -2.2588979721e+00
2.3341381253e-04 3.3576318687e+04 1.5707963268e+00 -2.2595259972e+00
2.3354777022e-04 3.3599707005e+04 1.5707963268e+00 -2.2601531470e+00
2.3368169442e-04 3.3623103296e+04 1.5707963268e+00 -2.2607794232e+00
2.3381558517e-04 3.3646507547e+04 1.5707963268e+00 -2.2614048271e+00
2.3394944252e-04 3.3669919746e+04 1.5707963268e+00 -2.2620293604e+00
2.3408326653e-04 3.3693339879e+04 1.5707963268e+00 -2.2626530246e+00
2.3421705725e-04 3.3716767934e+04 1.5707963268e+00 -2.2632758211e+00
2.3435081473e-04 3.3740203897e+04 1.5707963268e+00 -2.2638977516e+00
2.3448453901e-04 3.3763647756e+04 1.5707963268e+00 -2.2645188174e+00
2.3461823016e-04 3.3787099497e+04 1.5707963268e+00 -2.2651390202e+00
2.3475188823e-04 3.3810559109e+04 1.5707963268e+00 -2.2657583614e+00
2.3488551326e-04 3.3834026577e+04 1.5707963268e+00 -2.2663768425e+00
2.3501910530e-04 3.3857501889e+04 1.5707963268e+00 -2.2669944651e+00
2.3515266441e-04 3.3880985033e+04 1.5707963268e+00 -2.2676112307e+00
2.3528619064e-04 3.3904475995e+04 1.5707963268e+00 -2.2682271406e+00
2.3541968404e-04 3.3927974763e+04 1.5707963268e+00 -2.2688421965e+00
2.3555314466e-04 3.3951481324e+04 1.5707963268e+00 -2.2694563999e+00
2.3568657254e-04 3.3974995666e+04 1.5707963268e+00 -2.2700697521e+00
2.3581996775e-04 3.3998517775e+04 1.5707963268e+00 -2.2706822547e+00
2.3595333032e-04 3.4022047639e+04 1.5707963268e+00 -2.2712939093e+00
2.3608666032e-04 3.4045585245e+04 1.5707963268e+00 -2.2719047172e+00
2.3621995779e-04 3.4069130580e+04 1.5707963268e+00 -2.2725146799e+00
2.3635322278e-04 3.4092683633e+04 1.5707963268e+00 -2.2731237989e+00
2.3648645535e-04 3.4116244390e+04 1.5707963268e+00 -2.2737320758e+00
2.3661965553e-04 3.4139812839e+04 1.5707963268e+00 -2.2743395119e+00
2.3675282338e-04 3.4163388967e+04 1.5707963268e+00 -2.2749461088e+00
2.3688595896e-04 3.4186972762e+04 1.5707963268e+00 -2.2755518678e+00
2.3701906231e-04 3.4210564211e+04 1.5707963268e+00 -2.2761567905e+00
2.3715213347e-04 3.4234163302e+04 1.5707963268e+00 -2.2767608783e+00
2.3728517251e-04 3.4257770022e+04 1.5707963268e+00 -2.2773641327e+00
2.3741817947e-04 3.4281384359e+04 1.5707963268e+00 -2.2779665552e+00
2.3755115439e-04 3.4305006300e+04 1.5707963268e+00 -2.2785681471e+00
2.3768409733e-04 3.4328635833e+04 1.5707963268e+00 -2.2791689100e+00
2.3781700834e-04 3.4352272946e+04 1.5707963268e+00 -2.2797688452e+00
2.3794988747e-04 3.4375917626e+04 1.5707963268e+00 -2.2803679542e+00
2.3808273476e-04 3.4399569861e+04 1.5707963268e+00 -2.2809662386e+00
2.3821555026e-04 3.4423229638e+04 1.5707963268e+00 -2.2815636996e+00
2.3834833403e-04 3.4446896946e+04 1.5707963268e+00 -2.2821603388e+00
2.3848108610e-04 3.4470571771e+04 1.5707963268e+00 -2.2827561575e+00
2.3861380654e-04 3.4494254103e+04 1.5707963268e+00 -2.2833511573e+00
2.3874649539e-04 3.4517943928e+04 1.5707963268e+00 -2.2839453395e+00
2.3887915269e-04 3.4541641234e+04 1.5707963268e+00 -2.2845387055e+00
2.3901177849e-04 3.4565346009e+04 1.5707963268e+00 -2.2851312568e+00
2.3914437285e-04 3.4589058241e+04 1.5707963268e+00 -2.2857229949e+00
2.3927693581e-04 3.4612777917e+04 1.5707963268e+00 -2.2863139210e+00
2.3940946742e-04 3.4636505027e+04 1.5707963268e+00 -2.2869040367e+00
2.3954196773e-04 3.4660239556e+04 1.5707963268e+00 -2.2874933434e+00
2.3967443678e-04 3.4683981494e+04 1.5707963268e+00 -2.2880818424e+00
2.3980687463e-04 3.4707730829e+04 1.5707963268e+00 -2.2886695351e+00
2.3993928131e-04 3.4731487547e+04 1.5707963268e+00 -2.2892564231e+00
2.4007165689e-04 3.4755251638e+04 1.5707963268e+00 -2.2898425076e+00
2.4020400139e-04 3.4779023089e+04 1.5707963268e+00 -2.2904277901e+00
2.4033631489e-04 3.4802801889e+04 1.5707963268e+00 -2.2910122719e+00
2.4046859741e-04 3.4826588024e+04 1.5707963268e+00 -2.2915959546e+00
2.4060084901e-04 3.4850381484e+04 1.5707963268e+00 -2.2921788394e+00
2.4073306973e-04 3.4874182256e+04 1.5707963268e+00 -2.2927609277e+00
2.4086525963e-04 3.4897990329e+04 1.5707963268e+00 -2.2933422210e+00
2.4099741874e-04 3.4921805690e+04 1.5707963268e+00 -2.2939227206e+00
2.4112954713e-04 3.4945628328e+04 1.5707963268e+00 -2.2945024278e+00
2.4126164482e-04 3.4969458231e+04 1.5707963268e+00 -2.2950813442e+00
2.4139371187e-04 3.4993295387e+04 1.5707963268e+00 -2.2956594711e+00
2.4152574833e-04 3.5017139784e+04 1.5707963268e+00 -2.2962368097e+00
2.4165775424e-04 3.5040991411e+04 1.5707963268e+00 -2.2968133616e+00
2.4178972965e-04 3.5064850255e+04 1.5707963268e+00 -2.2973891280e+00
2.4192167460e-04 3.5088716305e+04 1.5707963268e+00 -2.2979641104e+00
2.4205358915e-04 3.5112589550e+04 1.5707963268e+00 -2.2985383101e+00
2.4218547333e-04 3.5136469977e+04 1.5707963268e+00 -2.2991117285e+00
2.4231732720e-04 3.5160357574e+04 1.5707963268e+00 -2.2996843668e+00
2.4244915080e-04 3.5184252331e+04 1.5707963268e+00 -2.3002562266e+00
2.4258094417e-04 3.5208154235e+04 1.5707963268e+00 -2.3008273091e+00
2.4271270736e-04 3.5232063276e+04 1.5707963268e+00 -2.3013976157e+00
2.4284444043e-04 3.5255979440e+04 1.5707963268e+00 -2.3019671477e+00
2.4297614340e-04 3.5279902718e+04 1.5707963268e+00 -2.3025359065e+00
2.4310781633e-04 3.5303833096e+04 1.5707963268e+00 -2.3031038934e+00
2.4323945927e-04 3.5327770564e+04 1.5707963268e+00 -2.3036711098e+00
2.4337107226e-04 3.5351715110e+04 1.5707963268e+00 -2.3042375570e+00
2.4350265534e-04 3.5375666722e+04 1.5707963268e+00 -2.3048032363e+00
2.4363420856e-04 3.5399625390e+04 1.5707963268e+00 -2.3053681492e+00
2.4376573196e-04 3.5423591101e+04 1.5707963268e+00 -2.3059322968e+00
2.4389722560e-04 3.5447563845e+04 1.5707963268e+00 -2.3064956806e+00
2.4402868951e-04 3.5471543609e+04 1.5707963268e+00 -2.3070583018e+00
