0.0000000000e+00 1.0555068932e+04 1.5707963268e+00 0.0000000000e+00
3.7022018555e-07 1.0555068932e+04 1.5707963268e+00 4.2016806723e-03
7.4044037111e-07 1.0555020390e+04 1.5707963268e+00 8.4033613445e-03
1.1106695179e-06 1.0554923305e+04 1.5707963268e+00 1.2605080664e-02
1.4809165880e-06 1.0554777678e+04 1.5707963268e+00 1.6806877277e-02
1.8511905465e-06 1.0554583505e+04 1.5707963268e+00 2.1008789836e-02
2.2215003629e-06 1.0554340781e+04 1.5707963268e+00 2.5210856997e-02
2.5918550134e-06 1.0554049500e+04 1.5707963268e+00 2.9413117429e-02
2.9622634825e-06 1.0553709653e+04 1.5707963268e+00 3.3615609810e-02
3.3327347652e-06 1.0553321232e+04 1.5707963268e+00 3.7818372837e-02
3.7032778686e-06 1.0552884224e+04 1.5707963268e+00 4.2021445222e-02
4.0739018138e-06 1.0552398616e+04 1.5707963268e+00 4.6224865702e-02
4.4446156379e-06 1.0551864392e+04 1.5707963268e+00 5.0428673037e-02
4.8154283962e-06 1.0551281536e+04 1.5707963268e+00 5.4632906014e-02
5.1863491633e-06 1.0550650029e+04 1.5707963268e+00 5.8837603451e-02
5.5573870361e-06 1.0549969851e+04 1.5707963268e+00 6.3042804201e-02
5.9285511347e-06 1.0549240978e+04 1.5707963268e+00 6.7248547153e-02
6.2998506053e-06 1.0548463389e+04 1.5707963268e+00 7.1454871233e-02
6.6712946214e-06 1.0547637056e+04 1.5707963268e+00 7.5661815414e-02
7.0428923861e-06 1.0546761951e+04 1.5707963268e+00 7.9869418712e-02
7.4146531342e-06 1.0545838047e+04 1.5707963268e+00 8.4077720193e-02
7.7865861342e-06 1.0544865312e+04 1.5707963268e+00 8.8286758976e-02
8.1587006900e-06 1.0543843712e+04 1.5707963268e+00 9.2496574231e-02
8.5310061432e-06 1.0542773213e+04 1.5707963268e+00 9.6707205191e-02
8.9035118755e-06 1.0541653780e+04 1.5707963268e+00 1.0091869115e-01
9.2762273100e-06 1.0540485373e+04 1.5707963268e+00 1.0513107146e-01
9.6491619140e-06 1.0539267952e+04 1.5707963268e+00 1.0934438554e-01
1.0022325201e-05 1.0538001476e+04 1.5707963268e+00 1.1355867290e-01
1.0395726732e-05 1.0536685901e+04 1.5707963268e+00 1.1777397310e-01
1.0769376120e-05 1.0535321182e+04 1.5707963268e+00 1.2199032578e-01
1.1143283030e-05 1.0533907271e+04 1.5707963268e+00 1.2620777067e-01
1.1517457180e-05 1.0532444120e+04 1.5707963268e+00 1.3042634758e-01
1.1891908349e-05 1.0530931676e+04 1.5707963268e+00 1.3464609640e-01
1.2266646372e-05 1.0529369889e+04 1.5707963268e+00 1.3886705713e-01
1.2641681147e-05 1.0527758702e+04 1.5707963268e+00 1.4308926983e-01
1.3017022638e-05 1.0526098060e+04 1.5707963268e+00 1.4731277468e-01
1.3392680872e-05 1.0524387904e+04 1.5707963268e+00 1.5153761196e-01
1.3768665949e-05 1.0522628175e+04 1.5707963268e+00 1.5576382204e-01
1.4144988038e-05 1.0520818809e+04 1.5707963268e+00 1.5999144541e-01
1.4521657383e-05 1.0518959743e+04 1.5707963268e+00 1.6422052266e-01
1.4898684305e-05 1.0517050912e+04 1.5707963268e+00 1.6845109449e-01
1.5276079203e-05 1.0515092247e+04 1.5707963268e+00 1.7268320173e-01
1.5653852560e-05 1.0513083679e+04 1.5707963268e+00 1.7691688532e-01
1.6032014941e-05 1.0511025137e+04 1.5707963268e+00 1.8115218633e-01
1.6410577001e-05 1.0508916547e+04 1.5707963268e+00 1.8538914595e-01
1.6789549485e-05 1.0506757833e+04 1.5707963268e+00 1.8962780550e-01
1.7168943228e-05 1.0504548918e+04 1.5707963268e+00 1.9386820643e-01
1.7548769165e-05 1.0502289724e+04 1.5707963268e+00 1.9811039035e-01
1.7929038329e-05 1.0499980169e+04 1.5707963268e+00 2.0235439899e-01
1.8309761853e-05 1.0497620169e+04 1.5707963268e+00 2.0660027423e-01
1.8690950978e-05 1.0495209639e+04 1.5707963268e+00 2.1084805809e-01
1.9072617050e-05 1.0492748493e+04 1.5707963268e+00 2.1509779275e-01
1.9454771531e-05 1.0490236641e+04 1.5707963268e+00 2.1934952056e-01
1.9837425994e-05 1.0487673992e+04 1.5707963268e+00 2.2360328400e-01
2.0220592132e-05 1.0485060453e+04 1.5707963268e+00 2.2785912574e-01
2.0604281760e-05 1.0482395928e+04 1.5707963268e+00 2.3211708860e-01
2.0988506817e-05 1.0479680321e+04 1.5707963268e+00 2.3637721558e-01
2.1373279371e-05 1.0476913531e+04 1.5707963268e+00 2.4063954984e-01
2.1758611624e-05 1.0474095458e+04 1.5707963268e+00 2.4490413474e-01
2.2144515913e-05 1.0471225997e+04 1.5707963268e+00 2.4917101381e-01
2.2531004716e-05 1.0468305044e+04 1.5707963268e+00 2.5344023077e-01
2.2918090654e-05 1.0465332491e+04 1.5707963268e+00 2.5771182954e-01
2.3305786497e-05 1.0462308227e+04 1.5707963268e+00 2.6198585420e-01
2.3694105168e-05 1.0459232141e+04 1.5707963268e+00 2.6626234908e-01
2.4083059745e-05 1.0456104119e+04 1.5707963268e+00 2.7054135867e-01
2.4472663469e-05 1.0452924044e+04 1.5707963268e+00 2.7482292769e-01
2.4862929745e-05 1.0449691797e+04 1.5707963268e+00 2.7910710107e-01
2.5253872148e-05 1.0446407259e+04 1.5707963268e+00 2.8339392394e-01
2.5645504428e-05 1.0443070305e+04 1.5707963268e+00 2.8768344168e-01
2.6037840516e-05 1.0439680811e+04 1.5707963268e+00 2.9197569987e-01
2.6430894526e-05 1.0436238650e+04 1.5707963268e+00 2.9627074432e-01
2.6824680762e-05 1.0432743691e+04 1.5707963268e+00 3.0056862108e-01
2.7219213724e-05 1.0429195803e+04 1.5707963268e+00 3.0486937646e-01
2.7614508110e-05 1.0425594851e+04 1.5707963268e+00 3.0917305697e-01
2.8010578827e-05 1.0421940699e+04 1.5707963268e+00 3.1347970939e-01
2.8407440991e-05 1.0418233208e+04 1.5707963268e+00 3.1778938076e-01
2.8805109936e-05 1.0414472236e+04 1.5707963268e+00 3.2210211837e-01
2.9203601221e-05 1.0410657640e+04 1.5707963268e+00 3.2641796977e-01
2.9602930631e-05 1.0406789273e+04 1.5707963268e+00 3.3073698277e-01
3.0003114192e-05 1.0402866987e+04 1.5707963268e+00 3.3505920547e-01
3.0404168168e-05 1.0398890632e+04 1.5707963268e+00 3.3938468623e-01
3.0806109075e-05 1.0394860053e+04 1.5707963268e+00 3.4371347371e-01
3.1208953683e-05 1.0390775095e+04 1.5707963268e+00 3.4804561683e-01
3.1612719028e-05 1.0386635599e+04 1.5707963268e+00 3.5238116484e-01
3.2017422415e-05 1.0382441404e+04 1.5707963268e+00 3.5672016725e-01
3.2423081428e-05 1.0378192348e+04 1.5707963268e+00 3.6106267391e-01
3.2829713936e-05 1.0373888262e+04 1.5707963268e+00 3.6540873493e-01
3.3237338103e-05 1.0369528980e+04 1.5707963268e+00 3.6975840079e-01
3.3645972398e-05 1.0365114330e+04 1.5707963268e+00 3.7411172226e-01
3.4055635597e-05 1.0360644138e+04 1.5707963268e+00 3.7846875043e-01
3.4466346798e-05 1.0356118227e+04 1.5707963268e+00 3.8282953673e-01
3.4878125430e-05 1.0351536418e+04 1.5707963268e+00 3.8719413294e-01
3.5290991257e-05 1.0346898528e+04 1.5707963268e+00 3.9156259117e-01
3.5704964395e-05 1.0342204374e+04 1.5707963268e+00 3.9593496387e-01
3.6120065317e-05 1.0337453768e+04 1.5707963268e+00 4.0031130387e-01
3.6536314863e-05 1.0332646518e+04 1.5707963268e+00 4.0469166434e-01
3.6953734256e-05 1.0327782433e+04 1.5707963268e+00 4.0907609882e-01
3.7372345109e-05 1.0322861316e+04 1.5707963268e+00 4.1346466125e-01
3.7792169437e-05 1.0317882968e+04 1.5707963268e+00 4.1785740591e-01
3.8213229668e-05 1.0312847188e+04 1.5707963268e+00 4.2225438750e-01
3.8635548659e-05 1.0307753770e+04 1.5707963268e+00 4.2665566110e-01
3.9059149705e-05 1.0302602507e+04 1.5707963268e+00 4.3106128220e-01
3.9484056554e-05 1.0297393188e+04 1.5707963268e+00 4.3547130669e-01
3.9910293420e-05 1.0292125600e+04 1.5707963268e+00 4.3988579086e-01
4.0337884998e-05 1.0286799525e+04 1.5707963268e+00 4.4430479146e-01
4.0766856478e-05 1.0281414744e+04 1.5707963268e+00 4.4872836564e-01
4.1197233560e-05 1.0275971033e+04 1.5707963268e+00 4.5315657099e-01
4.1629042471e-05 1.0270468166e+04 1.5707963268e+00 4.5758946556e-01
4.2062309979e-05 1.0264905914e+04 1.5707963268e+00 4.6202710783e-01
4.2497063414e-05 1.0259284045e+04 1.5707963268e+00 4.6646955675e-01
4.2933330680e-05 1.0253602321e+04 1.5707963268e+00 4.7091687174e-01
4.3371140278e-05 1.0247860505e+04 1.5707963268e+00 4.7536911269e-01
4.3810521325e-05 1.0242058352e+04 1.5707963268e+00 4.7982633997e-01
4.4251503569e-05 1.0236195618e+04 1.5707963268e+00 4.8428861446e-01
4.4694117414e-05 1.0230272053e+04 1.5707963268e+00 4.8875599751e-01
4.5138393941e-05 1.0224287404e+04 1.5707963268e+00 4.9322855101e-01
4.5584364928e-05 1.0218241414e+04 1.5707963268e+00 4.9770633735e-01
4.6032062874e-05 1.0212133825e+04 1.5707963268e+00 5.0218941943e-01
4.6481521022e-05 1.0205964371e+04 1.5707963268e+00 5.0667786073e-01
4.6932773387e-05 1.0199732787e+04 1.5707963268e+00 5.1117172522e-01
4.7385854779e-05 1.0193438801e+04 1.5707963268e+00 5.1567107746e-01
4.7840800830e-05 1.0187082138e+04 1.5707963268e+00 5.2017598257e-01
4.8297648025e-05 1.0180662522e+04 1.5707963268e+00 5.2468650623e-01
4.8756433727e-05 1.0174179669e+04 1.5707963268e+00 5.2920271470e-01
4.9217196212e-05 1.0167633294e+04 1.5707963268e+00 5.3372467484e-01
4.9679974697e-05 1.0161023106e+04 1.5707963268e+00 5.3825245411e-01
5.0144809376e-05 1.0154348813e+04 1.5707963268e+00 5.4278612059e-01
5.0611741455e-05 1.0147610117e+04 1.5707963268e+00 5.4732574297e-01
5.1080813186e-05 1.0140806716e+04 1.5707963268e+00 5.5187139057e-01
5.1552067904e-05 1.0133938303e+04 1.5707963268e+00 5.5642313338e-01
5.2025550072e-05 1.0127004570e+04 1.5707963268e+00 5.6098104202e-01
5.2501305316e-05 1.0120005202e+04 1.5707963268e+00 5.6554518778e-01
5.2979380472e-05 1.0112939881e+04 1.5707963268e+00 5.7011564265e-01
5.3459823631e-05 1.0105808285e+04 1.5707963268e+00 5.7469247927e-01
5.3942684184e-05 1.0098610085e+04 1.5707963268e+00 5.7927577102e-01
5.4428012874e-05 1.0091344952e+04 1.5707963268e+00 5.8386559198e-01
5.4915861848e-05 1.0084012549e+04 1.5707963268e+00 5.8846201694e-01
5.5406284708e-05 1.0076612536e+04 1.5707963268e+00 5.9306512146e-01
5.5899336573e-05 1.0069144568e+04 1.5707963268e+00 5.9767498183e-01
5.6395074134e-05 1.0061608297e+04 1.5707963268e+00 6.0229167511e-01
5.6893555719e-05 1.0054003367e+04 1.5707963268e+00 6.0691527913e-01
5.7394841361e-05 1.0046329420e+04 1.5707963268e+00 6.1154587253e-01
5.7898992864e-05 1.0038586092e+04 1.5707963268e+00 6.1618353475e-01
5.8406073874e-05 1.0030773015e+04 1.5707963268e+00 6.2082834603e-01
5.8916149963e-05 1.0022889816e+04 1.5707963268e+00 6.2548038746e-01
5.9429288701e-05 1.0014936117e+04 1.5707963268e+00 6.3013974099e-01
5.9945559744e-05 1.0006911533e+04 1.5707963268e+00 6.3480648941e-01
6.0465034927e-05 9.9988156774e+03 1.5707963268e+00 6.3948071640e-01
6.0987788349e-05 9.9906481555e+03 1.5707963268e+00 6.4416250653e-01
6.1513896482e-05 9.9824085688e+03 1.5707963268e+00 6.4885194530e-01
6.2043438268e-05 9.9740965134e+03 1.5707963268e+00 6.5354911911e-01
6.2576495231e-05 9.9657115797e+03 1.5707963268e+00 6.5825411532e-01
6.3113151597e-05 9.9572533530e+03 1.5707963268e+00 6.6296702223e-01
6.3653494411e-05 9.9487214128e+03 1.5707963268e+00 6.6768792914e-01
6.4197613673e-05 9.9401153335e+03 1.5707963268e+00 6.7241692633e-01
6.4745602470e-05 9.9314346834e+03 1.5707963268e+00 6.7715410510e-01
6.5297557126e-05 9.9226790255e+03 1.5707963268e+00 6.8189955778e-01
6.5853577353e-05 9.9138479168e+03 1.5707963268e+00 6.8665337774e-01
6.6413766417e-05 9.9049409087e+03 1.5707963268e+00 6.9141565942e-01
6.6978231310e-05 9.8959575465e+03 1.5707963268e+00 6.9618649837e-01
6.7547082935e-05 9.8868973698e+03 1.5707963268e+00 7.0096599121e-01
6.8120436299e-05 9.8777599119e+03 1.5707963268e+00 7.0575423572e-01
6.8698410726e-05 9.8685447003e+03 1.5707963268e+00 7.1055133081e-01
6.9281130071e-05 9.8592512561e+03 1.5707963268e+00 7.1535737656e-01
6.9868722964e-05 9.8498790944e+03 1.5707963268e+00 7.2017247424e-01
7.0461323054e-05 9.8404277239e+03 1.5707963268e+00 7.2499672635e-01
7.1059069278e-05 9.8308966471e+03 1.5707963268e+00 7.2983023660e-01
7.1662106150e-05 9.8212853599e+03 1.5707963268e+00 7.3467310997e-01
7.2270584063e-05 9.8115933519e+03 1.5707963268e+00 7.3952545272e-01
7.2884659615e-05 9.8018201061e+03 1.5707963268e+00 7.4438737242e-01
7.3504495961e-05 9.7919650991e+03 1.5707963268e+00 7.4925897794e-01
7.4130263181e-05 9.7820278006e+03 1.5707963268e+00 7.5414037955e-01
7.4762138689e-05 9.7720076738e+03 1.5707963268e+00 7.5903168887e-01
7.5400307656e-05 9.7619041753e+03 1.5707963268e+00 7.6393301891e-01
7.6044963477e-05 9.7517167548e+03 1.5707963268e+00 7.6884448415e-01
7.6696308263e-05 9.7414448552e+03 1.5707963268e+00 7.7376620049e-01
7.7354553382e-05 9.7310879127e+03 1.5707963268e+00 7.7869828534e-01
7.8019920030e-05 9.7206453565e+03 1.5707963268e+00 7.8364085761e-01
7.8692639857e-05 9.7101166091e+03 1.5707963268e+00 7.8859403776e-01
7.9372955638e-05 9.6995010862e+03 1.5707963268e+00 7.9355794781e-01
8.0061121998e-05 9.6887981964e+03 1.5707963268e+00 7.9853271138e-01
8.0757406199e-05 9.6780073417e+03 1.5707963268e+00 8.0351845374e-01
8.1462088997e-05 9.6671279172e+03 1.5707963268e+00 8.0851530179e-01
8.2175465565e-05 9.6561593111e+03 1.5707963268e+00 8.1352338414e-01
8.2897846498e-05 9.6451009052e+03 1.5707963268e+00 8.1854283113e-01
8.3629558914e-05 9.6339520745e+03 1.5707963268e+00 8.2357377483e-01
8.4370947647e-05 9.6227121873e+03 1.5707963268e+00 8.2861634914e-01
8.5122376549e-05 9.6113806057e+03 1.5707963268e+00 8.3367068974e-01
8.5884229924e-05 9.5999566855e+03 1.5707963268e+00 8.3873693419e-01
8.6656914085e-05 9.5884397763e+03 1.5707963268e+00 8.4381522195e-01
8.7440859069e-05 9.5768292219e+03 1.5707963268e+00 8.4890569437e-01
8.8236520529e-05 9.5651243603e+03 1.5707963268e+00 8.5400849482e-01
8.9044381803e-05 9.5533245244e+03 1.5707963268e+00 8.5912376861e-01
8.9864956205e-05 9.5414290419e+03 1.5707963268e+00 8.6425166312e-01
9.0698789559e-05 9.5294372360e+03 1.5707963268e+00 8.6939232781e-01
9.1546463001e-05 9.5173484255e+03 1.5707963268e+00 8.7454591421e-01
9.2408596090e-05 9.5051619258e+03 1.5707963268e+00 8.7971257605e-01
9.3285850268e-05 9.4928770493e+03 1.5707963268e+00 8.8489246920e-01
9.4178932723e-05 9.4804931059e+03 1.5707963268e+00 8.9008575178e-01
9.5088600698e-05 9.4680094044e+03 1.5707963268e+00 8.9529258416e-01
9.6015666322e-05 9.4554252527e+03 1.5707963268e+00 9.0051312902e-01
9.6961002044e-05 9.4427399596e+03 1.5707963268e+00 9.0574755139e-01
9.7925546738e-05 9.4299528357e+03 1.5707963268e+00 9.1099601863e-01
9.8910312618e-05 9.4170631948e+03 1.5707963268e+00 9.1625870056e-01
9.9916393058e-05 9.4040703560e+03 1.5707963268e+00 9.2153576944e-01
1.0094497149e-04 9.3909736455e+03 1.5707963268e+00 9.2682739999e-01
1.0199733155e-04 9.3777723987e+03 1.5707963268e+00 9.3213376946e-01
1.0307486868e-04 9.3644659632e+03 1.5707963268e+00 9.3745505767e-01
1.0417910347e-04 9.3510537020e+03 1.5707963268e+00 9.4279144698e-01
1.0531169705e-04 9.3375349967e+03 1.5707963268e+00 9.4814312238e-01
1.0647446887e-04 9.3239092523e+03 1.5707963268e+00 9.5351027149e-01
1.0766941744e-04 9.3101759024e+03 1.5707963268e+00 9.5889308456e-01
1.0889874451e-04 9.2963344146e+03 1.5707963268e+00 9.6429175452e-01
1.1016488352e-04 9.2823842981e+03 1.5707963268e+00 9.6970647693e-01
1.1147053311e-04 9.2683251123e+03 1.5707963268e+00 9.7513745005e-01
1.1281869699e-04 9.2541564767e+03 1.5707963268e+00 9.8058487478e-01
1.1421273144e-04 9.2398780833e+03 1.5707963268e+00 9.8604895464e-01
1.1565640254e-04 9.2254897113e+03 1.5707963268e+00 9.9152989574e-01
1.1715395534e-04 9.2109912455e+03 1.5707963268e+00 9.9702790672e-01
1.1871019822e-04 9.1963826982e+03 1.5707963268e+00 1.0025431987e+00
1.2033060662e-04 9.1816642367e+03 1.5707963268e+00 1.0080759850e+00
1.2202145164e-04 9.1668362171e+03 1.5707963268e+00 1.0136264814e+00
1.2378996110e-04 9.1518992279e+03 1.5707963268e+00 1.0191949055e+00
1.2564452320e-04 9.1368541433e+03 1.5707963268e+00 1.0247814766e+00
1.2759494719e-04 9.1217021939e+03 1.5707963268e+00 1.0303864155e+00
1.2965280106e-04 9.1064450566e+03 1.5707963268e+00 1.0360099442e+00
1.3183185529e-04 9.0910849737e+03 1.5707963268e+00 1.0416522849e+00
1.3414867490e-04 9.0756249122e+03 1.5707963268e+00 1.0473136598e+00
1.3662342331e-04 9.0600687787e+03 1.5707963268e+00 1.0529942899e+00
1.3928097528e-04 9.0444217184e+03 1.5707963268e+00 1.0586943938e+00
1.4215249234e-04 9.0286905359e+03 1.5707963268e+00 1.0644141862e+00
1.4527771047e-04 9.0128843054e+03 1.5707963268e+00 1.0701538759e+00
1.4870836154e-04 8.9970152790e+03 1.5707963268e+00 1.0759136621e+00
1.5251347038e-04 8.9811002839e+03 1.5707963268e+00 1.0816937308e+00
1.5678790007e-04 8.9651629601e+03 1.5707963268e+00 1.0874942485e+00
1.6166684131e-04 8.9492375127e+03 1.5707963268e+00 1.0933153527e+00
1.6735194017e-04 8.9333753822e+03 1.5707963268e+00 1.0991571378e+00
1.7416224967e-04 8.9176580001e+03 1.5707963268e+00 1.1050196315e+00
1.8264440569e-04 8.9022236176e+03 1.5707963268e+00 1.1109027541e+00
1.9384774086e-04 8.8873316323e+03 1.5707963268e+00 1.1168062414e+00
2.1017888818e-04 8.8735500014e+03 1.5707963268e+00 1.1227294798e+00
