0.0000000000e+00 1.3038614563e+04 1.5707963268e+00 0.0000000000e+00
2.6162133192e-07 1.3038614563e+04 1.5707963268e+00 3.4013605442e-03
5.2324266384e-07 1.3038611485e+04 1.5707963268e+00 6.8027210884e-03
7.8486412719e-07 1.3038605328e+04 1.5707963268e+00 1.0204083239e-02
1.0464858534e-06 1.3038596092e+04 1.5707963268e+00 1.3605448602e-02
1.3081079739e-06 1.3038583778e+04 1.5707963268e+00 1.7006818783e-02
1.5697306201e-06 1.3038568385e+04 1.5707963268e+00 2.0408195389e-02
1.8313539234e-06 1.3038549913e+04 1.5707963268e+00 2.3809580026e-02
2.0929780154e-06 1.3038528362e+04 1.5707963268e+00 2.7210974301e-02
2.3546030275e-06 1.3038503732e+04 1.5707963268e+00 3.0612379820e-02
2.6162290911e-06 1.3038476022e+04 1.5707963268e+00 3.4013798189e-02
2.8778563377e-06 1.3038445233e+04 1.5707963268e+00 3.7415231016e-02
3.1394848989e-06 1.3038411363e+04 1.5707963268e+00 4.0816679908e-02
3.4011149062e-06 1.3038374412e+04 1.5707963268e+00 4.4218146471e-02
3.6627464911e-06 1.3038334381e+04 1.5707963268e+00 4.7619632314e-02
3.9243797852e-06 1.3038291268e+04 1.5707963268e+00 5.1021139044e-02
4.1860149202e-06 1.3038245072e+04 1.5707963268e+00 5.4422668270e-02
4.4476520276e-06 1.3038195795e+04 1.5707963268e+00 5.7824221598e-02
4.7092912391e-06 1.3038143434e+04 1.5707963268e+00 6.1225800639e-02
4.9709326865e-06 1.3038087989e+04 1.5707963268e+00 6.4627407001e-02
5.2325765014e-06 1.3038029461e+04 1.5707963268e+00 6.8029042294e-02
5.4942228157e-06 1.3037967847e+04 1.5707963268e+00 7.1430708126e-02
5.7558717611e-06 1.3037903147e+04 1.5707963268e+00 7.4832406110e-02
6.0175234695e-06 1.3037835360e+04 1.5707963268e+00 7.8234137855e-02
6.2791780728e-06 1.3037764486e+04 1.5707963268e+00 8.1635904972e-02
6.5408357029e-06 1.3037690524e+04 1.5707963268e+00 8.5037709073e-02
6.8024964919e-06 1.3037613473e+04 1.5707963268e+00 8.8439551771e-02
7.0641605719e-06 1.3037533332e+04 1.5707963268e+00 9.1841434677e-02
7.3258280748e-06 1.3037450100e+04 1.5707963268e+00 9.5243359406e-02
7.5874991329e-06 1.3037363775e+04 1.5707963268e+00 9.8645327571e-02
7.8491738784e-06 1.3037274358e+04 1.5707963268e+00 1.0204734079e-01
8.1108524436e-06 1.3037181847e+04 1.5707963268e+00 1.0544940067e-01
8.3725349608e-06 1.3037086240e+04 1.5707963268e+00 1.0885150883e-01
8.6342215624e-06 1.3036987537e+04 1.5707963268e+00 1.1225366689e-01
8.8959123810e-06 1.3036885736e+04 1.5707963268e+00 1.1565587647e-01
9.1576075489e-06 1.3036780836e+04 1.5707963268e+00 1.1905813918e-01
9.4193071990e-06 1.3036672836e+04 1.5707963268e+00 1.2246045664e-01
9.6810114638e-06 1.3036561735e+04 1.5707963268e+00 1.2586283047e-01
9.9427204761e-06 1.3036447531e+04 1.5707963268e+00 1.2926526229e-01
1.0204434369e-05 1.3036330223e+04 1.5707963268e+00 1.3266775373e-01
1.0466153275e-05 1.3036209809e+04 1.5707963268e+00 1.3607030640e-01
1.0727877327e-05 1.3036086288e+04 1.5707963268e+00 1.3947292193e-01
1.0989606659e-05 1.3035959659e+04 1.5707963268e+00 1.4287560193e-01
1.1251341403e-05 1.3035829919e+04 1.5707963268e+00 1.4627834805e-01
1.1513081693e-05 1.3035697068e+04 1.5707963268e+00 1.4968116189e-01
1.1774827663e-05 1.3035561103e+04 1.5707963268e+00 1.5308404510e-01
1.2036579445e-05 1.3035422023e+04 1.5707963268e+00 1.5648699929e-01
1.2298337173e-05 1.3035279827e+04 1.5707963268e+00 1.5989002609e-01
1.2560100982e-05 1.3035134512e+04 1.5707963268e+00 1.6329312714e-01
1.2821871004e-05 1.3034986076e+04 1.5707963268e+00 1.6669630406e-01
1.3083647373e-05 1.3034834519e+04 1.5707963268e+00 1.7009955849e-01
1.3345430224e-05 1.3034679838e+04 1.5707963268e+00 1.7350289205e-01
1.3607219691e-05 1.3034522031e+04 1.5707963268e+00 1.7690630639e-01
1.3869015908e-05 1.3034361096e+04 1.5707963268e+00 1.8030980314e-01
1.4130819008e-05 1.3034197032e+04 1.5707963268e+00 1.8371338393e-01
1.4392629127e-05 1.3034029836e+04 1.5707963268e+00 1.8711705040e-01
1.4654446399e-05 1.3033859505e+04 1.5707963268e+00 1.9052080420e-01
1.4916270959e-05 1.3033686039e+04 1.5707963268e+00 1.9392464696e-01
1.5178102942e-05 1.3033509435e+04 1.5707963268e+00 1.9732858032e-01
1.5439942481e-05 1.3033329691e+04 1.5707963268e+00 2.0073260592e-01
1.5701789713e-05 1.3033146804e+04 1.5707963268e+00 2.0413672541e-01
1.5963644773e-05 1.3032960773e+04 1.5707963268e+00 2.0754094044e-01
1.6225507796e-05 1.3032771594e+04 1.5707963268e+00 2.1094525265e-01
1.6487378917e-05 1.3032579267e+04 1.5707963268e+00 2.1434966369e-01
1.6749258271e-05 1.3032383787e+04 1.5707963268e+00 2.1775417521e-01
1.7011145996e-05 1.3032185154e+04 1.5707963268e+00 2.2115878886e-01
1.7273042226e-05 1.3031983363e+04 1.5707963268e+00 2.2456350630e-01
1.7534947097e-05 1.3031778414e+04 1.5707963268e+00 2.2796832917e-01
1.7796860746e-05 1.3031570303e+04 1.5707963268e+00 2.3137325913e-01
1.8058783308e-05 1.3031359028e+04 1.5707963268e+00 2.3477829784e-01
1.8320714921e-05 1.3031144587e+04 1.5707963268e+00 2.3818344697e-01
1.8582655721e-05 1.3030926975e+04 1.5707963268e+00 2.4158870816e-01
1.8844605844e-05 1.3030706192e+04 1.5707963268e+00 2.4499408308e-01
1.9106565428e-05 1.3030482234e+04 1.5707963268e+00 2.4839957340e-01
1.9368534609e-05 1.3030255098e+04 1.5707963268e+00 2.5180518077e-01
1.9630513525e-05 1.3030024781e+04 1.5707963268e+00 2.5521090688e-01
1.9892502313e-05 1.3029791282e+04 1.5707963268e+00 2.5861675338e-01
2.0154501111e-05 1.3029554596e+04 1.5707963268e+00 2.6202272194e-01
2.0416510056e-05 1.3029314721e+04 1.5707963268e+00 2.6542881425e-01
2.0678529287e-05 1.3029071653e+04 1.5707963268e+00 2.6883503197e-01
2.0940558941e-05 1.3028825391e+04 1.5707963268e+00 2.7224137677e-01
2.1202599157e-05 1.3028575931e+04 1.5707963268e+00 2.7564785035e-01
2.1464650073e-05 1.3028323269e+04 1.5707963268e+00 2.7905445437e-01
2.1726711828e-05 1.3028067402e+04 1.5707963268e+00 2.8246119051e-01
2.1988784560e-05 1.3027808328e+04 1.5707963268e+00 2.8586806047e-01
2.2250868408e-05 1.3027546044e+04 1.5707963268e+00 2.8927506593e-01
2.2512963513e-05 1.3027280545e+04 1.5707963268e+00 2.9268220857e-01
2.2775070012e-05 1.3027011829e+04 1.5707963268e+00 2.9608949008e-01
2.3037188046e-05 1.3026739892e+04 1.5707963268e+00 2.9949691216e-01
2.3299317754e-05 1.3026464730e+04 1.5707963268e+00 3.0290447650e-01
2.3561459277e-05 1.3026186342e+04 1.5707963268e+00 3.0631218479e-01
2.3823612754e-05 1.3025904722e+04 1.5707963268e+00 3.0972003874e-01
2.4085778326e-05 1.3025619868e+04 1.5707963268e+00 3.1312804003e-01
2.4347956133e-05 1.3025331775e+04 1.5707963268e+00 3.1653619038e-01
2.4610146316e-05 1.3025040441e+04 1.5707963268e+00 3.1994449150e-01
2.4872349017e-05 1.3024745862e+04 1.5707963268e+00 3.2335294507e-01
2.5134564376e-05 1.3024448034e+04 1.5707963268e+00 3.2676155282e-01
2.5396792535e-05 1.3024146953e+04 1.5707963268e+00 3.3017031645e-01
2.5659033636e-05 1.3023842615e+04 1.5707963268e+00 3.3357923768e-01
2.5921287819e-05 1.3023535017e+04 1.5707963268e+00 3.3698831823e-01
2.6183555228e-05 1.3023224156e+04 1.5707963268e+00 3.4039755981e-01
2.6445836005e-05 1.3022910026e+04 1.5707963268e+00 3.4380696414e-01
2.6708130293e-05 1.3022592624e+04 1.5707963268e+00 3.4721653294e-01
2.6970438233e-05 1.3022271946e+04 1.5707963268e+00 3.5062626794e-01
2.7232759970e-05 1.3021947989e+04 1.5707963268e+00 3.5403617088e-01
2.7495095646e-05 1.3021620748e+04 1.5707963268e+00 3.5744624346e-01
2.7757445404e-05 1.3021290218e+04 1.5707963268e+00 3.6085648744e-01
2.8019809390e-05 1.3020956397e+04 1.5707963268e+00 3.6426690455e-01
2.8282187746e-05 1.3020619279e+04 1.5707963268e+00 3.6767749652e-01
2.8544580617e-05 1.3020278860e+04 1.5707963268e+00 3.7108826509e-01
2.8806988147e-05 1.3019935137e+04 1.5707963268e+00 3.7449921200e-01
2.9069410481e-05 1.3019588105e+04 1.5707963268e+00 3.7791033901e-01
2.9331847764e-05 1.3019237759e+04 1.5707963268e+00 3.8132164786e-01
2.9594300142e-05 1.3018884095e+04 1.5707963268e+00 3.8473314030e-01
2.9856767760e-05 1.3018527109e+04 1.5707963268e+00 3.8814481808e-01
3.0119250763e-05 1.3018166796e+04 1.5707963268e+00 3.9155668297e-01
3.0381749298e-05 1.3017803152e+04 1.5707963268e+00 3.9496873671e-01
3.0644263511e-05 1.3017436172e+04 1.5707963268e+00 3.9838098107e-01
3.0906793548e-05 1.3017065852e+04 1.5707963268e+00 4.0179341783e-01
3.1169339557e-05 1.3016692186e+04 1.5707963268e+00 4.0520604873e-01
3.1431901685e-05 1.3016315171e+04 1.5707963268e+00 4.0861887556e-01
3.1694480079e-05 1.3015934801e+04 1.5707963268e+00 4.1203190009e-01
3.1957074886e-05 1.3015551072e+04 1.5707963268e+00 4.1544512410e-01
3.2219686255e-05 1.3015163979e+04 1.5707963268e+00 4.1885854936e-01
3.2482314335e-05 1.3014773516e+04 1.5707963268e+00 4.2227217765e-01
3.2744959273e-05 1.3014379680e+04 1.5707963268e+00 4.2568601076e-01
3.3007621218e-05 1.3013982465e+04 1.5707963268e+00 4.2910005049e-01
3.3270300320e-05 1.3013581866e+04 1.5707963268e+00 4.3251429862e-01
3.3532996729e-05 1.3013177878e+04 1.5707963268e+00 4.3592875694e-01
3.3795710593e-05 1.3012770496e+04 1.5707963268e+00 4.3934342726e-01
3.4058442063e-05 1.3012359715e+04 1.5707963268e+00 4.4275831137e-01
3.4321191290e-05 1.3011945530e+04 1.5707963268e+00 4.4617341108e-01
3.4583958424e-05 1.3011527935e+04 1.5707963268e+00 4.4958872820e-01
3.4846743616e-05 1.3011106926e+04 1.5707963268e+00 4.5300426453e-01
3.5109547018e-05 1.3010682496e+04 1.5707963268e+00 4.5642002189e-01
3.5372368780e-05 1.3010254641e+04 1.5707963268e+00 4.5983600211e-01
3.5635209056e-05 1.3009823355e+04 1.5707963268e+00 4.6325220699e-01
3.5898067997e-05 1.3009388633e+04 1.5707963268e+00 4.6666863836e-01
3.6160945757e-05 1.3008950469e+04 1.5707963268e+00 4.7008529805e-01
3.6423842487e-05 1.3008508857e+04 1.5707963268e+00 4.7350218789e-01
3.6686758342e-05 1.3008063793e+04 1.5707963268e+00 4.7691930972e-01
3.6949693474e-05 1.3007615270e+04 1.5707963268e+00 4.8033666537e-01
3.7212648039e-05 1.3007163283e+04 1.5707963268e+00 4.8375425668e-01
3.7475622190e-05 1.3006707826e+04 1.5707963268e+00 4.8717208551e-01
3.7738616082e-05 1.3006248894e+04 1.5707963268e+00 4.9059015368e-01
3.8001629870e-05 1.3005786480e+04 1.5707963268e+00 4.9400846307e-01
3.8264663709e-05 1.3005320578e+04 1.5707963268e+00 4.9742701552e-01
3.8527717756e-05 1.3004851184e+04 1.5707963268e+00 5.0084581289e-01
3.8790792166e-05 1.3004378290e+04 1.5707963268e+00 5.0426485705e-01
3.9053887095e-05 1.3003901891e+04 1.5707963268e+00 5.0768414986e-01
3.9317002701e-05 1.3003421981e+04 1.5707963268e+00 5.1110369319e-01
3.9580139141e-05 1.3002938554e+04 1.5707963268e+00 5.1452348892e-01
3.9843296571e-05 1.3002451603e+04 1.5707963268e+00 5.1794353893e-01
4.0106475151e-05 1.3001961123e+04 1.5707963268e+00 5.2136384509e-01
4.0369675039e-05 1.3001467107e+04 1.5707963268e+00 5.2478440930e-01
4.0632896393e-05 1.3000969549e+04 1.5707963268e+00 5.2820523343e-01
4.0896139372e-05 1.3000468442e+04 1.5707963268e+00 5.3162631940e-01
4.1159404136e-05 1.2999963781e+04 1.5707963268e+00 5.3504766908e-01
4.1422690844e-05 1.2999455558e+04 1.5707963268e+00 5.3846928439e-01
4.1685999658e-05 1.2998943768e+04 1.5707963268e+00 5.4189116723e-01
4.1949330736e-05 1.2998428404e+04 1.5707963268e+00 5.4531331951e-01
4.2212684242e-05 1.2997909459e+04 1.5707963268e+00 5.4873574315e-01
4.2476060335e-05 1.2997386926e+04 1.5707963268e+00 5.5215844006e-01
4.2739459179e-05 1.2996860800e+04 1.5707963268e+00 5.5558141215e-01
4.3002880934e-05 1.2996331073e+04 1.5707963268e+00 5.5900466137e-01
4.3266325765e-05 1.2995797739e+04 1.5707963268e+00 5.6242818964e-01
4.3529793833e-05 1.2995260790e+04 1.5707963268e+00 5.6585199890e-01
4.3793285303e-05 1.2994720221e+04 1.5707963268e+00 5.6927609107e-01
4.4056800338e-05 1.2994176023e+04 1.5707963268e+00 5.7270046812e-01
4.4320339104e-05 1.2993628191e+04 1.5707963268e+00 5.7612513198e-01
4.4583901763e-05 1.2993076717e+04 1.5707963268e+00 5.7955008460e-01
4.4847488483e-05 1.2992521594e+04 1.5707963268e+00 5.8297532795e-01
4.5111099428e-05 1.2991962815e+04 1.5707963268e+00 5.8640086398e-01
4.5374734765e-05 1.2991400372e+04 1.5707963268e+00 5.8982669467e-01
4.5638394660e-05 1.2990834260e+04 1.5707963268e+00 5.9325282197e-01
4.5902079280e-05 1.2990264470e+04 1.5707963268e+00 5.9667924786e-01
4.6165788792e-05 1.2989690995e+04 1.5707963268e+00 6.0010597433e-01
4.6429523366e-05 1.2989113828e+04 1.5707963268e+00 6.0353300335e-01
4.6693283168e-05 1.2988532961e+04 1.5707963268e+00 6.0696033692e-01
4.6957068368e-05 1.2987948387e+04 1.5707963268e+00 6.1038797702e-01
4.7220879135e-05 1.2987360099e+04 1.5707963268e+00 6.1381592566e-01
4.7484715639e-05 1.2986768089e+04 1.5707963268e+00 6.1724418484e-01
4.7748578050e-05 1.2986172350e+04 1.5707963268e+00 6.2067275656e-01
4.8012466539e-05 1.2985572873e+04 1.5707963268e+00 6.2410164283e-01
4.8276381276e-05 1.2984969651e+04 1.5707963268e+00 6.2753084568e-01
4.8540322434e-05 1.2984362676e+04 1.5707963268e+00 6.3096036713e-01
4.8804290185e-05 1.2983751941e+04 1.5707963268e+00 6.3439020920e-01
4.9068284702e-05 1.2983137438e+04 1.5707963268e+00 6.3782037392e-01
4.9332306157e-05 1.2982519158e+04 1.5707963268e+00 6.4125086333e-01
4.9596354724e-05 1.2981897095e+04 1.5707963268e+00 6.4468167947e-01
4.9860430578e-05 1.2981271239e+04 1.5707963268e+00 6.4811282439e-01
5.0124533892e-05 1.2980641583e+04 1.5707963268e+00 6.5154430015e-01
5.0388664843e-05 1.2980008119e+04 1.5707963268e+00 6.5497610878e-01
5.0652823605e-05 1.2979370838e+04 1.5707963268e+00 6.5840825237e-01
5.0917010356e-05 1.2978729733e+04 1.5707963268e+00 6.6184073298e-01
5.1181225271e-05 1.2978084795e+04 1.5707963268e+00 6.6527355267e-01
5.1445468528e-05 1.2977436015e+04 1.5707963268e+00 6.6870671353e-01
5.1709740305e-05 1.2976783386e+04 1.5707963268e+00 6.7214021764e-01
5.1974040779e-05 1.2976126899e+04 1.5707963268e+00 6.7557406709e-01
5.2238370131e-05 1.2975466546e+04 1.5707963268e+00 6.7900826397e-01
5.2502728539e-05 1.2974802317e+04 1.5707963268e+00 6.8244281039e-01
5.2767116182e-05 1.2974134205e+04 1.5707963268e+00 6.8587770844e-01
5.3031533242e-05 1.2973462201e+04 1.5707963268e+00 6.8931296023e-01
5.3295979900e-05 1.2972786296e+04 1.5707963268e+00 6.9274856789e-01
5.3560456337e-05 1.2972106482e+04 1.5707963268e+00 6.9618453353e-01
5.3824962735e-05 1.2971422748e+04 1.5707963268e+00 6.9962085929e-01
5.4089499277e-05 1.2970735088e+04 1.5707963268e+00 7.0305754728e-01
5.4354066146e-05 1.2970043492e+04 1.5707963268e+00 7.0649459966e-01
5.4618663525e-05 1.2969347950e+04 1.5707963268e+00 7.0993201856e-01
5.4883291601e-05 1.2968648454e+04 1.5707963268e+00 7.1336980614e-01
5.5147950556e-05 1.2967944996e+04 1.5707963268e+00 7.1680796455e-01
5.5412640577e-05 1.2967237564e+04 1.5707963268e+00 7.2024649595e-01
5.5677361851e-05 1.2966526152e+04 1.5707963268e+00 7.2368540252e-01
5.5942114563e-05 1.2965810748e+04 1.5707963268e+00 7.2712468641e-01
5.6206898901e-05 1.2965091345e+04 1.5707963268e+00 7.3056434982e-01
5.6471715053e-05 1.2964367932e+04 1.5707963268e+00 7.3400439492e-01
5.6736563208e-05 1.2963640501e+04 1.5707963268e+00 7.3744482391e-01
5.7001443554e-05 1.2962909041e+04 1.5707963268e+00 7.4088563899e-01
5.7266356283e-05 1.2962173544e+04 1.5707963268e+00 7.4432684236e-01
5.7531301582e-05 1.2961433999e+04 1.5707963268e+00 7.4776843622e-01
5.7796279645e-05 1.2960690397e+04 1.5707963268e+00 7.5121042280e-01
5.8061290663e-05 1.2959942729e+04 1.5707963268e+00 7.5465280431e-01
5.8326334827e-05 1.2959190984e+04 1.5707963268e+00 7.5809558299e-01
5.8591412331e-05 1.2958435154e+04 1.5707963268e+00 7.6153876106e-01
5.8856523368e-05 1.2957675227e+04 1.5707963268e+00 7.6498234078e-01
5.9121668132e-05 1.2956911194e+04 1.5707963268e+00 7.6842632438e-01
5.9386846819e-05 1.2956143045e+04 1.5707963268e+00 7.7187071412e-01
5.9652059624e-05 1.2955370771e+04 1.5707963268e+00 7.7531551226e-01
5.9917306742e-05 1.2954594360e+04 1.5707963268e+00 7.7876072107e-01
6.0182588372e-05 1.2953813804e+04 1.5707963268e+00 7.8220634282e-01
6.0447904709e-05 1.2953029090e+04 1.5707963268e+00 7.8565237979e-01
6.0713255953e-05 1.2952240211e+04 1.5707963268e+00 7.8909883427e-01
6.0978642302e-05 1.2951447154e+04 1.5707963268e+00 7.9254570854e-01
6.1244063956e-05 1.2950649910e+04 1.5707963268e+00 7.9599300492e-01
6.1509521115e-05 1.2949848468e+04 1.5707963268e+00 7.9944072570e-01
6.1775013979e-05 1.2949042817e+04 1.5707963268e+00 8.0288887320e-01
6.2040542751e-05 1.2948232948e+04 1.5707963268e+00 8.0633744974e-01
6.2306107633e-05 1.2947418849e+04 1.5707963268e+00 8.0978645765e-01
6.2571708827e-05 1.2946600510e+04 1.5707963268e+00 8.1323589926e-01
6.2837346538e-05 1.2945777920e+04 1.5707963268e+00 8.1668577691e-01
6.3103020970e-05 1.2944951069e+04 1.5707963268e+00 8.2013609295e-01
6.3368732327e-05 1.2944119944e+04 1.5707963268e+00 8.2358684974e-01
6.3634480817e-05 1.2943284536e+04 1.5707963268e+00 8.2703804963e-01
6.3900266645e-05 1.2942444834e+04 1.5707963268e+00 8.3048969501e-01
6.4166090019e-05 1.2941600826e+04 1.5707963268e+00 8.3394178824e-01
6.4431951146e-05 1.2940752501e+04 1.5707963268e+00 8.3739433171e-01
6.4697850237e-05 1.2939899848e+04 1.5707963268e+00 8.4084732780e-01
6.4963787499e-05 1.2939042856e+04 1.5707963268e+00 8.4430077893e-01
6.5229763145e-05 1.2938181513e+04 1.5707963268e+00 8.4775468749e-01
6.5495777384e-05 1.2937315809e+04 1.5707963268e+00 8.5120905590e-01
6.5761830428e-05 1.2936445731e+04 1.5707963268e+00 8.5466388658e-01
6.6027922491e-05 1.2935571268e+04 1.5707963268e+00 8.5811918196e-01
6.6294053786e-05 1.2934692409e+04 1.5707963268e+00 8.6157494447e-01
6.6560224526e-05 1.2933809142e+04 1.5707963268e+00 8.6503117656e-01
6.6826434927e-05 1.2932921456e+04 1.5707963268e+00 8.6848788068e-01
6.7092685205e-05 1.2932029338e+04 1.5707963268e+00 8.7194505928e-01
6.7358975576e-05 1.2931132776e+04 1.5707963268e+00 8.7540271484e-01
6.7625306258e-05 1.2930231759e+04 1.5707963268e+00 8.7886084983e-01
6.7891677468e-05 1.2929326276e+04 1.5707963268e+00 8.8231946674e-01
6.8158089427e-05 1.2928416313e+04 1.5707963268e+00 8.8577856804e-01
6.8424542352e-05 1.2927501859e+04 1.5707963268e+00 8.8923815625e-01
6.8691036467e-05 1.2926582901e+04 1.5707963268e+00 8.9269823387e-01
6.8957571991e-05 1.2925659428e+04 1.5707963268e+00 8.9615880341e-01
6.9224149147e-05 1.2924731427e+04 1.5707963268e+00 8.9961986739e-01
6.9490768158e-05 1.2923798886e+04 1.5707963268e+00 9.0308142835e-01
6.9757429249e-05 1.2922861792e+04 1.5707963268e+00 9.0654348882e-01
7.0024132644e-05 1.2921920132e+04 1.5707963268e+00 9.1000605136e-01
7.0290878569e-05 1.2920973896e+04 1.5707963268e+00 9.1346911851e-01
7.0557667250e-05 1.2920023068e+04 1.5707963268e+00 9.1693269285e-01
7.0824498916e-05 1.2919067638e+04 1.5707963268e+00 9.2039677694e-01
7.1091373794e-05 1.2918107592e+04 1.5707963268e+00 9.2386137337e-01
7.1358292113e-05 1.2917142917e+04 1.5707963268e+00 9.2732648472e-01
7.1625254105e-05 1.2916173601e+04 1.5707963268e+00 9.3079211359e-01
7.1892259999e-05 1.2915199631e+04 1.5707963268e+00 9.3425826259e-01
7.2159310029e-05 1.2914220992e+04 1.5707963268e+00 9.3772493434e-01
7.2426404426e-05 1.2913237674e+04 1.5707963268e+00 9.4119213145e-01
7.2693543424e-05 1.2912249661e+04 1.5707963268e+00 9.4465985657e-01
7.2960727259e-05 1.2911256941e+04 1.5707963268e+00 9.4812811233e-01
7.3227956166e-05 1.2910259501e+04 1.5707963268e+00 9.5159690138e-01
7.3495230380e-05 1.2909257327e+04 1.5707963268e+00 9.5506622638e-01
7.3762550141e-05 1.2908250406e+04 1.5707963268e+00 9.5853609000e-01
7.4029915686e-05 1.2907238724e+04 1.5707963268e+00 9.6200649493e-01
7.4297327255e-05 1.2906222267e+04 1.5707963268e+00 9.6547744383e-01
7.4564785088e-05 1.2905201023e+04 1.5707963268e+00 9.6894893942e-01
7.4832289427e-05 1.2904174976e+04 1.5707963268e+00 9.7242098439e-01
7.5099840513e-05 1.2903144114e+04 1.5707963268e+00 9.7589358147e-01
7.5367438590e-05 1.2902108423e+04 1.5707963268e+00 9.7936673336e-01
7.5635083903e-05 1.2901067888e+04 1.5707963268e+00 9.8284044281e-01
7.5902776696e-05 1.2900022495e+04 1.5707963268e+00 9.8631471256e-01
7.6170517217e-05 1.2898972231e+04 1.5707963268e+00 9.8978954537e-01
7.6438305711e-05 1.2897917080e+04 1.5707963268e+00 9.9326494398e-01
7.6706142428e-05 1.2896857030e+04 1.5707963268e+00 9.9674091118e-01
7.6974027617e-05 1.2895792065e+04 1.5707963268e+00 1.0002174497e+00
7.7241961529e-05 1.2894722171e+04 1.5707963268e+00 1.0036945624e+00
7.7509944413e-05 1.2893647333e+04 1.5707963268e+00 1.0071722521e+00
7.7777976524e-05 1.2892567538e+04 1.5707963268e+00 1.0106505216e+00
7.8046058115e-05 1.2891482769e+04 1.5707963268e+00 1.0141293736e+00
7.8314189439e-05 1.2890393014e+04 1.5707963268e+00 1.0176088110e+00
7.8582370754e-05 1.2889298256e+04 1.5707963268e+00 1.0210888367e+00
7.8850602314e-05 1.2888198481e+04 1.5707963268e+00 1.0245694535e+00
7.9118884379e-05 1.2887093674e+04 1.5707963268e+00 1.0280506642e+00
7.9387217207e-05 1.2885983820e+04 1.5707963268e+00 1.0315324718e+00
7.9655601058e-05 1.2884868903e+04 1.5707963268e+00 1.0350148791e+00
7.9924036193e-05 1.2883748909e+04 1.5707963268e+00 1.0384978890e+00
8.0192522874e-05 1.2882623823e+04 1.5707963268e+00 1.0419815045e+00
8.0461061365e-05 1.2881493628e+04 1.5707963268e+00 1.0454657283e+00
8.0729651929e-05 1.2880358310e+04 1.5707963268e+00 1.0489505635e+00
8.0998294833e-05 1.2879217853e+04 1.5707963268e+00 1.0524360130e+00
8.1266990343e-05 1.2878072241e+04 1.5707963268e+00 1.0559220796e+00
8.1535738727e-05 1.2876921459e+04 1.5707963268e+00 1.0594087665e+00
8.1804540254e-05 1.2875765490e+04 1.5707963268e+00 1.0628960765e+00
8.2073395194e-05 1.2874604320e+04 1.5707963268e+00 1.0663840126e+00
8.2342303819e-05 1.2873437932e+04 1.5707963268e+00 1.0698725778e+00
8.2611266401e-05 1.2872266310e+04 1.5707963268e+00 1.0733617751e+00
8.2880283213e-05 1.2871089439e+04 1.5707963268e+00 1.0768516076e+00
8.3149354530e-05 1.2869907301e+04 1.5707963268e+00 1.0803420781e+00
8.3418480630e-05 1.2868719880e+04 1.5707963268e+00 1.0838331898e+00
8.3687661788e-05 1.2867527161e+04 1.5707963268e+00 1.0873249458e+00
8.3956898284e-05 1.2866329127e+04 1.5707963268e+00 1.0908173489e+00
8.4226190397e-05 1.2865125761e+04 1.5707963268e+00 1.0943104024e+00
8.4495538408e-05 1.2863917047e+04 1.5707963268e+00 1.0978041093e+00
8.4764942600e-05 1.2862702968e+04 1.5707963268e+00 1.1012984727e+00
8.5034403256e-05 1.2861483507e+04 1.5707963268e+00 1.1047934957e+00
8.5303920661e-05 1.2860258647e+04 1.5707963268e+00 1.1082891813e+00
8.5573495100e-05 1.2859028372e+04 1.5707963268e+00 1.1117855328e+00
8.5843126862e-05 1.2857792665e+04 1.5707963268e+00 1.1152825533e+00
8.6112816235e-05 1.2856551507e+04 1.5707963268e+00 1.1187802458e+00
8.6382563509e-05 1.2855304883e+04 1.5707963268e+00 1.1222786136e+00
8.6652368974e-05 1.2854052775e+04 1.5707963268e+00 1.1257776599e+00
8.6922232925e-05 1.2852795165e+04 1.5707963268e+00 1.1292773877e+00
8.7192155653e-05 1.2851532036e+04 1.5707963268e+00 1.1327778004e+00
8.7462137456e-05 1.2850263370e+04 1.5707963268e+00 1.1362789011e+00
8.7732178629e-05 1.2848989151e+04 1.5707963268e+00 1.1397806930e+00
8.8002279470e-05 1.2847709359e+04 1.5707963268e+00 1.1432831794e+00
8.8272440279e-05 1.2846423977e+04 1.5707963268e+00 1.1467863635e+00
8.8542661356e-05 1.2845132988e+04 1.5707963268e+00 1.1502902485e+00
8.8812943003e-05 1.2843836372e+04 1.5707963268e+00 1.1537948378e+00
8.9083285524e-05 1.2842534113e+04 1.5707963268e+00 1.1573001347e+00
8.9353689224e-05 1.2841226192e+04 1.5707963268e+00 1.1608061423e+00
8.9624154408e-05 1.2839912590e+04 1.5707963268e+00 1.1643128641e+00
8.9894681386e-05 1.2838593290e+04 1.5707963268e+00 1.1678203033e+00
9.0165270465e-05 1.2837268272e+04 1.5707963268e+00 1.1713284633e+00
9.0435921956e-05 1.2835937518e+04 1.5707963268e+00 1.1748373474e+00
9.0706636172e-05 1.2834601010e+04 1.5707963268e+00 1.1783469590e+00
9.0977413426e-05 1.2833258728e+04 1.5707963268e+00 1.1818573015e+00
9.1248254033e-05 1.2831910655e+04 1.5707963268e+00 1.1853683782e+00
9.1519158309e-05 1.2830556770e+04 1.5707963268e+00 1.1888801926e+00
9.1790126573e-05 1.2829197055e+04 1.5707963268e+00 1.1923927480e+00
9.2061159143e-05 1.2827831490e+04 1.5707963268e+00 1.1959060479e+00
9.2332256342e-05 1.2826460057e+04 1.5707963268e+00 1.1994200957e+00
9.2603418490e-05 1.2825082736e+04 1.5707963268e+00 1.2029348949e+00
9.2874645914e-05 1.2823699507e+04 1.5707963268e+00 1.2064504489e+00
9.3145938937e-05 1.2822310352e+04 1.5707963268e+00 1.2099667613e+00
9.3417297888e-05 1.2820915250e+04 1.5707963268e+00 1.2134838355e+00
9.3688723095e-05 1.2819514181e+04 1.5707963268e+00 1.2170016750e+00
9.3960214888e-05 1.2818107126e+04 1.5707963268e+00 1.2205202834e+00
9.4231773599e-05 1.2816694065e+04 1.5707963268e+00 1.2240396642e+00
9.4503399563e-05 1.2815274978e+04 1.5707963268e+00 1.2275598210e+00
9.4775093113e-05 1.2813849844e+04 1.5707963268e+00 1.2310807572e+00
9.5046854588e-05 1.2812418643e+04 1.5707963268e+00 1.2346024766e+00
9.5318684325e-05 1.2810981356e+04 1.5707963268e+00 1.2381249826e+00
9.5590582664e-05 1.2809537960e+04 1.5707963268e+00 1.2416482790e+00
9.5862549947e-05 1.2808088437e+04 1.5707963268e+00 1.2451723692e+00
9.6134586518e-05 1.2806632765e+04 1.5707963268e+00 1.2486972571e+00
9.6406692722e-05 1.2805170923e+04 1.5707963268e+00 1.2522229462e+00
9.6678868905e-05 1.2803702891e+04 1.5707963268e+00 1.2557494401e+00
9.6951115417e-05 1.2802228648e+04 1.5707963268e+00 1.2592767427e+00
9.7223432607e-05 1.2800748171e+04 1.5707963268e+00 1.2628048575e+00
9.7495820828e-05 1.2799261441e+04 1.5707963268e+00 1.2663337883e+00
9.7768280433e-05 1.2797768436e+04 1.5707963268e+00 1.2698635389e+00
9.8040811777e-05 1.2796269135e+04 1.5707963268e+00 1.2733941129e+00
9.8313415219e-05 1.2794763515e+04 1.5707963268e+00 1.2769255142e+00
9.8586091117e-05 1.2793251555e+04 1.5707963268e+00 1.2804577465e+00
9.8858839832e-05 1.2791733234e+04 1.5707963268e+00 1.2839908136e+00
9.9131661727e-05 1.2790208530e+04 1.5707963268e+00 1.2875247193e+00
9.9404557167e-05 1.2788677420e+04 1.5707963268e+00 1.2910594674e+00
9.9677526517e-05 1.2787139883e+04 1.5707963268e+00 1.2945950619e+00
9.9950570147e-05 1.2785595896e+04 1.5707963268e+00 1.2981315065e+00
1.0022368843e-04 1.2784045437e+04 1.5707963268e+00 1.3016688051e+00
1.0049688173e-04 1.2782488483e+04 1.5707963268e+00 1.3052069616e+00
1.0077015042e-04 1.2780925013e+04 1.5707963268e+00 1.3087459799e+00
1.0104349489e-04 1.2779355003e+04 1.5707963268e+00 1.3122858640e+00
1.0131691550e-04 1.2777778430e+04 1.5707963268e+00 1.3158266177e+00
1.0159041265e-04 1.2776195272e+04 1.5707963268e+00 1.3193682451e+00
1.0186398670e-04 1.2774605506e+04 1.5707963268e+00 1.3229107501e+00
1.0213763805e-04 1.2773009108e+04 1.5707963268e+00 1.3264541367e+00
1.0241136708e-04 1.2771406056e+04 1.5707963268e+00 1.3299984089e+00
1.0268517417e-04 1.2769796325e+04 1.5707963268e+00 1.3335435707e+00
1.0295905973e-04 1.2768179893e+04 1.5707963268e+00 1.3370896263e+00
1.0323302413e-04 1.2766556736e+04 1.5707963268e+00 1.3406365795e+00
1.0350706777e-04 1.2764926829e+04 1.5707963268e+00 1.3441844346e+00
1.0378119105e-04 1.2763290150e+04 1.5707963268e+00 1.3477331956e+00
1.0405539436e-04 1.2761646674e+04 1.5707963268e+00 1.3512828666e+00
1.0432967812e-04 1.2759996377e+04 1.5707963268e+00 1.3548334517e+00
1.0460404271e-04 1.2758339235e+04 1.5707963268e+00 1.3583849552e+00
1.0487848854e-04 1.2756675223e+04 1.5707963268e+00 1.3619373811e+00
1.0515301602e-04 1.2755004318e+04 1.5707963268e+00 1.3654907337e+00
1.0542762555e-04 1.2753326494e+04 1.5707963268e+00 1.3690450171e+00
1.0570231756e-04 1.2751641727e+04 1.5707963268e+00 1.3726002356e+00
1.0597709244e-04 1.2749949991e+04 1.5707963268e+00 1.3761563934e+00
1.0625195062e-04 1.2748251263e+04 1.5707963268e+00 1.3797134948e+00
1.0652689251e-04 1.2746545516e+04 1.5707963268e+00 1.3832715441e+00
1.0680191854e-04 1.2744832726e+04 1.5707963268e+00 1.3868305455e+00
1.0707702912e-04 1.2743112867e+04 1.5707963268e+00 1.3903905034e+00
1.0735222467e-04 1.2741385914e+04 1.5707963268e+00 1.3939514220e+00
1.0762750563e-04 1.2739651841e+04 1.5707963268e+00 1.3975133059e+00
1.0790287242e-04 1.2737910622e+04 1.5707963268e+00 1.4010761592e+00
1.0817832548e-04 1.2736162232e+04 1.5707963268e+00 1.4046399865e+00
1.0845386523e-04 1.2734406644e+04 1.5707963268e+00 1.4082047921e+00
1.0872949212e-04 1.2732643832e+04 1.5707963268e+00 1.4117705805e+00
1.0900520658e-04 1.2730873770e+04 1.5707963268e+00 1.4153373561e+00
1.0928100904e-04 1.2729096432e+04 1.5707963268e+00 1.4189051234e+00
1.0955689996e-04 1.2727311791e+04 1.5707963268e+00 1.4224738869e+00
1.0983287978e-04 1.2725519819e+04 1.5707963268e+00 1.4260436510e+00
1.1010894895e-04 1.2723720492e+04 1.5707963268e+00 1.4296144204e+00
1.1038510791e-04 1.2721913780e+04 1.5707963268e+00 1.4331861996e+00
1.1066135713e-04 1.2720099658e+04 1.5707963268e+00 1.4367589931e+00
1.1093769705e-04 1.2718278098e+04 1.5707963268e+00 1.4403328056e+00
1.1121412813e-04 1.2716449073e+04 1.5707963268e+00 1.4439076416e+00
1.1149065083e-04 1.2714612554e+04 1.5707963268e+00 1.4474835058e+00
1.1176726562e-04 1.2712768515e+04 1.5707963268e+00 1.4510604029e+00
1.1204397296e-04 1.2710916928e+04 1.5707963268e+00 1.4546383376e+00
1.1232077332e-04 1.2709057764e+04 1.5707963268e+00 1.4582173144e+00
1.1259766717e-04 1.2707190996e+04 1.5707963268e+00 1.4617973382e+00
1.1287465499e-04 1.2705316595e+04 1.5707963268e+00 1.4653784138e+00
1.1315173724e-04 1.2703434532e+04 1.5707963268e+00 1.4689605458e+00
1.1342891441e-04 1.2701544780e+04 1.5707963268e+00 1.4725437390e+00
1.1370618698e-04 1.2699647310e+04 1.5707963268e+00 1.4761279983e+00
1.1398355543e-04 1.2697742092e+04 1.5707963268e+00 1.4797133285e+00
1.1426102026e-04 1.2695829097e+04 1.5707963268e+00 1.4832997345e+00
1.1453858194e-04 1.2693908297e+04 1.5707963268e+00 1.4868872211e+00
1.1481624098e-04 1.2691979663e+04 1.5707963268e+00 1.4904757932e+00
1.1509399786e-04 1.2690043164e+04 1.5707963268e+00 1.4940654558e+00
1.1537185309e-04 1.2688098771e+04 1.5707963268e+00 1.4976562138e+00
1.1564980717e-04 1.2686146454e+04 1.5707963268e+00 1.5012480721e+00
1.1592786059e-04 1.2684186184e+04 1.5707963268e+00 1.5048410358e+00
1.1620601388e-04 1.2682217930e+04 1.5707963268e+00 1.5084351099e+00
1.1648426753e-04 1.2680241662e+04 1.5707963268e+00 1.5120302993e+00
1.1676262207e-04 1.2678257350e+04 1.5707963268e+00 1.5156266093e+00
1.1704107799e-04 1.2676264963e+04 1.5707963268e+00 1.5192240448e+00
1.1731963584e-04 1.2674264470e+04 1.5707963268e+00 1.5228226110e+00
1.1759829612e-04 1.2672255841e+04 1.5707963268e+00 1.5264223130e+00
1.1787705936e-04 1.2670239044e+04 1.5707963268e+00 1.5300231560e+00
1.1815592609e-04 1.2668214049e+04 1.5707963268e+00 1.5336251451e+00
1.1843489684e-04 1.2666180823e+04 1.5707963268e+00 1.5372282856e+00
1.1871397214e-04 1.2664139335e+04 1.5707963268e+00 1.5408325826e+00
1.1899315254e-04 1.2662089555e+04 1.5707963268e+00 1.5444380416e+00
1.1927243857e-04 1.2660031449e+04 1.5707963268e+00 1.5480446676e+00
1.1955183077e-04 1.2657964985e+04 1.5707963268e+00 1.5516524662e+00
1.1983132969e-04 1.2655890132e+04 1.5707963268e+00 1.5552614425e+00
1.2011093589e-04 1.2653806858e+04 1.5707963268e+00 1.5588716019e+00
1.2039064992e-04 1.2651715128e+04 1.5707963268e+00 1.5624829499e+00
1.2067047232e-04 1.2649614912e+04 1.5707963268e+00 1.5660954918e+00
1.2095040368e-04 1.2647506176e+04 1.5707963268e+00 1.5697092331e+00
1.2123044453e-04 1.2645388886e+04 1.5707963268e+00 1.5733241792e+00
1.2151059546e-04 1.2643263010e+04 1.5707963268e+00 1.5769403357e+00
1.2179085704e-04 1.2641128515e+04 1.5707963268e+00 1.5805577081e+00
1.2207122983e-04 1.2638985366e+04 1.5707963268e+00 1.5841763018e+00
1.2235171442e-04 1.2636833529e+04 1.5707963268e+00 1.5877961225e+00
1.2263231138e-04 1.2634672972e+04 1.5707963268e+00 1.5914171758e+00
1.2291302131e-04 1.2632503659e+04 1.5707963268e+00 1.5950394674e+00
1.2319384478e-04 1.2630325557e+04 1.5707963268e+00 1.5986630027e+00
1.2347478239e-04 1.2628138631e+04 1.5707963268e+00 1.6022877876e+00
1.2375583474e-04 1.2625942846e+04 1.5707963268e+00 1.6059138278e+00
1.2403700242e-04 1.2623738167e+04 1.5707963268e+00 1.6095411289e+00
1.2431828604e-04 1.2621524560e+04 1.5707963268e+00 1.6131696969e+00
1.2459968620e-04 1.2619301988e+04 1.5707963268e+00 1.6167995373e+00
1.2488120351e-04 1.2617070418e+04 1.5707963268e+00 1.6204306562e+00
1.2516283859e-04 1.2614829812e+04 1.5707963268e+00 1.6240630593e+00
1.2544459206e-04 1.2612580135e+04 1.5707963268e+00 1.6276967525e+00
1.2572646452e-04 1.2610321352e+04 1.5707963268e+00 1.6313317418e+00
1.2600845662e-04 1.2608053425e+04 1.5707963268e+00 1.6349680330e+00
1.2629056898e-04 1.2605776319e+04 1.5707963268e+00 1.6386056322e+00
1.2657280224e-04 1.2603489997e+04 1.5707963268e+00 1.6422445454e+00
1.2685515702e-04 1.2601194422e+04 1.5707963268e+00 1.6458847785e+00
1.2713763398e-04 1.2598889557e+04 1.5707963268e+00 1.6495263377e+00
1.2742023376e-04 1.2596575366e+04 1.5707963268e+00 1.6531692290e+00
1.2770295700e-04 1.2594251809e+04 1.5707963268e+00 1.6568134586e+00
1.2798580436e-04 1.2591918851e+04 1.5707963268e+00 1.6604590326e+00
1.2826877650e-04 1.2589576453e+04 1.5707963268e+00 1.6641059572e+00
1.2855187408e-04 1.2587224577e+04 1.5707963268e+00 1.6677542387e+00
1.2883509777e-04 1.2584863185e+04 1.5707963268e+00 1.6714038832e+00
1.2911844823e-04 1.2582492239e+04 1.5707963268e+00 1.6750548972e+00
1.2940192615e-04 1.2580111700e+04 1.5707963268e+00 1.6787072867e+00
1.2968553219e-04 1.2577721528e+04 1.5707963268e+00 1.6823610583e+00
1.2996926705e-04 1.2575321686e+04 1.5707963268e+00 1.6860162183e+00
1.3025313142e-04 1.2572912133e+04 1.5707963268e+00 1.6896727732e+00
1.3053712598e-04 1.2570492831e+04 1.5707963268e+00 1.6933307293e+00
1.3082125143e-04 1.2568063740e+04 1.5707963268e+00 1.6969900931e+00
1.3110550847e-04 1.2565624819e+04 1.5707963268e+00 1.7006508712e+00
1.3138989781e-04 1.2563176028e+04 1.5707963268e+00 1.7043130701e+00
1.3167442016e-04 1.2560717328e+04 1.5707963268e+00 1.7079766963e+00
1.3195907624e-04 1.2558248677e+04 1.5707963268e+00 1.7116417566e+00
1.3224386677e-04 1.2555770036e+04 1.5707963268e+00 1.7153082575e+00
1.3252879246e-04 1.2553281362e+04 1.5707963268e+00 1.7189762057e+00
1.3281385405e-04 1.2550782615e+04 1.5707963268e+00 1.7226456080e+00
1.3309905228e-04 1.2548273752e+04 1.5707963268e+00 1.7263164710e+00
1.3338438788e-04 1.2545754734e+04 1.5707963268e+00 1.7299888017e+00
1.3366986160e-04 1.2543225516e+04 1.5707963268e+00 1.7336626068e+00
1.3395547419e-04 1.2540686058e+04 1.5707963268e+00 1.7373378931e+00
1.3424122640e-04 1.2538136317e+04 1.5707963268e+00 1.7410146676e+00
1.3452711899e-04 1.2535576250e+04 1.5707963268e+00 1.7446929372e+00
1.3481315272e-04 1.2533005815e+04 1.5707963268e+00 1.7483727089e+00
1.3509932837e-04 1.2530424967e+04 1.5707963268e+00 1.7520539897e+00
1.3538564671e-04 1.2527833665e+04 1.5707963268e+00 1.7557367866e+00
1.3567210852e-04 1.2525231864e+04 1.5707963268e+00 1.7594211067e+00
1.3595871459e-04 1.2522619521e+04 1.5707963268e+00 1.7631069572e+00
1.3624546570e-04 1.2519996591e+04 1.5707963268e+00 1.7667943451e+00
1.3653236266e-04 1.2517363030e+04 1.5707963268e+00 1.7704832778e+00
1.3681940625e-04 1.2514718794e+04 1.5707963268e+00 1.7741737623e+00
1.3710659730e-04 1.2512063837e+04 1.5707963268e+00 1.7778658061e+00
1.3739393661e-04 1.2509398115e+04 1.5707963268e+00 1.7815594163e+00
1.3768142501e-04 1.2506721582e+04 1.5707963268e+00 1.7852546004e+00
1.3796906331e-04 1.2504034193e+04 1.5707963268e+00 1.7889513658e+00
1.3825685234e-04 1.2501335902e+04 1.5707963268e+00 1.7926497199e+00
1.3854479295e-04 1.2498626663e+04 1.5707963268e+00 1.7963496701e+00
1.3883288596e-04 1.2495906429e+04 1.5707963268e+00 1.8000512240e+00
1.3912113224e-04 1.2493175154e+04 1.5707963268e+00 1.8037543891e+00
1.3940953262e-04 1.2490432790e+04 1.5707963268e+00 1.8074591731e+00
1.3969808798e-04 1.2487679292e+04 1.5707963268e+00 1.8111655835e+00
1.3998679918e-04 1.2484914611e+04 1.5707963268e+00 1.8148736281e+00
1.4027566708e-04 1.2482138699e+04 1.5707963268e+00 1.8185833145e+00
1.4056469256e-04 1.2479351509e+04 1.5707963268e+00 1.8222946506e+00
1.4085387651e-04 1.2476552992e+04 1.5707963268e+00 1.8260076441e+00
1.4114321982e-04 1.2473743101e+04 1.5707963268e+00 1.8297223029e+00
1.4143272338e-04 1.2470921785e+04 1.5707963268e+00 1.8334386349e+00
1.4172238810e-04 1.2468088997e+04 1.5707963268e+00 1.8371566480e+00
1.4201221488e-04 1.2465244686e+04 1.5707963268e+00 1.8408763503e+00
1.4230220464e-04 1.2462388804e+04 1.5707963268e+00 1.8445977496e+00
1.4259235831e-04 1.2459521299e+04 1.5707963268e+00 1.8483208542e+00
1.4288267680e-04 1.2456642122e+04 1.5707963268e+00 1.8520456720e+00
1.4317316107e-04 1.2453751223e+04 1.5707963268e+00 1.8557722114e+00
1.4346381203e-04 1.2450848551e+04 1.5707963268e+00 1.8595004804e+00
1.4375463066e-04 1.2447934054e+04 1.5707963268e+00 1.8632304874e+00
1.4404561790e-04 1.2445007681e+04 1.5707963268e+00 1.8669622406e+00
1.4433677472e-04 1.2442069381e+04 1.5707963268e+00 1.8706957484e+00
1.4462810208e-04 1.2439119102e+04 1.5707963268e+00 1.8744310192e+00
1.4491960096e-04 1.2436156790e+04 1.5707963268e+00 1.8781680614e+00
1.4521127236e-04 1.2433182395e+04 1.5707963268e+00 1.8819068836e+00
1.4550311725e-04 1.2430195862e+04 1.5707963268e+00 1.8856474941e+00
1.4579513664e-04 1.2427197139e+04 1.5707963268e+00 1.8893899018e+00
1.4608733153e-04 1.2424186172e+04 1.5707963268e+00 1.8931341150e+00
1.4637970294e-04 1.2421162907e+04 1.5707963268e+00 1.8968801427e+00
1.4667225189e-04 1.2418127291e+04 1.5707963268e+00 1.9006279935e+00
1.4696497940e-04 1.2415079268e+04 1.5707963268e+00 1.9043776761e+00
1.4725788653e-04 1.2412018784e+04 1.5707963268e+00 1.9081291994e+00
1.4755097429e-04 1.2408945784e+04 1.5707963268e+00 1.9118825724e+00
1.4784424377e-04 1.2405860213e+04 1.5707963268e+00 1.9156378039e+00
1.4813769600e-04 1.2402762014e+04 1.5707963268e+00 1.9193949029e+00
1.4843133206e-04 1.2399651131e+04 1.5707963268e+00 1.9231538785e+00
1.4872515303e-04 1.2396527509e+04 1.5707963268e+00 1.9269147397e+00
1.4901915998e-04 1.2393391091e+04 1.5707963268e+00 1.9306774958e+00
1.4931335402e-04 1.2390241818e+04 1.5707963268e+00 1.9344421558e+00
1.4960773625e-04 1.2387079635e+04 1.5707963268e+00 1.9382087292e+00
1.4990230777e-04 1.2383904483e+04 1.5707963268e+00 1.9419772251e+00
1.5019706970e-04 1.2380716304e+04 1.5707963268e+00 1.9457476530e+00
1.5049202317e-04 1.2377515040e+04 1.5707963268e+00 1.9495200222e+00
1.5078716931e-04 1.2374300631e+04 1.5707963268e+00 1.9532943423e+00
1.5108250927e-04 1.2371073020e+04 1.5707963268e+00 1.9570706227e+00
1.5137804420e-04 1.2367832145e+04 1.5707963268e+00 1.9608488730e+00
1.5167377527e-04 1.2364577948e+04 1.5707963268e+00 1.9646291030e+00
1.5196970364e-04 1.2361310367e+04 1.5707963268e+00 1.9684113222e+00
1.5226583050e-04 1.2358029344e+04 1.5707963268e+00 1.9721955405e+00
1.5256215704e-04 1.2354734816e+04 1.5707963268e+00 1.9759817677e+00
1.5285868444e-04 1.2351426722e+04 1.5707963268e+00 1.9797700136e+00
1.5315541393e-04 1.2348105000e+04 1.5707963268e+00 1.9835602882e+00
1.5345234672e-04 1.2344769589e+04 1.5707963268e+00 1.9873526014e+00
1.5374948404e-04 1.2341420426e+04 1.5707963268e+00 1.9911469634e+00
1.5404682713e-04 1.2338057448e+04 1.5707963268e+00 1.9949433842e+00
1.5434437723e-04 1.2334680592e+04 1.5707963268e+00 1.9987418740e+00
1.5464213560e-04 1.2331289795e+04 1.5707963268e+00 2.0025424431e+00
1.5494010351e-04 1.2327884991e+04 1.5707963268e+00 2.0063451017e+00
1.5523828224e-04 1.2324466118e+04 1.5707963268e+00 2.0101498603e+00
1.5553667307e-04 1.2321033110e+04 1.5707963268e+00 2.0139567291e+00
1.5583527731e-04 1.2317585902e+04 1.5707963268e+00 2.0177657188e+00
1.5613409625e-04 1.2314124428e+04 1.5707963268e+00 2.0215768399e+00
1.5643313123e-04 1.2310648623e+04 1.5707963268e+00 2.0253901030e+00
1.5673238357e-04 1.2307158420e+04 1.5707963268e+00 2.0292055187e+00
1.5703185462e-04 1.2303653752e+04 1.5707963268e+00 2.0330230979e+00
1.5733154572e-04 1.2300134552e+04 1.5707963268e+00 2.0368428513e+00
1.5763145824e-04 1.2296600753e+04 1.5707963268e+00 2.0406647898e+00
1.5793159356e-04 1.2293052286e+04 1.5707963268e+00 2.0444889244e+00
1.5823195306e-04 1.2289489083e+04 1.5707963268e+00 2.0483152660e+00
1.5853253813e-04 1.2285911075e+04 1.5707963268e+00 2.0521438259e+00
1.5883335020e-04 1.2282318193e+04 1.5707963268e+00 2.0559746151e+00
1.5913439067e-04 1.2278710366e+04 1.5707963268e+00 2.0598076448e+00
1.5943566099e-04 1.2275087525e+04 1.5707963268e+00 2.0636429263e+00
1.5973716259e-04 1.2271449600e+04 1.5707963268e+00 2.0674804711e+00
1.6003889694e-04 1.2267796518e+04 1.5707963268e+00 2.0713202905e+00
1.6034086550e-04 1.2264128208e+04 1.5707963268e+00 2.0751623960e+00
1.6064306976e-04 1.2260444599e+04 1.5707963268e+00 2.0790067993e+00
1.6094551121e-04 1.2256745618e+04 1.5707963268e+00 2.0828535119e+00
1.6124819136e-04 1.2253031192e+04 1.5707963268e+00 2.0867025457e+00
1.6155111173e-04 1.2249301248e+04 1.5707963268e+00 2.0905539123e+00
1.6185427385e-04 1.2245555712e+04 1.5707963268e+00 2.0944076238e+00
1.6215767927e-04 1.2241794509e+04 1.5707963268e+00 2.0982636920e+00
1.6246132955e-04 1.2238017564e+04 1.5707963268e+00 2.1021221290e+00
1.6276522626e-04 1.2234224804e+04 1.5707963268e+00 2.1059829468e+00
1.6306937098e-04 1.2230416151e+04 1.5707963268e+00 2.1098461577e+00
1.6337376533e-04 1.2226591529e+04 1.5707963268e+00 2.1137117740e+00
1.6367841092e-04 1.2222750862e+04 1.5707963268e+00 2.1175798079e+00
1.6398330936e-04 1.2218894073e+04 1.5707963268e+00 2.1214502719e+00
1.6428846232e-04 1.2215021084e+04 1.5707963268e+00 2.1253231784e+00
1.6459387144e-04 1.2211131816e+04 1.5707963268e+00 2.1291985402e+00
1.6489953839e-04 1.2207226191e+04 1.5707963268e+00 2.1330763697e+00
1.6520546487e-04 1.2203304130e+04 1.5707963268e+00 2.1369566799e+00
1.6551165258e-04 1.2199365552e+04 1.5707963268e+00 2.1408394834e+00
1.6581810323e-04 1.2195410379e+04 1.5707963268e+00 2.1447247933e+00
1.6612481856e-04 1.2191438528e+04 1.5707963268e+00 2.1486126225e+00
1.6643180031e-04 1.2187449918e+04 1.5707963268e+00 2.1525029842e+00
1.6673905026e-04 1.2183444468e+04 1.5707963268e+00 2.1563958914e+00
1.6704657017e-04 1.2179422096e+04 1.5707963268e+00 2.1602913574e+00
1.6735436185e-04 1.2175382717e+04 1.5707963268e+00 2.1641893956e+00
1.6766242711e-04 1.2171326249e+04 1.5707963268e+00 2.1680900194e+00
1.6797076777e-04 1.2167252609e+04 1.5707963268e+00 2.1719932424e+00
1.6827938568e-04 1.2163161710e+04 1.5707963268e+00 2.1758990781e+00
1.6858828272e-04 1.2159053468e+04 1.5707963268e+00 2.1798075403e+00
1.6889746074e-04 1.2154927797e+04 1.5707963268e+00 2.1837186427e+00
1.6920692166e-04 1.2150784612e+04 1.5707963268e+00 2.1876323993e+00
1.6951666739e-04 1.2146623824e+04 1.5707963268e+00 2.1915488240e+00
1.6982669985e-04 1.2142445347e+04 1.5707963268e+00 2.1954679309e+00
1.7013702101e-04 1.2138249093e+04 1.5707963268e+00 2.1993897342e+00
1.7044763282e-04 1.2134034973e+04 1.5707963268e+00 2.2033142481e+00
1.7075853728e-04 1.2129802897e+04 1.5707963268e+00 2.2072414870e+00
1.7106973639e-04 1.2125552776e+04 1.5707963268e+00 2.2111714653e+00
1.7138123217e-04 1.2121284520e+04 1.5707963268e+00 2.2151041977e+00
1.7169302668e-04 1.2116998037e+04 1.5707963268e+00 2.2190396988e+00
1.7200512197e-04 1.2112693236e+04 1.5707963268e+00 2.2229779833e+00
1.7231752013e-04 1.2108370024e+04 1.5707963268e+00 2.2269190661e+00
1.7263022325e-04 1.2104028309e+04 1.5707963268e+00 2.2308629622e+00
1.7294323347e-04 1.2099667996e+04 1.5707963268e+00 2.2348096867e+00
1.7325655293e-04 1.2095288993e+04 1.5707963268e+00 2.2387592546e+00
1.7357018378e-04 1.2090891203e+04 1.5707963268e+00 2.2427116813e+00
1.7388412822e-04 1.2086474532e+04 1.5707963268e+00 2.2466669822e+00
1.7419838846e-04 1.2082038883e+04 1.5707963268e+00 2.2506251728e+00
1.7451296671e-04 1.2077584160e+04 1.5707963268e+00 2.2545862686e+00
1.7482786524e-04 1.2073110265e+04 1.5707963268e+00 2.2585502853e+00
1.7514308630e-04 1.2068617099e+04 1.5707963268e+00 2.2625172389e+00
1.7545863220e-04 1.2064104565e+04 1.5707963268e+00 2.2664871451e+00
1.7577450526e-04 1.2059572562e+04 1.5707963268e+00 2.2704600201e+00
1.7609070781e-04 1.2055020990e+04 1.5707963268e+00 2.2744358800e+00
1.7640724221e-04 1.2050449749e+04 1.5707963268e+00 2.2784147411e+00
1.7672411086e-04 1.2045858736e+04 1.5707963268e+00 2.2823966197e+00
1.7704131616e-04 1.2041247850e+04 1.5707963268e+00 2.2863815324e+00
1.7735886055e-04 1.2036616987e+04 1.5707963268e+00 2.2903694957e+00
1.7767674649e-04 1.2031966044e+04 1.5707963268e+00 2.2943605265e+00
1.7799497646e-04 1.2027294916e+04 1.5707963268e+00 2.2983546415e+00
1.7831355297e-04 1.2022603497e+04 1.5707963268e+00 2.3023518577e+00
1.7863247857e-04 1.2017891682e+04 1.5707963268e+00 2.3063521923e+00
1.7895175580e-04 1.2013159365e+04 1.5707963268e+00 2.3103556625e+00
1.7927138725e-04 1.2008406437e+04 1.5707963268e+00 2.3143622856e+00
1.7959137555e-04 1.2003632790e+04 1.5707963268e+00 2.3183720791e+00
1.7991172333e-04 1.1998838315e+04 1.5707963268e+00 2.3223850605e+00
1.8023243326e-04 1.1994022902e+04 1.5707963268e+00 2.3264012477e+00
1.8055350804e-04 1.1989186441e+04 1.5707963268e+00 2.3304206585e+00
1.8087495039e-04 1.1984328821e+04 1.5707963268e+00 2.3344433108e+00
1.8119676306e-04 1.1979449928e+04 1.5707963268e+00 2.3384692228e+00
1.8151894884e-04 1.1974549651e+04 1.5707963268e+00 2.3424984128e+00
1.8184151054e-04 1.1969627874e+04 1.5707963268e+00 2.3465308991e+00
1.8216445100e-04 1.1964684484e+04 1.5707963268e+00 2.3505667002e+00
1.8248777309e-04 1.1959719365e+04 1.5707963268e+00 2.3546058349e+00
1.8281147971e-04 1.1954732400e+04 1.5707963268e+00 2.3586483220e+00
1.8313557380e-04 1.1949723473e+04 1.5707963268e+00 2.3626941803e+00
1.8346005833e-04 1.1944692464e+04 1.5707963268e+00 2.3667434289e+00
1.8378493628e-04 1.1939639256e+04 1.5707963268e+00 2.3707960871e+00
1.8411021069e-04 1.1934563729e+04 1.5707963268e+00 2.3748521743e+00
1.8443588462e-04 1.1929465761e+04 1.5707963268e+00 2.3789117100e+00
1.8476196116e-04 1.1924345231e+04 1.5707963268e+00 2.3829747138e+00
1.8508844346e-04 1.1919202016e+04 1.5707963268e+00 2.3870412056e+00
1.8541533466e-04 1.1914035994e+04 1.5707963268e+00 2.3911112053e+00
1.8574263797e-04 1.1908847039e+04 1.5707963268e+00 2.3951847330e+00
1.8607035663e-04 1.1903635027e+04 1.5707963268e+00 2.3992618091e+00
1.8639849390e-04 1.1898399831e+04 1.5707963268e+00 2.4033424539e+00
1.8672705309e-04 1.1893141324e+04 1.5707963268e+00 2.4074266880e+00
1.8705603755e-04 1.1887859378e+04 1.5707963268e+00 2.4115145321e+00
1.8738545066e-04 1.1882553864e+04 1.5707963268e+00 2.4156060073e+00
1.8771529583e-04 1.1877224652e+04 1.5707963268e+00 2.4197011344e+00
1.8804557653e-04 1.1871871610e+04 1.5707963268e+00 2.4237999348e+00
1.8837629626e-04 1.1866494607e+04 1.5707963268e+00 2.4279024299e+00
1.8870745855e-04 1.1861093510e+04 1.5707963268e+00 2.4320086411e+00
1.8903906698e-04 1.1855668184e+04 1.5707963268e+00 2.4361185903e+00
1.8937112517e-04 1.1850218494e+04 1.5707963268e+00 2.4402322993e+00
1.8970363679e-04 1.1844744305e+04 1.5707963268e+00 2.4443497902e+00
1.9003660553e-04 1.1839245478e+04 1.5707963268e+00 2.4484710852e+00
1.9037003515e-04 1.1833721877e+04 1.5707963268e+00 2.4525962068e+00
1.9070392944e-04 1.1828173361e+04 1.5707963268e+00 2.4567251775e+00
1.9103829223e-04 1.1822599790e+04 1.5707963268e+00 2.4608580202e+00
1.9137312741e-04 1.1817001022e+04 1.5707963268e+00 2.4649947577e+00
1.9170843889e-04 1.1811376915e+04 1.5707963268e+00 2.4691354133e+00
1.9204423067e-04 1.1805727326e+04 1.5707963268e+00 2.4732800102e+00
1.9238050675e-04 1.1800052108e+04 1.5707963268e+00 2.4774285720e+00
1.9271727121e-04 1.1794351117e+04 1.5707963268e+00 2.4815811224e+00
1.9305452816e-04 1.1788624206e+04 1.5707963268e+00 2.4857376852e+00
1.9339228178e-04 1.1782871225e+04 1.5707963268e+00 2.4898982846e+00
1.9373053628e-04 1.1777092025e+04 1.5707963268e+00 2.4940629448e+00
1.9406929594e-04 1.1771286457e+04 1.5707963268e+00 2.4982316904e+00
1.9440856507e-04 1.1765454367e+04 1.5707963268e+00 2.5024045459e+00
1.9474834806e-04 1.1759595603e+04 1.5707963268e+00 2.5065815363e+00
1.9508864933e-04 1.1753710010e+04 1.5707963268e+00 2.5107626867e+00
1.9542947337e-04 1.1747797433e+04 1.5707963268e+00 2.5149480224e+00
1.9577082471e-04 1.1741857716e+04 1.5707963268e+00 2.5191375689e+00
1.9611270797e-04 1.1735890699e+04 1.5707963268e+00 2.5233313518e+00
1.9645512778e-04 1.1729896224e+04 1.5707963268e+00 2.5275293972e+00
1.9679808888e-04 1.1723874130e+04 1.5707963268e+00 2.5317317311e+00
1.9714159602e-04 1.1717824256e+04 1.5707963268e+00 2.5359383800e+00
1.9748565405e-04 1.1711746437e+04 1.5707963268e+00 2.5401493704e+00
1.9783026786e-04 1.1705640509e+04 1.5707963268e+00 2.5443647291e+00
1.9817544241e-04 1.1699506306e+04 1.5707963268e+00 2.5485844832e+00
1.9852118272e-04 1.1693343662e+04 1.5707963268e+00 2.5528086599e+00
1.9886749388e-04 1.1687152407e+04 1.5707963268e+00 2.5570372867e+00
1.9921438105e-04 1.1680932371e+04 1.5707963268e+00 2.5612703913e+00
1.9956184945e-04 1.1674683382e+04 1.5707963268e+00 2.5655080018e+00
1.9990990437e-04 1.1668405268e+04 1.5707963268e+00 2.5697501463e+00
2.0025855116e-04 1.1662097855e+04 1.5707963268e+00 2.5739968533e+00
2.0060779526e-04 1.1655760966e+04 1.5707963268e+00 2.5782481514e+00
2.0095764218e-04 1.1649394424e+04 1.5707963268e+00 2.5825040696e+00
2.0130809748e-04 1.1642998051e+04 1.5707963268e+00 2.5867646371e+00
2.0165916682e-04 1.1636571665e+04 1.5707963268e+00 2.5910298833e+00
2.0201085593e-04 1.1630115086e+04 1.5707963268e+00 2.5952998380e+00
2.0236317062e-04 1.1623628130e+04 1.5707963268e+00 2.5995745310e+00
2.0271611676e-04 1.1617110611e+04 1.5707963268e+00 2.6038539927e+00
2.0306970032e-04 1.1610562344e+04 1.5707963268e+00 2.6081382534e+00
2.0342392735e-04 1.1603983140e+04 1.5707963268e+00 2.6124273440e+00
2.0377880399e-04 1.1597372809e+04 1.5707963268e+00 2.6167212955e+00
2.0413433643e-04 1.1590731161e+04 1.5707963268e+00 2.6210201392e+00
2.0449053099e-04 1.1584058001e+04 1.5707963268e+00 2.6253239067e+00
2.0484739406e-04 1.1577353137e+04 1.5707963268e+00 2.6296326298e+00
2.0520493212e-04 1.1570616370e+04 1.5707963268e+00 2.6339463406e+00
2.0556315173e-04 1.1563847503e+04 1.5707963268e+00 2.6382650718e+00
2.0592205956e-04 1.1557046336e+04 1.5707963268e+00 2.6425888558e+00
2.0628166238e-04 1.1550212667e+04 1.5707963268e+00 2.6469177259e+00
2.0664196704e-04 1.1543346294e+04 1.5707963268e+00 2.6512517152e+00
2.0700298049e-04 1.1536447011e+04 1.5707963268e+00 2.6555908575e+00
2.0736470979e-04 1.1529514611e+04 1.5707963268e+00 2.6599351867e+00
2.0772716210e-04 1.1522548885e+04 1.5707963268e+00 2.6642847370e+00
2.0809034469e-04 1.1515549623e+04 1.5707963268e+00 2.6686395430e+00
2.0845426492e-04 1.1508516612e+04 1.5707963268e+00 2.6729996396e+00
2.0881893028e-04 1.1501449638e+04 1.5707963268e+00 2.6773650619e+00
2.0918434836e-04 1.1494348484e+04 1.5707963268e+00 2.6817358456e+00
2.0955052685e-04 1.1487212932e+04 1.5707963268e+00 2.6861120264e+00
2.0991747359e-04 1.1480042761e+04 1.5707963268e+00 2.6904936405e+00
2.1028519650e-04 1.1472837751e+04 1.5707963268e+00 2.6948807246e+00
2.1065370364e-04 1.1465597675e+04 1.5707963268e+00 2.6992733154e+00
2.1102300320e-04 1.1458322308e+04 1.5707963268e+00 2.7036714503e+00
2.1139310348e-04 1.1451011422e+04 1.5707963268e+00 2.7080751667e+00
2.1176401292e-04 1.1443664786e+04 1.5707963268e+00 2.7124845026e+00
2.1213574007e-04 1.1436282167e+04 1.5707963268e+00 2.7168994963e+00
2.1250829364e-04 1.1428863330e+04 1.5707963268e+00 2.7213201865e+00
2.1288168246e-04 1.1421408040e+04 1.5707963268e+00 2.7257466122e+00
2.1325591551e-04 1.1413916055e+04 1.5707963268e+00 2.7301788128e+00
2.1363100189e-04 1.1406387136e+04 1.5707963268e+00 2.7346168280e+00
2.1400695087e-04 1.1398821038e+04 1.5707963268e+00 2.7390606982e+00
2.1438377185e-04 1.1391217516e+04 1.5707963268e+00 2.7435104637e+00
2.1476147439e-04 1.1383576321e+04 1.5707963268e+00 2.7479661657e+00
2.1514006820e-04 1.1375897203e+04 1.5707963268e+00 2.7524278454e+00
2.1551956316e-04 1.1368179909e+04 1.5707963268e+00 2.7568955446e+00
2.1589996930e-04 1.1360424184e+04 1.5707963268e+00 2.7613693055e+00
2.1628129681e-04 1.1352629769e+04 1.5707963268e+00 2.7658491706e+00
2.1666355606e-04 1.1344796404e+04 1.5707963268e+00 2.7703351831e+00
2.1704675759e-04 1.1336923827e+04 1.5707963268e+00 2.7748273863e+00
2.1743091210e-04 1.1329011773e+04 1.5707963268e+00 2.7793258241e+00
2.1781603050e-04 1.1321059973e+04 1.5707963268e+00 2.7838305408e+00
2.1820212385e-04 1.1313068157e+04 1.5707963268e+00 2.7883415813e+00
2.1858920344e-04 1.1305036053e+04 1.5707963268e+00 2.7928589906e+00
2.1897728070e-04 1.1296963384e+04 1.5707963268e+00 2.7973828145e+00
2.1936636731e-04 1.1288849871e+04 1.5707963268e+00 2.8019130992e+00
2.1975647512e-04 1.1280695235e+04 1.5707963268e+00 2.8064498911e+00
2.2014761618e-04 1.1272499190e+04 1.5707963268e+00 2.8109932375e+00
2.2053980278e-04 1.1264261451e+04 1.5707963268e+00 2.8155431859e+00
2.2093304741e-04 1.1255981727e+04 1.5707963268e+00 2.8200997843e+00
2.2132736277e-04 1.1247659726e+04 1.5707963268e+00 2.8246630813e+00
2.2172276182e-04 1.1239295152e+04 1.5707963268e+00 2.8292331259e+00
2.2211925771e-04 1.1230887708e+04 1.5707963268e+00 2.8338099678e+00
2.2251686385e-04 1.1222437092e+04 1.5707963268e+00 2.8383936571e+00
2.2291559390e-04 1.1213943000e+04 1.5707963268e+00 2.8429842442e+00
2.2331546176e-04 1.1205405123e+04 1.5707963268e+00 2.8475817805e+00
2.2371648159e-04 1.1196823152e+04 1.5707963268e+00 2.8521863175e+00
2.2411866779e-04 1.1188196773e+04 1.5707963268e+00 2.8567979076e+00
2.2452203507e-04 1.1179525668e+04 1.5707963268e+00 2.8614166034e+00
2.2492659838e-04 1.1170809518e+04 1.5707963268e+00 2.8660424585e+00
2.2533237296e-04 1.1162047999e+04 1.5707963268e+00 2.8706755267e+00
2.2573937435e-04 1.1153240783e+04 1.5707963268e+00 2.8753158625e+00
2.2614761837e-04 1.1144387542e+04 1.5707963268e+00 2.8799635211e+00
2.2655712117e-04 1.1135487940e+04 1.5707963268e+00 2.8846185581e+00
2.2696789918e-04 1.1126541641e+04 1.5707963268e+00 2.8892810299e+00
2.2737996918e-04 1.1117548304e+04 1.5707963268e+00 2.8939509935e+00
2.2779334825e-04 1.1108507585e+04 1.5707963268e+00 2.8986285062e+00
2.2820805383e-04 1.1099419135e+04 1.5707963268e+00 2.9033136264e+00
2.2862410370e-04 1.1090282604e+04 1.5707963268e+00 2.9080064129e+00
2.2904151598e-04 1.1081097634e+04 1.5707963268e+00 2.9127069252e+00
2.2946030919e-04 1.1071863868e+04 1.5707963268e+00 2.9174152234e+00
2.2988050219e-04 1.1062580943e+04 1.5707963268e+00 2.9221313683e+00
2.3030211424e-04 1.1053248490e+04 1.5707963268e+00 2.9268554215e+00
2.3072516500e-04 1.1043866140e+04 1.5707963268e+00 2.9315874452e+00
2.3114967452e-04 1.1034433517e+04 1.5707963268e+00 2.9363275023e+00
2.3157566330e-04 1.1024950242e+04 1.5707963268e+00 2.9410756564e+00
2.3200315223e-04 1.1015415932e+04 1.5707963268e+00 2.9458319718e+00
2.3243216268e-04 1.1005830200e+04 1.5707963268e+00 2.9505965137e+00
2.3286271644e-04 1.0996192653e+04 1.5707963268e+00 2.9553693480e+00
2.3329483580e-04 1.0986502897e+04 1.5707963268e+00 2.9601505411e+00
2.3372854351e-04 1.0976760530e+04 1.5707963268e+00 2.9649401605e+00
2.3416386282e-04 1.0966965147e+04 1.5707963268e+00 2.9697382745e+00
2.3460081749e-04 1.0957116340e+04 1.5707963268e+00 2.9745449518e+00
2.3503943181e-04 1.0947213694e+04 1.5707963268e+00 2.9793602623e+00
2.3547973061e-04 1.0937256790e+04 1.5707963268e+00 2.9841842767e+00
2.3592173926e-04 1.0927245206e+04 1.5707963268e+00 2.9890170663e+00
2.3636548374e-04 1.0917178513e+04 1.5707963268e+00 2.9938587034e+00
2.3681099058e-04 1.0907056277e+04 1.5707963268e+00 2.9987092613e+00
2.3725828694e-04 1.0896878062e+04 1.5707963268e+00 3.0035688138e+00
2.3770740062e-04 1.0886643424e+04 1.5707963268e+00 3.0084374360e+00
2.3815836004e-04 1.0876351914e+04 1.5707963268e+00 3.0133152037e+00
2.3861119430e-04 1.0866003079e+04 1.5707963268e+00 3.0182021936e+00
2.3906593321e-04 1.0855596462e+04 1.5707963268e+00 3.0230984834e+00
2.3952260725e-04 1.0845131597e+04 1.5707963268e+00 3.0280041518e+00
2.3998124767e-04 1.0834608016e+04 1.5707963268e+00 3.0329192784e+00
2.4044188647e-04 1.0824025243e+04 1.5707963268e+00 3.0378439438e+00
2.4090455641e-04 1.0813382798e+04 1.5707963268e+00 3.0427782296e+00
2.4136929109e-04 1.0802680196e+04 1.5707963268e+00 3.0477222184e+00
2.4183612493e-04 1.0791916943e+04 1.5707963268e+00 3.0526759939e+00
2.4230509322e-04 1.0781092542e+04 1.5707963268e+00 3.0576396408e+00
2.4277623213e-04 1.0770206489e+04 1.5707963268e+00 3.0626132448e+00
2.4324957876e-04 1.0759258275e+04 1.5707963268e+00 3.0675968929e+00
2.4372517117e-04 1.0748247383e+04 1.5707963268e+00 3.0725906731e+00
2.4420304841e-04 1.0737173291e+04 1.5707963268e+00 3.0775946744e+00
2.4468325055e-04 1.0726035470e+04 1.5707963268e+00 3.0826089870e+00
2.4516581871e-04 1.0714833386e+04 1.5707963268e+00 3.0876337026e+00
2.4565079511e-04 1.0703566496e+04 1.5707963268e+00 3.0926689135e+00
2.4613822311e-04 1.0692234253e+04 1.5707963268e+00 3.0977147138e+00
2.4662814726e-04 1.0680836100e+04 1.5707963268e+00 3.1027711984e+00
2.4712061331e-04 1.0669371476e+04 1.5707963268e+00 3.1078384636e+00
2.4761566828e-04 1.0657839813e+04 1.5707963268e+00 3.1129166071e+00
2.4811336051e-04 1.0646240533e+04 1.5707963268e+00 3.1180057276e+00
2.4861373971e-04 1.0634573054e+04 1.5707963268e+00 3.1231059255e+00
2.4911685697e-04 1.0622836784e+04 1.5707963268e+00 3.1282173023e+00
2.4962276489e-04 1.0611031126e+04 1.5707963268e+00 3.1333399608e+00
2.5013151756e-04 1.0599155473e+04 1.5707963268e+00 3.1384740054e+00
2.5064317069e-04 1.0587209212e+04 1.5707963268e+00 3.1436195419e+00
2.5115778162e-04 1.0575191722e+04 1.5707963268e+00 3.1487766774e+00
2.5167540938e-04 1.0563102373e+04 1.5707963268e+00 3.1539455206e+00
2.5219611483e-04 1.0550940528e+04 1.5707963268e+00 3.1591261816e+00
2.5271996065e-04 1.0538705540e+04 1.5707963268e+00 3.1643187722e+00
2.5324701147e-04 1.0526396755e+04 1.5707963268e+00 3.1695234055e+00
2.5377733392e-04 1.0514013512e+04 1.5707963268e+00 3.1747401964e+00
2.5431099673e-04 1.0501555137e+04 1.5707963268e+00 3.1799692614e+00
2.5484807082e-04 1.0489020952e+04 1.5707963268e+00 3.1852107185e+00
2.5538862938e-04 1.0476410266e+04 1.5707963268e+00 3.1904646876e+00
2.5593274800e-04 1.0463722381e+04 1.5707963268e+00 3.1957312901e+00
2.5648050472e-04 1.0450956590e+04 1.5707963268e+00 3.2010106493e+00
2.5703198020e-04 1.0438112176e+04 1.5707963268e+00 3.2063028901e+00
2.5758725779e-04 1.0425188410e+04 1.5707963268e+00 3.2116081395e+00
2.5814642369e-04 1.0412184558e+04 1.5707963268e+00 3.2169265261e+00
2.5870956705e-04 1.0399099873e+04 1.5707963268e+00 3.2222581804e+00
2.5927678011e-04 1.0385933597e+04 1.5707963268e+00 3.2276032351e+00
2.5984815839e-04 1.0372684965e+04 1.5707963268e+00 3.2329618244e+00
2.6042380077e-04 1.0359353198e+04 1.5707963268e+00 3.2383340849e+00
2.6100380970e-04 1.0345937509e+04 1.5707963268e+00 3.2437201551e+00
2.6158829139e-04 1.0332437100e+04 1.5707963268e+00 3.2491201756e+00
2.6217735594e-04 1.0318851160e+04 1.5707963268e+00 3.2545342890e+00
2.6277111758e-04 1.0305178868e+04 1.5707963268e+00 3.2599626403e+00
2.6336969487e-04 1.0291419392e+04 1.5707963268e+00 3.2654053765e+00
2.6397321089e-04 1.0277571890e+04 1.5707963268e+00 3.2708626470e+00
2.6458179353e-04 1.0263635504e+04 1.5707963268e+00 3.2763346034e+00
2.6519557568e-04 1.0249609367e+04 1.5707963268e+00 3.2818213998e+00
2.6581469554e-04 1.0235492601e+04 1.5707963268e+00 3.2873231925e+00
2.6643929691e-04 1.0221284313e+04 1.5707963268e+00 3.2928401404e+00
2.6706952945e-04 1.0206983599e+04 1.5707963268e+00 3.2983724049e+00
2.6770554905e-04 1.0192589541e+04 1.5707963268e+00 3.3039201500e+00
2.6834751816e-04 1.0178101210e+04 1.5707963268e+00 3.3094835421e+00
2.6899560617e-04 1.0163517664e+04 1.5707963268e+00 3.3150627504e+00
2.6964998980e-04 1.0148837944e+04 1.5707963268e+00 3.3206579469e+00
2.7031085355e-04 1.0134061083e+04 1.5707963268e+00 3.3262693063e+00
2.7097839014e-04 1.0119186095e+04 1.5707963268e+00 3.3318970061e+00
2.7165280101e-04 1.0104211985e+04 1.5707963268e+00 3.3375412269e+00
2.7233429687e-04 1.0089137740e+04 1.5707963268e+00 3.3432021520e+00
2.7302309827e-04 1.0073962335e+04 1.5707963268e+00 3.3488799679e+00
2.7371943622e-04 1.0058684731e+04 1.5707963268e+00 3.3545748642e+00
2.7442355286e-04 1.0043303871e+04 1.5707963268e+00 3.3602870336e+00
2.7513570217e-04 1.0027818688e+04 1.5707963268e+00 3.3660166721e+00
2.7585615081e-04 1.0012228096e+04 1.5707963268e+00 3.3717639790e+00
2.7658517891e-04 9.9965309976e+03 1.5707963268e+00 3.3775291569e+00
2.7732308102e-04 9.9807262769e+03 1.5707963268e+00 3.3833124121e+00
2.7807016715e-04 9.9648128048e+03 1.5707963268e+00 3.3891139542e+00
2.7882676380e-04 9.9487894360e+03 1.5707963268e+00 3.3949339964e+00
2.7959321522e-04 9.9326550101e+03 1.5707963268e+00 3.4007727559e+00
2.8036988467e-04 9.9164083509e+03 1.5707963268e+00 3.4066304533e+00
2.8115715587e-04 9.9000482669e+03 1.5707963268e+00 3.4125073134e+00
2.8195543454e-04 9.8835735511e+03 1.5707963268e+00 3.4184035648e+00
2.8276515016e-04 9.8669829808e+03 1.5707963268e+00 3.4243194401e+00
2.8358675778e-04 9.8502753180e+03 1.5707963268e+00 3.4302551762e+00
2.8442074020e-04 9.8334493097e+03 1.5707963268e+00 3.4362110142e+00
2.8526761014e-04 9.8165036876e+03 1.5707963268e+00 3.4421871994e+00
2.8612791286e-04 9.7994371688e+03 1.5707963268e+00 3.4481839817e+00
2.8700222895e-04 9.7822484559e+03 1.5707963268e+00 3.4542016154e+00
2.8789117738e-04 9.7649362375e+03 1.5707963268e+00 3.4602403596e+00
2.8879541903e-04 9.7474991889e+03 1.5707963268e+00 3.4663004781e+00
2.8971566054e-04 9.7299359727e+03 1.5707963268e+00 3.4723822394e+00
2.9065265857e-04 9.7122452394e+03 1.5707963268e+00 3.4784859172e+00
2.9160722469e-04 9.6944256287e+03 1.5707963268e+00 3.4846117900e+00
2.9258023077e-04 9.6764757705e+03 1.5707963268e+00 3.4907601419e+00
2.9357261511e-04 9.6583942862e+03 1.5707963268e+00 3.4969312619e+00
2.9458538935e-04 9.6401797908e+03 1.5707963268e+00 3.5031254446e+00
2.9561964627e-04 9.6218308942e+03 1.5707963268e+00 3.5093429902e+00
2.9667656872e-04 9.6033462043e+03 1.5707963268e+00 3.5155842045e+00
2.9775743973e-04 9.5847243291e+03 1.5707963268e+00 3.5218493990e+00
2.9886365413e-04 9.5659638806e+03 1.5707963268e+00 3.5281388913e+00
2.9999673190e-04 9.5470634783e+03 1.5707963268e+00 3.5344530047e+00
3.0115833352e-04 9.5280217538e+03 1.5707963268e+00 3.5407920689e+00
3.0235027783e-04 9.5088373566e+03 1.5707963268e+00 3.5471564198e+00
3.0357456266e-04 9.4895089607e+03 1.5707963268e+00 3.5535463996e+00
3.0483338911e-04 9.4700352719e+03 1.5707963268e+00 3.5599623569e+00
3.0612918993e-04 9.4504150377e+03 1.5707963268e+00 3.5664046470e+00
3.0746466307e-04 9.4306470584e+03 1.5707963268e+00 3.5728736316e+00
3.0884281153e-04 9.4107302007e+03 1.5707963268e+00 3.5793696793e+00
3.1026699090e-04 9.3906634139e+03 1.5707963268e+00 3.5858931654e+00
3.1174096653e-04 9.3704457505e+03 1.5707963268e+00 3.5924444720e+00
3.1326898275e-04 9.3500763902e+03 1.5707963268e+00 3.5990239878e+00
3.1485584725e-04 9.3295546703e+03 1.5707963268e+00 3.6056321086e+00
3.1650703479e-04 9.3088801234e+03 1.5707963268e+00 3.6122692367e+00
3.1822881586e-04 9.2880525241e+03 1.5707963268e+00 3.6189357809e+00
3.2002841776e-04 9.2670719479e+03 1.5707963268e+00 3.6256321564e+00
3.2191422830e-04 9.2459388470e+03 1.5707963268e+00 3.6323587845e+00
3.2389605654e-04 9.2246541467e+03 1.5707963268e+00 3.6391160921e+00
3.2598547065e-04 9.2032193711e+03 1.5707963268e+00 3.6459045111e+00
3.2819624172e-04 9.1816368096e+03 1.5707963268e+00 3.6527244778e+00
3.3054493616e-04 9.1599097381e+03 1.5707963268e+00 3.6595764316e+00
3.3305171989e-04 9.1380427216e+03 1.5707963268e+00 3.6664608139e+00
3.3574147188e-04 9.1160420315e+03 1.5707963268e+00 3.6733780657e+00
3.3864536048e-04 9.0939162370e+03 1.5707963268e+00 3.6803286253e+00
3.4180313273e-04 9.0716770624e+03 1.5707963268e+00 3.6873129247e+00
3.4526653822e-04 9.0493406640e+03 1.5707963268e+00 3.6943313843e+00
3.4910463067e-04 9.0269295987e+03 1.5707963268e+00 3.7013844058e+00
3.5341232126e-04 9.0044759766e+03 1.5707963268e+00 3.7084723615e+00
3.5832488328e-04 8.9820267552e+03 1.5707963268e+00 3.7155955784e+00
3.6404411111e-04 8.9596531576e+03 1.5707963268e+00 3.7227543134e+00
3.7088934084e-04 8.9374686997e+03 1.5707963268e+00 3.7299487122e+00
3.7940779647e-04 8.9156671419e+03 1.5707963268e+00 3.7371787382e+00
3.9065019204e-04 8.8946135703e+03 1.5707963268e+00 3.7444440372e+00
4.0702709038e-04 8.8751100171e+03 1.5707963268e+00 3.7517436490e+00
