0.0000000000e+00 1.6497838835e+04 1.5707963268e+00 0.0000000000e+00
2.1755579720e-07 1.6497838835e+04 1.5707963268e+00 -2.6881720430e-03
4.3511159440e-07 1.6497861910e+04 1.5707963268e+00 -5.3763440860e-03
6.5266703779e-07 1.6497908059e+04 1.5707963268e+00 -8.0645086095e-03
8.7022177355e-07 1.6497977282e+04 1.5707963268e+00 -1.0752658094e-02
1.0877754479e-06 1.6498069580e+04 1.5707963268e+00 -1.3440785020e-02
1.3053277070e-06 1.6498184953e+04 1.5707963268e+00 -1.6128881869e-02
1.5228781972e-06 1.6498323400e+04 1.5707963268e+00 -1.8816941121e-02
1.7404265646e-06 1.6498484923e+04 1.5707963268e+00 -2.1504955259e-02
1.9579724556e-06 1.6498669521e+04 1.5707963268e+00 -2.4192916764e-02
2.1755155166e-06 1.6498877194e+04 1.5707963268e+00 -2.6880818119e-02
2.3930553938e-06 1.6499107944e+04 1.5707963268e+00 -2.9568651807e-02
2.6105917338e-06 1.6499361770e+04 1.5707963268e+00 -3.2256410313e-02
2.8281241830e-06 1.6499638672e+04 1.5707963268e+00 -3.4944086120e-02
3.0456523880e-06 1.6499938652e+04 1.5707963268e+00 -3.7631671715e-02
3.2631759953e-06 1.6500261709e+04 1.5707963268e+00 -4.0319159584e-02
3.4806946518e-06 1.6500607844e+04 1.5707963268e+00 -4.3006542215e-02
3.6982080041e-06 1.6500977058e+04 1.5707963268e+00 -4.5693812096e-02
3.9157156991e-06 1.6501369352e+04 1.5707963268e+00 -4.8380961717e-02
4.1332173838e-06 1.6501784725e+04 1.5707963268e+00 -5.1067983571e-02
4.3507127052e-06 1.6502223178e+04 1.5707963268e+00 -5.3754870149e-02
4.5682013105e-06 1.6502684713e+04 1.5707963268e+00 -5.6441613945e-02
4.7856828469e-06 1.6503169330e+04 1.5707963268e+00 -5.9128207455e-02
5.0031569617e-06 1.6503677029e+04 1.5707963268e+00 -6.1814643177e-02
5.2206233026e-06 1.6504207812e+04 1.5707963268e+00 -6.4500913609e-02
5.4380815171e-06 1.6504761679e+04 1.5707963268e+00 -6.7187011252e-02
5.6555312529e-06 1.6505338632e+04 1.5707963268e+00 -6.9872928609e-02
5.8729721580e-06 1.6505938670e+04 1.5707963268e+00 -7.2558658184e-02
6.0904038804e-06 1.6506561796e+04 1.5707963268e+00 -7.5244192484e-02
6.3078260683e-06 1.6507208010e+04 1.5707963268e+00 -7.7929524017e-02
6.5252383700e-06 1.6507877312e+04 1.5707963268e+00 -8.0614645295e-02
6.7426404340e-06 1.6508569705e+04 1.5707963268e+00 -8.3299548830e-02
6.9600319090e-06 1.6509285190e+04 1.5707963268e+00 -8.5984227139e-02
7.1774124439e-06 1.6510023766e+04 1.5707963268e+00 -8.8668672739e-02
7.3947816875e-06 1.6510785437e+04 1.5707963268e+00 -9.1352878150e-02
7.6121392893e-06 1.6511570202e+04 1.5707963268e+00 -9.4036835896e-02
7.8294848984e-06 1.6512378063e+04 1.5707963268e+00 -9.6720538503e-02
8.0468181646e-06 1.6513209021e+04 1.5707963268e+00 -9.9403978499e-02
8.2641387376e-06 1.6514063078e+04 1.5707963268e+00 -1.0208714842e-01
8.4814462675e-06 1.6514940235e+04 1.5707963268e+00 -1.0477004079e-01
8.6987404043e-06 1.6515840493e+04 1.5707963268e+00 -1.0745264815e-01
8.9160207986e-06 1.6516763855e+04 1.5707963268e+00 -1.1013496305e-01
9.1332871011e-06 1.6517710320e+04 1.5707963268e+00 -1.1281697802e-01
9.3505389625e-06 1.6518679891e+04 1.5707963268e+00 -1.1549868562e-01
9.5677760340e-06 1.6519672569e+04 1.5707963268e+00 -1.1818007839e-01
9.7849979670e-06 1.6520688356e+04 1.5707963268e+00 -1.2086114888e-01
1.0002204413e-05 1.6521727254e+04 1.5707963268e+00 -1.2354188966e-01
1.0219395024e-05 1.6522789264e+04 1.5707963268e+00 -1.2622229329e-01
1.0436569452e-05 1.6523874387e+04 1.5707963268e+00 -1.2890235233e-01
1.0653727350e-05 1.6524982626e+04 1.5707963268e+00 -1.3158205934e-01
1.0870868369e-05 1.6526113982e+04 1.5707963268e+00 -1.3426140690e-01
1.1087992164e-05 1.6527268457e+04 1.5707963268e+00 -1.3694038759e-01
1.1305098387e-05 1.6528446053e+04 1.5707963268e+00 -1.3961899399e-01
1.1522186691e-05 1.6529646771e+04 1.5707963268e+00 -1.4229721867e-01
1.1739256731e-05 1.6530870614e+04 1.5707963268e+00 -1.4497505423e-01
1.1956308161e-05 1.6532117583e+04 1.5707963268e+00 -1.4765249327e-01
1.2173340634e-05 1.6533387680e+04 1.5707963268e+00 -1.5032952836e-01
1.2390353806e-05 1.6534680908e+04 1.5707963268e+00 -1.5300615213e-01
1.2607347332e-05 1.6535997268e+04 1.5707963268e+00 -1.5568235717e-01
1.2824320867e-05 1.6537336763e+04 1.5707963268e+00 -1.5835813609e-01
1.3041274066e-05 1.6538699394e+04 1.5707963268e+00 -1.6103348152e-01
1.3258206587e-05 1.6540085163e+04 1.5707963268e+00 -1.6370838606e-01
1.3475118084e-05 1.6541494073e+04 1.5707963268e+00 -1.6638284234e-01
1.3692008214e-05 1.6542926126e+04 1.5707963268e+00 -1.6905684299e-01
1.3908876636e-05 1.6544381324e+04 1.5707963268e+00 -1.7173038065e-01
1.4125723005e-05 1.6545859670e+04 1.5707963268e+00 -1.7440344795e-01
1.4342546980e-05 1.6547361165e+04 1.5707963268e+00 -1.7707603755e-01
1.4559348219e-05 1.6548885811e+04 1.5707963268e+00 -1.7974814208e-01
1.4776126380e-05 1.6550433612e+04 1.5707963268e+00 -1.8241975420e-01
1.4992881122e-05 1.6552004570e+04 1.5707963268e+00 -1.8509086658e-01
1.5209612104e-05 1.6553598687e+04 1.5707963268e+00 -1.8776147188e-01
1.5426318987e-05 1.6555215965e+04 1.5707963268e+00 -1.9043156276e-01
1.5643001429e-05 1.6556856407e+04 1.5707963268e+00 -1.9310113192e-01
1.5859659091e-05 1.6558520015e+04 1.5707963268e+00 -1.9577017202e-01
1.6076291635e-05 1.6560206792e+04 1.5707963268e+00 -1.9843867576e-01
1.6292898720e-05 1.6561916741e+04 1.5707963268e+00 -2.0110663584e-01
1.6509480010e-05 1.6563649864e+04 1.5707963268e+00 -2.0377404494e-01
1.6726035165e-05 1.6565406163e+04 1.5707963268e+00 -2.0644089578e-01
1.6942563849e-05 1.6567185642e+04 1.5707963268e+00 -2.0910718107e-01
1.7159065724e-05 1.6568988303e+04 1.5707963268e+00 -2.1177289353e-01
1.7375540453e-05 1.6570814148e+04 1.5707963268e+00 -2.1443802589e-01
1.7591987701e-05 1.6572663181e+04 1.5707963268e+00 -2.1710257086e-01
1.7808407131e-05 1.6574535404e+04 1.5707963268e+00 -2.1976652120e-01
1.8024798408e-05 1.6576430819e+04 1.5707963268e+00 -2.2242986964e-01
1.8241161197e-05 1.6578349431e+04 1.5707963268e+00 -2.2509260893e-01
1.8457495164e-05 1.6580291241e+04 1.5707963268e+00 -2.2775473184e-01
1.8673799975e-05 1.6582256253e+04 1.5707963268e+00 -2.3041623112e-01
1.8890075296e-05 1.6584244469e+04 1.5707963268e+00 -2.3307709954e-01
1.9106320794e-05 1.6586255893e+04 1.5707963268e+00 -2.3573732989e-01
1.9322536137e-05 1.6588290527e+04 1.5707963268e+00 -2.3839691495e-01
1.9538720992e-05 1.6590348374e+04 1.5707963268e+00 -2.4105584750e-01
1.9754875028e-05 1.6592429437e+04 1.5707963268e+00 -2.4371412035e-01
1.9970997914e-05 1.6594533720e+04 1.5707963268e+00 -2.4637172630e-01
2.0187089320e-05 1.6596661225e+04 1.5707963268e+00 -2.4902865817e-01
2.0403148914e-05 1.6598811956e+04 1.5707963268e+00 -2.5168490877e-01
2.0619176369e-05 1.6600985915e+04 1.5707963268e+00 -2.5434047094e-01
2.0835171354e-05 1.6603183106e+04 1.5707963268e+00 -2.5699533750e-01
2.1051133541e-05 1.6605403532e+04 1.5707963268e+00 -2.5964950130e-01
2.1267062602e-05 1.6607647196e+04 1.5707963268e+00 -2.6230295520e-01
2.1482958210e-05 1.6609914102e+04 1.5707963268e+00 -2.6495569204e-01
2.1698820038e-05 1.6612204252e+04 1.5707963268e+00 -2.6760770470e-01
2.1914647759e-05 1.6614517650e+04 1.5707963268e+00 -2.7025898604e-01
2.2130441047e-05 1.6616854299e+04 1.5707963268e+00 -2.7290952896e-01
2.2346199577e-05 1.6619214203e+04 1.5707963268e+00 -2.7555932634e-01
2.2561923025e-05 1.6621597365e+04 1.5707963268e+00 -2.7820837108e-01
2.2777611067e-05 1.6624003787e+04 1.5707963268e+00 -2.8085665608e-01
2.2993263378e-05 1.6626433475e+04 1.5707963268e+00 -2.8350417426e-01
2.3208879635e-05 1.6628886430e+04 1.5707963268e+00 -2.8615091854e-01
2.3424459517e-05 1.6631362657e+04 1.5707963268e+00 -2.8879688186e-01
2.3640002701e-05 1.6633862159e+04 1.5707963268e+00 -2.9144205715e-01
2.3855508865e-05 1.6636384939e+04 1.5707963268e+00 -2.9408643736e-01
2.4070977691e-05 1.6638931001e+04 1.5707963268e+00 -2.9673001545e-01
2.4286408856e-05 1.6641500349e+04 1.5707963268e+00 -2.9937278438e-01
2.4501802042e-05 1.6644092985e+04 1.5707963268e+00 -3.0201473714e-01
2.4717156929e-05 1.6646708914e+04 1.5707963268e+00 -3.0465586669e-01
2.4932473200e-05 1.6649348139e+04 1.5707963268e+00 -3.0729616604e-01
2.5147750537e-05 1.6652010664e+04 1.5707963268e+00 -3.0993562819e-01
2.5362988622e-05 1.6654696493e+04 1.5707963268e+00 -3.1257424614e-01
2.5578187140e-05 1.6657405628e+04 1.5707963268e+00 -3.1521201292e-01
2.5793345773e-05 1.6660138074e+04 1.5707963268e+00 -3.1784892155e-01
2.6008464208e-05 1.6662893834e+04 1.5707963268e+00 -3.2048496508e-01
2.6223542130e-05 1.6665672913e+04 1.5707963268e+00 -3.2312013655e-01
2.6438579224e-05 1.6668475313e+04 1.5707963268e+00 -3.2575442902e-01
2.6653575178e-05 1.6671301039e+04 1.5707963268e+00 -3.2838783555e-01
2.6868529678e-05 1.6674150095e+04 1.5707963268e+00 -3.3102034923e-01
2.7083442414e-05 1.6677022483e+04 1.5707963268e+00 -3.3365196314e-01
2.7298313073e-05 1.6679918208e+04 1.5707963268e+00 -3.3628267037e-01
2.7513141344e-05 1.6682837274e+04 1.5707963268e+00 -3.3891246403e-01
2.7727926919e-05 1.6685779685e+04 1.5707963268e+00 -3.4154133724e-01
2.7942669487e-05 1.6688745444e+04 1.5707963268e+00 -3.4416928312e-01
2.8157368741e-05 1.6691734556e+04 1.5707963268e+00 -3.4679629482e-01
2.8372024371e-05 1.6694747023e+04 1.5707963268e+00 -3.4942236546e-01
2.8586636071e-05 1.6697782851e+04 1.5707963268e+00 -3.5204748822e-01
2.8801203534e-05 1.6700842043e+04 1.5707963268e+00 -3.5467165625e-01
2.9015726455e-05 1.6703924603e+04 1.5707963268e+00 -3.5729486275e-01
2.9230204527e-05 1.6707030534e+04 1.5707963268e+00 -3.5991710088e-01
2.9444637448e-05 1.6710159842e+04 1.5707963268e+00 -3.6253836385e-01
2.9659024912e-05 1.6713312529e+04 1.5707963268e+00 -3.6515864488e-01
2.9873366617e-05 1.6716488600e+04 1.5707963268e+00 -3.6777793717e-01
3.0087662261e-05 1.6719688059e+04 1.5707963268e+00 -3.7039623396e-01
3.0301911541e-05 1.6722910910e+04 1.5707963268e+00 -3.7301352850e-01
3.0516114158e-05 1.6726157156e+04 1.5707963268e+00 -3.7562981402e-01
3.0730269810e-05 1.6729426803e+04 1.5707963268e+00 -3.7824508380e-01
3.0944378198e-05 1.6732719853e+04 1.5707963268e+00 -3.8085933111e-01
3.1158439024e-05 1.6736036312e+04 1.5707963268e+00 -3.8347254923e-01
3.1372451990e-05 1.6739376182e+04 1.5707963268e+00 -3.8608473146e-01
3.1586416798e-05 1.6742739469e+04 1.5707963268e+00 -3.8869587111e-01
3.1800333153e-05 1.6746126176e+04 1.5707963268e+00 -3.9130596149e-01
3.2014200757e-05 1.6749536308e+04 1.5707963268e+00 -3.9391499594e-01
3.2228019317e-05 1.6752969868e+04 1.5707963268e+00 -3.9652296780e-01
3.2441788537e-05 1.6756426861e+04 1.5707963268e+00 -3.9912987042e-01
3.2655508126e-05 1.6759907290e+04 1.5707963268e+00 -4.0173569717e-01
3.2869177789e-05 1.6763411161e+04 1.5707963268e+00 -4.0434044142e-01
3.3082797235e-05 1.6766938476e+04 1.5707963268e+00 -4.0694409656e-01
3.3296366173e-05 1.6770489241e+04 1.5707963268e+00 -4.0954665599e-01
3.3509884313e-05 1.6774063460e+04 1.5707963268e+00 -4.1214811312e-01
3.3723351364e-05 1.6777661136e+04 1.5707963268e+00 -4.1474846138e-01
3.3936767039e-05 1.6781282274e+04 1.5707963268e+00 -4.1734769420e-01
3.4150131048e-05 1.6784926878e+04 1.5707963268e+00 -4.1994580503e-01
3.4363443106e-05 1.6788594952e+04 1.5707963268e+00 -4.2254278733e-01
3.4576702925e-05 1.6792286500e+04 1.5707963268e+00 -4.2513863458e-01
3.4789910220e-05 1.6796001528e+04 1.5707963268e+00 -4.2773334025e-01
3.5003064706e-05 1.6799740038e+04 1.5707963268e+00 -4.3032689785e-01
3.5216166099e-05 1.6803502035e+04 1.5707963268e+00 -4.3291930088e-01
3.5429214117e-05 1.6807287524e+04 1.5707963268e+00 -4.3551054287e-01
3.5642208475e-05 1.6811096508e+04 1.5707963268e+00 -4.3810061735e-01
3.5855148894e-05 1.6814928992e+04 1.5707963268e+00 -4.4068951787e-01
3.6068035092e-05 1.6818784981e+04 1.5707963268e+00 -4.4327723798e-01
3.6280866789e-05 1.6822664477e+04 1.5707963268e+00 -4.4586377127e-01
3.6493643707e-05 1.6826567486e+04 1.5707963268e+00 -4.4844911132e-01
3.6706365566e-05 1.6830494013e+04 1.5707963268e+00 -4.5103325172e-01
3.6919032091e-05 1.6834444060e+04 1.5707963268e+00 -4.5361618609e-01
3.7131643003e-05 1.6838417632e+04 1.5707963268e+00 -4.5619790805e-01
3.7344198028e-05 1.6842414735e+04 1.5707963268e+00 -4.5877841125e-01
3.7556696890e-05 1.6846435371e+04 1.5707963268e+00 -4.6135768932e-01
3.7769139315e-05 1.6850479545e+04 1.5707963268e+00 -4.6393573593e-01
3.7981525031e-05 1.6854547262e+04 1.5707963268e+00 -4.6651254477e-01
3.8193853764e-05 1.6858638526e+04 1.5707963268e+00 -4.6908810953e-01
3.8406125245e-05 1.6862753340e+04 1.5707963268e+00 -4.7166242390e-01
3.8618339201e-05 1.6866891710e+04 1.5707963268e+00 -4.7423548160e-01
3.8830495363e-05 1.6871053640e+04 1.5707963268e+00 -4.7680727637e-01
3.9042593462e-05 1.6875239133e+04 1.5707963268e+00 -4.7937780196e-01
3.9254633230e-05 1.6879448194e+04 1.5707963268e+00 -4.8194705211e-01
3.9466614401e-05 1.6883680828e+04 1.5707963268e+00 -4.8451502061e-01
3.9678536708e-05 1.6887937038e+04 1.5707963268e+00 -4.8708170124e-01
3.9890399885e-05 1.6892216829e+04 1.5707963268e+00 -4.8964708780e-01
4.0102203668e-05 1.6896520205e+04 1.5707963268e+00 -4.9221117410e-01
4.0313947793e-05 1.6900847171e+04 1.5707963268e+00 -4.9477395398e-01
4.0525631999e-05 1.6905197730e+04 1.5707963268e+00 -4.9733542127e-01
4.0737256022e-05 1.6909571887e+04 1.5707963268e+00 -4.9989556983e-01
4.0948819602e-05 1.6913969646e+04 1.5707963268e+00 -5.0245439353e-01
4.1160322479e-05 1.6918391012e+04 1.5707963268e+00 -5.0501188626e-01
4.1371764394e-05 1.6922835988e+04 1.5707963268e+00 -5.0756804192e-01
4.1583145088e-05 1.6927304578e+04 1.5707963268e+00 -5.1012285442e-01
4.1794464305e-05 1.6931796788e+04 1.5707963268e+00 -5.1267631769e-01
4.2005721788e-05 1.6936312621e+04 1.5707963268e+00 -5.1522842566e-01
4.2216917281e-05 1.6940852082e+04 1.5707963268e+00 -5.1777917231e-01
4.2428050530e-05 1.6945415174e+04 1.5707963268e+00 -5.2032855160e-01
4.2639121281e-05 1.6950001902e+04 1.5707963268e+00 -5.2287655751e-01
4.2850129282e-05 1.6954612269e+04 1.5707963268e+00 -5.2542318405e-01
4.3061074280e-05 1.6959246281e+04 1.5707963268e+00 -5.2796842524e-01
4.3271956025e-05 1.6963903942e+04 1.5707963268e+00 -5.3051227510e-01
4.3482774267e-05 1.6968585255e+04 1.5707963268e+00 -5.3305472769e-01
4.3693528756e-05 1.6973290224e+04 1.5707963268e+00 -5.3559577706e-01
4.3904219245e-05 1.6978018854e+04 1.5707963268e+00 -5.3813541729e-01
4.4114845487e-05 1.6982771150e+04 1.5707963268e+00 -5.4067364247e-01
4.4325407235e-05 1.6987547114e+04 1.5707963268e+00 -5.4321044671e-01
4.4535904243e-05 1.6992346751e+04 1.5707963268e+00 -5.4574582412e-01
4.4746336268e-05 1.6997170066e+04 1.5707963268e+00 -5.4827976885e-01
4.4956703067e-05 1.7002017062e+04 1.5707963268e+00 -5.5081227506e-01
4.5167004396e-05 1.7006887743e+04 1.5707963268e+00 -5.5334333689e-01
4.5377240014e-05 1.7011782114e+04 1.5707963268e+00 -5.5587294855e-01
4.5587409681e-05 1.7016700178e+04 1.5707963268e+00 -5.5840110423e-01
4.5797513157e-05 1.7021641939e+04 1.5707963268e+00 -5.6092779813e-01
4.6007550204e-05 1.7026607403e+04 1.5707963268e+00 -5.6345302451e-01
4.6217520583e-05 1.7031596571e+04 1.5707963268e+00 -5.6597677759e-01
4.6427424058e-05 1.7036609450e+04 1.5707963268e+00 -5.6849905164e-01
4.6637260393e-05 1.7041646041e+04 1.5707963268e+00 -5.7101984093e-01
4.6847029354e-05 1.7046706351e+04 1.5707963268e+00 -5.7353913977e-01
4.7056730706e-05 1.7051790381e+04 1.5707963268e+00 -5.7605694246e-01
4.7266364217e-05 1.7056898137e+04 1.5707963268e+00 -5.7857324332e-01
4.7475929654e-05 1.7062029622e+04 1.5707963268e+00 -5.8108803670e-01
4.7685426788e-05 1.7067184841e+04 1.5707963268e+00 -5.8360131696e-01
4.7894855387e-05 1.7072363796e+04 1.5707963268e+00 -5.8611307845e-01
4.8104215223e-05 1.7077566492e+04 1.5707963268e+00 -5.8862331559e-01
4.8313506069e-05 1.7082792933e+04 1.5707963268e+00 -5.9113202277e-01
4.8522727696e-05 1.7088043123e+04 1.5707963268e+00 -5.9363919441e-01
4.8731879879e-05 1.7093317065e+04 1.5707963268e+00 -5.9614482495e-01
4.8940962392e-05 1.7098614762e+04 1.5707963268e+00 -5.9864890885e-01
4.9149975013e-05 1.7103936220e+04 1.5707963268e+00 -6.0115144058e-01
4.9358917517e-05 1.7109281442e+04 1.5707963268e+00 -6.0365241462e-01
4.9567789683e-05 1.7114650431e+04 1.5707963268e+00 -6.0615182549e-01
4.9776591289e-05 1.7120043191e+04 1.5707963268e+00 -6.0864966770e-01
4.9985322115e-05 1.7125459726e+04 1.5707963268e+00 -6.1114593578e-01
5.0193981943e-05 1.7130900039e+04 1.5707963268e+00 -6.1364062430e-01
5.0402570554e-05 1.7136364134e+04 1.5707963268e+00 -6.1613372783e-01
5.0611087730e-05 1.7141852015e+04 1.5707963268e+00 -6.1862524094e-01
5.0819533257e-05 1.7147363685e+04 1.5707963268e+00 -6.2111515826e-01
5.1027906918e-05 1.7152899148e+04 1.5707963268e+00 -6.2360347439e-01
5.1236208500e-05 1.7158458408e+04 1.5707963268e+00 -6.2609018398e-01
5.1444437789e-05 1.7164041467e+04 1.5707963268e+00 -6.2857528169e-01
5.1652594574e-05 1.7169648330e+04 1.5707963268e+00 -6.3105876218e-01
5.1860678643e-05 1.7175279000e+04 1.5707963268e+00 -6.3354062014e-01
5.2068689785e-05 1.7180933481e+04 1.5707963268e+00 -6.3602085029e-01
5.2276627793e-05 1.7186611775e+04 1.5707963268e+00 -6.3849944735e-01
5.2484492458e-05 1.7192313886e+04 1.5707963268e+00 -6.4097640606e-01
5.2692283573e-05 1.7198039818e+04 1.5707963268e+00 -6.4345172117e-01
5.2900000931e-05 1.7203789574e+04 1.5707963268e+00 -6.4592538746e-01
5.3107644328e-05 1.7209563157e+04 1.5707963268e+00 -6.4839739974e-01
5.3315213560e-05 1.7215360570e+04 1.5707963268e+00 -6.5086775280e-01
5.3522708424e-05 1.7221181818e+04 1.5707963268e+00 -6.5333644148e-01
5.3730128717e-05 1.7227026902e+04 1.5707963268e+00 -6.5580346062e-01
5.3937474239e-05 1.7232895827e+04 1.5707963268e+00 -6.5826880508e-01
5.4144744789e-05 1.7238788596e+04 1.5707963268e+00 -6.6073246975e-01
5.4351940169e-05 1.7244705211e+04 1.5707963268e+00 -6.6319444953e-01
5.4559060181e-05 1.7250645675e+04 1.5707963268e+00 -6.6565473933e-01
5.4766104628e-05 1.7256609993e+04 1.5707963268e+00 -6.6811333409e-01
5.4973073314e-05 1.7262598166e+04 1.5707963268e+00 -6.7057022875e-01
5.5179966044e-05 1.7268610199e+04 1.5707963268e+00 -6.7302541829e-01
5.5386782625e-05 1.7274646093e+04 1.5707963268e+00 -6.7547889770e-01
5.5593522863e-05 1.7280705853e+04 1.5707963268e+00 -6.7793066198e-01
5.5800186567e-05 1.7286789480e+04 1.5707963268e+00 -6.8038070616e-01
5.6006773545e-05 1.7292896978e+04 1.5707963268e+00 -6.8282902527e-01
5.6213283609e-05 1.7299028350e+04 1.5707963268e+00 -6.8527561438e-01
5.6419716570e-05 1.7305183598e+04 1.5707963268e+00 -6.8772046856e-01
5.6626072239e-05 1.7311362726e+04 1.5707963268e+00 -6.9016358291e-01
5.6832350431e-05 1.7317565735e+04 1.5707963268e+00 -6.9260495255e-01
5.7038550959e-05 1.7323792630e+04 1.5707963268e+00 -6.9504457260e-01
5.7244673640e-05 1.7330043412e+04 1.5707963268e+00 -6.9748243822e-01
5.7450718289e-05 1.7336318085e+04 1.5707963268e+00 -6.9991854457e-01
5.7656684724e-05 1.7342616650e+04 1.5707963268e+00 -7.0235288685e-01
5.7862572763e-05 1.7348939111e+04 1.5707963268e+00 -7.0478546025e-01
5.8068382227e-05 1.7355285470e+04 1.5707963268e+00 -7.0721626001e-01
5.8274112935e-05 1.7361655729e+04 1.5707963268e+00 -7.0964528136e-01
5.8479764710e-05 1.7368049892e+04 1.5707963268e+00 -7.1207251957e-01
5.8685337374e-05 1.7374467960e+04 1.5707963268e+00 -7.1449796991e-01
5.8890830751e-05 1.7380909936e+04 1.5707963268e+00 -7.1692162768e-01
5.9096244664e-05 1.7387375823e+04 1.5707963268e+00 -7.1934348820e-01
5.9301578942e-05 1.7393865622e+04 1.5707963268e+00 -7.2176354680e-01
5.9506833409e-05 1.7400379336e+04 1.5707963268e+00 -7.2418179884e-01
5.9712007894e-05 1.7406916968e+04 1.5707963268e+00 -7.2659823969e-01
5.9917102226e-05 1.7413478519e+04 1.5707963268e+00 -7.2901286474e-01
6.0122116235e-05 1.7420063992e+04 1.5707963268e+00 -7.3142566940e-01
6.0327049751e-05 1.7426673389e+04 1.5707963268e+00 -7.3383664910e-01
6.0531902607e-05 1.7433306712e+04 1.5707963268e+00 -7.3624579929e-01
6.0736674635e-05 1.7439963963e+04 1.5707963268e+00 -7.3865311543e-01
6.0941365671e-05 1.7446645144e+04 1.5707963268e+00 -7.4105859301e-01
6.1145975548e-05 1.7453350257e+04 1.5707963268e+00 -7.4346222753e-01
6.1350504104e-05 1.7460079305e+04 1.5707963268e+00 -7.4586401451e-01
6.1554951174e-05 1.7466832288e+04 1.5707963268e+00 -7.4826394950e-01
6.1759316599e-05 1.7473609209e+04 1.5707963268e+00 -7.5066202806e-01
6.1963600216e-05 1.7480410070e+04 1.5707963268e+00 -7.5305824577e-01
6.2167801866e-05 1.7487234873e+04 1.5707963268e+00 -7.5545259823e-01
6.2371921391e-05 1.7494083619e+04 1.5707963268e+00 -7.5784508105e-01
6.2575958632e-05 1.7500956309e+04 1.5707963268e+00 -7.6023568988e-01
6.2779913434e-05 1.7507852947e+04 1.5707963268e+00 -7.6262442036e-01
6.2983785640e-05 1.7514773532e+04 1.5707963268e+00 -7.6501126819e-01
6.3187575097e-05 1.7521718067e+04 1.5707963268e+00 -7.6739622904e-01
6.3391281651e-05 1.7528686554e+04 1.5707963268e+00 -7.6977929864e-01
6.3594905149e-05 1.7535678993e+04 1.5707963268e+00 -7.7216047272e-01
6.3798445440e-05 1.7542695387e+04 1.5707963268e+00 -7.7453974703e-01
6.4001902374e-05 1.7549735736e+04 1.5707963268e+00 -7.7691711735e-01
6.4205275801e-05 1.7556800042e+04 1.5707963268e+00 -7.7929257946e-01
6.4408565574e-05 1.7563888307e+04 1.5707963268e+00 -7.8166612918e-01
6.4611771544e-05 1.7571000531e+04 1.5707963268e+00 -7.8403776234e-01
6.4814893567e-05 1.7578136715e+04 1.5707963268e+00 -7.8640747479e-01
6.5017931495e-05 1.7585296862e+04 1.5707963268e+00 -7.8877526239e-01
6.5220885187e-05 1.7592480971e+04 1.5707963268e+00 -7.9114112104e-01
6.5423754497e-05 1.7599689045e+04 1.5707963268e+00 -7.9350504665e-01
6.5626539286e-05 1.7606921084e+04 1.5707963268e+00 -7.9586703514e-01
6.5829239410e-05 1.7614177088e+04 1.5707963268e+00 -7.9822708245e-01
6.6031854731e-05 1.7621457060e+04 1.5707963268e+00 -8.0058518457e-01
6.6234385109e-05 1.7628760999e+04 1.5707963268e+00 -8.0294133747e-01
6.6436830407e-05 1.7636088907e+04 1.5707963268e+00 -8.0529553716e-01
6.6639190488e-05 1.7643440785e+04 1.5707963268e+00 -8.0764777967e-01
6.6841465216e-05 1.7650816632e+04 1.5707963268e+00 -8.0999806103e-01
6.7043654455e-05 1.7658216451e+04 1.5707963268e+00 -8.1234637733e-01
6.7245758073e-05 1.7665640240e+04 1.5707963268e+00 -8.1469272464e-01
6.7447775937e-05 1.7673088002e+04 1.5707963268e+00 -8.1703709907e-01
6.7649707914e-05 1.7680559736e+04 1.5707963268e+00 -8.1937949674e-01
6.7851553875e-05 1.7688055444e+04 1.5707963268e+00 -8.2171991380e-01
6.8053313688e-05 1.7695575124e+04 1.5707963268e+00 -8.2405834641e-01
6.8254987227e-05 1.7703118779e+04 1.5707963268e+00 -8.2639479075e-01
6.8456574363e-05 1.7710686407e+04 1.5707963268e+00 -8.2872924304e-01
6.8658074970e-05 1.7718278010e+04 1.5707963268e+00 -8.3106169948e-01
6.8859488922e-05 1.7725893587e+04 1.5707963268e+00 -8.3339215634e-01
6.9060816094e-05 1.7733533139e+04 1.5707963268e+00 -8.3572060986e-01
6.9262056364e-05 1.7741196666e+04 1.5707963268e+00 -8.3804705634e-01
6.9463209608e-05 1.7748884167e+04 1.5707963268e+00 -8.4037149208e-01
6.9664275705e-05 1.7756595644e+04 1.5707963268e+00 -8.4269391339e-01
6.9865254535e-05 1.7764331095e+04 1.5707963268e+00 -8.4501431663e-01
7.0066145978e-05 1.7772090521e+04 1.5707963268e+00 -8.4733269816e-01
7.0266949916e-05 1.7779873921e+04 1.5707963268e+00 -8.4964905436e-01
7.0467666232e-05 1.7787681296e+04 1.5707963268e+00 -8.5196338164e-01
7.0668294809e-05 1.7795512644e+04 1.5707963268e+00 -8.5427567641e-01
7.0868835531e-05 1.7803367966e+04 1.5707963268e+00 -8.5658593512e-01
7.1069288285e-05 1.7811247262e+04 1.5707963268e+00 -8.5889415423e-01
7.1269652957e-05 1.7819150530e+04 1.5707963268e+00 -8.6120033024e-01
7.1469929435e-05 1.7827077771e+04 1.5707963268e+00 -8.6350445963e-01
7.1670117607e-05 1.7835028983e+04 1.5707963268e+00 -8.6580653894e-01
7.1870217363e-05 1.7843004166e+04 1.5707963268e+00 -8.6810656471e-01
7.2070228595e-05 1.7851003320e+04 1.5707963268e+00 -8.7040453350e-01
7.2270151193e-05 1.7859026444e+04 1.5707963268e+00 -8.7270044190e-01
7.2469985050e-05 1.7867073536e+04 1.5707963268e+00 -8.7499428651e-01
7.2669730060e-05 1.7875144597e+04 1.5707963268e+00 -8.7728606395e-01
7.2869386119e-05 1.7883239625e+04 1.5707963268e+00 -8.7957577087e-01
7.3068953120e-05 1.7891358619e+04 1.5707963268e+00 -8.8186340393e-01
7.3268430962e-05 1.7899501578e+04 1.5707963268e+00 -8.8414895983e-01
7.3467819543e-05 1.7907668502e+04 1.5707963268e+00 -8.8643243525e-01
7.3667118759e-05 1.7915859388e+04 1.5707963268e+00 -8.8871382694e-01
7.3866328513e-05 1.7924074236e+04 1.5707963268e+00 -8.9099313163e-01
7.4065448703e-05 1.7932313045e+04 1.5707963268e+00 -8.9327034608e-01
7.4264479233e-05 1.7940575813e+04 1.5707963268e+00 -8.9554546710e-01
7.4463420004e-05 1.7948862539e+04 1.5707963268e+00 -8.9781849147e-01
7.4662270921e-05 1.7957173221e+04 1.5707963268e+00 -9.0008941603e-01
7.4861031888e-05 1.7965507858e+04 1.5707963268e+00 -9.0235823762e-01
7.5059702810e-05 1.7973866449e+04 1.5707963268e+00 -9.0462495311e-01
7.5258283595e-05 1.7982248991e+04 1.5707963268e+00 -9.0688955939e-01
7.5456774150e-05 1.7990655484e+04 1.5707963268e+00 -9.0915205336e-01
7.5655174384e-05 1.7999085924e+04 1.5707963268e+00 -9.1141243196e-01
7.5853484207e-05 1.8007540312e+04 1.5707963268e+00 -9.1367069212e-01
7.6051703528e-05 1.8016018644e+04 1.5707963268e+00 -9.1592683081e-01
7.6249832259e-05 1.8024520918e+04 1.5707963268e+00 -9.1818084503e-01
7.6447870314e-05 1.8033047134e+04 1.5707963268e+00 -9.2043273179e-01
7.6645817606e-05 1.8041597288e+04 1.5707963268e+00 -9.2268248810e-01
7.6843674049e-05 1.8050171379e+04 1.5707963268e+00 -9.2493011103e-01
7.7041439558e-05 1.8058769404e+04 1.5707963268e+00 -9.2717559763e-01
7.7239114050e-05 1.8067391362e+04 1.5707963268e+00 -9.2941894500e-01
7.7436697443e-05 1.8076037249e+04 1.5707963268e+00 -9.3166015025e-01
7.7634189655e-05 1.8084707065e+04 1.5707963268e+00 -9.3389921050e-01
7.7831590605e-05 1.8093400805e+04 1.5707963268e+00 -9.3613612292e-01
7.8028900214e-05 1.8102118468e+04 1.5707963268e+00 -9.3837088466e-01
7.8226118402e-05 1.8110860051e+04 1.5707963268e+00 -9.4060349292e-01
7.8423245093e-05 1.8119625551e+04 1.5707963268e+00 -9.4283394491e-01
7.8620280209e-05 1.8128414966e+04 1.5707963268e+00 -9.4506223786e-01
7.8817223674e-05 1.8137228294e+04 1.5707963268e+00 -9.4728836903e-01
7.9014075414e-05 1.8146065530e+04 1.5707963268e+00 -9.4951233568e-01
7.9210835354e-05 1.8154926673e+04 1.5707963268e+00 -9.5173413510e-01
7.9407503422e-05 1.8163811719e+04 1.5707963268e+00 -9.5395376461e-01
7.9604079545e-05 1.8172720666e+04 1.5707963268e+00 -9.5617122154e-01
7.9800563653e-05 1.8181653511e+04 1.5707963268e+00 -9.5838650325e-01
7.9996955675e-05 1.8190610249e+04 1.5707963268e+00 -9.6059960710e-01
8.0193255542e-05 1.8199590879e+04 1.5707963268e+00 -9.6281053049e-01
8.0389463186e-05 1.8208595396e+04 1.5707963268e+00 -9.6501927083e-01
8.0585578540e-05 1.8217623798e+04 1.5707963268e+00 -9.6722582556e-01
8.0781601536e-05 1.8226676081e+04 1.5707963268e+00 -9.6943019213e-01
8.0977532110e-05 1.8235752242e+04 1.5707963268e+00 -9.7163236801e-01
8.1173370198e-05 1.8244852276e+04 1.5707963268e+00 -9.7383235070e-01
8.1369115734e-05 1.8253976181e+04 1.5707963268e+00 -9.7603013771e-01
8.1564768658e-05 1.8263123953e+04 1.5707963268e+00 -9.7822572658e-01
8.1760328906e-05 1.8272295589e+04 1.5707963268e+00 -9.8041911486e-01
8.1955796419e-05 1.8281491083e+04 1.5707963268e+00 -9.8261030013e-01
8.2151171136e-05 1.8290710433e+04 1.5707963268e+00 -9.8479927997e-01
8.2346452998e-05 1.8299953634e+04 1.5707963268e+00 -9.8698605202e-01
8.2541641947e-05 1.8309220684e+04 1.5707963268e+00 -9.8917061389e-01
8.2736737927e-05 1.8318511576e+04 1.5707963268e+00 -9.9135296326e-01
8.2931740881e-05 1.8327826308e+04 1.5707963268e+00 -9.9353309778e-01
8.3126650753e-05 1.8337164875e+04 1.5707963268e+00 -9.9571101516e-01
8.3321467489e-05 1.8346527273e+04 1.5707963268e+00 -9.9788671312e-01
8.3516191036e-05 1.8355913498e+04 1.5707963268e+00 -1.0000601894e+00
8.3710821341e-05 1.8365323544e+04 1.5707963268e+00 -1.0022314417e+00
8.3905358352e-05 1.8374757409e+04 1.5707963268e+00 -1.0044004679e+00
8.4099802018e-05 1.8384215086e+04 1.5707963268e+00 -1.0065672657e+00
8.4294152291e-05 1.8393696572e+04 1.5707963268e+00 -1.0087318330e+00
8.4488409119e-05 1.8403201863e+04 1.5707963268e+00 -1.0108941675e+00
8.4682572457e-05 1.8412730952e+04 1.5707963268e+00 -1.0130542672e+00
8.4876642255e-05 1.8422283835e+04 1.5707963268e+00 -1.0152121299e+00
8.5070618468e-05 1.8431860508e+04 1.5707963268e+00 -1.0173677536e+00
8.5264501051e-05 1.8441460966e+04 1.5707963268e+00 -1.0195211361e+00
8.5458289959e-05 1.8451085203e+04 1.5707963268e+00 -1.0216722753e+00
8.5651985147e-05 1.8460733215e+04 1.5707963268e+00 -1.0238211693e+00
8.5845586574e-05 1.8470404996e+04 1.5707963268e+00 -1.0259678159e+00
8.6039094198e-05 1.8480100541e+04 1.5707963268e+00 -1.0281122133e+00
8.6232507977e-05 1.8489819844e+04 1.5707963268e+00 -1.0302543594e+00
8.6425827871e-05 1.8499562901e+04 1.5707963268e+00 -1.0323942522e+00
8.6619053840e-05 1.8509329706e+04 1.5707963268e+00 -1.0345318898e+00
8.6812185847e-05 1.8519120254e+04 1.5707963268e+00 -1.0366672703e+00
8.7005223854e-05 1.8528934538e+04 1.5707963268e+00 -1.0388003918e+00
8.7198167824e-05 1.8538772554e+04 1.5707963268e+00 -1.0409312524e+00
8.7391017721e-05 1.8548634296e+04 1.5707963268e+00 -1.0430598502e+00
8.7583773510e-05 1.8558519757e+04 1.5707963268e+00 -1.0451861833e+00
8.7776435156e-05 1.8568428932e+04 1.5707963268e+00 -1.0473102500e+00
8.7969002628e-05 1.8578361815e+04 1.5707963268e+00 -1.0494320485e+00
8.8161475892e-05 1.8588318400e+04 1.5707963268e+00 -1.0515515769e+00
8.8353854916e-05 1.8598298681e+04 1.5707963268e+00 -1.0536688335e+00
8.8546139670e-05 1.8608302652e+04 1.5707963268e+00 -1.0557838165e+00
8.8738330123e-05 1.8618330306e+04 1.5707963268e+00 -1.0578965243e+00
8.8930426248e-05 1.8628381638e+04 1.5707963268e+00 -1.0600069550e+00
8.9122428015e-05 1.8638456641e+04 1.5707963268e+00 -1.0621151071e+00
8.9314335397e-05 1.8648555309e+04 1.5707963268e+00 -1.0642209788e+00
8.9506148367e-05 1.8658677635e+04 1.5707963268e+00 -1.0663245685e+00
8.9697866900e-05 1.8668823612e+04 1.5707963268e+00 -1.0684258746e+00
8.9889490970e-05 1.8678993234e+04 1.5707963268e+00 -1.0705248955e+00
9.0081020555e-05 1.8689186495e+04 1.5707963268e+00 -1.0726216295e+00
9.0272455629e-05 1.8699403387e+04 1.5707963268e+00 -1.0747160751e+00
9.0463796171e-05 1.8709643904e+04 1.5707963268e+00 -1.0768082307e+00
9.0655042159e-05 1.8719908039e+04 1.5707963268e+00 -1.0788980949e+00
9.0846193573e-05 1.8730195784e+04 1.5707963268e+00 -1.0809856660e+00
9.1037250391e-05 1.8740507133e+04 1.5707963268e+00 -1.0830709427e+00
9.1228212596e-05 1.8750842079e+04 1.5707963268e+00 -1.0851539234e+00
9.1419080168e-05 1.8761200615e+04 1.5707963268e+00 -1.0872346066e+00
9.1609853090e-05 1.8771582732e+04 1.5707963268e+00 -1.0893129910e+00
9.1800531345e-05 1.8781988425e+04 1.5707963268e+00 -1.0913890751e+00
9.1991114917e-05 1.8792417685e+04 1.5707963268e+00 -1.0934628575e+00
9.2181603790e-05 1.8802870505e+04 1.5707963268e+00 -1.0955343369e+00
9.2371997951e-05 1.8813346877e+04 1.5707963268e+00 -1.0976035118e+00
9.2562297385e-05 1.8823846794e+04 1.5707963268e+00 -1.0996703810e+00
9.2752502080e-05 1.8834370249e+04 1.5707963268e+00 -1.1017349431e+00
9.2942612024e-05 1.8844917233e+04 1.5707963268e+00 -1.1037971968e+00
9.3132627205e-05 1.8855487738e+04 1.5707963268e+00 -1.1058571409e+00
9.3322547612e-05 1.8866081757e+04 1.5707963268e+00 -1.1079147740e+00
9.3512373236e-05 1.8876699282e+04 1.5707963268e+00 -1.1099700950e+00
9.3702104068e-05 1.8887340305e+04 1.5707963268e+00 -1.1120231025e+00
9.3891740100e-05 1.8898004817e+04 1.5707963268e+00 -1.1140737954e+00
9.4081281324e-05 1.8908692811e+04 1.5707963268e+00 -1.1161221726e+00
9.4270727734e-05 1.8919404278e+04 1.5707963268e+00 -1.1181682327e+00
9.4460079322e-05 1.8930139209e+04 1.5707963268e+00 -1.1202119748e+00
9.4649336085e-05 1.8940897597e+04 1.5707963268e+00 -1.1222533976e+00
9.4838498018e-05 1.8951679434e+04 1.5707963268e+00 -1.1242925000e+00
9.5027565117e-05 1.8962484709e+04 1.5707963268e+00 -1.1263292810e+00
9.5216537380e-05 1.8973313416e+04 1.5707963268e+00 -1.1283637394e+00
9.5405414803e-05 1.8984165544e+04 1.5707963268e+00 -1.1303958743e+00
9.5594197386e-05 1.8995041086e+04 1.5707963268e+00 -1.1324256845e+00
9.5782885127e-05 1.9005940033e+04 1.5707963268e+00 -1.1344531690e+00
9.5971478028e-05 1.9016862375e+04 1.5707963268e+00 -1.1364783269e+00
9.6159976088e-05 1.9027808104e+04 1.5707963268e+00 -1.1385011572e+00
9.6348379308e-05 1.9038777211e+04 1.5707963268e+00 -1.1405216589e+00
9.6536687693e-05 1.9049769687e+04 1.5707963268e+00 -1.1425398310e+00
9.6724901243e-05 1.9060785521e+04 1.5707963268e+00 -1.1445556726e+00
9.6913019963e-05 1.9071824707e+04 1.5707963268e+00 -1.1465691829e+00
9.7101043858e-05 1.9082887233e+04 1.5707963268e+00 -1.1485803608e+00
9.7288972932e-05 1.9093973090e+04 1.5707963268e+00 -1.1505892057e+00
9.7476807191e-05 1.9105082270e+04 1.5707963268e+00 -1.1525957165e+00
9.7664546641e-05 1.9116214762e+04 1.5707963268e+00 -1.1545998925e+00
9.7852191291e-05 1.9127370557e+04 1.5707963268e+00 -1.1566017328e+00
9.8039741147e-05 1.9138549646e+04 1.5707963268e+00 -1.1586012367e+00
9.8227196218e-05 1.9149752018e+04 1.5707963268e+00 -1.1605984033e+00
9.8414556515e-05 1.9160977664e+04 1.5707963268e+00 -1.1625932319e+00
9.8601822046e-05 1.9172226573e+04 1.5707963268e+00 -1.1645857218e+00
9.8788992823e-05 1.9183498737e+04 1.5707963268e+00 -1.1665758722e+00
9.8976068856e-05 1.9194794144e+04 1.5707963268e+00 -1.1685636824e+00
9.9163050159e-05 1.9206112786e+04 1.5707963268e+00 -1.1705491517e+00
9.9349936743e-05 1.9217454651e+04 1.5707963268e+00 -1.1725322795e+00
9.9536728622e-05 1.9228819729e+04 1.5707963268e+00 -1.1745130650e+00
9.9723425811e-05 1.9240208011e+04 1.5707963268e+00 -1.1764915077e+00
9.9910028324e-05 1.9251619485e+04 1.5707963268e+00 -1.1784676070e+00
1.0009653618e-04 1.9263054142e+04 1.5707963268e+00 -1.1804413622e+00
1.0028294939e-04 1.9274511970e+04 1.5707963268e+00 -1.1824127727e+00
1.0046926797e-04 1.9285992960e+04 1.5707963268e+00 -1.1843818380e+00
1.0065549194e-04 1.9297497101e+04 1.5707963268e+00 -1.1863485575e+00
1.0084162132e-04 1.9309024381e+04 1.5707963268e+00 -1.1883129307e+00
1.0102765612e-04 1.9320574791e+04 1.5707963268e+00 -1.1902749571e+00
1.0121359638e-04 1.9332148318e+04 1.5707963268e+00 -1.1922346362e+00
1.0139944210e-04 1.9343744954e+04 1.5707963268e+00 -1.1941919675e+00
1.0158519331e-04 1.9355364685e+04 1.5707963268e+00 -1.1961469505e+00
1.0177085002e-04 1.9367007502e+04 1.5707963268e+00 -1.1980995848e+00
1.0195641227e-04 1.9378673393e+04 1.5707963268e+00 -1.2000498700e+00
1.0214188007e-04 1.9390362347e+04 1.5707963268e+00 -1.2019978057e+00
1.0232725345e-04 1.9402074353e+04 1.5707963268e+00 -1.2039433914e+00
1.0251253243e-04 1.9413809399e+04 1.5707963268e+00 -1.2058866268e+00
1.0269771703e-04 1.9425567475e+04 1.5707963268e+00 -1.2078275115e+00
1.0288280728e-04 1.9437348567e+04 1.5707963268e+00 -1.2097660452e+00
1.0306780321e-04 1.9449152666e+04 1.5707963268e+00 -1.2117022276e+00
1.0325270485e-04 1.9460979759e+04 1.5707963268e+00 -1.2136360583e+00
1.0343751221e-04 1.9472829835e+04 1.5707963268e+00 -1.2155675371e+00
1.0362222533e-04 1.9484702882e+04 1.5707963268e+00 -1.2174966636e+00
1.0380684424e-04 1.9496598888e+04 1.5707963268e+00 -1.2194234377e+00
1.0399136896e-04 1.9508517841e+04 1.5707963268e+00 -1.2213478591e+00
1.0417579953e-04 1.9520459730e+04 1.5707963268e+00 -1.2232699276e+00
1.0436013597e-04 1.9532424542e+04 1.5707963268e+00 -1.2251896429e+00
1.0454437832e-04 1.9544412265e+04 1.5707963268e+00 -1.2271070049e+00
1.0472852660e-04 1.9556422887e+04 1.5707963268e+00 -1.2290220134e+00
1.0491258086e-04 1.9568456396e+04 1.5707963268e+00 -1.2309346682e+00
1.0509654111e-04 1.9580512780e+04 1.5707963268e+00 -1.2328449692e+00
1.0528040740e-04 1.9592592026e+04 1.5707963268e+00 -1.2347529164e+00
1.0546417975e-04 1.9604694122e+04 1.5707963268e+00 -1.2366585094e+00
1.0564785821e-04 1.9616819055e+04 1.5707963268e+00 -1.2385617484e+00
1.0583144281e-04 1.9628966813e+04 1.5707963268e+00 -1.2404626331e+00
1.0601493357e-04 1.9641137384e+04 1.5707963268e+00 -1.2423611637e+00
1.0619833055e-04 1.9653330753e+04 1.5707963268e+00 -1.2442573399e+00
1.0638163377e-04 1.9665546910e+04 1.5707963268e+00 -1.2461511618e+00
1.0656484328e-04 1.9677785840e+04 1.5707963268e+00 -1.2480426293e+00
1.0674795910e-04 1.9690047532e+04 1.5707963268e+00 -1.2499317425e+00
1.0693098128e-04 1.9702331971e+04 1.5707963268e+00 -1.2518185015e+00
1.0711390986e-04 1.9714639146e+04 1.5707963268e+00 -1.2537029061e+00
1.0729674487e-04 1.9726969043e+04 1.5707963268e+00 -1.2555849566e+00
1.0747948637e-04 1.9739321649e+04 1.5707963268e+00 -1.2574646529e+00
1.0766213437e-04 1.9751696950e+04 1.5707963268e+00 -1.2593419952e+00
1.0784468894e-04 1.9764094934e+04 1.5707963268e+00 -1.2612169835e+00
1.0802715011e-04 1.9776515587e+04 1.5707963268e+00 -1.2630896180e+00
1.0820951791e-04 1.9788958896e+04 1.5707963268e+00 -1.2649598988e+00
1.0839179241e-04 1.9801424847e+04 1.5707963268e+00 -1.2668278260e+00
1.0857397363e-04 1.9813913426e+04 1.5707963268e+00 -1.2686933999e+00
1.0875606162e-04 1.9826424621e+04 1.5707963268e+00 -1.2705566206e+00
1.0893805642e-04 1.9838958417e+04 1.5707963268e+00 -1.2724174882e+00
1.0911995809e-04 1.9851514801e+04 1.5707963268e+00 -1.2742760031e+00
1.0930176666e-04 1.9864093759e+04 1.5707963268e+00 -1.2761321654e+00
1.0948348218e-04 1.9876695277e+04 1.5707963268e+00 -1.2779859754e+00
1.0966510471e-04 1.9889319341e+04 1.5707963268e+00 -1.2798374333e+00
1.0984663427e-04 1.9901965937e+04 1.5707963268e+00 -1.2816865394e+00
1.1002807093e-04 1.9914635052e+04 1.5707963268e+00 -1.2835332940e+00
1.1020941473e-04 1.9927326670e+04 1.5707963268e+00 -1.2853776974e+00
1.1039066571e-04 1.9940040779e+04 1.5707963268e+00 -1.2872197500e+00
1.1057182394e-04 1.9952777363e+04 1.5707963268e+00 -1.2890594520e+00
1.1075288945e-04 1.9965536408e+04 1.5707963268e+00 -1.2908968038e+00
1.1093386230e-04 1.9978317901e+04 1.5707963268e+00 -1.2927318057e+00
1.1111474253e-04 1.9991121826e+04 1.5707963268e+00 -1.2945644582e+00
1.1129553020e-04 2.0003948170e+04 1.5707963268e+00 -1.2963947617e+00
1.1147622536e-04 2.0016796917e+04 1.5707963268e+00 -1.2982227165e+00
1.1165682806e-04 2.0029668053e+04 1.5707963268e+00 -1.3000483230e+00
1.1183733836e-04 2.0042561563e+04 1.5707963268e+00 -1.3018715818e+00
1.1201775630e-04 2.0055477433e+04 1.5707963268e+00 -1.3036924932e+00
1.1219808194e-04 2.0068415648e+04 1.5707963268e+00 -1.3055110578e+00
1.1237831534e-04 2.0081376193e+04 1.5707963268e+00 -1.3073272760e+00
1.1255845654e-04 2.0094359053e+04 1.5707963268e+00 -1.3091411482e+00
1.1273850560e-04 2.0107364213e+04 1.5707963268e+00 -1.3109526751e+00
1.1291846258e-04 2.0120391658e+04 1.5707963268e+00 -1.3127618572e+00
1.1309832754e-04 2.0133441373e+04 1.5707963268e+00 -1.3145686949e+00
1.1327810052e-04 2.0146513343e+04 1.5707963268e+00 -1.3163731889e+00
1.1345778159e-04 2.0159607553e+04 1.5707963268e+00 -1.3181753396e+00
1.1363737080e-04 2.0172723987e+04 1.5707963268e+00 -1.3199751478e+00
1.1381686822e-04 2.0185862631e+04 1.5707963268e+00 -1.3217726139e+00
1.1399627389e-04 2.0199023468e+04 1.5707963268e+00 -1.3235677386e+00
1.1417558787e-04 2.0212206483e+04 1.5707963268e+00 -1.3253605226e+00
1.1435481024e-04 2.0225411662e+04 1.5707963268e+00 -1.3271509664e+00
1.1453394103e-04 2.0238638987e+04 1.5707963268e+00 -1.3289390707e+00
1.1471298032e-04 2.0251888444e+04 1.5707963268e+00 -1.3307248362e+00
1.1489192817e-04 2.0265160017e+04 1.5707963268e+00 -1.3325082635e+00
1.1507078463e-04 2.0278453690e+04 1.5707963268e+00 -1.3342893534e+00
1.1524954977e-04 2.0291769448e+04 1.5707963268e+00 -1.3360681066e+00
1.1542822364e-04 2.0305107274e+04 1.5707963268e+00 -1.3378445237e+00
1.1560680631e-04 2.0318467153e+04 1.5707963268e+00 -1.3396186056e+00
1.1578529784e-04 2.0331849069e+04 1.5707963268e+00 -1.3413903529e+00
1.1596369830e-04 2.0345253005e+04 1.5707963268e+00 -1.3431597664e+00
1.1614200775e-04 2.0358678946e+04 1.5707963268e+00 -1.3449268470e+00
1.1632022624e-04 2.0372126875e+04 1.5707963268e+00 -1.3466915953e+00
1.1649835385e-04 2.0385596777e+04 1.5707963268e+00 -1.3484540122e+00
1.1667639064e-04 2.0399088635e+04 1.5707963268e+00 -1.3502140985e+00
1.1685433667e-04 2.0412602432e+04 1.5707963268e+00 -1.3519718551e+00
1.1703219201e-04 2.0426138153e+04 1.5707963268e+00 -1.3537272827e+00
1.1720995672e-04 2.0439695781e+04 1.5707963268e+00 -1.3554803822e+00
1.1738763088e-04 2.0453275299e+04 1.5707963268e+00 -1.3572311546e+00
1.1756521453e-04 2.0466876692e+04 1.5707963268e+00 -1.3589796006e+00
1.1774270777e-04 2.0480499942e+04 1.5707963268e+00 -1.3607257213e+00
1.1792011064e-04 2.0494145032e+04 1.5707963268e+00 -1.3624695173e+00
1.1809742322e-04 2.0507811947e+04 1.5707963268e+00 -1.3642109898e+00
1.1827464557e-04 2.0521500669e+04 1.5707963268e+00 -1.3659501396e+00
1.1845177777e-04 2.0535211182e+04 1.5707963268e+00 -1.3676869677e+00
1.1862881988e-04 2.0548943469e+04 1.5707963268e+00 -1.3694214751e+00
1.1880577197e-04 2.0562697512e+04 1.5707963268e+00 -1.3711536626e+00
1.1898263411e-04 2.0576473295e+04 1.5707963268e+00 -1.3728835313e+00
1.1915940638e-04 2.0590270801e+04 1.5707963268e+00 -1.3746110822e+00
1.1933608883e-04 2.0604090013e+04 1.5707963268e+00 -1.3763363163e+00
1.1951268154e-04 2.0617930914e+04 1.5707963268e+00 -1.3780592346e+00
1.1968918458e-04 2.0631793486e+04 1.5707963268e+00 -1.3797798382e+00
1.1986559803e-04 2.0645677713e+04 1.5707963268e+00 -1.3814981280e+00
1.2004192195e-04 2.0659583576e+04 1.5707963268e+00 -1.3832141052e+00
1.2021815641e-04 2.0673511060e+04 1.5707963268e+00 -1.3849277707e+00
1.2039430149e-04 2.0687460146e+04 1.5707963268e+00 -1.3866391258e+00
1.2057035727e-04 2.0701430816e+04 1.5707963268e+00 -1.3883481715e+00
1.2074632380e-04 2.0715423055e+04 1.5707963268e+00 -1.3900549088e+00
1.2092220118e-04 2.0729436843e+04 1.5707963268e+00 -1.3917593390e+00
1.2109798946e-04 2.0743472163e+04 1.5707963268e+00 -1.3934614631e+00
1.2127368873e-04 2.0757528999e+04 1.5707963268e+00 -1.3951612823e+00
1.2144929905e-04 2.0771607331e+04 1.5707963268e+00 -1.3968587977e+00
1.2162482051e-04 2.0785707143e+04 1.5707963268e+00 -1.3985540105e+00
1.2180025318e-04 2.0799828417e+04 1.5707963268e+00 -1.4002469219e+00
1.2197559713e-04 2.0813971134e+04 1.5707963268e+00 -1.4019375330e+00
1.2215085244e-04 2.0828135277e+04 1.5707963268e+00 -1.4036258451e+00
1.2232601918e-04 2.0842320828e+04 1.5707963268e+00 -1.4053118594e+00
1.2250109743e-04 2.0856527770e+04 1.5707963268e+00 -1.4069955771e+00
1.2267608727e-04 2.0870756083e+04 1.5707963268e+00 -1.4086769994e+00
1.2285098878e-04 2.0885005750e+04 1.5707963268e+00 -1.4103561275e+00
1.2302580202e-04 2.0899276753e+04 1.5707963268e+00 -1.4120329628e+00
1.2320052709e-04 2.0913569074e+04 1.5707963268e+00 -1.4137075065e+00
1.2337516405e-04 2.0927882694e+04 1.5707963268e+00 -1.4153797598e+00
1.2354971298e-04 2.0942217595e+04 1.5707963268e+00 -1.4170497241e+00
1.2372417397e-04 2.0956573759e+04 1.5707963268e+00 -1.4187174007e+00
1.2389854709e-04 2.0970951168e+04 1.5707963268e+00 -1.4203827908e+00
1.2407283242e-04 2.0985349803e+04 1.5707963268e+00 -1.4220458958e+00
1.2424703003e-04 2.0999769646e+04 1.5707963268e+00 -1.4237067171e+00
1.2442114002e-04 2.1014210678e+04 1.5707963268e+00 -1.4253652559e+00
1.2459516246e-04 2.1028672880e+04 1.5707963268e+00 -1.4270215137e+00
1.2476909742e-04 2.1043156235e+04 1.5707963268e+00 -1.4286754917e+00
1.2494294500e-04 2.1057660723e+04 1.5707963268e+00 -1.4303271914e+00
1.2511670526e-04 2.1072186326e+04 1.5707963268e+00 -1.4319766142e+00
1.2529037830e-04 2.1086733025e+04 1.5707963268e+00 -1.4336237614e+00
1.2546396418e-04 2.1101300802e+04 1.5707963268e+00 -1.4352686345e+00
1.2563746300e-04 2.1115889637e+04 1.5707963268e+00 -1.4369112348e+00
1.2581087484e-04 2.1130499512e+04 1.5707963268e+00 -1.4385515639e+00
1.2598419977e-04 2.1145130408e+04 1.5707963268e+00 -1.4401896231e+00
1.2615743789e-04 2.1159782305e+04 1.5707963268e+00 -1.4418254139e+00
1.2633058926e-04 2.1174455186e+04 1.5707963268e+00 -1.4434589378e+00
1.2650365398e-04 2.1189149030e+04 1.5707963268e+00 -1.4450901961e+00
1.2667663213e-04 2.1203863819e+04 1.5707963268e+00 -1.4467191905e+00
1.2684952379e-04 2.1218599534e+04 1.5707963268e+00 -1.4483459224e+00
1.2702232905e-04 2.1233356156e+04 1.5707963268e+00 -1.4499703933e+00
1.2719504798e-04 2.1248133665e+04 1.5707963268e+00 -1.4515926046e+00
1.2736768068e-04 2.1262932042e+04 1.5707963268e+00 -1.4532125580e+00
1.2754022723e-04 2.1277751268e+04 1.5707963268e+00 -1.4548302550e+00
1.2771268770e-04 2.1292591323e+04 1.5707963268e+00 -1.4564456970e+00
1.2788506220e-04 2.1307452189e+04 1.5707963268e+00 -1.4580588856e+00
1.2805735079e-04 2.1322333846e+04 1.5707963268e+00 -1.4596698225e+00
1.2822955357e-04 2.1337236274e+04 1.5707963268e+00 -1.4612785091e+00
1.2840167063e-04 2.1352159454e+04 1.5707963268e+00 -1.4628849471e+00
1.2857370204e-04 2.1367103366e+04 1.5707963268e+00 -1.4644891380e+00
1.2874564790e-04 2.1382067991e+04 1.5707963268e+00 -1.4660910834e+00
1.2891750829e-04 2.1397053310e+04 1.5707963268e+00 -1.4676907849e+00
1.2908928330e-04 2.1412059302e+04 1.5707963268e+00 -1.4692882442e+00
1.2926097301e-04 2.1427085948e+04 1.5707963268e+00 -1.4708834628e+00
1.2943257751e-04 2.1442133228e+04 1.5707963268e+00 -1.4724764425e+00
1.2960409689e-04 2.1457201123e+04 1.5707963268e+00 -1.4740671848e+00
1.2977553123e-04 2.1472289612e+04 1.5707963268e+00 -1.4756556914e+00
1.2994688063e-04 2.1487398676e+04 1.5707963268e+00 -1.4772419639e+00
1.3011814517e-04 2.1502528296e+04 1.5707963268e+00 -1.4788260041e+00
1.3028932493e-04 2.1517678450e+04 1.5707963268e+00 -1.4804078136e+00
1.3046042002e-04 2.1532849120e+04 1.5707963268e+00 -1.4819873940e+00
1.3063143051e-04 2.1548040284e+04 1.5707963268e+00 -1.4835647472e+00
1.3080235649e-04 2.1563251924e+04 1.5707963268e+00 -1.4851398747e+00
1.3097319805e-04 2.1578484019e+04 1.5707963268e+00 -1.4867127784e+00
1.3114395529e-04 2.1593736550e+04 1.5707963268e+00 -1.4882834599e+00
1.3131462829e-04 2.1609009495e+04 1.5707963268e+00 -1.4898519209e+00
1.3148521713e-04 2.1624302835e+04 1.5707963268e+00 -1.4914181633e+00
1.3165572192e-04 2.1639616549e+04 1.5707963268e+00 -1.4929821887e+00
1.3182614274e-04 2.1654950618e+04 1.5707963268e+00 -1.4945439989e+00
1.3199647968e-04 2.1670305021e+04 1.5707963268e+00 -1.4961035956e+00
1.3216673282e-04 2.1685679737e+04 1.5707963268e+00 -1.4976609807e+00
1.3233690227e-04 2.1701074747e+04 1.5707963268e+00 -1.4992161560e+00
1.3250698811e-04 2.1716490031e+04 1.5707963268e+00 -1.5007691231e+00
1.3267699043e-04 2.1731925566e+04 1.5707963268e+00 -1.5023198839e+00
1.3284690932e-04 2.1747381335e+04 1.5707963268e+00 -1.5038684403e+00
1.3301674487e-04 2.1762857315e+04 1.5707963268e+00 -1.5054147940e+00
1.3318649718e-04 2.1778353486e+04 1.5707963268e+00 -1.5069589469e+00
1.3335616634e-04 2.1793869828e+04 1.5707963268e+00 -1.5085009007e+00
1.3352575243e-04 2.1809406320e+04 1.5707963268e+00 -1.5100406573e+00
1.3369525556e-04 2.1824962942e+04 1.5707963268e+00 -1.5115782187e+00
1.3386467580e-04 2.1840539673e+04 1.5707963268e+00 -1.5131135865e+00
1.3403401326e-04 2.1856136492e+04 1.5707963268e+00 -1.5146467627e+00
1.3420326802e-04 2.1871753379e+04 1.5707963268e+00 -1.5161777492e+00
1.3437244019e-04 2.1887390312e+04 1.5707963268e+00 -1.5177065478e+00
1.3454152984e-04 2.1903047272e+04 1.5707963268e+00 -1.5192331604e+00
1.3471053707e-04 2.1918724237e+04 1.5707963268e+00 -1.5207575889e+00
1.3487946199e-04 2.1934421187e+04 1.5707963268e+00 -1.5222798352e+00
1.3504830467e-04 2.1950138100e+04 1.5707963268e+00 -1.5237999012e+00
1.3521706521e-04 2.1965874957e+04 1.5707963268e+00 -1.5253177888e+00
1.3538574371e-04 2.1981631735e+04 1.5707963268e+00 -1.5268335000e+00
1.3555434026e-04 2.1997408414e+04 1.5707963268e+00 -1.5283470366e+00
1.3572285496e-04 2.2013204973e+04 1.5707963268e+00 -1.5298584007e+00
1.3589128789e-04 2.2029021391e+04 1.5707963268e+00 -1.5313675940e+00
1.3605963915e-04 2.2044857647e+04 1.5707963268e+00 -1.5328746187e+00
1.3622790883e-04 2.2060713721e+04 1.5707963268e+00 -1.5343794767e+00
1.3639609704e-04 2.2076589590e+04 1.5707963268e+00 -1.5358821699e+00
1.3656420386e-04 2.2092485233e+04 1.5707963268e+00 -1.5373827002e+00
1.3673222938e-04 2.2108400631e+04 1.5707963268e+00 -1.5388810697e+00
1.3690017371e-04 2.2124335760e+04 1.5707963268e+00 -1.5403772804e+00
1.3706803694e-04 2.2140290601e+04 1.5707963268e+00 -1.5418713343e+00
1.3723581915e-04 2.2156265132e+04 1.5707963268e+00 -1.5433632332e+00
1.3740352046e-04 2.2172259332e+04 1.5707963268e+00 -1.5448529793e+00
1.3757114095e-04 2.2188273180e+04 1.5707963268e+00 -1.5463405746e+00
1.3773868071e-04 2.2204306653e+04 1.5707963268e+00 -1.5478260211e+00
1.3790613985e-04 2.2220359732e+04 1.5707963268e+00 -1.5493093207e+00
1.3807351845e-04 2.2236432394e+04 1.5707963268e+00 -1.5507904756e+00
1.3824081662e-04 2.2252524618e+04 1.5707963268e+00 -1.5522694878e+00
1.3840803445e-04 2.2268636384e+04 1.5707963268e+00 -1.5537463592e+00
1.3857517203e-04 2.2284767668e+04 1.5707963268e+00 -1.5552210921e+00
1.3874222947e-04 2.2300918450e+04 1.5707963268e+00 -1.5566936883e+00
1.3890920685e-04 2.2317088709e+04 1.5707963268e+00 -1.5581641501e+00
1.3907610428e-04 2.2333278423e+04 1.5707963268e+00 -1.5596324794e+00
1.3924292184e-04 2.2349487570e+04 1.5707963268e+00 -1.5610986783e+00
1.3940965965e-04 2.2365716129e+04 1.5707963268e+00 -1.5625627490e+00
1.3957631778e-04 2.2381964079e+04 1.5707963268e+00 -1.5640246934e+00
1.3974289634e-04 2.2398231397e+04 1.5707963268e+00 -1.5654845138e+00
1.3990939543e-04 2.2414518062e+04 1.5707963268e+00 -1.5669422121e+00
1.4007581514e-04 2.2430824052e+04 1.5707963268e+00 -1.5683977905e+00
1.4024215558e-04 2.2447149347e+04 1.5707963268e+00 -1.5698512511e+00
1.4040841682e-04 2.2463493923e+04 1.5707963268e+00 -1.5713025961e+00
1.4057459898e-04 2.2479857760e+04 1.5707963268e+00 -1.5727518275e+00
1.4074070216e-04 2.2496240836e+04 1.5707963268e+00 -1.5741989475e+00
1.4090672644e-04 2.2512643128e+04 1.5707963268e+00 -1.5756439582e+00
1.4107267192e-04 2.2529064616e+04 1.5707963268e+00 -1.5770868617e+00
1.4123853871e-04 2.2545505277e+04 1.5707963268e+00 -1.5785276602e+00
1.4140432689e-04 2.2561965089e+04 1.5707963268e+00 -1.5799663559e+00
1.4157003658e-04 2.2578444031e+04 1.5707963268e+00 -1.5814029509e+00
1.4173566786e-04 2.2594942082e+04 1.5707963268e+00 -1.5828374473e+00
1.4190122083e-04 2.2611459218e+04 1.5707963268e+00 -1.5842698474e+00
1.4206669559e-04 2.2627995418e+04 1.5707963268e+00 -1.5857001532e+00
1.4223209225e-04 2.2644550660e+04 1.5707963268e+00 -1.5871283671e+00
1.4239741089e-04 2.2661124923e+04 1.5707963268e+00 -1.5885544911e+00
1.4256265161e-04 2.2677718184e+04 1.5707963268e+00 -1.5899785275e+00
1.4272781451e-04 2.2694330421e+04 1.5707963268e+00 -1.5914004784e+00
1.4289289970e-04 2.2710961612e+04 1.5707963268e+00 -1.5928203460e+00
1.4305790727e-04 2.2727611736e+04 1.5707963268e+00 -1.5942381326e+00
1.4322283731e-04 2.2744280771e+04 1.5707963268e+00 -1.5956538403e+00
1.4338768993e-04 2.2760968693e+04 1.5707963268e+00 -1.5970674714e+00
1.4355246523e-04 2.2777675482e+04 1.5707963268e+00 -1.5984790281e+00
1.4371716329e-04 2.2794401114e+04 1.5707963268e+00 -1.5998885126e+00
1.4388178423e-04 2.2811145569e+04 1.5707963268e+00 -1.6012959271e+00
1.4404632814e-04 2.2827908824e+04 1.5707963268e+00 -1.6027012739e+00
1.4421079512e-04 2.2844690856e+04 1.5707963268e+00 -1.6041045552e+00
1.4437518526e-04 2.2861491644e+04 1.5707963268e+00 -1.6055057732e+00
1.4453949868e-04 2.2878311166e+04 1.5707963268e+00 -1.6069049302e+00
1.4470373545e-04 2.2895149399e+04 1.5707963268e+00 -1.6083020285e+00
1.4486789569e-04 2.2912006321e+04 1.5707963268e+00 -1.6096970703e+00
1.4503197950e-04 2.2928881909e+04 1.5707963268e+00 -1.6110900578e+00
1.4519598696e-04 2.2945776143e+04 1.5707963268e+00 -1.6124809933e+00
1.4535991819e-04 2.2962688999e+04 1.5707963268e+00 -1.6138698792e+00
1.4552377328e-04 2.2979620455e+04 1.5707963268e+00 -1.6152567175e+00
1.4568755232e-04 2.2996570489e+04 1.5707963268e+00 -1.6166415108e+00
1.4585125543e-04 2.3013539078e+04 1.5707963268e+00 -1.6180242611e+00
1.4601488269e-04 2.3030526201e+04 1.5707963268e+00 -1.6194049709e+00
1.4617843421e-04 2.3047531835e+04 1.5707963268e+00 -1.6207836423e+00
1.4634191009e-04 2.3064555958e+04 1.5707963268e+00 -1.6221602778e+00
1.4650531042e-04 2.3081598546e+04 1.5707963268e+00 -1.6235348795e+00
1.4666863530e-04 2.3098659579e+04 1.5707963268e+00 -1.6249074498e+00
1.4683188485e-04 2.3115739034e+04 1.5707963268e+00 -1.6262779910e+00
1.4699505914e-04 2.3132836887e+04 1.5707963268e+00 -1.6276465055e+00
1.4715815829e-04 2.3149953118e+04 1.5707963268e+00 -1.6290129954e+00
1.4732118239e-04 2.3167087703e+04 1.5707963268e+00 -1.6303774632e+00
1.4748413155e-04 2.3184240620e+04 1.5707963268e+00 -1.6317399112e+00
1.4764700585e-04 2.3201411846e+04 1.5707963268e+00 -1.6331003416e+00
1.4780980541e-04 2.3218601360e+04 1.5707963268e+00 -1.6344587568e+00
1.4797253032e-04 2.3235809138e+04 1.5707963268e+00 -1.6358151592e+00
1.4813518068e-04 2.3253035159e+04 1.5707963268e+00 -1.6371695511e+00
1.4829775660e-04 2.3270279399e+04 1.5707963268e+00 -1.6385219348e+00
1.4846025816e-04 2.3287541837e+04 1.5707963268e+00 -1.6398723127e+00
1.4862268547e-04 2.3304822450e+04 1.5707963268e+00 -1.6412206871e+00
1.4878503863e-04 2.3322121214e+04 1.5707963268e+00 -1.6425670604e+00
1.4894731774e-04 2.3339438109e+04 1.5707963268e+00 -1.6439114349e+00
1.4910952291e-04 2.3356773110e+04 1.5707963268e+00 -1.6452538129e+00
1.4927165422e-04 2.3374126197e+04 1.5707963268e+00 -1.6465941969e+00
1.4943371178e-04 2.3391497345e+04 1.5707963268e+00 -1.6479325892e+00
1.4959569569e-04 2.3408886534e+04 1.5707963268e+00 -1.6492689922e+00
1.4975760604e-04 2.3426293739e+04 1.5707963268e+00 -1.6506034082e+00
1.4991944295e-04 2.3443718939e+04 1.5707963268e+00 -1.6519358397e+00
1.5008120650e-04 2.3461162110e+04 1.5707963268e+00 -1.6532662889e+00
1.5024289681e-04 2.3478623231e+04 1.5707963268e+00 -1.6545947583e+00
1.5040451396e-04 2.3496102279e+04 1.5707963268e+00 -1.6559212502e+00
1.5056605806e-04 2.3513599230e+04 1.5707963268e+00 -1.6572457671e+00
1.5072752920e-04 2.3531114063e+04 1.5707963268e+00 -1.6585683114e+00
1.5088892750e-04 2.3548646755e+04 1.5707963268e+00 -1.6598888853e+00
1.5105025304e-04 2.3566197284e+04 1.5707963268e+00 -1.6612074914e+00
1.5121150593e-04 2.3583765626e+04 1.5707963268e+00 -1.6625241320e+00
1.5137268627e-04 2.3601351758e+04 1.5707963268e+00 -1.6638388095e+00
1.5153379416e-04 2.3618955660e+04 1.5707963268e+00 -1.6651515263e+00
1.5169482969e-04 2.3636577306e+04 1.5707963268e+00 -1.6664622849e+00
1.5185579297e-04 2.3654216676e+04 1.5707963268e+00 -1.6677710876e+00
1.5201668410e-04 2.3671873746e+04 1.5707963268e+00 -1.6690779368e+00
1.5217750317e-04 2.3689548494e+04 1.5707963268e+00 -1.6703828350e+00
1.5233825029e-04 2.3707240897e+04 1.5707963268e+00 -1.6716857846e+00
1.5249892556e-04 2.3724950932e+04 1.5707963268e+00 -1.6729867880e+00
1.5265952907e-04 2.3742678576e+04 1.5707963268e+00 -1.6742858476e+00
1.5282006093e-04 2.3760423808e+04 1.5707963268e+00 -1.6755829659e+00
1.5298052124e-04 2.3778186604e+04 1.5707963268e+00 -1.6768781452e+00
1.5314091009e-04 2.3795966941e+04 1.5707963268e+00 -1.6781713880e+00
1.5330122759e-04 2.3813764797e+04 1.5707963268e+00 -1.6794626968e+00
1.5346147383e-04 2.3831580149e+04 1.5707963268e+00 -1.6807520739e+00
1.5362164892e-04 2.3849412975e+04 1.5707963268e+00 -1.6820395218e+00
1.5378175296e-04 2.3867263251e+04 1.5707963268e+00 -1.6833250430e+00
1.5394178604e-04 2.3885130955e+04 1.5707963268e+00 -1.6846086399e+00
1.5410174826e-04 2.3903016064e+04 1.5707963268e+00 -1.6858903148e+00
1.5426163973e-04 2.3920918556e+04 1.5707963268e+00 -1.6871700704e+00
1.5442146055e-04 2.3938838408e+04 1.5707963268e+00 -1.6884479090e+00
1.5458121080e-04 2.3956775596e+04 1.5707963268e+00 -1.6897238330e+00
1.5474089060e-04 2.3974730099e+04 1.5707963268e+00 -1.6909978450e+00
1.5490050005e-04 2.3992701893e+04 1.5707963268e+00 -1.6922699473e+00
1.5506003923e-04 2.4010690956e+04 1.5707963268e+00 -1.6935401425e+00
1.5521950826e-04 2.4028697265e+04 1.5707963268e+00 -1.6948084329e+00
1.5537890723e-04 2.4046720798e+04 1.5707963268e+00 -1.6960748211e+00
1.5553823624e-04 2.4064761531e+04 1.5707963268e+00 -1.6973393095e+00
1.5569749539e-04 2.4082819441e+04 1.5707963268e+00 -1.6986019006e+00
1.5585668479e-04 2.4100894507e+04 1.5707963268e+00 -1.6998625968e+00
1.5601580452e-04 2.4118986705e+04 1.5707963268e+00 -1.7011214006e+00
1.5617485469e-04 2.4137096013e+04 1.5707963268e+00 -1.7023783145e+00
1.5633383540e-04 2.4155222407e+04 1.5707963268e+00 -1.7036333409e+00
1.5649274675e-04 2.4173365865e+04 1.5707963268e+00 -1.7048864823e+00
1.5665158883e-04 2.4191526364e+04 1.5707963268e+00 -1.7061377412e+00
1.5681036175e-04 2.4209703882e+04 1.5707963268e+00 -1.7073871201e+00
1.5696906561e-04 2.4227898396e+04 1.5707963268e+00 -1.7086346213e+00
1.5712770050e-04 2.4246109883e+04 1.5707963268e+00 -1.7098802475e+00
1.5728626652e-04 2.4264338320e+04 1.5707963268e+00 -1.7111240011e+00
1.5744476378e-04 2.4282583684e+04 1.5707963268e+00 -1.7123658846e+00
1.5760319237e-04 2.4300845953e+04 1.5707963268e+00 -1.7136059004e+00
1.5776155239e-04 2.4319125105e+04 1.5707963268e+00 -1.7148440511e+00
1.5791984394e-04 2.4337421115e+04 1.5707963268e+00 -1.7160803390e+00
1.5807806713e-04 2.4355733962e+04 1.5707963268e+00 -1.7173147668e+00
1.5823622203e-04 2.4374063622e+04 1.5707963268e+00 -1.7185473369e+00
1.5839430877e-04 2.4392410074e+04 1.5707963268e+00 -1.7197780517e+00
1.5855232743e-04 2.4410773293e+04 1.5707963268e+00 -1.7210069138e+00
1.5871027812e-04 2.4429153258e+04 1.5707963268e+00 -1.7222339257e+00
1.5886816093e-04 2.4447549946e+04 1.5707963268e+00 -1.7234590899e+00
1.5902597596e-04 2.4465963334e+04 1.5707963268e+00 -1.7246824088e+00
1.5918372331e-04 2.4484393399e+04 1.5707963268e+00 -1.7259038849e+00
1.5934140308e-04 2.4502840119e+04 1.5707963268e+00 -1.7271235208e+00
1.5949901537e-04 2.4521303470e+04 1.5707963268e+00 -1.7283413189e+00
1.5965656028e-04 2.4539783431e+04 1.5707963268e+00 -1.7295572817e+00
1.5981403790e-04 2.4558279978e+04 1.5707963268e+00 -1.7307714118e+00
1.5997144833e-04 2.4576793088e+04 1.5707963268e+00 -1.7319837116e+00
1.6012879167e-04 2.4595322739e+04 1.5707963268e+00 -1.7331941836e+00
1.6028606803e-04 2.4613868909e+04 1.5707963268e+00 -1.7344028304e+00
1.6044327749e-04 2.4632431574e+04 1.5707963268e+00 -1.7356096544e+00
1.6060042016e-04 2.4651010712e+04 1.5707963268e+00 -1.7368146581e+00
1.6075749613e-04 2.4669606300e+04 1.5707963268e+00 -1.7380178441e+00
1.6091450551e-04 2.4688218315e+04 1.5707963268e+00 -1.7392192148e+00
1.6107144838e-04 2.4706846735e+04 1.5707963268e+00 -1.7404187728e+00
1.6122832486e-04 2.4725491537e+04 1.5707963268e+00 -1.7416165205e+00
1.6138513503e-04 2.4744152698e+04 1.5707963268e+00 -1.7428124605e+00
1.6154187899e-04 2.4762830196e+04 1.5707963268e+00 -1.7440065952e+00
1.6169855685e-04 2.4781524008e+04 1.5707963268e+00 -1.7451989273e+00
1.6185516869e-04 2.4800234111e+04 1.5707963268e+00 -1.7463894591e+00
1.6201171462e-04 2.4818960482e+04 1.5707963268e+00 -1.7475781932e+00
1.6216819474e-04 2.4837703100e+04 1.5707963268e+00 -1.7487651321e+00
1.6232460914e-04 2.4856461941e+04 1.5707963268e+00 -1.7499502783e+00
1.6248095792e-04 2.4875236983e+04 1.5707963268e+00 -1.7511336343e+00
1.6263724118e-04 2.4894028202e+04 1.5707963268e+00 -1.7523152027e+00
1.6279345901e-04 2.4912835577e+04 1.5707963268e+00 -1.7534949859e+00
1.6294961151e-04 2.4931659085e+04 1.5707963268e+00 -1.7546729864e+00
1.6310569878e-04 2.4950498703e+04 1.5707963268e+00 -1.7558492069e+00
1.6326172092e-04 2.4969354409e+04 1.5707963268e+00 -1.7570236497e+00
1.6341767802e-04 2.4988226179e+04 1.5707963268e+00 -1.7581963173e+00
1.6357357018e-04 2.5007113992e+04 1.5707963268e+00 -1.7593672124e+00
1.6372939750e-04 2.5026017825e+04 1.5707963268e+00 -1.7605363374e+00
1.6388516007e-04 2.5044937655e+04 1.5707963268e+00 -1.7617036949e+00
1.6404085800e-04 2.5063873459e+04 1.5707963268e+00 -1.7628692873e+00
1.6419649137e-04 2.5082825215e+04 1.5707963268e+00 -1.7640331171e+00
1.6435206028e-04 2.5101792901e+04 1.5707963268e+00 -1.7651951869e+00
1.6450756484e-04 2.5120776494e+04 1.5707963268e+00 -1.7663554992e+00
1.6466300513e-04 2.5139775971e+04 1.5707963268e+00 -1.7675140564e+00
1.6481838126e-04 2.5158791310e+04 1.5707963268e+00 -1.7686708612e+00
1.6497369332e-04 2.5177822489e+04 1.5707963268e+00 -1.7698259160e+00
1.6512894140e-04 2.5196869484e+04 1.5707963268e+00 -1.7709792233e+00
1.6528412561e-04 2.5215932273e+04 1.5707963268e+00 -1.7721307857e+00
1.6543924603e-04 2.5235010835e+04 1.5707963268e+00 -1.7732806057e+00
1.6559430277e-04 2.5254105145e+04 1.5707963268e+00 -1.7744286857e+00
1.6574929592e-04 2.5273215182e+04 1.5707963268e+00 -1.7755750283e+00
1.6590422558e-04 2.5292340924e+04 1.5707963268e+00 -1.7767196360e+00
1.6605909184e-04 2.5311482348e+04 1.5707963268e+00 -1.7778625113e+00
1.6621389479e-04 2.5330639431e+04 1.5707963268e+00 -1.7790036568e+00
1.6636863454e-04 2.5349812151e+04 1.5707963268e+00 -1.7801430749e+00
1.6652331119e-04 2.5369000485e+04 1.5707963268e+00 -1.7812807681e+00
1.6667792481e-04 2.5388204412e+04 1.5707963268e+00 -1.7824167390e+00
1.6683247552e-04 2.5407423908e+04 1.5707963268e+00 -1.7835509901e+00
1.6698696340e-04 2.5426658952e+04 1.5707963268e+00 -1.7846835239e+00
1.6714138855e-04 2.5445909520e+04 1.5707963268e+00 -1.7858143429e+00
1.6729575107e-04 2.5465175591e+04 1.5707963268e+00 -1.7869434496e+00
1.6745005105e-04 2.5484457143e+04 1.5707963268e+00 -1.7880708465e+00
1.6760428859e-04 2.5503754152e+04 1.5707963268e+00 -1.7891965361e+00
1.6775846378e-04 2.5523066596e+04 1.5707963268e+00 -1.7903205210e+00
1.6791257671e-04 2.5542394454e+04 1.5707963268e+00 -1.7914428036e+00
1.6806662749e-04 2.5561737702e+04 1.5707963268e+00 -1.7925633865e+00
1.6822061620e-04 2.5581096319e+04 1.5707963268e+00 -1.7936822721e+00
1.6837454294e-04 2.5600470282e+04 1.5707963268e+00 -1.7947994631e+00
1.6852840780e-04 2.5619859569e+04 1.5707963268e+00 -1.7959149618e+00
1.6868221089e-04 2.5639264158e+04 1.5707963268e+00 -1.7970287707e+00
1.6883595229e-04 2.5658684026e+04 1.5707963268e+00 -1.7981408925e+00
1.6898963209e-04 2.5678119151e+04 1.5707963268e+00 -1.7992513296e+00
1.6914325040e-04 2.5697569510e+04 1.5707963268e+00 -1.8003600845e+00
1.6929680730e-04 2.5717035083e+04 1.5707963268e+00 -1.8014671597e+00
1.6945030290e-04 2.5736515845e+04 1.5707963268e+00 -1.8025725577e+00
1.6960373727e-04 2.5756011776e+04 1.5707963268e+00 -1.8036762810e+00
1.6975711053e-04 2.5775522853e+04 1.5707963268e+00 -1.8047783321e+00
1.6991042275e-04 2.5795049054e+04 1.5707963268e+00 -1.8058787136e+00
1.7006367404e-04 2.5814590356e+04 1.5707963268e+00 -1.8069774278e+00
1.7021686449e-04 2.5834146738e+04 1.5707963268e+00 -1.8080744774e+00
1.7036999419e-04 2.5853718177e+04 1.5707963268e+00 -1.8091698648e+00
1.7052306324e-04 2.5873304651e+04 1.5707963268e+00 -1.8102635925e+00
1.7067607173e-04 2.5892906139e+04 1.5707963268e+00 -1.8113556630e+00
1.7082901974e-04 2.5912522617e+04 1.5707963268e+00 -1.8124460788e+00
1.7098190738e-04 2.5932154064e+04 1.5707963268e+00 -1.8135348424e+00
1.7113473474e-04 2.5951800458e+04 1.5707963268e+00 -1.8146219563e+00
1.7128750191e-04 2.5971461777e+04 1.5707963268e+00 -1.8157074230e+00
1.7144020898e-04 2.5991137998e+04 1.5707963268e+00 -1.8167912450e+00
1.7159285605e-04 2.6010829101e+04 1.5707963268e+00 -1.8178734248e+00
1.7174544321e-04 2.6030535061e+04 1.5707963268e+00 -1.8189539648e+00
1.7189797055e-04 2.6050255859e+04 1.5707963268e+00 -1.8200328676e+00
1.7205043816e-04 2.6069991471e+04 1.5707963268e+00 -1.8211101356e+00
1.7220284614e-04 2.6089741876e+04 1.5707963268e+00 -1.8221857713e+00
1.7235519457e-04 2.6109507051e+04 1.5707963268e+00 -1.8232597773e+00
1.7250748356e-04 2.6129286975e+04 1.5707963268e+00 -1.8243321559e+00
1.7265971318e-04 2.6149081627e+04 1.5707963268e+00 -1.8254029098e+00
1.7281188354e-04 2.6168890983e+04 1.5707963268e+00 -1.8264720413e+00
1.7296399473e-04 2.6188715022e+04 1.5707963268e+00 -1.8275395529e+00
1.7311604684e-04 2.6208553722e+04 1.5707963268e+00 -1.8286054472e+00
1.7326803995e-04 2.6228407061e+04 1.5707963268e+00 -1.8296697266e+00
1.7341997416e-04 2.6248275018e+04 1.5707963268e+00 -1.8307323936e+00
1.7357184957e-04 2.6268157571e+04 1.5707963268e+00 -1.8317934506e+00
1.7372366626e-04 2.6288054697e+04 1.5707963268e+00 -1.8328529002e+00
1.7387542432e-04 2.6307966375e+04 1.5707963268e+00 -1.8339107448e+00
1.7402712385e-04 2.6327892584e+04 1.5707963268e+00 -1.8349669869e+00
1.7417876494e-04 2.6347833300e+04 1.5707963268e+00 -1.8360216290e+00
1.7433034767e-04 2.6367788504e+04 1.5707963268e+00 -1.8370746734e+00
1.7448187215e-04 2.6387758172e+04 1.5707963268e+00 -1.8381261228e+00
1.7463333845e-04 2.6407742283e+04 1.5707963268e+00 -1.8391759796e+00
1.7478474667e-04 2.6427740816e+04 1.5707963268e+00 -1.8402242461e+00
1.7493609690e-04 2.6447753748e+04 1.5707963268e+00 -1.8412709250e+00
1.7508738923e-04 2.6467781059e+04 1.5707963268e+00 -1.8423160187e+00
1.7523862375e-04 2.6487822726e+04 1.5707963268e+00 -1.8433595295e+00
1.7538980056e-04 2.6507878728e+04 1.5707963268e+00 -1.8444014601e+00
1.7554091973e-04 2.6527949043e+04 1.5707963268e+00 -1.8454418128e+00
1.7569198137e-04 2.6548033649e+04 1.5707963268e+00 -1.8464805901e+00
1.7584298555e-04 2.6568132525e+04 1.5707963268e+00 -1.8475177945e+00
1.7599393238e-04 2.6588245650e+04 1.5707963268e+00 -1.8485534284e+00
1.7614482194e-04 2.6608373001e+04 1.5707963268e+00 -1.8495874942e+00
1.7629565432e-04 2.6628514558e+04 1.5707963268e+00 -1.8506199945e+00
1.7644642960e-04 2.6648670298e+04 1.5707963268e+00 -1.8516509316e+00
1.7659714789e-04 2.6668840201e+04 1.5707963268e+00 -1.8526803081e+00
1.7674780926e-04 2.6689024244e+04 1.5707963268e+00 -1.8537081263e+00
1.7689841382e-04 2.6709222407e+04 1.5707963268e+00 -1.8547343887e+00
1.7704896163e-04 2.6729434667e+04 1.5707963268e+00 -1.8557590978e+00
1.7719945280e-04 2.6749661004e+04 1.5707963268e+00 -1.8567822560e+00
1.7734988742e-04 2.6769901395e+04 1.5707963268e+00 -1.8578038658e+00
1.7750026557e-04 2.6790155820e+04 1.5707963268e+00 -1.8588239295e+00
1.7765058734e-04 2.6810424258e+04 1.5707963268e+00 -1.8598424496e+00
1.7780085282e-04 2.6830706686e+04 1.5707963268e+00 -1.8608594286e+00
1.7795106209e-04 2.6851003083e+04 1.5707963268e+00 -1.8618748688e+00
1.7810121526e-04 2.6871313429e+04 1.5707963268e+00 -1.8628887728e+00
1.7825131239e-04 2.6891637701e+04 1.5707963268e+00 -1.8639011430e+00
1.7840135359e-04 2.6911975879e+04 1.5707963268e+00 -1.8649119817e+00
1.7855133894e-04 2.6932327942e+04 1.5707963268e+00 -1.8659212914e+00
1.7870126853e-04 2.6952693867e+04 1.5707963268e+00 -1.8669290745e+00
1.7885114245e-04 2.6973073634e+04 1.5707963268e+00 -1.8679353335e+00
1.7900096077e-04 2.6993467221e+04 1.5707963268e+00 -1.8689400707e+00
1.7915072360e-04 2.7013874608e+04 1.5707963268e+00 -1.8699432887e+00
1.7930043102e-04 2.7034295773e+04 1.5707963268e+00 -1.8709449898e+00
1.7945008311e-04 2.7054730695e+04 1.5707963268e+00 -1.8719451763e+00
1.7959967997e-04 2.7075179353e+04 1.5707963268e+00 -1.8729438509e+00
1.7974922167e-04 2.7095641725e+04 1.5707963268e+00 -1.8739410158e+00
1.7989870831e-04 2.7116117791e+04 1.5707963268e+00 -1.8749366734e+00
1.8004813998e-04 2.7136607530e+04 1.5707963268e+00 -1.8759308262e+00
1.8019751676e-04 2.7157110921e+04 1.5707963268e+00 -1.8769234766e+00
1.8034683873e-04 2.7177627941e+04 1.5707963268e+00 -1.8779146270e+00
1.8049610599e-04 2.7198158571e+04 1.5707963268e+00 -1.8789042797e+00
1.8064531861e-04 2.7218702790e+04 1.5707963268e+00 -1.8798924373e+00
1.8079447669e-04 2.7239260576e+04 1.5707963268e+00 -1.8808791020e+00
1.8094358032e-04 2.7259831909e+04 1.5707963268e+00 -1.8818642763e+00
1.8109262957e-04 2.7280416767e+04 1.5707963268e+00 -1.8828479626e+00
1.8124162454e-04 2.7301015129e+04 1.5707963268e+00 -1.8838301632e+00
1.8139056531e-04 2.7321626976e+04 1.5707963268e+00 -1.8848108807e+00
1.8153945196e-04 2.7342252285e+04 1.5707963268e+00 -1.8857901172e+00
1.8168828458e-04 2.7362891036e+04 1.5707963268e+00 -1.8867678753e+00
1.8183706326e-04 2.7383543209e+04 1.5707963268e+00 -1.8877441573e+00
1.8198578809e-04 2.7404208781e+04 1.5707963268e+00 -1.8887189656e+00
1.8213445914e-04 2.7424887734e+04 1.5707963268e+00 -1.8896923026e+00
1.8228307650e-04 2.7445580045e+04 1.5707963268e+00 -1.8906641707e+00
1.8243164026e-04 2.7466285694e+04 1.5707963268e+00 -1.8916345721e+00
1.8258015050e-04 2.7487004660e+04 1.5707963268e+00 -1.8926035094e+00
1.8272860731e-04 2.7507736922e+04 1.5707963268e+00 -1.8935709849e+00
1.8287701078e-04 2.7528482461e+04 1.5707963268e+00 -1.8945370009e+00
1.8302536097e-04 2.7549241254e+04 1.5707963268e+00 -1.8955015599e+00
1.8317365799e-04 2.7570013282e+04 1.5707963268e+00 -1.8964646641e+00
1.8332190192e-04 2.7590798524e+04 1.5707963268e+00 -1.8974263159e+00
1.8347009283e-04 2.7611596959e+04 1.5707963268e+00 -1.8983865178e+00
1.8361823082e-04 2.7632408567e+04 1.5707963268e+00 -1.8993452720e+00
1.8376631596e-04 2.7653233327e+04 1.5707963268e+00 -1.9003025810e+00
1.8391434835e-04 2.7674071218e+04 1.5707963268e+00 -1.9012584470e+00
1.8406232806e-04 2.7694922220e+04 1.5707963268e+00 -1.9022128725e+00
1.8421025518e-04 2.7715786313e+04 1.5707963268e+00 -1.9031658598e+00
1.8435812979e-04 2.7736663476e+04 1.5707963268e+00 -1.9041174111e+00
1.8450595198e-04 2.7757553688e+04 1.5707963268e+00 -1.9050675290e+00
1.8465372183e-04 2.7778456930e+04 1.5707963268e+00 -1.9060162156e+00
1.8480143941e-04 2.7799373180e+04 1.5707963268e+00 -1.9069634734e+00
1.8494910483e-04 2.7820302418e+04 1.5707963268e+00 -1.9079093047e+00
1.8509671815e-04 2.7841244624e+04 1.5707963268e+00 -1.9088537119e+00
1.8524427946e-04 2.7862199778e+04 1.5707963268e+00 -1.9097966971e+00
1.8539178885e-04 2.7883167859e+04 1.5707963268e+00 -1.9107382629e+00
1.8553924639e-04 2.7904148846e+04 1.5707963268e+00 -1.9116784115e+00
1.8568665217e-04 2.7925142721e+04 1.5707963268e+00 -1.9126171453e+00
1.8583400627e-04 2.7946149461e+04 1.5707963268e+00 -1.9135544665e+00
1.8598130878e-04 2.7967169048e+04 1.5707963268e+00 -1.9144903776e+00
1.8612855977e-04 2.7988201461e+04 1.5707963268e+00 -1.9154248807e+00
1.8627575933e-04 2.8009246679e+04 1.5707963268e+00 -1.9163579783e+00
1.8642290753e-04 2.8030304682e+04 1.5707963268e+00 -1.9172896726e+00
1.8657000447e-04 2.8051375451e+04 1.5707963268e+00 -1.9182199660e+00
1.8671705022e-04 2.8072458965e+04 1.5707963268e+00 -1.9191488608e+00
1.8686404487e-04 2.8093555204e+04 1.5707963268e+00 -1.9200763592e+00
1.8701098849e-04 2.8114664148e+04 1.5707963268e+00 -1.9210024637e+00
1.8715788116e-04 2.8135785777e+04 1.5707963268e+00 -1.9219271764e+00
1.8730472298e-04 2.8156920071e+04 1.5707963268e+00 -1.9228504997e+00
1.8745151401e-04 2.8178067010e+04 1.5707963268e+00 -1.9237724359e+00
1.8759825434e-04 2.8199226573e+04 1.5707963268e+00 -1.9246929872e+00
1.8774494406e-04 2.8220398741e+04 1.5707963268e+00 -1.9256121561e+00
1.8789158323e-04 2.8241583494e+04 1.5707963268e+00 -1.9265299447e+00
1.8803817195e-04 2.8262780812e+04 1.5707963268e+00 -1.9274463553e+00
1.8818471029e-04 2.8283990675e+04 1.5707963268e+00 -1.9283613903e+00
1.8833119833e-04 2.8305213064e+04 1.5707963268e+00 -1.9292750519e+00
1.8847763616e-04 2.8326447957e+04 1.5707963268e+00 -1.9301873424e+00
1.8862402385e-04 2.8347695336e+04 1.5707963268e+00 -1.9310982641e+00
1.8877036148e-04 2.8368955181e+04 1.5707963268e+00 -1.9320078193e+00
1.8891664914e-04 2.8390227471e+04 1.5707963268e+00 -1.9329160101e+00
1.8906288689e-04 2.8411512187e+04 1.5707963268e+00 -1.9338228390e+00
1.8920907483e-04 2.8432809310e+04 1.5707963268e+00 -1.9347283081e+00
1.8935521304e-04 2.8454118819e+04 1.5707963268e+00 -1.9356324198e+00
1.8950130158e-04 2.8475440695e+04 1.5707963268e+00 -1.9365351763e+00
1.8964734054e-04 2.8496774919e+04 1.5707963268e+00 -1.9374365798e+00
1.8979333001e-04 2.8518121469e+04 1.5707963268e+00 -1.9383366326e+00
1.8993927005e-04 2.8539480328e+04 1.5707963268e+00 -1.9392353370e+00
1.9008516075e-04 2.8560851475e+04 1.5707963268e+00 -1.9401326952e+00
1.9023100218e-04 2.8582234891e+04 1.5707963268e+00 -1.9410287094e+00
1.9037679443e-04 2.8603630555e+04 1.5707963268e+00 -1.9419233820e+00
1.9052253758e-04 2.8625038450e+04 1.5707963268e+00 -1.9428167152e+00
1.9066823169e-04 2.8646458554e+04 1.5707963268e+00 -1.9437087111e+00
1.9081387686e-04 2.8667890849e+04 1.5707963268e+00 -1.9445993721e+00
1.9095947316e-04 2.8689335315e+04 1.5707963268e+00 -1.9454887003e+00
1.9110502066e-04 2.8710791933e+04 1.5707963268e+00 -1.9463766981e+00
1.9125051945e-04 2.8732260683e+04 1.5707963268e+00 -1.9472633676e+00
1.9139596959e-04 2.8753741546e+04 1.5707963268e+00 -1.9481487111e+00
1.9154137118e-04 2.8775234502e+04 1.5707963268e+00 -1.9490327308e+00
1.9168672429e-04 2.8796739533e+04 1.5707963268e+00 -1.9499154289e+00
1.9183202899e-04 2.8818256618e+04 1.5707963268e+00 -1.9507968076e+00
1.9197728537e-04 2.8839785738e+04 1.5707963268e+00 -1.9516768692e+00
1.9212249349e-04 2.8861326875e+04 1.5707963268e+00 -1.9525556158e+00
1.9226765344e-04 2.8882880009e+04 1.5707963268e+00 -1.9534330498e+00
1.9241276530e-04 2.8904445120e+04 1.5707963268e+00 -1.9543091732e+00
1.9255782914e-04 2.8926022190e+04 1.5707963268e+00 -1.9551839884e+00
1.9270284503e-04 2.8947611200e+04 1.5707963268e+00 -1.9560574974e+00
1.9284781306e-04 2.8969212129e+04 1.5707963268e+00 -1.9569297026e+00
1.9299273330e-04 2.8990824959e+04 1.5707963268e+00 -1.9578006061e+00
1.9313760582e-04 2.9012449672e+04 1.5707963268e+00 -1.9586702100e+00
1.9328243071e-04 2.9034086247e+04 1.5707963268e+00 -1.9595385167e+00
1.9342720804e-04 2.9055734666e+04 1.5707963268e+00 -1.9604055283e+00
1.9357193789e-04 2.9077394909e+04 1.5707963268e+00 -1.9612712469e+00
1.9371662033e-04 2.9099066959e+04 1.5707963268e+00 -1.9621356748e+00
1.9386125543e-04 2.9120750794e+04 1.5707963268e+00 -1.9629988142e+00
1.9400584328e-04 2.9142446398e+04 1.5707963268e+00 -1.9638606671e+00
1.9415038394e-04 2.9164153751e+04 1.5707963268e+00 -1.9647212359e+00
1.9429487750e-04 2.9185872833e+04 1.5707963268e+00 -1.9655805226e+00
1.9443932403e-04 2.9207603626e+04 1.5707963268e+00 -1.9664385295e+00
1.9458372361e-04 2.9229346111e+04 1.5707963268e+00 -1.9672952587e+00
1.9472807630e-04 2.9251100270e+04 1.5707963268e+00 -1.9681507124e+00
1.9487238219e-04 2.9272866083e+04 1.5707963268e+00 -1.9690048927e+00
1.9501664135e-04 2.9294643532e+04 1.5707963268e+00 -1.9698578019e+00
1.9516085385e-04 2.9316432597e+04 1.5707963268e+00 -1.9707094420e+00
1.9530501978e-04 2.9338233261e+04 1.5707963268e+00 -1.9715598152e+00
1.9544913919e-04 2.9360045504e+04 1.5707963268e+00 -1.9724089237e+00
1.9559321218e-04 2.9381869307e+04 1.5707963268e+00 -1.9732567696e+00
1.9573723880e-04 2.9403704653e+04 1.5707963268e+00 -1.9741033550e+00
1.9588121914e-04 2.9425551522e+04 1.5707963268e+00 -1.9749486822e+00
1.9602515328e-04 2.9447409896e+04 1.5707963268e+00 -1.9757927532e+00
1.9616904127e-04 2.9469279755e+04 1.5707963268e+00 -1.9766355702e+00
1.9631288321e-04 2.9491161083e+04 1.5707963268e+00 -1.9774771354e+00
1.9645667915e-04 2.9513053859e+04 1.5707963268e+00 -1.9783174508e+00
1.9660042918e-04 2.9534958066e+04 1.5707963268e+00 -1.9791565185e+00
1.9674413337e-04 2.9556873685e+04 1.5707963268e+00 -1.9799943408e+00
1.9688779180e-04 2.9578800697e+04 1.5707963268e+00 -1.9808309197e+00
1.9703140452e-04 2.9600739084e+04 1.5707963268e+00 -1.9816662574e+00
1.9717497163e-04 2.9622688828e+04 1.5707963268e+00 -1.9825003559e+00
1.9731849319e-04 2.9644649910e+04 1.5707963268e+00 -1.9833332174e+00
1.9746196927e-04 2.9666622312e+04 1.5707963268e+00 -1.9841648441e+00
1.9760539994e-04 2.9688606015e+04 1.5707963268e+00 -1.9849952379e+00
1.9774878529e-04 2.9710601001e+04 1.5707963268e+00 -1.9858244010e+00
1.9789212538e-04 2.9732607253e+04 1.5707963268e+00 -1.9866523356e+00
1.9803542028e-04 2.9754624750e+04 1.5707963268e+00 -1.9874790437e+00
1.9817867007e-04 2.9776653476e+04 1.5707963268e+00 -1.9883045274e+00
1.9832187482e-04 2.9798693412e+04 1.5707963268e+00 -1.9891287888e+00
1.9846503460e-04 2.9820744540e+04 1.5707963268e+00 -1.9899518300e+00
1.9860814948e-04 2.9842806842e+04 1.5707963268e+00 -1.9907736531e+00
1.9875121953e-04 2.9864880299e+04 1.5707963268e+00 -1.9915942602e+00
1.9889424483e-04 2.9886964893e+04 1.5707963268e+00 -1.9924136534e+00
1.9903722545e-04 2.9909060607e+04 1.5707963268e+00 -1.9932318347e+00
1.9918016146e-04 2.9931167422e+04 1.5707963268e+00 -1.9940488062e+00
1.9932305292e-04 2.9953285319e+04 1.5707963268e+00 -1.9948645700e+00
1.9946589992e-04 2.9975414282e+04 1.5707963268e+00 -1.9956791282e+00
1.9960870252e-04 2.9997554293e+04 1.5707963268e+00 -1.9964924828e+00
1.9975146080e-04 3.0019705332e+04 1.5707963268e+00 -1.9973046359e+00
1.9989417482e-04 3.0041867382e+04 1.5707963268e+00 -1.9981155896e+00
2.0003684465e-04 3.0064040425e+04 1.5707963268e+00 -1.9989253460e+00
2.0017947037e-04 3.0086224444e+04 1.5707963268e+00 -1.9997339070e+00
2.0032205204e-04 3.0108419420e+04 1.5707963268e+00 -2.0005412747e+00
2.0046458975e-04 3.0130625336e+04 1.5707963268e+00 -2.0013474512e+00
2.0060708354e-04 3.0152842174e+04 1.5707963268e+00 -2.0021524386e+00
2.0074953351e-04 3.0175069915e+04 1.5707963268e+00 -2.0029562389e+00
2.0089193971e-04 3.0197308542e+04 1.5707963268e+00 -2.0037588541e+00
2.0103430222e-04 3.0219558038e+04 1.5707963268e+00 -2.0045602862e+00
2.0117662110e-04 3.0241818385e+04 1.5707963268e+00 -2.0053605374e+00
2.0131889643e-04 3.0264089564e+04 1.5707963268e+00 -2.0061596095e+00
2.0146112828e-04 3.0286371559e+04 1.5707963268e+00 -2.0069575048e+00
2.0160331671e-04 3.0308664351e+04 1.5707963268e+00 -2.0077542251e+00
2.0174546179e-04 3.0330967923e+04 1.5707963268e+00 -2.0085497726e+00
2.0188756360e-04 3.0353282258e+04 1.5707963268e+00 -2.0093441492e+00
2.0202962220e-04 3.0375607337e+04 1.5707963268e+00 -2.0101373570e+00
2.0217163766e-04 3.0397943143e+04 1.5707963268e+00 -2.0109293980e+00
2.0231361006e-04 3.0420289660e+04 1.5707963268e+00 -2.0117202741e+00
2.0245553945e-04 3.0442646868e+04 1.5707963268e+00 -2.0125099875e+00
2.0259742591e-04 3.0465014751e+04 1.5707963268e+00 -2.0132985400e+00
2.0273926951e-04 3.0487393291e+04 1.5707963268e+00 -2.0140859338e+00
2.0288107031e-04 3.0509782471e+04 1.5707963268e+00 -2.0148721708e+00
2.0302282838e-04 3.0532182274e+04 1.5707963268e+00 -2.0156572530e+00
2.0316454380e-04 3.0554592681e+04 1.5707963268e+00 -2.0164411824e+00
2.0330621662e-04 3.0577013676e+04 1.5707963268e+00 -2.0172239611e+00
2.0344784692e-04 3.0599445242e+04 1.5707963268e+00 -2.0180055909e+00
2.0358943477e-04 3.0621887360e+04 1.5707963268e+00 -2.0187860739e+00
2.0373098022e-04 3.0644340014e+04 1.5707963268e+00 -2.0195654120e+00
2.0387248336e-04 3.0666803187e+04 1.5707963268e+00 -2.0203436073e+00
2.0401394425e-04 3.0689276861e+04 1.5707963268e+00 -2.0211206617e+00
2.0415536295e-04 3.0711761019e+04 1.5707963268e+00 -2.0218965773e+00
2.0429673953e-04 3.0734255644e+04 1.5707963268e+00 -2.0226713558e+00
2.0443807406e-04 3.0756760718e+04 1.5707963268e+00 -2.0234449995e+00
2.0457936661e-04 3.0779276225e+04 1.5707963268e+00 -2.0242175101e+00
2.0472061724e-04 3.0801802148e+04 1.5707963268e+00 -2.0249888897e+00
2.0486182603e-04 3.0824338469e+04 1.5707963268e+00 -2.0257591402e+00
2.0500299302e-04 3.0846885171e+04 1.5707963268e+00 -2.0265282636e+00
2.0514411830e-04 3.0869442238e+04 1.5707963268e+00 -2.0272962618e+00
2.0528520193e-04 3.0892009651e+04 1.5707963268e+00 -2.0280631369e+00
2.0542624398e-04 3.0914587396e+04 1.5707963268e+00 -2.0288288906e+00
2.0556724451e-04 3.0937175453e+04 1.5707963268e+00 -2.0295935251e+00
2.0570820358e-04 3.0959773807e+04 1.5707963268e+00 -2.0303570421e+00
2.0584912127e-04 3.0982382441e+04 1.5707963268e+00 -2.0311194438e+00
2.0598999764e-04 3.1005001337e+04 1.5707963268e+00 -2.0318807319e+00
2.0613083276e-04 3.1027630479e+04 1.5707963268e+00 -2.0326409085e+00
2.0627162669e-04 3.1050269850e+04 1.5707963268e+00 -2.0333999754e+00
2.0641237949e-04 3.1072919433e+04 1.5707963268e+00 -2.0341579346e+00
2.0655309124e-04 3.1095579212e+04 1.5707963268e+00 -2.0349147880e+00
2.0669376199e-04 3.1118249169e+04 1.5707963268e+00 -2.0356705376e+00
2.0683439182e-04 3.1140929288e+04 1.5707963268e+00 -2.0364251852e+00
2.0697498078e-04 3.1163619552e+04 1.5707963268e+00 -2.0371787328e+00
2.0711552895e-04 3.1186319945e+04 1.5707963268e+00 -2.0379311823e+00
2.0725603638e-04 3.1209030450e+04 1.5707963268e+00 -2.0386825356e+00
2.0739650315e-04 3.1231751050e+04 1.5707963268e+00 -2.0394327946e+00
2.0753692931e-04 3.1254481729e+04 1.5707963268e+00 -2.0401819611e+00
2.0767731494e-04 3.1277222470e+04 1.5707963268e+00 -2.0409300372e+00
2.0781766009e-04 3.1299973256e+04 1.5707963268e+00 -2.0416770247e+00
2.0795796483e-04 3.1322734071e+04 1.5707963268e+00 -2.0424229255e+00
2.0809822923e-04 3.1345504899e+04 1.5707963268e+00 -2.0431677414e+00
2.0823845334e-04 3.1368285723e+04 1.5707963268e+00 -2.0439114744e+00
2.0837863724e-04 3.1391076526e+04 1.5707963268e+00 -2.0446541264e+00
2.0851878098e-04 3.1413877293e+04 1.5707963268e+00 -2.0453956993e+00
2.0865888463e-04 3.1436688006e+04 1.5707963268e+00 -2.0461361948e+00
2.0879894825e-04 3.1459508649e+04 1.5707963268e+00 -2.0468756150e+00
2.0893897192e-04 3.1482339207e+04 1.5707963268e+00 -2.0476139616e+00
2.0907895568e-04 3.1505179662e+04 1.5707963268e+00 -2.0483512366e+00
2.0921889960e-04 3.1528029999e+04 1.5707963268e+00 -2.0490874418e+00
2.0935880376e-04 3.1550890201e+04 1.5707963268e+00 -2.0498225791e+00
2.0949866820e-04 3.1573760251e+04 1.5707963268e+00 -2.0505566503e+00
2.0963849300e-04 3.1596640135e+04 1.5707963268e+00 -2.0512896573e+00
2.0977827821e-04 3.1619529834e+04 1.5707963268e+00 -2.0520216020e+00
2.0991802390e-04 3.1642429334e+04 1.5707963268e+00 -2.0527524862e+00
2.1005773013e-04 3.1665338618e+04 1.5707963268e+00 -2.0534823117e+00
2.1019739696e-04 3.1688257670e+04 1.5707963268e+00 -2.0542110805e+00
2.1033702446e-04 3.1711186474e+04 1.5707963268e+00 -2.0549387942e+00
2.1047661268e-04 3.1734125014e+04 1.5707963268e+00 -2.0556654549e+00
2.1061616170e-04 3.1757073274e+04 1.5707963268e+00 -2.0563910643e+00
2.1075567157e-04 3.1780031237e+04 1.5707963268e+00 -2.0571156243e+00
2.1089514236e-04 3.1802998888e+04 1.5707963268e+00 -2.0578391367e+00
2.1103457412e-04 3.1825976210e+04 1.5707963268e+00 -2.0585616033e+00
2.1117396692e-04 3.1848963189e+04 1.5707963268e+00 -2.0592830259e+00
2.1131332081e-04 3.1871959807e+04 1.5707963268e+00 -2.0600034064e+00
2.1145263587e-04 3.1894966049e+04 1.5707963268e+00 -2.0607227466e+00
2.1159191215e-04 3.1917981900e+04 1.5707963268e+00 -2.0614410484e+00
2.1173114972e-04 3.1941007342e+04 1.5707963268e+00 -2.0621583134e+00
2.1187034863e-04 3.1964042361e+04 1.5707963268e+00 -2.0628745436e+00
2.1200950894e-04 3.1987086941e+04 1.5707963268e+00 -2.0635897407e+00
2.1214863073e-04 3.2010141065e+04 1.5707963268e+00 -2.0643039066e+00
2.1228771404e-04 3.2033204719e+04 1.5707963268e+00 -2.0650170431e+00
2.1242675894e-04 3.2056277886e+04 1.5707963268e+00 -2.0657291519e+00
2.1256576548e-04 3.2079360550e+04 1.5707963268e+00 -2.0664402348e+00
2.1270473374e-04 3.2102452697e+04 1.5707963268e+00 -2.0671502937e+00
2.1284366377e-04 3.2125554309e+04 1.5707963268e+00 -2.0678593304e+00
2.1298255563e-04 3.2148665373e+04 1.5707963268e+00 -2.0685673465e+00
2.1312140938e-04 3.2171785871e+04 1.5707963268e+00 -2.0692743440e+00
2.1326022508e-04 3.2194915789e+04 1.5707963268e+00 -2.0699803245e+00
2.1339900279e-04 3.2218055111e+04 1.5707963268e+00 -2.0706852900e+00
2.1353774258e-04 3.2241203822e+04 1.5707963268e+00 -2.0713892420e+00
2.1367644449e-04 3.2264361905e+04 1.5707963268e+00 -2.0720921825e+00
2.1381510859e-04 3.2287529346e+04 1.5707963268e+00 -2.0727941132e+00
2.1395373495e-04 3.2310706128e+04 1.5707963268e+00 -2.0734950359e+00
2.1409232361e-04 3.2333892237e+04 1.5707963268e+00 -2.0741949522e+00
2.1423087464e-04 3.2357087658e+04 1.5707963268e+00 -2.0748938641e+00
2.1436938810e-04 3.2380292374e+04 1.5707963268e+00 -2.0755917731e+00
2.1450786405e-04 3.2403506370e+04 1.5707963268e+00 -2.0762886812e+00
2.1464630254e-04 3.2426729632e+04 1.5707963268e+00 -2.0769845901e+00
2.1478470364e-04 3.2449962143e+04 1.5707963268e+00 -2.0776795014e+00
2.1492306740e-04 3.2473203889e+04 1.5707963268e+00 -2.0783734170e+00
2.1506139388e-04 3.2496454854e+04 1.5707963268e+00 -2.0790663385e+00
2.1519968315e-04 3.2519715023e+04 1.5707963268e+00 -2.0797582678e+00
2.1533793526e-04 3.2542984380e+04 1.5707963268e+00 -2.0804492066e+00
2.1547615026e-04 3.2566262912e+04 1.5707963268e+00 -2.0811391565e+00
2.1561432822e-04 3.2589550601e+04 1.5707963268e+00 -2.0818281194e+00
2.1575246920e-04 3.2612847434e+04 1.5707963268e+00 -2.0825160970e+00
2.1589057324e-04 3.2636153396e+04 1.5707963268e+00 -2.0832030909e+00
2.1602864042e-04 3.2659468470e+04 1.5707963268e+00 -2.0838891030e+00
2.1616667079e-04 3.2682792642e+04 1.5707963268e+00 -2.0845741349e+00
2.1630466441e-04 3.2706125897e+04 1.5707963268e+00 -2.0852581884e+00
2.1644262133e-04 3.2729468220e+04 1.5707963268e+00 -2.0859412651e+00
2.1658054161e-04 3.2752819596e+04 1.5707963268e+00 -2.0866233668e+00
2.1671842531e-04 3.2776180011e+04 1.5707963268e+00 -2.0873044952e+00
2.1685627248e-04 3.2799549448e+04 1.5707963268e+00 -2.0879846519e+00
2.1699408319e-04 3.2822927893e+04 1.5707963268e+00 -2.0886638388e+00
2.1713185750e-04 3.2846315332e+04 1.5707963268e+00 -2.0893420575e+00
2.1726959545e-04 3.2869711749e+04 1.5707963268e+00 -2.0900193096e+00
2.1740729710e-04 3.2893117129e+04 1.5707963268e+00 -2.0906955970e+00
2.1754496252e-04 3.2916531458e+04 1.5707963268e+00 -2.0913709212e+00
2.1768259176e-04 3.2939954721e+04 1.5707963268e+00 -2.0920452840e+00
2.1782018487e-04 3.2963386904e+04 1.5707963268e+00 -2.0927186870e+00
2.1795774191e-04 3.2986827990e+04 1.5707963268e+00 -2.0933911320e+00
2.1809526294e-04 3.3010277967e+04 1.5707963268e+00 -2.0940626206e+00
2.1823274802e-04 3.3033736818e+04 1.5707963268e+00 -2.0947331545e+00
2.1837019720e-04 3.3057204530e+04 1.5707963268e+00 -2.0954027353e+00
2.1850761054e-04 3.3080681087e+04 1.5707963268e+00 -2.0960713648e+00
2.1864498808e-04 3.3104166475e+04 1.5707963268e+00 -2.0967390446e+00
2.1878232990e-04 3.3127660680e+04 1.5707963268e+00 -2.0974057764e+00
2.1891963605e-04 3.3151163686e+04 1.5707963268e+00 -2.0980715618e+00
2.1905690657e-04 3.3174675480e+04 1.5707963268e+00 -2.0987364025e+00
2.1919414153e-04 3.3198196047e+04 1.5707963268e+00 -2.0994003001e+00
2.1933134098e-04 3.3221725372e+04 1.5707963268e+00 -2.1000632564e+00
2.1946850498e-04 3.3245263440e+04 1.5707963268e+00 -2.1007252729e+00
2.1960563358e-04 3.3268810238e+04 1.5707963268e+00 -2.1013863513e+00
2.1974272684e-04 3.3292365751e+04 1.5707963268e+00 -2.1020464933e+00
2.1987978482e-04 3.3315929964e+04 1.5707963268e+00 -2.1027057004e+00
2.2001680756e-04 3.3339502863e+04 1.5707963268e+00 -2.1033639744e+00
2.2015379512e-04 3.3363084434e+04 1.5707963268e+00 -2.1040213168e+00
2.2029074757e-04 3.3386674662e+04 1.5707963268e+00 -2.1046777294e+00
2.2042766494e-04 3.3410273534e+04 1.5707963268e+00 -2.1053332137e+00
2.2056454730e-04 3.3433881034e+04 1.5707963268e+00 -2.1059877713e+00
2.2070139471e-04 3.3457497148e+04 1.5707963268e+00 -2.1066414039e+00
2.2083820721e-04 3.3481121863e+04 1.5707963268e+00 -2.1072941132e+00
2.2097498486e-04 3.3504755164e+04 1.5707963268e+00 -2.1079459006e+00
2.2111172771e-04 3.3528397037e+04 1.5707963268e+00 -2.1085967680e+00
2.2124843583e-04 3.3552047467e+04 1.5707963268e+00 -2.1092467167e+00
2.2138510926e-04 3.3575706441e+04 1.5707963268e+00 -2.1098957486e+00
2.2152174805e-04 3.3599373944e+04 1.5707963268e+00 -2.1105438651e+00
2.2165835227e-04 3.3623049962e+04 1.5707963268e+00 -2.1111910679e+00
2.2179492196e-04 3.3646734482e+04 1.5707963268e+00 -2.1118373586e+00
2.2193145718e-04 3.3670427489e+04 1.5707963268e+00 -2.1124827388e+00
2.2206795798e-04 3.3694128969e+04 1.5707963268e+00 -2.1131272101e+00
2.2220442441e-04 3.3717838907e+04 1.5707963268e+00 -2.1137707741e+00
2.2234085654e-04 3.3741557291e+04 1.5707963268e+00 -2.1144134323e+00
2.2247725440e-04 3.3765284107e+04 1.5707963268e+00 -2.1150551864e+00
2.2261361806e-04 3.3789019339e+04 1.5707963268e+00 -2.1156960379e+00
2.2274994757e-04 3.3812762975e+04 1.5707963268e+00 -2.1163359885e+00
2.2288624298e-04 3.3836515000e+04 1.5707963268e+00 -2.1169750397e+00
2.2302250435e-04 3.3860275400e+04 1.5707963268e+00 -2.1176131930e+00
2.2315873172e-04 3.3884044162e+04 1.5707963268e+00 -2.1182504502e+00
2.2329492515e-04 3.3907821272e+04 1.5707963268e+00 -2.1188868126e+00
2.2343108469e-04 3.3931606717e+04 1.5707963268e+00 -2.1195222820e+00
2.2356721040e-04 3.3955400481e+04 1.5707963268e+00 -2.1201568598e+00
2.2370330232e-04 3.3979202552e+04 1.5707963268e+00 -2.1207905477e+00
2.2383936051e-04 3.4003012916e+04 1.5707963268e+00 -2.1214233471e+00
2.2397538503e-04 3.4026831559e+04 1.5707963268e+00 -2.1220552598e+00
2.2411137591e-04 3.4050658467e+04 1.5707963268e+00 -2.1226862871e+00
2.2424733322e-04 3.4074493627e+04 1.5707963268e+00 -2.1233164307e+00
2.2438325701e-04 3.4098337025e+04 1.5707963268e+00 -2.1239456921e+00
2.2451914733e-04 3.4122188648e+04 1.5707963268e+00 -2.1245740728e+00
2.2465500423e-04 3.4146048481e+04 1.5707963268e+00 -2.1252015745e+00
2.2479082776e-04 3.4169916512e+04 1.5707963268e+00 -2.1258281986e+00
2.2492661798e-04 3.4193792727e+04 1.5707963268e+00 -2.1264539466e+00
2.2506237493e-04 3.4217677112e+04 1.5707963268e+00 -2.1270788202e+00
2.2519809867e-04 3.4241569654e+04 1.5707963268e+00 -2.1277028209e+00
2.2533378925e-04 3.4265470339e+04 1.5707963268e+00 -2.1283259501e+00
2.2546944671e-04 3.4289379154e+04 1.5707963268e+00 -2.1289482094e+00
2.2560507112e-04 3.4313296085e+04 1.5707963268e+00 -2.1295696004e+00
2.2574066252e-04 3.4337221120e+04 1.5707963268e+00 -2.1301901245e+00
2.2587622095e-04 3.4361154244e+04 1.5707963268e+00 -2.1308097833e+00
2.2601174649e-04 3.4385095444e+04 1.5707963268e+00 -2.1314285783e+00
2.2614723916e-04 3.4409044707e+04 1.5707963268e+00 -2.1320465110e+00
2.2628269903e-04 3.4433002020e+04 1.5707963268e+00 -2.1326635829e+00
2.2641812615e-04 3.4456967370e+04 1.5707963268e+00 -2.1332797956e+00
2.2655352055e-04 3.4480940742e+04 1.5707963268e+00 -2.1338951505e+00
2.2668888231e-04 3.4504922124e+04 1.5707963268e+00 -2.1345096491e+00
2.2682421146e-04 3.4528911503e+04 1.5707963268e+00 -2.1351232929e+00
2.2695950806e-04 3.4552908865e+04 1.5707963268e+00 -2.1357360835e+00
2.2709477215e-04 3.4576914198e+04 1.5707963268e+00 -2.1363480223e+00
2.2723000379e-04 3.4600927487e+04 1.5707963268e+00 -2.1369591109e+00
2.2736520302e-04 3.4624948721e+04 1.5707963268e+00 -2.1375693506e+00
2.2750036990e-04 3.4648977885e+04 1.5707963268e+00 -2.1381787431e+00
2.2763550447e-04 3.4673014967e+04 1.5707963268e+00 -2.1387872897e+00
2.2777060679e-04 3.4697059953e+04 1.5707963268e+00 -2.1393949920e+00
2.2790567690e-04 3.4721112832e+04 1.5707963268e+00 -2.1400018514e+00
2.2804071486e-04 3.4745173589e+04 1.5707963268e+00 -2.1406078695e+00
2.2817572070e-04 3.4769242211e+04 1.5707963268e+00 -2.1412130476e+00
2.2831069449e-04 3.4793318686e+04 1.5707963268e+00 -2.1418173873e+00
2.2844563627e-04 3.4817403001e+04 1.5707963268e+00 -2.1424208901e+00
2.2858054610e-04 3.4841495142e+04 1.5707963268e+00 -2.1430235573e+00
2.2871542401e-04 3.4865595098e+04 1.5707963268e+00 -2.1436253905e+00
2.2885027005e-04 3.4889702854e+04 1.5707963268e+00 -2.1442263911e+00
2.2898508429e-04 3.4913818399e+04 1.5707963268e+00 -2.1448265606e+00
2.2911986676e-04 3.4937941718e+04 1.5707963268e+00 -2.1454259005e+00
2.2925461751e-04 3.4962072800e+04 1.5707963268e+00 -2.1460244121e+00
2.2938933660e-04 3.4986211632e+04 1.5707963268e+00 -2.1466220969e+00
2.2952402407e-04 3.5010358200e+04 1.5707963268e+00 -2.1472189565e+00
2.2965867997e-04 3.5034512493e+04 1.5707963268e+00 -2.1478149921e+00
2.2979330434e-04 3.5058674497e+04 1.5707963268e+00 -2.1484102054e+00
2.2992789724e-04 3.5082844200e+04 1.5707963268e+00 -2.1490045976e+00
2.3006245871e-04 3.5107021588e+04 1.5707963268e+00 -2.1495981703e+00
2.3019698881e-04 3.5131206650e+04 1.5707963268e+00 -2.1501909249e+00
2.3033148757e-04 3.5155399373e+04 1.5707963268e+00 -2.1507828627e+00
2.3046595505e-04 3.5179599744e+04 1.5707963268e+00 -2.1513739853e+00
2.3060039130e-04 3.5203807750e+04 1.5707963268e+00 -2.1519642941e+00
2.3073479636e-04 3.5228023379e+04 1.5707963268e+00 -2.1525537904e+00
2.3086917027e-04 3.5252246618e+04 1.5707963268e+00 -2.1531424758e+00
2.3100351310e-04 3.5276477455e+04 1.5707963268e+00 -2.1537303516e+00
2.3113782488e-04 3.5300715877e+04 1.5707963268e+00 -2.1543174192e+00
2.3127210566e-04 3.5324961872e+04 1.5707963268e+00 -2.1549036801e+00
2.3140635549e-04 3.5349215428e+04 1.5707963268e+00 -2.1554891356e+00
2.3154057442e-04 3.5373476531e+04 1.5707963268e+00 -2.1560737872e+00
2.3167476249e-04 3.5397745169e+04 1.5707963268e+00 -2.1566576363e+00
2.3180891975e-04 3.5422021331e+04 1.5707963268e+00 -2.1572406843e+00
2.3194304625e-04 3.5446305003e+04 1.5707963268e+00 -2.1578229325e+00
2.3207714204e-04 3.5470596174e+04 1.5707963268e+00 -2.1584043825e+00
