0.0000000000e+00 1.0466370874e+04 1.5707963268e+00 0.0000000000e+00
3.7876353837e-07 1.0466370874e+04 1.5707963268e+00 4.2372881356e-03
7.5752707673e-07 1.0466319913e+04 1.5707963268e+00 8.4745762712e-03
1.1363008607e-06 1.0466217991e+04 1.5707963268e+00 1.2711905670e-02
1.5150951372e-06 1.0466065107e+04 1.5707963268e+00 1.6949317595e-02
1.8939201565e-06 1.0465861259e+04 1.5707963268e+00 2.1186853316e-02
2.2727861749e-06 1.0465606440e+04 1.5707963268e+00 2.5424554106e-02
2.6517034566e-06 1.0465300645e+04 1.5707963268e+00 2.9662461251e-02
3.0306822768e-06 1.0464943864e+04 1.5707963268e+00 3.3900616052e-02
3.4097329233e-06 1.0464536087e+04 1.5707963268e+00 3.8139059826e-02
3.7888656994e-06 1.0464077300e+04 1.5707963268e+00 4.2377833910e-02
4.1680909259e-06 1.0463567489e+04 1.5707963268e+00 4.6616979668e-02
4.5474189438e-06 1.0463006639e+04 1.5707963268e+00 5.0856538488e-02
4.9268601166e-06 1.0462394729e+04 1.5707963268e+00 5.5096551792e-02
5.3064248324e-06 1.0461731741e+04 1.5707963268e+00 5.9337061034e-02
5.6861235070e-06 1.0461017652e+04 1.5707963268e+00 6.3578107708e-02
6.0659665857e-06 1.0460252437e+04 1.5707963268e+00 6.7819733346e-02
6.4459645459e-06 1.0459436071e+04 1.5707963268e+00 7.2061979526e-02
6.8261279000e-06 1.0458568525e+04 1.5707963268e+00 7.6304887876e-02
7.2064671971e-06 1.0457649770e+04 1.5707963268e+00 8.0548500072e-02
7.5869930265e-06 1.0456679773e+04 1.5707963268e+00 8.4792857846e-02
7.9677160194e-06 1.0455658501e+04 1.5707963268e+00 8.9038002989e-02
8.3486468519e-06 1.0454585919e+04 1.5707963268e+00 9.3283977353e-02
8.7297962474e-06 1.0453461988e+04 1.5707963268e+00 9.7530822853e-02
9.1111749795e-06 1.0452286668e+04 1.5707963268e+00 1.0177858148e-01
9.4927938743e-06 1.0451059919e+04 1.5707963268e+00 1.0602729528e-01
9.8746638131e-06 1.0449781696e+04 1.5707963268e+00 1.1027700640e-01
1.0256795736e-05 1.0448451953e+04 1.5707963268e+00 1.1452775705e-01
1.0639200642e-05 1.0447070645e+04 1.5707963268e+00 1.1877958952e-01
1.1021889597e-05 1.0445637720e+04 1.5707963268e+00 1.2303254619e-01
1.1404873729e-05 1.0444153128e+04 1.5707963268e+00 1.2728666953e-01
1.1788164240e-05 1.0442616814e+04 1.5707963268e+00 1.3154200212e-01
1.2171772400e-05 1.0441028724e+04 1.5707963268e+00 1.3579858661e-01
1.2555709556e-05 1.0439388800e+04 1.5707963268e+00 1.4005646576e-01
1.2939987134e-05 1.0437696982e+04 1.5707963268e+00 1.4431568244e-01
1.3324616639e-05 1.0435953209e+04 1.5707963268e+00 1.4857627963e-01
1.3709609663e-05 1.0434157418e+04 1.5707963268e+00 1.5283830041e-01
1.4094977883e-05 1.0432309542e+04 1.5707963268e+00 1.5710178798e-01
1.4480733066e-05 1.0430409515e+04 1.5707963268e+00 1.6136678567e-01
1.4866887077e-05 1.0428457266e+04 1.5707963268e+00 1.6563333693e-01
1.5253451874e-05 1.0426452723e+04 1.5707963268e+00 1.6990148531e-01
1.5640439517e-05 1.0424395813e+04 1.5707963268e+00 1.7417127453e-01
1.6027862171e-05 1.0422286461e+04 1.5707963268e+00 1.7844274842e-01
1.6415732107e-05 1.0420124587e+04 1.5707963268e+00 1.8271595095e-01
1.6804061708e-05 1.0417910112e+04 1.5707963268e+00 1.8699092625e-01
1.7192863471e-05 1.0415642954e+04 1.5707963268e+00 1.9126771858e-01
1.7582150013e-05 1.0413323028e+04 1.5707963268e+00 1.9554637234e-01
1.7971934072e-05 1.0410950248e+04 1.5707963268e+00 1.9982693212e-01
1.8362228512e-05 1.0408524525e+04 1.5707963268e+00 2.0410944264e-01
1.8753046328e-05 1.0406045768e+04 1.5707963268e+00 2.0839394878e-01
1.9144400650e-05 1.0403513885e+04 1.5707963268e+00 2.1268049560e-01
1.9536304744e-05 1.0400928780e+04 1.5707963268e+00 2.1696912833e-01
1.9928772021e-05 1.0398290357e+04 1.5707963268e+00 2.2125989238e-01
2.0321816038e-05 1.0395598514e+04 1.5707963268e+00 2.2555283332e-01
2.0715450503e-05 1.0392853152e+04 1.5707963268e+00 2.2984799691e-01
2.1109689280e-05 1.0390054165e+04 1.5707963268e+00 2.3414542912e-01
2.1504546397e-05 1.0387201448e+04 1.5707963268e+00 2.3844517608e-01
2.1900036042e-05 1.0384294892e+04 1.5707963268e+00 2.4274728414e-01
2.2296172577e-05 1.0381334386e+04 1.5707963268e+00 2.4705179983e-01
2.2692970539e-05 1.0378319818e+04 1.5707963268e+00 2.5135876992e-01
2.3090444645e-05 1.0375251071e+04 1.5707963268e+00 2.5566824135e-01
2.3488609799e-05 1.0372128028e+04 1.5707963268e+00 2.5998026130e-01
2.3887481093e-05 1.0368950569e+04 1.5707963268e+00 2.6429487716e-01
2.4287073821e-05 1.0365718573e+04 1.5707963268e+00 2.6861213656e-01
2.4687403475e-05 1.0362431913e+04 1.5707963268e+00 2.7293208733e-01
2.5088485758e-05 1.0359090463e+04 1.5707963268e+00 2.7725477755e-01
2.5490336587e-05 1.0355694093e+04 1.5707963268e+00 2.8158025555e-01
2.5892972099e-05 1.0352242671e+04 1.5707963268e+00 2.8590856988e-01
2.6296408661e-05 1.0348736063e+04 1.5707963268e+00 2.9023976935e-01
2.6700662869e-05 1.0345174132e+04 1.5707963268e+00 2.9457390304e-01
2.7105751564e-05 1.0341556739e+04 1.5707963268e+00 2.9891102025e-01
2.7511691831e-05 1.0337883741e+04 1.5707963268e+00 3.0325117058e-01
2.7918501012e-05 1.0334154994e+04 1.5707963268e+00 3.0759440388e-01
2.8326196710e-05 1.0330370352e+04 1.5707963268e+00 3.1194077029e-01
2.8734796797e-05 1.0326529664e+04 1.5707963268e+00 3.1629032020e-01
2.9144319424e-05 1.0322632780e+04 1.5707963268e+00 3.2064310432e-01
2.9554783025e-05 1.0318679543e+04 1.5707963268e+00 3.2499917362e-01
2.9966206330e-05 1.0314669797e+04 1.5707963268e+00 3.2935857940e-01
3.0378608371e-05 1.0310603382e+04 1.5707963268e+00 3.3372137323e-01
3.0792008489e-05 1.0306480135e+04 1.5707963268e+00 3.3808760699e-01
3.1206426347e-05 1.0302299890e+04 1.5707963268e+00 3.4245733291e-01
3.1621881938e-05 1.0298062480e+04 1.5707963268e+00 3.4683060349e-01
3.2038395594e-05 1.0293767735e+04 1.5707963268e+00 3.5120747158e-01
3.2455987996e-05 1.0289415479e+04 1.5707963268e+00 3.5558799037e-01
3.2874680184e-05 1.0285005538e+04 1.5707963268e+00 3.5997221337e-01
3.3294493569e-05 1.0280537731e+04 1.5707963268e+00 3.6436019444e-01
3.3715449945e-05 1.0276011877e+04 1.5707963268e+00 3.6875198779e-01
3.4137571496e-05 1.0271427790e+04 1.5707963268e+00 3.7314764798e-01
3.4560880814e-05 1.0266785284e+04 1.5707963268e+00 3.7754722994e-01
3.4985400904e-05 1.0262084167e+04 1.5707963268e+00 3.8195078897e-01
3.5411155204e-05 1.0257324246e+04 1.5707963268e+00 3.8635838074e-01
3.5838167593e-05 1.0252505323e+04 1.5707963268e+00 3.9077006131e-01
3.6266462406e-05 1.0247627200e+04 1.5707963268e+00 3.9518588712e-01
3.6696064448e-05 1.0242689673e+04 1.5707963268e+00 3.9960591502e-01
3.7126999010e-05 1.0237692537e+04 1.5707963268e+00 4.0403020224e-01
3.7559291883e-05 1.0232635582e+04 1.5707963268e+00 4.0845880645e-01
3.7992969370e-05 1.0227518597e+04 1.5707963268e+00 4.1289178572e-01
3.8428058309e-05 1.0222341367e+04 1.5707963268e+00 4.1732919854e-01
3.8864586084e-05 1.0217103672e+04 1.5707963268e+00 4.2177110385e-01
3.9302580646e-05 1.0211805292e+04 1.5707963268e+00 4.2621756103e-01
3.9742070530e-05 1.0206446001e+04 1.5707963268e+00 4.3066862989e-01
4.0183084872e-05 1.0201025571e+04 1.5707963268e+00 4.3512437070e-01
4.0625653430e-05 1.0195543771e+04 1.5707963268e+00 4.3958484422e-01
4.1069806606e-05 1.0190000365e+04 1.5707963268e+00 4.4405011166e-01
4.1515575461e-05 1.0184395116e+04 1.5707963268e+00 4.4852023470e-01
4.1962991746e-05 1.0178727780e+04 1.5707963268e+00 4.5299527554e-01
4.2412087915e-05 1.0172998114e+04 1.5707963268e+00 4.5747529685e-01
4.2862897156e-05 1.0167205867e+04 1.5707963268e+00 4.6196036182e-01
4.3315453412e-05 1.0161350789e+04 1.5707963268e+00 4.6645053416e-01
4.3769791406e-05 1.0155432621e+04 1.5707963268e+00 4.7094587808e-01
4.4225946669e-05 1.0149451106e+04 1.5707963268e+00 4.7544645836e-01
4.4683955570e-05 1.0143405980e+04 1.5707963268e+00 4.7995234029e-01
4.5143855338e-05 1.0137296975e+04 1.5707963268e+00 4.8446358972e-01
4.5605684101e-05 1.0131123820e+04 1.5707963268e+00 4.8898027308e-01
4.6069480909e-05 1.0124886242e+04 1.5707963268e+00 4.9350245736e-01
4.6535285773e-05 1.0118583961e+04 1.5707963268e+00 4.9803021011e-01
4.7003139694e-05 1.0112216695e+04 1.5707963268e+00 5.0256359950e-01
4.7473084703e-05 1.0105784157e+04 1.5707963268e+00 5.0710269429e-01
4.7945163897e-05 1.0099286058e+04 1.5707963268e+00 5.1164756386e-01
4.8419421474e-05 1.0092722102e+04 1.5707963268e+00 5.1619827821e-01
4.8895902781e-05 1.0086091991e+04 1.5707963268e+00 5.2075490796e-01
4.9374654348e-05 1.0079395423e+04 1.5707963268e+00 5.2531752439e-01
4.9855723939e-05 1.0072632091e+04 1.5707963268e+00 5.2988619944e-01
5.0339160595e-05 1.0065801683e+04 1.5707963268e+00 5.3446100570e-01
5.0825014684e-05 1.0058903884e+04 1.5707963268e+00 5.3904201645e-01
5.1313337951e-05 1.0051938375e+04 1.5707963268e+00 5.4362930568e-01
5.1804183573e-05 1.0044904830e+04 1.5707963268e+00 5.4822294803e-01
5.2297606212e-05 1.0037802923e+04 1.5707963268e+00 5.5282301892e-01
5.2793662075e-05 1.0030632319e+04 1.5707963268e+00 5.5742959446e-01
5.3292408977e-05 1.0023392681e+04 1.5707963268e+00 5.6204275150e-01
5.3793906404e-05 1.0016083667e+04 1.5707963268e+00 5.6666256766e-01
5.4298215581e-05 1.0008704929e+04 1.5707963268e+00 5.7128912132e-01
5.4805399541e-05 1.0001256117e+04 1.5707963268e+00 5.7592249164e-01
5.5315523204e-05 9.9937368737e+03 1.5707963268e+00 5.8056275857e-01
5.5828653454e-05 9.9861468378e+03 1.5707963268e+00 5.8521000289e-01
5.6344859220e-05 9.9784856431e+03 1.5707963268e+00 5.8986430619e-01
5.6864211565e-05 9.9707529187e+03 1.5707963268e+00 5.9452575088e-01
5.7386783777e-05 9.9629482884e+03 1.5707963268e+00 5.9919442024e-01
5.7912651467e-05 9.9550713710e+03 1.5707963268e+00 6.0387039843e-01
5.8441892669e-05 9.9471217801e+03 1.5707963268e+00 6.0855377048e-01
5.8974587949e-05 9.9390991243e+03 1.5707963268e+00 6.1324462231e-01
5.9510820518e-05 9.9310030067e+03 1.5707963268e+00 6.1794304076e-01
6.0050676353e-05 9.9228330252e+03 1.5707963268e+00 6.2264911363e-01
6.0594244323e-05 9.9145887723e+03 1.5707963268e+00 6.2736292962e-01
6.1141616324e-05 9.9062698349e+03 1.5707963268e+00 6.3208457844e-01
6.1692887420e-05 9.8978757947e+03 1.5707963268e+00 6.3681415075e-01
6.2248155993e-05 9.8894062276e+03 1.5707963268e+00 6.4155173823e-01
6.2807523904e-05 9.8808607039e+03 1.5707963268e+00 6.4629743358e-01
6.3371096661e-05 9.8722387881e+03 1.5707963268e+00 6.5105133052e-01
6.3938983600e-05 9.8635400391e+03 1.5707963268e+00 6.5581352384e-01
6.4511298071e-05 9.8547640100e+03 1.5707963268e+00 6.6058410941e-01
6.5088157647e-05 9.8459102477e+03 1.5707963268e+00 6.6536318418e-01
6.5669684333e-05 9.8369782936e+03 1.5707963268e+00 6.7015084623e-01
6.6256004799e-05 9.8279676826e+03 1.5707963268e+00 6.7494719476e-01
6.6847250622e-05 9.8188779439e+03 1.5707963268e+00 6.7975233015e-01
6.7443558549e-05 9.8097086004e+03 1.5707963268e+00 6.8456635393e-01
6.8045070770e-05 9.8004591688e+03 1.5707963268e+00 6.8938936884e-01
6.8651935218e-05 9.7911291597e+03 1.5707963268e+00 6.9422147886e-01
6.9264305886e-05 9.7817180772e+03 1.5707963268e+00 6.9906278919e-01
6.9882343163e-05 9.7722254191e+03 1.5707963268e+00 7.0391340630e-01
7.0506214198e-05 9.7626506769e+03 1.5707963268e+00 7.0877343797e-01
7.1136093290e-05 9.7529933356e+03 1.5707963268e+00 7.1364299326e-01
7.1772162303e-05 9.7432528736e+03 1.5707963268e+00 7.1852218262e-01
7.2414611117e-05 9.7334287630e+03 1.5707963268e+00 7.2341111781e-01
7.3063638103e-05 9.7235204691e+03 1.5707963268e+00 7.2830991202e-01
7.3719450651e-05 9.7135274507e+03 1.5707963268e+00 7.3321867984e-01
7.4382265716e-05 9.7034491602e+03 1.5707963268e+00 7.3813753730e-01
7.5052310431e-05 9.6932850431e+03 1.5707963268e+00 7.4306660189e-01
7.5729822747e-05 9.6830345383e+03 1.5707963268e+00 7.4800599263e-01
7.6415052142e-05 9.6726970783e+03 1.5707963268e+00 7.5295583003e-01
7.7108260377e-05 9.6622720887e+03 1.5707963268e+00 7.5791623618e-01
7.7809722321e-05 9.6517589888e+03 1.5707963268e+00 7.6288733473e-01
7.8519726843e-05 9.6411571911e+03 1.5707963268e+00 7.6786925095e-01
7.9238577784e-05 9.6304661018e+03 1.5707963268e+00 7.7286211175e-01
7.9966595014e-05 9.6196851206e+03 1.5707963268e+00 7.7786604574e-01
8.0704115578e-05 9.6088136408e+03 1.5707963268e+00 7.8288118320e-01
8.1451494957e-05 9.5978510495e+03 1.5707963268e+00 7.8790765615e-01
8.2209108435e-05 9.5867967279e+03 1.5707963268e+00 7.9294559841e-01
8.2977352605e-05 9.5756500511e+03 1.5707963268e+00 7.9799514555e-01
8.3756647013e-05 9.5644103885e+03 1.5707963268e+00 8.0305643503e-01
8.4547435967e-05 9.5530771039e+03 1.5707963268e+00 8.0812960615e-01
8.5350190527e-05 9.5416495561e+03 1.5707963268e+00 8.1321480010e-01
8.6165410695e-05 9.5301270988e+03 1.5707963268e+00 8.1831216004e-01
8.6993627841e-05 9.5185090812e+03 1.5707963268e+00 8.2342183109e-01
8.7835407382e-05 9.5067948484e+03 1.5707963268e+00 8.2854396036e-01
8.8691351752e-05 9.4949837419e+03 1.5707963268e+00 8.3367869702e-01
8.9562103705e-05 9.4830751001e+03 1.5707963268e+00 8.3882619234e-01
9.0448349992e-05 9.4710682590e+03 1.5707963268e+00 8.4398659967e-01
9.1350825472e-05 9.4589625531e+03 1.5707963268e+00 8.4916007453e-01
9.2270317702e-05 9.4467573161e+03 1.5707963268e+00 8.5434677463e-01
9.3207672094e-05 9.4344518819e+03 1.5707963268e+00 8.5954685989e-01
9.4163797721e-05 9.4220455860e+03 1.5707963268e+00 8.6476049252e-01
9.5139673853e-05 9.4095377667e+03 1.5707963268e+00 8.6998783699e-01
9.6136357372e-05 9.3969277668e+03 1.5707963268e+00 8.7522906012e-01
9.7154991171e-05 9.3842149353e+03 1.5707963268e+00 8.8048433109e-01
9.8196813728e-05 9.3713986295e+03 1.5707963268e+00 8.8575382146e-01
9.9263170047e-05 9.3584782177e+03 1.5707963268e+00 8.9103770524e-01
1.0035552420e-04 9.3454530820e+03 1.5707963268e+00 8.9633615887e-01
1.0147547375e-04 9.3323226214e+03 1.5707963268e+00 9.0164936128e-01
1.0262476649e-04 9.3190862561e+03 1.5707963268e+00 9.0697749391e-01
1.0380531975e-04 9.3057434322e+03 1.5707963268e+00 9.1232074069e-01
1.0501924304e-04 9.2922936267e+03 1.5707963268e+00 9.1767928812e-01
1.0626886450e-04 9.2787363545e+03 1.5707963268e+00 9.2305332521e-01
1.0755676207e-04 9.2650711757e+03 1.5707963268e+00 9.2844304353e-01
1.0888580041e-04 9.2512977053e+03 1.5707963268e+00 9.3384863717e-01
1.1025917485e-04 9.2374156238e+03 1.5707963268e+00 9.3927030274e-01
1.1168046410e-04 9.2234246907e+03 1.5707963268e+00 9.4470823933e-01
1.1315369379e-04 9.2093247608e+03 1.5707963268e+00 9.5016264845e-01
1.1468341379e-04 9.1951158040e+03 1.5707963268e+00 9.5563373397e-01
1.1627479278e-04 9.1807979296e+03 1.5707963268e+00 9.6112170204e-01
1.1793373520e-04 9.1663714166e+03 1.5707963268e+00 9.6662676092e-01
1.1966702695e-04 9.1518367517e+03 1.5707963268e+00 9.7214912088e-01
1.2148251884e-04 9.1371946768e+03 1.5707963268e+00 9.7768899390e-01
1.2338936020e-04 9.1224462505e+03 1.5707963268e+00 9.8324659348e-01
1.2539829979e-04 9.1075929265e+03 1.5707963268e+00 9.8882213419e-01
1.2752207867e-04 9.0926366568e+03 1.5707963268e+00 9.9441583129e-01
1.2977595080e-04 9.0775800283e+03 1.5707963268e+00 1.0000279001e+00
1.3217838434e-04 9.0624264466e+03 1.5707963268e+00 1.0056585550e+00
1.3475202392e-04 9.0471803886e+03 1.5707963268e+00 1.0113080090e+00
1.3752503916e-04 9.0318477552e+03 1.5707963268e+00 1.0169764715e+00
1.4053306017e-04 9.0164363768e+03 1.5707963268e+00 1.0226641472e+00
1.4382203339e-04 9.0009567556e+03 1.5707963268e+00 1.0283712331e+00
1.4745257320e-04 8.9854231920e+03 1.5707963268e+00 1.0340979150e+00
1.5150684999e-04 8.9698555536e+03 1.5707963268e+00 1.0398443629e+00
1.5610000253e-04 8.9542821799e+03 1.5707963268e+00 1.0456107226e+00
1.6140013375e-04 8.9387449071e+03 1.5707963268e+00 1.0513971054e+00
1.6766589238e-04 8.9233083528e+03 1.5707963268e+00 1.0572035690e+00
1.7532383329e-04 8.9080785805e+03 1.5707963268e+00 1.0630300872e+00
1.8514857674e-04 8.8932451091e+03 1.5707963268e+00 1.0688764941e+00
1.9876476173e-04 8.8791920412e+03 1.5707963268e+00 1.0747423716e+00
