0.0000000000e+00 1.5699556311e+04 1.5707963268e+00 0.0000000000e+00
2.2428730085e-07 1.5699556311e+04 1.5707963268e+00 2.8248587571e-03
4.4857460170e-07 1.5699575421e+04 1.5707963268e+00 5.6497175141e-03
6.7286154799e-07 1.5699613642e+04 1.5707963268e+00 8.4745693940e-03
8.9714778514e-07 1.5699670974e+04 1.5707963268e+00 1.1299407520e-02
1.1214329586e-06 1.5699747416e+04 1.5707963268e+00 1.4124225014e-02
1.3457167139e-06 1.5699842969e+04 1.5707963268e+00 1.6949015000e-02
1.5699986964e-06 1.5699957633e+04 1.5707963268e+00 1.9773770601e-02
1.7942785516e-06 1.5700091409e+04 1.5707963268e+00 2.2598484940e-02
2.0185559251e-06 1.5700244297e+04 1.5707963268e+00 2.5423151142e-02
2.2428304625e-06 1.5700416296e+04 1.5707963268e+00 2.8247762331e-02
2.4671018093e-06 1.5700607409e+04 1.5707963268e+00 3.1072311632e-02
2.6913696112e-06 1.5700817635e+04 1.5707963268e+00 3.3896792169e-02
2.9156335139e-06 1.5701046974e+04 1.5707963268e+00 3.6721197068e-02
3.1398931630e-06 1.5701295429e+04 1.5707963268e+00 3.9545519456e-02
3.3641482045e-06 1.5701562998e+04 1.5707963268e+00 4.2369752460e-02
3.5883982842e-06 1.5701849684e+04 1.5707963268e+00 4.5193889207e-02
3.8126430479e-06 1.5702155487e+04 1.5707963268e+00 4.8017922825e-02
4.0368821417e-06 1.5702480407e+04 1.5707963268e+00 5.0841846443e-02
4.2611152117e-06 1.5702824446e+04 1.5707963268e+00 5.3665653193e-02
4.4853419040e-06 1.5703187605e+04 1.5707963268e+00 5.6489336204e-02
4.7095618649e-06 1.5703569885e+04 1.5707963268e+00 5.9312888608e-02
4.9337747407e-06 1.5703971287e+04 1.5707963268e+00 6.2136303539e-02
5.1579801778e-06 1.5704391813e+04 1.5707963268e+00 6.4959574130e-02
5.3821778227e-06 1.5704831462e+04 1.5707963268e+00 6.7782693516e-02
5.6063673221e-06 1.5705290238e+04 1.5707963268e+00 7.0605654834e-02
5.8305483228e-06 1.5705768141e+04 1.5707963268e+00 7.3428451221e-02
6.0547204715e-06 1.5706265172e+04 1.5707963268e+00 7.6251075816e-02
6.2788834153e-06 1.5706781334e+04 1.5707963268e+00 7.9073521759e-02
6.5030368012e-06 1.5707316627e+04 1.5707963268e+00 8.1895782192e-02
6.7271802766e-06 1.5707871054e+04 1.5707963268e+00 8.4717850257e-02
6.9513134887e-06 1.5708444615e+04 1.5707963268e+00 8.7539719099e-02
7.1754360851e-06 1.5709037313e+04 1.5707963268e+00 9.0361381864e-02
7.3995477134e-06 1.5709649150e+04 1.5707963268e+00 9.3182831699e-02
7.6236480215e-06 1.5710280127e+04 1.5707963268e+00 9.6004061755e-02
7.8477366572e-06 1.5710930247e+04 1.5707963268e+00 9.8825065182e-02
8.0718132687e-06 1.5711599510e+04 1.5707963268e+00 1.0164583513e-01
8.2958775042e-06 1.5712287920e+04 1.5707963268e+00 1.0446636476e-01
8.5199290122e-06 1.5712995478e+04 1.5707963268e+00 1.0728664722e-01
8.7439674414e-06 1.5713722186e+04 1.5707963268e+00 1.1010667568e-01
8.9679924404e-06 1.5714468047e+04 1.5707963268e+00 1.1292644329e-01
9.1920036584e-06 1.5715233063e+04 1.5707963268e+00 1.1574594322e-01
9.4160007443e-06 1.5716017236e+04 1.5707963268e+00 1.1856516862e-01
9.6399833476e-06 1.5716820569e+04 1.5707963268e+00 1.2138411268e-01
9.8639511179e-06 1.5717643064e+04 1.5707963268e+00 1.2420276855e-01
1.0087903705e-05 1.5718484723e+04 1.5707963268e+00 1.2702112941e-01
1.0311840758e-05 1.5719345549e+04 1.5707963268e+00 1.2983918843e-01
1.0535761929e-05 1.5720225544e+04 1.5707963268e+00 1.3265693879e-01
1.0759666866e-05 1.5721124712e+04 1.5707963268e+00 1.3547437366e-01
1.0983555222e-05 1.5722043055e+04 1.5707963268e+00 1.3829148622e-01
1.1207426646e-05 1.5722980575e+04 1.5707963268e+00 1.4110826967e-01
1.1431280789e-05 1.5723937276e+04 1.5707963268e+00 1.4392471718e-01
1.1655117304e-05 1.5724913161e+04 1.5707963268e+00 1.4674082195e-01
1.1878935841e-05 1.5725908231e+04 1.5707963268e+00 1.4955657716e-01
1.2102736052e-05 1.5726922491e+04 1.5707963268e+00 1.5237197601e-01
1.2326517590e-05 1.5727955944e+04 1.5707963268e+00 1.5518701169e-01
1.2550280106e-05 1.5729008592e+04 1.5707963268e+00 1.5800167741e-01
1.2774023253e-05 1.5730080438e+04 1.5707963268e+00 1.6081596636e-01
1.2997746684e-05 1.5731171486e+04 1.5707963268e+00 1.6362987176e-01
1.3221450052e-05 1.5732281740e+04 1.5707963268e+00 1.6644338681e-01
1.3445133011e-05 1.5733411202e+04 1.5707963268e+00 1.6925650473e-01
1.3668795213e-05 1.5734559875e+04 1.5707963268e+00 1.7206921872e-01
1.3892436313e-05 1.5735727764e+04 1.5707963268e+00 1.7488152201e-01
1.4116055965e-05 1.5736914872e+04 1.5707963268e+00 1.7769340781e-01
1.4339653823e-05 1.5738121202e+04 1.5707963268e+00 1.8050486936e-01
1.4563229543e-05 1.5739346757e+04 1.5707963268e+00 1.8331589987e-01
1.4786782779e-05 1.5740591543e+04 1.5707963268e+00 1.8612649258e-01
1.5010313186e-05 1.5741855561e+04 1.5707963268e+00 1.8893664073e-01
1.5233820421e-05 1.5743138817e+04 1.5707963268e+00 1.9174633755e-01
1.5457304139e-05 1.5744441313e+04 1.5707963268e+00 1.9455557629e-01
1.5680763997e-05 1.5745763054e+04 1.5707963268e+00 1.9736435019e-01
1.5904199650e-05 1.5747104044e+04 1.5707963268e+00 2.0017265249e-01
1.6127610757e-05 1.5748464286e+04 1.5707963268e+00 2.0298047646e-01
1.6350996975e-05 1.5749843785e+04 1.5707963268e+00 2.0578781534e-01
1.6574357961e-05 1.5751242544e+04 1.5707963268e+00 2.0859466240e-01
1.6797693372e-05 1.5752660568e+04 1.5707963268e+00 2.1140101090e-01
1.7021002868e-05 1.5754097862e+04 1.5707963268e+00 2.1420685412e-01
1.7244286107e-05 1.5755554428e+04 1.5707963268e+00 2.1701218531e-01
1.7467542749e-05 1.5757030272e+04 1.5707963268e+00 2.1981699777e-01
1.7690772451e-05 1.5758525398e+04 1.5707963268e+00 2.2262128476e-01
1.7913974875e-05 1.5760039810e+04 1.5707963268e+00 2.2542503958e-01
1.8137149680e-05 1.5761573513e+04 1.5707963268e+00 2.2822825550e-01
1.8360296527e-05 1.5763126512e+04 1.5707963268e+00 2.3103092584e-01
1.8583415077e-05 1.5764698810e+04 1.5707963268e+00 2.3383304387e-01
1.8806504991e-05 1.5766290412e+04 1.5707963268e+00 2.3663460291e-01
1.9029565930e-05 1.5767901324e+04 1.5707963268e+00 2.3943559626e-01
1.9252597556e-05 1.5769531549e+04 1.5707963268e+00 2.4223601723e-01
1.9475599533e-05 1.5771181093e+04 1.5707963268e+00 2.4503585913e-01
1.9698571522e-05 1.5772849960e+04 1.5707963268e+00 2.4783511529e-01
1.9921513188e-05 1.5774538155e+04 1.5707963268e+00 2.5063377903e-01
2.0144424193e-05 1.5776245683e+04 1.5707963268e+00 2.5343184368e-01
2.0367304202e-05 1.5777972549e+04 1.5707963268e+00 2.5622930257e-01
2.0590152878e-05 1.5779718759e+04 1.5707963268e+00 2.5902614904e-01
2.0812969888e-05 1.5781484316e+04 1.5707963268e+00 2.6182237644e-01
2.1035754897e-05 1.5783269227e+04 1.5707963268e+00 2.6461797810e-01
2.1258507569e-05 1.5785073496e+04 1.5707963268e+00 2.6741294740e-01
2.1481227572e-05 1.5786897128e+04 1.5707963268e+00 2.7020727768e-01
2.1703914571e-05 1.5788740130e+04 1.5707963268e+00 2.7300096230e-01
2.1926568234e-05 1.5790602505e+04 1.5707963268e+00 2.7579399465e-01
2.2149188229e-05 1.5792484260e+04 1.5707963268e+00 2.7858636808e-01
2.2371774224e-05 1.5794385400e+04 1.5707963268e+00 2.8137807598e-01
2.2594325886e-05 1.5796305930e+04 1.5707963268e+00 2.8416911174e-01
2.2816842885e-05 1.5798245856e+04 1.5707963268e+00 2.8695946874e-01
2.3039324889e-05 1.5800205183e+04 1.5707963268e+00 2.8974914038e-01
2.3261771570e-05 1.5802183917e+04 1.5707963268e+00 2.9253812006e-01
2.3484182597e-05 1.5804182063e+04 1.5707963268e+00 2.9532640119e-01
2.3706557641e-05 1.5806199628e+04 1.5707963268e+00 2.9811397717e-01
2.3928896373e-05 1.5808236616e+04 1.5707963268e+00 3.0090084143e-01
2.4151198464e-05 1.5810293035e+04 1.5707963268e+00 3.0368698739e-01
2.4373463588e-05 1.5812368888e+04 1.5707963268e+00 3.0647240847e-01
2.4595691417e-05 1.5814464184e+04 1.5707963268e+00 3.0925709812e-01
2.4817881624e-05 1.5816578926e+04 1.5707963268e+00 3.1204104977e-01
2.5040033883e-05 1.5818713122e+04 1.5707963268e+00 3.1482425686e-01
2.5262147867e-05 1.5820866776e+04 1.5707963268e+00 3.1760671286e-01
2.5484223253e-05 1.5823039896e+04 1.5707963268e+00 3.2038841122e-01
2.5706259714e-05 1.5825232488e+04 1.5707963268e+00 3.2316934540e-01
2.5928256928e-05 1.5827444557e+04 1.5707963268e+00 3.2594950887e-01
2.6150214569e-05 1.5829676109e+04 1.5707963268e+00 3.2872889512e-01
2.6372132316e-05 1.5831927151e+04 1.5707963268e+00 3.3150749762e-01
2.6594009845e-05 1.5834197690e+04 1.5707963268e+00 3.3428530986e-01
2.6815846834e-05 1.5836487730e+04 1.5707963268e+00 3.3706232535e-01
2.7037642962e-05 1.5838797280e+04 1.5707963268e+00 3.3983853757e-01
2.7259397907e-05 1.5841126344e+04 1.5707963268e+00 3.4261394005e-01
2.7481111350e-05 1.5843474930e+04 1.5707963268e+00 3.4538852629e-01
2.7702782970e-05 1.5845843044e+04 1.5707963268e+00 3.4816228981e-01
2.7924412449e-05 1.5848230692e+04 1.5707963268e+00 3.5093522415e-01
2.8145999466e-05 1.5850637882e+04 1.5707963268e+00 3.5370732285e-01
2.8367543705e-05 1.5853064619e+04 1.5707963268e+00 3.5647857943e-01
2.8589044846e-05 1.5855510910e+04 1.5707963268e+00 3.5924898745e-01
2.8810502574e-05 1.5857976763e+04 1.5707963268e+00 3.6201854047e-01
2.9031916572e-05 1.5860462182e+04 1.5707963268e+00 3.6478723204e-01
2.9253286524e-05 1.5862967177e+04 1.5707963268e+00 3.6755505574e-01
2.9474612114e-05 1.5865491752e+04 1.5707963268e+00 3.7032200514e-01
2.9695893029e-05 1.5868035915e+04 1.5707963268e+00 3.7308807383e-01
2.9917128952e-05 1.5870599673e+04 1.5707963268e+00 3.7585325539e-01
3.0138319572e-05 1.5873183033e+04 1.5707963268e+00 3.7861754343e-01
3.0359464575e-05 1.5875786002e+04 1.5707963268e+00 3.8138093154e-01
3.0580563649e-05 1.5878408586e+04 1.5707963268e+00 3.8414341335e-01
3.0801616482e-05 1.5881050793e+04 1.5707963268e+00 3.8690498246e-01
3.1022622763e-05 1.5883712630e+04 1.5707963268e+00 3.8966563251e-01
3.1243582182e-05 1.5886394103e+04 1.5707963268e+00 3.9242535713e-01
3.1464494428e-05 1.5889095221e+04 1.5707963268e+00 3.9518414996e-01
3.1685359192e-05 1.5891815989e+04 1.5707963268e+00 3.9794200466e-01
3.1906176166e-05 1.5894556416e+04 1.5707963268e+00 4.0069891487e-01
3.2126945042e-05 1.5897316508e+04 1.5707963268e+00 4.0345487426e-01
3.2347665512e-05 1.5900096273e+04 1.5707963268e+00 4.0620987651e-01
3.2568337270e-05 1.5902895719e+04 1.5707963268e+00 4.0896391529e-01
3.2788960009e-05 1.5905714851e+04 1.5707963268e+00 4.1171698429e-01
3.3009533424e-05 1.5908553679e+04 1.5707963268e+00 4.1446907722e-01
3.3230057211e-05 1.5911412208e+04 1.5707963268e+00 4.1722018776e-01
3.3450531065e-05 1.5914290448e+04 1.5707963268e+00 4.1997030963e-01
3.3670954682e-05 1.5917188404e+04 1.5707963268e+00 4.2271943656e-01
3.3891327760e-05 1.5920106085e+04 1.5707963268e+00 4.2546756227e-01
3.4111649998e-05 1.5923043498e+04 1.5707963268e+00 4.2821468050e-01
3.4331921092e-05 1.5926000651e+04 1.5707963268e+00 4.3096078498e-01
3.4552140743e-05 1.5928977551e+04 1.5707963268e+00 4.3370586948e-01
3.4772308650e-05 1.5931974206e+04 1.5707963268e+00 4.3644992775e-01
3.4992424514e-05 1.5934990624e+04 1.5707963268e+00 4.3919295357e-01
3.5212488036e-05 1.5938026812e+04 1.5707963268e+00 4.4193494070e-01
3.5432498918e-05 1.5941082779e+04 1.5707963268e+00 4.4467588294e-01
3.5652456863e-05 1.5944158530e+04 1.5707963268e+00 4.4741577408e-01
3.5872361574e-05 1.5947254076e+04 1.5707963268e+00 4.5015460793e-01
3.6092212755e-05 1.5950369423e+04 1.5707963268e+00 4.5289237829e-01
3.6312010110e-05 1.5953504579e+04 1.5707963268e+00 4.5562907898e-01
3.6531753346e-05 1.5956659552e+04 1.5707963268e+00 4.5836470384e-01
3.6751442168e-05 1.5959834350e+04 1.5707963268e+00 4.6109924670e-01
3.6971076283e-05 1.5963028982e+04 1.5707963268e+00 4.6383270142e-01
3.7190655398e-05 1.5966243454e+04 1.5707963268e+00 4.6656506183e-01
3.7410179222e-05 1.5969477774e+04 1.5707963268e+00 4.6929632182e-01
3.7629647464e-05 1.5972731952e+04 1.5707963268e+00 4.7202647525e-01
3.7849059833e-05 1.5976005995e+04 1.5707963268e+00 4.7475551601e-01
3.8068416041e-05 1.5979299911e+04 1.5707963268e+00 4.7748343799e-01
3.8287715797e-05 1.5982613707e+04 1.5707963268e+00 4.8021023509e-01
3.8506958815e-05 1.5985947393e+04 1.5707963268e+00 4.8293590122e-01
3.8726144806e-05 1.5989300976e+04 1.5707963268e+00 4.8566043029e-01
3.8945273484e-05 1.5992674465e+04 1.5707963268e+00 4.8838381625e-01
3.9164344563e-05 1.5996067868e+04 1.5707963268e+00 4.9110605303e-01
3.9383357759e-05 1.5999481192e+04 1.5707963268e+00 4.9382713457e-01
3.9602312786e-05 1.6002914446e+04 1.5707963268e+00 4.9654705483e-01
3.9821209360e-05 1.6006367639e+04 1.5707963268e+00 4.9926580778e-01
4.0040047201e-05 1.6009840778e+04 1.5707963268e+00 5.0198338740e-01
4.0258826024e-05 1.6013333873e+04 1.5707963268e+00 5.0469978768e-01
4.0477545548e-05 1.6016846930e+04 1.5707963268e+00 5.0741500260e-01
4.0696205494e-05 1.6020379960e+04 1.5707963268e+00 5.1012902617e-01
4.0914805581e-05 1.6023932969e+04 1.5707963268e+00 5.1284185242e-01
4.1133345531e-05 1.6027505967e+04 1.5707963268e+00 5.1555347536e-01
4.1351825064e-05 1.6031098961e+04 1.5707963268e+00 5.1826388903e-01
4.1570243904e-05 1.6034711961e+04 1.5707963268e+00 5.2097308748e-01
4.1788601774e-05 1.6038344974e+04 1.5707963268e+00 5.2368106476e-01
4.2006898398e-05 1.6041998010e+04 1.5707963268e+00 5.2638781494e-01
4.2225133500e-05 1.6045671076e+04 1.5707963268e+00 5.2909333209e-01
4.2443306807e-05 1.6049364182e+04 1.5707963268e+00 5.3179761030e-01
4.2661418045e-05 1.6053077335e+04 1.5707963268e+00 5.3450064367e-01
4.2879466941e-05 1.6056810544e+04 1.5707963268e+00 5.3720242629e-01
4.3097453224e-05 1.6060563818e+04 1.5707963268e+00 5.3990295230e-01
4.3315376621e-05 1.6064337166e+04 1.5707963268e+00 5.4260221581e-01
4.3533236863e-05 1.6068130595e+04 1.5707963268e+00 5.4530021097e-01
4.3751033681e-05 1.6071944115e+04 1.5707963268e+00 5.4799693192e-01
4.3968766805e-05 1.6075777735e+04 1.5707963268e+00 5.5069237281e-01
4.4186435967e-05 1.6079631462e+04 1.5707963268e+00 5.5338652783e-01
4.4404040901e-05 1.6083505305e+04 1.5707963268e+00 5.5607939115e-01
4.4621581341e-05 1.6087399274e+04 1.5707963268e+00 5.5877095696e-01
4.4839057020e-05 1.6091313377e+04 1.5707963268e+00 5.6146121946e-01
4.5056467675e-05 1.6095247623e+04 1.5707963268e+00 5.6415017287e-01
4.5273813041e-05 1.6099202019e+04 1.5707963268e+00 5.6683781141e-01
4.5491092855e-05 1.6103176576e+04 1.5707963268e+00 5.6952412931e-01
4.5708306856e-05 1.6107171301e+04 1.5707963268e+00 5.7220912082e-01
4.5925454782e-05 1.6111186205e+04 1.5707963268e+00 5.7489278019e-01
4.6142536373e-05 1.6115221294e+04 1.5707963268e+00 5.7757510170e-01
4.6359551368e-05 1.6119276578e+04 1.5707963268e+00 5.8025607961e-01
4.6576499510e-05 1.6123352067e+04 1.5707963268e+00 5.8293570823e-01
4.6793380541e-05 1.6127447768e+04 1.5707963268e+00 5.8561398185e-01
4.7010194202e-05 1.6131563690e+04 1.5707963268e+00 5.8829089478e-01
4.7226940239e-05 1.6135699843e+04 1.5707963268e+00 5.9096644136e-01
4.7443618395e-05 1.6139856235e+04 1.5707963268e+00 5.9364061590e-01
4.7660228417e-05 1.6144032875e+04 1.5707963268e+00 5.9631341276e-01
4.7876770050e-05 1.6148229772e+04 1.5707963268e+00 5.9898482631e-01
4.8093243042e-05 1.6152446934e+04 1.5707963268e+00 6.0165485090e-01
4.8309647141e-05 1.6156684371e+04 1.5707963268e+00 6.0432348091e-01
4.8525982095e-05 1.6160942092e+04 1.5707963268e+00 6.0699071075e-01
4.8742247656e-05 1.6165220105e+04 1.5707963268e+00 6.0965653482e-01
4.8958443572e-05 1.6169518419e+04 1.5707963268e+00 6.1232094753e-01
4.9174569597e-05 1.6173837043e+04 1.5707963268e+00 6.1498394331e-01
4.9390625481e-05 1.6178175986e+04 1.5707963268e+00 6.1764551660e-01
4.9606610980e-05 1.6182535257e+04 1.5707963268e+00 6.2030566186e-01
4.9822525846e-05 1.6186914865e+04 1.5707963268e+00 6.2296437354e-01
5.0038369835e-05 1.6191314819e+04 1.5707963268e+00 6.2562164613e-01
5.0254142704e-05 1.6195735127e+04 1.5707963268e+00 6.2827747411e-01
5.0469844207e-05 1.6200175799e+04 1.5707963268e+00 6.3093185198e-01
5.0685474105e-05 1.6204636843e+04 1.5707963268e+00 6.3358477425e-01
5.0901032154e-05 1.6209118269e+04 1.5707963268e+00 6.3623623546e-01
5.1116518115e-05 1.6213620085e+04 1.5707963268e+00 6.3888623013e-01
5.1331931748e-05 1.6218142300e+04 1.5707963268e+00 6.4153475281e-01
5.1547272815e-05 1.6222684924e+04 1.5707963268e+00 6.4418179807e-01
5.1762541077e-05 1.6227247965e+04 1.5707963268e+00 6.4682736048e-01
5.1977736298e-05 1.6231831432e+04 1.5707963268e+00 6.4947143463e-01
5.2192858241e-05 1.6236435334e+04 1.5707963268e+00 6.5211401512e-01
5.2407906673e-05 1.6241059680e+04 1.5707963268e+00 6.5475509655e-01
5.2622881358e-05 1.6245704479e+04 1.5707963268e+00 6.5739467356e-01
5.2837782063e-05 1.6250369740e+04 1.5707963268e+00 6.6003274077e-01
5.3052608556e-05 1.6255055471e+04 1.5707963268e+00 6.6266929284e-01
5.3267360605e-05 1.6259761683e+04 1.5707963268e+00 6.6530432444e-01
5.3482037981e-05 1.6264488383e+04 1.5707963268e+00 6.6793783023e-01
5.3696640453e-05 1.6269235581e+04 1.5707963268e+00 6.7056980490e-01
5.3911167793e-05 1.6274003285e+04 1.5707963268e+00 6.7320024316e-01
5.4125619773e-05 1.6278791505e+04 1.5707963268e+00 6.7582913971e-01
5.4339996166e-05 1.6283600249e+04 1.5707963268e+00 6.7845648929e-01
5.4554296747e-05 1.6288429527e+04 1.5707963268e+00 6.8108228664e-01
5.4768521289e-05 1.6293279346e+04 1.5707963268e+00 6.8370652650e-01
5.4982669571e-05 1.6298149717e+04 1.5707963268e+00 6.8632920365e-01
5.5196741367e-05 1.6303040648e+04 1.5707963268e+00 6.8895031287e-01
5.5410736456e-05 1.6307952148e+04 1.5707963268e+00 6.9156984894e-01
5.5624654618e-05 1.6312884226e+04 1.5707963268e+00 6.9418780667e-01
5.5838495630e-05 1.6317836890e+04 1.5707963268e+00 6.9680418088e-01
5.6052259275e-05 1.6322810150e+04 1.5707963268e+00 6.9941896641e-01
5.6265945333e-05 1.6327804015e+04 1.5707963268e+00 7.0203215810e-01
5.6479553588e-05 1.6332818493e+04 1.5707963268e+00 7.0464375081e-01
5.6693083823e-05 1.6337853593e+04 1.5707963268e+00 7.0725373941e-01
5.6906535821e-05 1.6342909324e+04 1.5707963268e+00 7.0986211879e-01
5.7119909369e-05 1.6347985695e+04 1.5707963268e+00 7.1246888385e-01
5.7333204252e-05 1.6353082715e+04 1.5707963268e+00 7.1507402950e-01
5.7546420259e-05 1.6358200392e+04 1.5707963268e+00 7.1767755068e-01
5.7759557176e-05 1.6363338736e+04 1.5707963268e+00 7.2027944232e-01
5.7972614794e-05 1.6368497755e+04 1.5707963268e+00 7.2287969937e-01
5.8185592903e-05 1.6373677457e+04 1.5707963268e+00 7.2547831681e-01
5.8398491292e-05 1.6378877853e+04 1.5707963268e+00 7.2807528962e-01
5.8611309755e-05 1.6384098950e+04 1.5707963268e+00 7.3067061280e-01
5.8824048085e-05 1.6389340757e+04 1.5707963268e+00 7.3326428135e-01
5.9036706075e-05 1.6394603283e+04 1.5707963268e+00 7.3585629031e-01
5.9249283520e-05 1.6399886536e+04 1.5707963268e+00 7.3844663471e-01
5.9461780215e-05 1.6405190527e+04 1.5707963268e+00 7.4103530960e-01
5.9674195959e-05 1.6410515262e+04 1.5707963268e+00 7.4362231005e-01
5.9886530549e-05 1.6415860751e+04 1.5707963268e+00 7.4620763114e-01
6.0098783782e-05 1.6421227002e+04 1.5707963268e+00 7.4879126797e-01
6.0310955460e-05 1.6426614025e+04 1.5707963268e+00 7.5137321565e-01
6.0523045383e-05 1.6432021827e+04 1.5707963268e+00 7.5395346930e-01
6.0735053351e-05 1.6437450418e+04 1.5707963268e+00 7.5653202406e-01
6.0946979169e-05 1.6442899805e+04 1.5707963268e+00 7.5910887509e-01
6.1158822639e-05 1.6448369998e+04 1.5707963268e+00 7.6168401754e-01
6.1370583566e-05 1.6453861005e+04 1.5707963268e+00 7.6425744661e-01
6.1582261756e-05 1.6459372835e+04 1.5707963268e+00 7.6682915749e-01
6.1793857015e-05 1.6464905496e+04 1.5707963268e+00 7.6939914539e-01
6.2005369150e-05 1.6470458997e+04 1.5707963268e+00 7.7196740553e-01
6.2216797970e-05 1.6476033346e+04 1.5707963268e+00 7.7453393316e-01
6.2428143284e-05 1.6481628552e+04 1.5707963268e+00 7.7709872353e-01
6.2639404904e-05 1.6487244623e+04 1.5707963268e+00 7.7966177192e-01
6.2850582639e-05 1.6492881567e+04 1.5707963268e+00 7.8222307360e-01
6.3061676303e-05 1.6498539393e+04 1.5707963268e+00 7.8478262388e-01
6.3272685709e-05 1.6504218110e+04 1.5707963268e+00 7.8734041806e-01
6.3483610670e-05 1.6509917726e+04 1.5707963268e+00 7.8989645149e-01
6.3694451004e-05 1.6515638248e+04 1.5707963268e+00 7.9245071950e-01
6.3905206525e-05 1.6521379686e+04 1.5707963268e+00 7.9500321745e-01
6.4115877050e-05 1.6527142048e+04 1.5707963268e+00 7.9755394072e-01
6.4326462399e-05 1.6532925342e+04 1.5707963268e+00 8.0010288470e-01
6.4536962391e-05 1.6538729576e+04 1.5707963268e+00 8.0265004478e-01
6.4747376845e-05 1.6544554759e+04 1.5707963268e+00 8.0519541640e-01
6.4957705583e-05 1.6550400898e+04 1.5707963268e+00 8.0773899499e-01
6.5167948427e-05 1.6556268003e+04 1.5707963268e+00 8.1028077599e-01
6.5378105200e-05 1.6562156080e+04 1.5707963268e+00 8.1282075487e-01
6.5588175727e-05 1.6568065139e+04 1.5707963268e+00 8.1535892711e-01
6.5798159832e-05 1.6573995187e+04 1.5707963268e+00 8.1789528821e-01
6.6008057342e-05 1.6579946232e+04 1.5707963268e+00 8.2042983368e-01
6.6217868083e-05 1.6585918283e+04 1.5707963268e+00 8.2296255905e-01
6.6427591885e-05 1.6591911348e+04 1.5707963268e+00 8.2549345985e-01
6.6637228576e-05 1.6597925433e+04 1.5707963268e+00 8.2802253165e-01
6.6846777985e-05 1.6603960549e+04 1.5707963268e+00 8.3054977003e-01
6.7056239945e-05 1.6610016702e+04 1.5707963268e+00 8.3307517056e-01
6.7265614288e-05 1.6616093900e+04 1.5707963268e+00 8.3559872885e-01
6.7474900846e-05 1.6622192151e+04 1.5707963268e+00 8.3812044053e-01
6.7684099453e-05 1.6628311463e+04 1.5707963268e+00 8.4064030122e-01
6.7893209945e-05 1.6634451845e+04 1.5707963268e+00 8.4315830659e-01
6.8102232158e-05 1.6640613303e+04 1.5707963268e+00 8.4567445230e-01
6.8311165928e-05 1.6646795845e+04 1.5707963268e+00 8.4818873403e-01
6.8520011094e-05 1.6652999480e+04 1.5707963268e+00 8.5070114748e-01
6.8728767495e-05 1.6659224215e+04 1.5707963268e+00 8.5321168837e-01
6.8937434971e-05 1.6665470057e+04 1.5707963268e+00 8.5572035242e-01
6.9146013363e-05 1.6671737015e+04 1.5707963268e+00 8.5822713539e-01
6.9354502513e-05 1.6678025095e+04 1.5707963268e+00 8.6073203303e-01
6.9562902264e-05 1.6684334306e+04 1.5707963268e+00 8.6323504113e-01
6.9771212459e-05 1.6690664654e+04 1.5707963268e+00 8.6573615548e-01
6.9979432945e-05 1.6697016148e+04 1.5707963268e+00 8.6823537189e-01
7.0187563567e-05 1.6703388796e+04 1.5707963268e+00 8.7073268618e-01
7.0395604172e-05 1.6709782603e+04 1.5707963268e+00 8.7322809421e-01
7.0603554608e-05 1.6716197578e+04 1.5707963268e+00 8.7572159183e-01
7.0811414725e-05 1.6722633729e+04 1.5707963268e+00 8.7821317491e-01
7.1019184371e-05 1.6729091062e+04 1.5707963268e+00 8.8070283935e-01
7.1226863398e-05 1.6735569584e+04 1.5707963268e+00 8.8319058106e-01
7.1434451659e-05 1.6742069304e+04 1.5707963268e+00 8.8567639596e-01
7.1641949006e-05 1.6748590228e+04 1.5707963268e+00 8.8816027998e-01
7.1849355293e-05 1.6755132363e+04 1.5707963268e+00 8.9064222910e-01
7.2056670375e-05 1.6761695717e+04 1.5707963268e+00 8.9312223928e-01
7.2263894108e-05 1.6768280297e+04 1.5707963268e+00 8.9560030650e-01
7.2471026349e-05 1.6774886109e+04 1.5707963268e+00 8.9807642679e-01
7.2678066956e-05 1.6781513161e+04 1.5707963268e+00 9.0055059615e-01
7.2885015789e-05 1.6788161460e+04 1.5707963268e+00 9.0302281063e-01
7.3091872706e-05 1.6794831013e+04 1.5707963268e+00 9.0549306629e-01
7.3298637569e-05 1.6801521827e+04 1.5707963268e+00 9.0796135920e-01
7.3505310241e-05 1.6808233908e+04 1.5707963268e+00 9.1042768544e-01
7.3711890583e-05 1.6814967263e+04 1.5707963268e+00 9.1289204113e-01
7.3918378460e-05 1.6821721900e+04 1.5707963268e+00 9.1535442238e-01
7.4124773737e-05 1.6828497824e+04 1.5707963268e+00 9.1781482534e-01
7.4331076279e-05 1.6835295043e+04 1.5707963268e+00 9.2027324615e-01
7.4537285954e-05 1.6842113564e+04 1.5707963268e+00 9.2272968100e-01
7.4743402630e-05 1.6848953392e+04 1.5707963268e+00 9.2518412607e-01
7.4949426176e-05 1.6855814535e+04 1.5707963268e+00 9.2763657756e-01
7.5155356461e-05 1.6862696999e+04 1.5707963268e+00 9.3008703171e-01
7.5361193356e-05 1.6869600790e+04 1.5707963268e+00 9.3253548475e-01
7.5566936733e-05 1.6876525916e+04 1.5707963268e+00 9.3498193294e-01
7.5772586466e-05 1.6883472381e+04 1.5707963268e+00 9.3742637255e-01
7.5978142427e-05 1.6890440194e+04 1.5707963268e+00 9.3986879987e-01
7.6183604493e-05 1.6897429360e+04 1.5707963268e+00 9.4230921121e-01
7.6388972538e-05 1.6904439885e+04 1.5707963268e+00 9.4474760289e-01
7.6594246440e-05 1.6911471775e+04 1.5707963268e+00 9.4718397126e-01
7.6799426076e-05 1.6918525038e+04 1.5707963268e+00 9.4961831267e-01
7.7004511326e-05 1.6925599678e+04 1.5707963268e+00 9.5205062351e-01
7.7209502068e-05 1.6932695703e+04 1.5707963268e+00 9.5448090015e-01
7.7414398185e-05 1.6939813117e+04 1.5707963268e+00 9.5690913902e-01
7.7619199557e-05 1.6946951928e+04 1.5707963268e+00 9.5933533654e-01
7.7823906068e-05 1.6954112140e+04 1.5707963268e+00 9.6175948915e-01
7.8028517600e-05 1.6961293760e+04 1.5707963268e+00 9.6418159332e-01
7.8233034040e-05 1.6968496794e+04 1.5707963268e+00 9.6660164552e-01
7.8437455272e-05 1.6975721248e+04 1.5707963268e+00 9.6901964225e-01
7.8641781184e-05 1.6982967127e+04 1.5707963268e+00 9.7143558003e-01
7.8846011663e-05 1.6990234437e+04 1.5707963268e+00 9.7384945537e-01
7.9050146597e-05 1.6997523184e+04 1.5707963268e+00 9.7626126484e-01
7.9254185877e-05 1.7004833373e+04 1.5707963268e+00 9.7867100499e-01
7.9458129393e-05 1.7012165010e+04 1.5707963268e+00 9.8107867241e-01
7.9661977037e-05 1.7019518100e+04 1.5707963268e+00 9.8348426370e-01
7.9865728700e-05 1.7026892649e+04 1.5707963268e+00 9.8588777547e-01
8.0069384278e-05 1.7034288662e+04 1.5707963268e+00 9.8828920436e-01
8.0272943664e-05 1.7041706144e+04 1.5707963268e+00 9.9068854703e-01
8.0476406753e-05 1.7049145102e+04 1.5707963268e+00 9.9308580013e-01
8.0679773443e-05 1.7056605540e+04 1.5707963268e+00 9.9548096036e-01
8.0883043631e-05 1.7064087463e+04 1.5707963268e+00 9.9787402442e-01
8.1086217214e-05 1.7071590876e+04 1.5707963268e+00 1.0002649890e+00
8.1289294094e-05 1.7079115785e+04 1.5707963268e+00 1.0026538509e+00
8.1492274169e-05 1.7086662195e+04 1.5707963268e+00 1.0050406069e+00
8.1695157342e-05 1.7094230110e+04 1.5707963268e+00 1.0074252537e+00
8.1897943514e-05 1.7101819536e+04 1.5707963268e+00 1.0098077881e+00
8.2100632589e-05 1.7109430477e+04 1.5707963268e+00 1.0121882069e+00
8.2303224471e-05 1.7117062938e+04 1.5707963268e+00 1.0145665070e+00
8.2505719066e-05 1.7124716925e+04 1.5707963268e+00 1.0169426851e+00
8.2708116279e-05 1.7132392441e+04 1.5707963268e+00 1.0193167382e+00
8.2910416018e-05 1.7140089491e+04 1.5707963268e+00 1.0216886632e+00
8.3112618190e-05 1.7147808080e+04 1.5707963268e+00 1.0240584569e+00
8.3314722706e-05 1.7155548213e+04 1.5707963268e+00 1.0264261162e+00
8.3516729474e-05 1.7163309894e+04 1.5707963268e+00 1.0287916382e+00
8.3718638406e-05 1.7171093127e+04 1.5707963268e+00 1.0311550196e+00
8.3920449413e-05 1.7178897917e+04 1.5707963268e+00 1.0335162576e+00
8.4122162409e-05 1.7186724268e+04 1.5707963268e+00 1.0358753491e+00
8.4323777307e-05 1.7194572185e+04 1.5707963268e+00 1.0382322910e+00
8.4525294023e-05 1.7202441671e+04 1.5707963268e+00 1.0405870805e+00
8.4726712471e-05 1.7210332731e+04 1.5707963268e+00 1.0429397145e+00
8.4928032570e-05 1.7218245369e+04 1.5707963268e+00 1.0452901902e+00
8.5129254235e-05 1.7226179588e+04 1.5707963268e+00 1.0476385045e+00
8.5330377386e-05 1.7234135394e+04 1.5707963268e+00 1.0499846546e+00
8.5531401942e-05 1.7242112789e+04 1.5707963268e+00 1.0523286376e+00
8.5732327824e-05 1.7250111778e+04 1.5707963268e+00 1.0546704506e+00
8.5933154954e-05 1.7258132364e+04 1.5707963268e+00 1.0570100908e+00
8.6133883253e-05 1.7266174551e+04 1.5707963268e+00 1.0593475553e+00
8.6334512644e-05 1.7274238344e+04 1.5707963268e+00 1.0616828413e+00
8.6535043053e-05 1.7282323744e+04 1.5707963268e+00 1.0640159460e+00
8.6735474404e-05 1.7290430757e+04 1.5707963268e+00 1.0663468666e+00
8.6935806623e-05 1.7298559385e+04 1.5707963268e+00 1.0686756005e+00
8.7136039638e-05 1.7306709632e+04 1.5707963268e+00 1.0710021447e+00
8.7336173376e-05 1.7314881502e+04 1.5707963268e+00 1.0733264966e+00
8.7536207766e-05 1.7323074997e+04 1.5707963268e+00 1.0756486535e+00
8.7736142739e-05 1.7331290121e+04 1.5707963268e+00 1.0779686127e+00
8.7935978223e-05 1.7339526877e+04 1.5707963268e+00 1.0802863715e+00
8.8135714153e-05 1.7347785268e+04 1.5707963268e+00 1.0826019273e+00
8.8335350459e-05 1.7356065297e+04 1.5707963268e+00 1.0849152773e+00
8.8534887076e-05 1.7364366968e+04 1.5707963268e+00 1.0872264191e+00
8.8734323938e-05 1.7372690283e+04 1.5707963268e+00 1.0895353499e+00
8.8933660981e-05 1.7381035245e+04 1.5707963268e+00 1.0918420673e+00
8.9132898140e-05 1.7389401857e+04 1.5707963268e+00 1.0941465686e+00
8.9332035353e-05 1.7397790121e+04 1.5707963268e+00 1.0964488513e+00
8.9531072558e-05 1.7406200041e+04 1.5707963268e+00 1.0987489128e+00
8.9730009693e-05 1.7414631619e+04 1.5707963268e+00 1.1010467507e+00
8.9928846700e-05 1.7423084857e+04 1.5707963268e+00 1.1033423625e+00
9.0127583519e-05 1.7431559758e+04 1.5707963268e+00 1.1056357456e+00
9.0326220090e-05 1.7440056325e+04 1.5707963268e+00 1.1079268976e+00
9.0524756358e-05 1.7448574559e+04 1.5707963268e+00 1.1102158161e+00
9.0723192266e-05 1.7457114464e+04 1.5707963268e+00 1.1125024987e+00
9.0921527758e-05 1.7465676041e+04 1.5707963268e+00 1.1147869429e+00
9.1119762779e-05 1.7474259292e+04 1.5707963268e+00 1.1170691463e+00
9.1317897276e-05 1.7482864220e+04 1.5707963268e+00 1.1193491067e+00
9.1515931195e-05 1.7491490827e+04 1.5707963268e+00 1.1216268216e+00
9.1713864486e-05 1.7500139114e+04 1.5707963268e+00 1.1239022887e+00
9.1911697096e-05 1.7508809084e+04 1.5707963268e+00 1.1261755056e+00
9.2109428976e-05 1.7517500738e+04 1.5707963268e+00 1.1284464702e+00
9.2307060077e-05 1.7526214078e+04 1.5707963268e+00 1.1307151801e+00
9.2504590349e-05 1.7534949106e+04 1.5707963268e+00 1.1329816330e+00
9.2702019745e-05 1.7543705824e+04 1.5707963268e+00 1.1352458268e+00
9.2899348220e-05 1.7552484232e+04 1.5707963268e+00 1.1375077591e+00
9.3096575726e-05 1.7561284333e+04 1.5707963268e+00 1.1397674278e+00
9.3293702219e-05 1.7570106128e+04 1.5707963268e+00 1.1420248307e+00
9.3490727656e-05 1.7578949619e+04 1.5707963268e+00 1.1442799656e+00
9.3687651992e-05 1.7587814806e+04 1.5707963268e+00 1.1465328304e+00
9.3884475186e-05 1.7596701691e+04 1.5707963268e+00 1.1487834229e+00
9.4081197196e-05 1.7605610275e+04 1.5707963268e+00 1.1510317411e+00
9.4277817982e-05 1.7614540559e+04 1.5707963268e+00 1.1532777827e+00
9.4474337504e-05 1.7623492544e+04 1.5707963268e+00 1.1555215458e+00
9.4670755723e-05 1.7632466232e+04 1.5707963268e+00 1.1577630282e+00
9.4867072602e-05 1.7641461622e+04 1.5707963268e+00 1.1600022279e+00
9.5063288103e-05 1.7650478716e+04 1.5707963268e+00 1.1622391430e+00
9.5259402190e-05 1.7659517515e+04 1.5707963268e+00 1.1644737713e+00
9.5455414827e-05 1.7668578020e+04 1.5707963268e+00 1.1667061110e+00
9.5651325981e-05 1.7677660230e+04 1.5707963268e+00 1.1689361599e+00
9.5847135617e-05 1.7686764146e+04 1.5707963268e+00 1.1711639163e+00
9.6042843702e-05 1.7695889770e+04 1.5707963268e+00 1.1733893780e+00
9.6238450205e-05 1.7705037101e+04 1.5707963268e+00 1.1756125433e+00
9.6433955095e-05 1.7714206139e+04 1.5707963268e+00 1.1778334102e+00
9.6629358341e-05 1.7723396886e+04 1.5707963268e+00 1.1800519768e+00
9.6824659914e-05 1.7732609340e+04 1.5707963268e+00 1.1822682413e+00
9.7019859785e-05 1.7741843503e+04 1.5707963268e+00 1.1844822018e+00
9.7214957926e-05 1.7751099374e+04 1.5707963268e+00 1.1866938564e+00
9.7409954311e-05 1.7760376953e+04 1.5707963268e+00 1.1889032035e+00
9.7604848913e-05 1.7769676241e+04 1.5707963268e+00 1.1911102411e+00
9.7799641707e-05 1.7778997237e+04 1.5707963268e+00 1.1933149675e+00
9.7994332669e-05 1.7788339940e+04 1.5707963268e+00 1.1955173810e+00
9.8188921775e-05 1.7797704351e+04 1.5707963268e+00 1.1977174797e+00
9.8383409002e-05 1.7807090469e+04 1.5707963268e+00 1.1999152621e+00
9.8577794327e-05 1.7816498294e+04 1.5707963268e+00 1.2021107263e+00
9.8772077731e-05 1.7825927824e+04 1.5707963268e+00 1.2043038707e+00
9.8966259193e-05 1.7835379061e+04 1.5707963268e+00 1.2064946936e+00
9.9160338692e-05 1.7844852002e+04 1.5707963268e+00 1.2086831934e+00
9.9354316211e-05 1.7854346648e+04 1.5707963268e+00 1.2108693684e+00
9.9548191730e-05 1.7863862997e+04 1.5707963268e+00 1.2130532171e+00
9.9741965234e-05 1.7873401048e+04 1.5707963268e+00 1.2152347378e+00
9.9935636706e-05 1.7882960801e+04 1.5707963268e+00 1.2174139289e+00
1.0012920613e-04 1.7892542255e+04 1.5707963268e+00 1.2195907889e+00
1.0032267349e-04 1.7902145408e+04 1.5707963268e+00 1.2217653162e+00
1.0051603878e-04 1.7911770259e+04 1.5707963268e+00 1.2239375094e+00
1.0070930197e-04 1.7921416807e+04 1.5707963268e+00 1.2261073668e+00
1.0090246307e-04 1.7931085051e+04 1.5707963268e+00 1.2282748870e+00
1.0109552205e-04 1.7940774990e+04 1.5707963268e+00 1.2304400686e+00
1.0128847890e-04 1.7950486621e+04 1.5707963268e+00 1.2326029101e+00
1.0148133363e-04 1.7960219943e+04 1.5707963268e+00 1.2347634099e+00
1.0167408620e-04 1.7969974956e+04 1.5707963268e+00 1.2369215669e+00
1.0186673663e-04 1.7979751656e+04 1.5707963268e+00 1.2390773794e+00
1.0205928490e-04 1.7989550043e+04 1.5707963268e+00 1.2412308461e+00
1.0225173100e-04 1.7999370114e+04 1.5707963268e+00 1.2433819657e+00
1.0244407492e-04 1.8009211868e+04 1.5707963268e+00 1.2455307368e+00
1.0263631667e-04 1.8019075303e+04 1.5707963268e+00 1.2476771581e+00
1.0282845624e-04 1.8028960416e+04 1.5707963268e+00 1.2498212283e+00
1.0302049362e-04 1.8038867206e+04 1.5707963268e+00 1.2519629460e+00
1.0321242881e-04 1.8048795670e+04 1.5707963268e+00 1.2541023100e+00
1.0340426181e-04 1.8058745806e+04 1.5707963268e+00 1.2562393190e+00
1.0359599261e-04 1.8068717611e+04 1.5707963268e+00 1.2583739718e+00
1.0378762122e-04 1.8078711084e+04 1.5707963268e+00 1.2605062671e+00
1.0397914764e-04 1.8088726222e+04 1.5707963268e+00 1.2626362038e+00
1.0417057186e-04 1.8098763022e+04 1.5707963268e+00 1.2647637806e+00
1.0436189389e-04 1.8108821482e+04 1.5707963268e+00 1.2668889964e+00
1.0455311373e-04 1.8118901598e+04 1.5707963268e+00 1.2690118500e+00
1.0474423139e-04 1.8129003369e+04 1.5707963268e+00 1.2711323402e+00
1.0493524685e-04 1.8139126791e+04 1.5707963268e+00 1.2732504660e+00
1.0512616014e-04 1.8149271861e+04 1.5707963268e+00 1.2753662262e+00
1.0531697126e-04 1.8159438577e+04 1.5707963268e+00 1.2774796198e+00
1.0550768021e-04 1.8169626934e+04 1.5707963268e+00 1.2795906456e+00
1.0569828699e-04 1.8179836931e+04 1.5707963268e+00 1.2816993026e+00
1.0588879162e-04 1.8190068564e+04 1.5707963268e+00 1.2838055899e+00
1.0607919411e-04 1.8200321830e+04 1.5707963268e+00 1.2859095063e+00
1.0626949446e-04 1.8210596724e+04 1.5707963268e+00 1.2880110508e+00
1.0645969267e-04 1.8220893244e+04 1.5707963268e+00 1.2901102225e+00
1.0664978877e-04 1.8231211387e+04 1.5707963268e+00 1.2922070204e+00
1.0683978277e-04 1.8241551148e+04 1.5707963268e+00 1.2943014436e+00
1.0702967466e-04 1.8251912524e+04 1.5707963268e+00 1.2963934910e+00
1.0721946448e-04 1.8262295512e+04 1.5707963268e+00 1.2984831619e+00
1.0740915222e-04 1.8272700106e+04 1.5707963268e+00 1.3005704553e+00
1.0759873791e-04 1.8283126305e+04 1.5707963268e+00 1.3026553702e+00
1.0778822155e-04 1.8293574103e+04 1.5707963268e+00 1.3047379059e+00
1.0797760317e-04 1.8304043496e+04 1.5707963268e+00 1.3068180615e+00
1.0816688277e-04 1.8314534480e+04 1.5707963268e+00 1.3088958362e+00
1.0835606038e-04 1.8325047052e+04 1.5707963268e+00 1.3109712291e+00
1.0854513601e-04 1.8335581207e+04 1.5707963268e+00 1.3130442394e+00
1.0873410968e-04 1.8346136940e+04 1.5707963268e+00 1.3151148664e+00
1.0892298141e-04 1.8356714247e+04 1.5707963268e+00 1.3171831093e+00
1.0911175121e-04 1.8367313124e+04 1.5707963268e+00 1.3192489673e+00
1.0930041912e-04 1.8377933566e+04 1.5707963268e+00 1.3213124398e+00
1.0948898514e-04 1.8388575569e+04 1.5707963268e+00 1.3233735259e+00
1.0967744930e-04 1.8399239127e+04 1.5707963268e+00 1.3254322251e+00
1.0986581162e-04 1.8409924236e+04 1.5707963268e+00 1.3274885365e+00
1.1005407212e-04 1.8420630891e+04 1.5707963268e+00 1.3295424597e+00
1.1024223083e-04 1.8431359088e+04 1.5707963268e+00 1.3315939938e+00
1.1043028776e-04 1.8442108820e+04 1.5707963268e+00 1.3336431382e+00
1.1061824296e-04 1.8452880084e+04 1.5707963268e+00 1.3356898925e+00
1.1080609643e-04 1.8463672873e+04 1.5707963268e+00 1.3377342559e+00
1.1099384821e-04 1.8474487183e+04 1.5707963268e+00 1.3397762278e+00
1.1118149832e-04 1.8485323008e+04 1.5707963268e+00 1.3418158078e+00
1.1136904679e-04 1.8496180344e+04 1.5707963268e+00 1.3438529952e+00
1.1155649364e-04 1.8507059183e+04 1.5707963268e+00 1.3458877895e+00
1.1174383891e-04 1.8517959522e+04 1.5707963268e+00 1.3479201902e+00
1.1193108263e-04 1.8528881354e+04 1.5707963268e+00 1.3499501969e+00
1.1211822481e-04 1.8539824674e+04 1.5707963268e+00 1.3519778089e+00
1.1230526550e-04 1.8550789475e+04 1.5707963268e+00 1.3540030259e+00
1.1249220473e-04 1.8561775753e+04 1.5707963268e+00 1.3560258474e+00
1.1267904252e-04 1.8572783500e+04 1.5707963268e+00 1.3580462730e+00
1.1286577891e-04 1.8583812712e+04 1.5707963268e+00 1.3600643022e+00
1.1305241393e-04 1.8594863382e+04 1.5707963268e+00 1.3620799347e+00
1.1323894762e-04 1.8605935504e+04 1.5707963268e+00 1.3640931699e+00
1.1342538000e-04 1.8617029072e+04 1.5707963268e+00 1.3661040077e+00
1.1361171112e-04 1.8628144080e+04 1.5707963268e+00 1.3681124476e+00
1.1379794100e-04 1.8639280520e+04 1.5707963268e+00 1.3701184893e+00
1.1398406969e-04 1.8650438388e+04 1.5707963268e+00 1.3721221324e+00
1.1417009722e-04 1.8661617675e+04 1.5707963268e+00 1.3741233767e+00
1.1435602362e-04 1.8672818377e+04 1.5707963268e+00 1.3761222219e+00
1.1454184894e-04 1.8684040485e+04 1.5707963268e+00 1.3781186676e+00
1.1472757321e-04 1.8695283994e+04 1.5707963268e+00 1.3801127137e+00
1.1491319648e-04 1.8706548896e+04 1.5707963268e+00 1.3821043598e+00
1.1509871877e-04 1.8717835185e+04 1.5707963268e+00 1.3840936059e+00
1.1528414014e-04 1.8729142854e+04 1.5707963268e+00 1.3860804515e+00
1.1546946062e-04 1.8740471896e+04 1.5707963268e+00 1.3880648966e+00
1.1565468025e-04 1.8751822303e+04 1.5707963268e+00 1.3900469410e+00
1.1583979907e-04 1.8763194069e+04 1.5707963268e+00 1.3920265844e+00
1.1602481713e-04 1.8774587186e+04 1.5707963268e+00 1.3940038268e+00
1.1620973447e-04 1.8786001647e+04 1.5707963268e+00 1.3959786680e+00
1.1639455113e-04 1.8797437445e+04 1.5707963268e+00 1.3979511080e+00
1.1657926716e-04 1.8808894572e+04 1.5707963268e+00 1.3999211465e+00
1.1676388260e-04 1.8820373020e+04 1.5707963268e+00 1.4018887835e+00
1.1694839750e-04 1.8831872783e+04 1.5707963268e+00 1.4038540189e+00
1.1713281190e-04 1.8843393852e+04 1.5707963268e+00 1.4058168528e+00
1.1731712584e-04 1.8854936220e+04 1.5707963268e+00 1.4077772849e+00
1.1750133939e-04 1.8866499879e+04 1.5707963268e+00 1.4097353154e+00
1.1768545257e-04 1.8878084820e+04 1.5707963268e+00 1.4116909441e+00
1.1786946544e-04 1.8889691037e+04 1.5707963268e+00 1.4136441712e+00
1.1805337805e-04 1.8901318521e+04 1.5707963268e+00 1.4155949966e+00
1.1823719045e-04 1.8912967264e+04 1.5707963268e+00 1.4175434203e+00
1.1842090268e-04 1.8924637257e+04 1.5707963268e+00 1.4194894424e+00
1.1860451480e-04 1.8936328493e+04 1.5707963268e+00 1.4214330630e+00
1.1878802686e-04 1.8948040964e+04 1.5707963268e+00 1.4233742821e+00
1.1897143891e-04 1.8959774660e+04 1.5707963268e+00 1.4253130999e+00
1.1915475099e-04 1.8971529573e+04 1.5707963268e+00 1.4272495164e+00
1.1933796317e-04 1.8983305696e+04 1.5707963268e+00 1.4291835318e+00
1.1952107549e-04 1.8995103019e+04 1.5707963268e+00 1.4311151463e+00
1.1970408801e-04 1.9006921533e+04 1.5707963268e+00 1.4330443598e+00
1.1988700078e-04 1.9018761231e+04 1.5707963268e+00 1.4349711728e+00
1.2006981386e-04 1.9030622102e+04 1.5707963268e+00 1.4368955852e+00
1.2025252729e-04 1.9042504139e+04 1.5707963268e+00 1.4388175973e+00
1.2043514114e-04 1.9054407332e+04 1.5707963268e+00 1.4407372094e+00
1.2061765546e-04 1.9066331672e+04 1.5707963268e+00 1.4426544217e+00
1.2080007031e-04 1.9078277150e+04 1.5707963268e+00 1.4445692343e+00
1.2098238574e-04 1.9090243758e+04 1.5707963268e+00 1.4464816476e+00
1.2116460181e-04 1.9102231485e+04 1.5707963268e+00 1.4483916618e+00
1.2134671858e-04 1.9114240323e+04 1.5707963268e+00 1.4502992772e+00
1.2152873611e-04 1.9126270262e+04 1.5707963268e+00 1.4522044942e+00
1.2171065445e-04 1.9138321292e+04 1.5707963268e+00 1.4541073129e+00
1.2189247366e-04 1.9150393405e+04 1.5707963268e+00 1.4560077338e+00
1.2207419381e-04 1.9162486590e+04 1.5707963268e+00 1.4579057573e+00
1.2225581496e-04 1.9174600839e+04 1.5707963268e+00 1.4598013835e+00
1.2243733715e-04 1.9186736140e+04 1.5707963268e+00 1.4616946130e+00
1.2261876047e-04 1.9198892485e+04 1.5707963268e+00 1.4635854461e+00
1.2280008496e-04 1.9211069864e+04 1.5707963268e+00 1.4654738832e+00
1.2298131068e-04 1.9223268267e+04 1.5707963268e+00 1.4673599248e+00
1.2316243771e-04 1.9235487683e+04 1.5707963268e+00 1.4692435711e+00
1.2334346611e-04 1.9247728103e+04 1.5707963268e+00 1.4711248228e+00
1.2352439593e-04 1.9259989517e+04 1.5707963268e+00 1.4730036802e+00
1.2370522724e-04 1.9272271914e+04 1.5707963268e+00 1.4748801439e+00
1.2388596011e-04 1.9284575284e+04 1.5707963268e+00 1.4767542142e+00
1.2406659460e-04 1.9296899617e+04 1.5707963268e+00 1.4786258918e+00
1.2424713077e-04 1.9309244902e+04 1.5707963268e+00 1.4804951770e+00
1.2442756870e-04 1.9321611129e+04 1.5707963268e+00 1.4823620705e+00
1.2460790844e-04 1.9333998288e+04 1.5707963268e+00 1.4842265727e+00
1.2478815006e-04 1.9346406367e+04 1.5707963268e+00 1.4860886843e+00
1.2496829364e-04 1.9358835357e+04 1.5707963268e+00 1.4879484057e+00
1.2514833923e-04 1.9371285246e+04 1.5707963268e+00 1.4898057377e+00
1.2532828691e-04 1.9383756024e+04 1.5707963268e+00 1.4916606806e+00
1.2550813674e-04 1.9396247679e+04 1.5707963268e+00 1.4935132353e+00
1.2568788879e-04 1.9408760202e+04 1.5707963268e+00 1.4953634022e+00
1.2586754314e-04 1.9421293580e+04 1.5707963268e+00 1.4972111820e+00
1.2604709984e-04 1.9433847803e+04 1.5707963268e+00 1.4990565754e+00
1.2622655898e-04 1.9446422860e+04 1.5707963268e+00 1.5008995830e+00
1.2640592062e-04 1.9459018740e+04 1.5707963268e+00 1.5027402055e+00
1.2658518482e-04 1.9471635430e+04 1.5707963268e+00 1.5045784436e+00
1.2676435168e-04 1.9484272921e+04 1.5707963268e+00 1.5064142979e+00
1.2694342124e-04 1.9496931200e+04 1.5707963268e+00 1.5082477693e+00
1.2712239359e-04 1.9509610256e+04 1.5707963268e+00 1.5100788583e+00
1.2730126880e-04 1.9522310078e+04 1.5707963268e+00 1.5119075658e+00
1.2748004694e-04 1.9535030654e+04 1.5707963268e+00 1.5137338925e+00
1.2765872809e-04 1.9547771972e+04 1.5707963268e+00 1.5155578392e+00
1.2783731231e-04 1.9560534021e+04 1.5707963268e+00 1.5173794066e+00
1.2801579969e-04 1.9573316789e+04 1.5707963268e+00 1.5191985955e+00
1.2819419029e-04 1.9586120264e+04 1.5707963268e+00 1.5210154067e+00
1.2837248419e-04 1.9598944434e+04 1.5707963268e+00 1.5228298411e+00
1.2855068147e-04 1.9611789287e+04 1.5707963268e+00 1.5246418995e+00
1.2872878220e-04 1.9624654812e+04 1.5707963268e+00 1.5264515826e+00
1.2890678645e-04 1.9637540995e+04 1.5707963268e+00 1.5282588915e+00
1.2908469431e-04 1.9650447826e+04 1.5707963268e+00 1.5300638268e+00
1.2926250585e-04 1.9663375291e+04 1.5707963268e+00 1.5318663896e+00
1.2944022115e-04 1.9676323379e+04 1.5707963268e+00 1.5336665806e+00
1.2961784028e-04 1.9689292077e+04 1.5707963268e+00 1.5354644008e+00
1.2979536332e-04 1.9702281372e+04 1.5707963268e+00 1.5372598512e+00
1.2997279035e-04 1.9715291253e+04 1.5707963268e+00 1.5390529326e+00
1.3015012145e-04 1.9728321707e+04 1.5707963268e+00 1.5408436459e+00
1.3032735670e-04 1.9741372721e+04 1.5707963268e+00 1.5426319922e+00
1.3050449617e-04 1.9754444282e+04 1.5707963268e+00 1.5444179723e+00
1.3068153995e-04 1.9767536379e+04 1.5707963268e+00 1.5462015874e+00
1.3085848811e-04 1.9780648997e+04 1.5707963268e+00 1.5479828382e+00
1.3103534074e-04 1.9793782125e+04 1.5707963268e+00 1.5497617259e+00
1.3121209791e-04 1.9806935749e+04 1.5707963268e+00 1.5515382515e+00
1.3138875971e-04 1.9820109856e+04 1.5707963268e+00 1.5533124160e+00
1.3156532622e-04 1.9833304434e+04 1.5707963268e+00 1.5550842203e+00
1.3174179752e-04 1.9846519469e+04 1.5707963268e+00 1.5568536656e+00
1.3191817369e-04 1.9859754948e+04 1.5707963268e+00 1.5586207530e+00
1.3209445481e-04 1.9873010859e+04 1.5707963268e+00 1.5603854834e+00
1.3227064097e-04 1.9886287187e+04 1.5707963268e+00 1.5621478580e+00
1.3244673224e-04 1.9899583919e+04 1.5707963268e+00 1.5639078779e+00
1.3262272872e-04 1.9912901043e+04 1.5707963268e+00 1.5656655441e+00
1.3279863049e-04 1.9926238545e+04 1.5707963268e+00 1.5674208578e+00
1.3297443762e-04 1.9939596410e+04 1.5707963268e+00 1.5691738202e+00
1.3315015020e-04 1.9952974627e+04 1.5707963268e+00 1.5709244322e+00
1.3332576833e-04 1.9966373180e+04 1.5707963268e+00 1.5726726952e+00
1.3350129207e-04 1.9979792057e+04 1.5707963268e+00 1.5744186102e+00
1.3367672152e-04 1.9993231244e+04 1.5707963268e+00 1.5761621785e+00
1.3385205677e-04 2.0006690726e+04 1.5707963268e+00 1.5779034012e+00
1.3402729789e-04 2.0020170491e+04 1.5707963268e+00 1.5796422795e+00
1.3420244498e-04 2.0033670524e+04 1.5707963268e+00 1.5813788146e+00
1.3437749812e-04 2.0047190812e+04 1.5707963268e+00 1.5831130077e+00
1.3455245739e-04 2.0060731340e+04 1.5707963268e+00 1.5848448601e+00
1.3472732289e-04 2.0074292094e+04 1.5707963268e+00 1.5865743730e+00
1.3490209470e-04 2.0087873060e+04 1.5707963268e+00 1.5883015477e+00
1.3507677291e-04 2.0101474224e+04 1.5707963268e+00 1.5900263853e+00
1.3525135760e-04 2.0115095572e+04 1.5707963268e+00 1.5917488873e+00
1.3542584887e-04 2.0128737090e+04 1.5707963268e+00 1.5934690548e+00
1.3560024680e-04 2.0142398763e+04 1.5707963268e+00 1.5951868891e+00
1.3577455148e-04 2.0156080577e+04 1.5707963268e+00 1.5969023917e+00
1.3594876300e-04 2.0169782517e+04 1.5707963268e+00 1.5986155637e+00
1.3612288145e-04 2.0183504569e+04 1.5707963268e+00 1.6003264065e+00
1.3629690692e-04 2.0197246718e+04 1.5707963268e+00 1.6020349214e+00
1.3647083949e-04 2.0211008950e+04 1.5707963268e+00 1.6037411098e+00
1.3664467926e-04 2.0224791251e+04 1.5707963268e+00 1.6054449731e+00
1.3681842632e-04 2.0238593604e+04 1.5707963268e+00 1.6071465125e+00
1.3699208076e-04 2.0252415997e+04 1.5707963268e+00 1.6088457296e+00
1.3716564266e-04 2.0266258413e+04 1.5707963268e+00 1.6105426255e+00
1.3733911213e-04 2.0280120838e+04 1.5707963268e+00 1.6122372019e+00
1.3751248924e-04 2.0294003257e+04 1.5707963268e+00 1.6139294600e+00
1.3768577410e-04 2.0307905656e+04 1.5707963268e+00 1.6156194013e+00
1.3785896679e-04 2.0321828018e+04 1.5707963268e+00 1.6173070273e+00
1.3803206741e-04 2.0335770330e+04 1.5707963268e+00 1.6189923392e+00
1.3820507605e-04 2.0349732575e+04 1.5707963268e+00 1.6206753387e+00
1.3837799280e-04 2.0363714739e+04 1.5707963268e+00 1.6223560271e+00
1.3855081775e-04 2.0377716807e+04 1.5707963268e+00 1.6240344060e+00
1.3872355099e-04 2.0391738763e+04 1.5707963268e+00 1.6257104767e+00
1.3889619263e-04 2.0405780592e+04 1.5707963268e+00 1.6273842408e+00
1.3906874274e-04 2.0419842278e+04 1.5707963268e+00 1.6290556999e+00
1.3924120144e-04 2.0433923806e+04 1.5707963268e+00 1.6307248552e+00
1.3941356880e-04 2.0448025161e+04 1.5707963268e+00 1.6323917085e+00
1.3958584493e-04 2.0462146327e+04 1.5707963268e+00 1.6340562612e+00
1.3975802992e-04 2.0476287289e+04 1.5707963268e+00 1.6357185149e+00
1.3993012386e-04 2.0490448030e+04 1.5707963268e+00 1.6373784711e+00
1.4010212684e-04 2.0504628536e+04 1.5707963268e+00 1.6390361313e+00
1.4027403897e-04 2.0518828790e+04 1.5707963268e+00 1.6406914972e+00
1.4044586034e-04 2.0533048777e+04 1.5707963268e+00 1.6423445702e+00
1.4061759104e-04 2.0547288481e+04 1.5707963268e+00 1.6439953520e+00
1.4078923117e-04 2.0561547886e+04 1.5707963268e+00 1.6456438442e+00
1.4096078082e-04 2.0575826976e+04 1.5707963268e+00 1.6472900483e+00
1.4113224010e-04 2.0590125735e+04 1.5707963268e+00 1.6489339660e+00
1.4130360909e-04 2.0604444147e+04 1.5707963268e+00 1.6505755989e+00
1.4147488789e-04 2.0618782196e+04 1.5707963268e+00 1.6522149486e+00
1.4164607661e-04 2.0633139866e+04 1.5707963268e+00 1.6538520167e+00
1.4181717533e-04 2.0647517142e+04 1.5707963268e+00 1.6554868049e+00
1.4198818416e-04 2.0661914005e+04 1.5707963268e+00 1.6571193149e+00
1.4215910318e-04 2.0676330441e+04 1.5707963268e+00 1.6587495483e+00
1.4232993251e-04 2.0690766434e+04 1.5707963268e+00 1.6603775067e+00
1.4250067223e-04 2.0705221966e+04 1.5707963268e+00 1.6620031919e+00
1.4267132244e-04 2.0719697021e+04 1.5707963268e+00 1.6636266056e+00
1.4284188325e-04 2.0734191584e+04 1.5707963268e+00 1.6652477494e+00
1.4301235474e-04 2.0748705637e+04 1.5707963268e+00 1.6668666250e+00
1.4318273702e-04 2.0763239164e+04 1.5707963268e+00 1.6684832342e+00
1.4335303019e-04 2.0777792148e+04 1.5707963268e+00 1.6700975786e+00
1.4352323435e-04 2.0792364573e+04 1.5707963268e+00 1.6717096601e+00
1.4369334959e-04 2.0806956423e+04 1.5707963268e+00 1.6733194803e+00
1.4386337601e-04 2.0821567680e+04 1.5707963268e+00 1.6749270410e+00
1.4403331372e-04 2.0836198327e+04 1.5707963268e+00 1.6765323439e+00
1.4420316281e-04 2.0850848349e+04 1.5707963268e+00 1.6781353909e+00
1.4437292338e-04 2.0865517728e+04 1.5707963268e+00 1.6797361836e+00
1.4454259553e-04 2.0880206447e+04 1.5707963268e+00 1.6813347239e+00
1.4471217936e-04 2.0894914490e+04 1.5707963268e+00 1.6829310136e+00
1.4488167498e-04 2.0909641839e+04 1.5707963268e+00 1.6845250544e+00
1.4505108247e-04 2.0924388477e+04 1.5707963268e+00 1.6861168481e+00
1.4522040195e-04 2.0939154388e+04 1.5707963268e+00 1.6877063966e+00
1.4538963351e-04 2.0953939555e+04 1.5707963268e+00 1.6892937017e+00
1.4555877725e-04 2.0968743959e+04 1.5707963268e+00 1.6908787652e+00
1.4572783327e-04 2.0983567585e+04 1.5707963268e+00 1.6924615889e+00
1.4589680168e-04 2.0998410415e+04 1.5707963268e+00 1.6940421747e+00
1.4606568258e-04 2.1013272431e+04 1.5707963268e+00 1.6956205244e+00
1.4623447606e-04 2.1028153617e+04 1.5707963268e+00 1.6971966399e+00
1.4640318223e-04 2.1043053955e+04 1.5707963268e+00 1.6987705231e+00
1.4657180120e-04 2.1057973428e+04 1.5707963268e+00 1.7003421758e+00
1.4674033305e-04 2.1072912018e+04 1.5707963268e+00 1.7019115999e+00
1.4690877790e-04 2.1087869708e+04 1.5707963268e+00 1.7034787972e+00
1.4707713584e-04 2.1102846481e+04 1.5707963268e+00 1.7050437698e+00
1.4724540698e-04 2.1117842319e+04 1.5707963268e+00 1.7066065195e+00
1.4741359142e-04 2.1132857204e+04 1.5707963268e+00 1.7081670481e+00
1.4758168927e-04 2.1147891119e+04 1.5707963268e+00 1.7097253577e+00
1.4774970062e-04 2.1162944046e+04 1.5707963268e+00 1.7112814501e+00
1.4791762557e-04 2.1178015967e+04 1.5707963268e+00 1.7128353273e+00
1.4808546424e-04 2.1193106866e+04 1.5707963268e+00 1.7143869911e+00
1.4825321672e-04 2.1208216724e+04 1.5707963268e+00 1.7159364437e+00
1.4842088311e-04 2.1223345523e+04 1.5707963268e+00 1.7174836868e+00
1.4858846353e-04 2.1238493245e+04 1.5707963268e+00 1.7190287225e+00
1.4875595807e-04 2.1253659874e+04 1.5707963268e+00 1.7205715527e+00
1.4892336683e-04 2.1268845390e+04 1.5707963268e+00 1.7221121794e+00
1.4909068992e-04 2.1284049776e+04 1.5707963268e+00 1.7236506046e+00
1.4925792745e-04 2.1299273014e+04 1.5707963268e+00 1.7251868303e+00
1.4942507951e-04 2.1314515086e+04 1.5707963268e+00 1.7267208584e+00
1.4959214621e-04 2.1329775974e+04 1.5707963268e+00 1.7282526909e+00
1.4975912766e-04 2.1345055660e+04 1.5707963268e+00 1.7297823300e+00
1.4992602395e-04 2.1360354126e+04 1.5707963268e+00 1.7313097775e+00
1.5009283520e-04 2.1375671354e+04 1.5707963268e+00 1.7328350354e+00
1.5025956150e-04 2.1391007325e+04 1.5707963268e+00 1.7343581059e+00
1.5042620297e-04 2.1406362021e+04 1.5707963268e+00 1.7358789910e+00
1.5059275970e-04 2.1421735425e+04 1.5707963268e+00 1.7373976926e+00
1.5075923180e-04 2.1437127517e+04 1.5707963268e+00 1.7389142129e+00
1.5092561937e-04 2.1452538280e+04 1.5707963268e+00 1.7404285538e+00
1.5109192252e-04 2.1467967695e+04 1.5707963268e+00 1.7419407175e+00
1.5125814136e-04 2.1483415744e+04 1.5707963268e+00 1.7434507060e+00
1.5142427599e-04 2.1498882409e+04 1.5707963268e+00 1.7449585213e+00
1.5159032651e-04 2.1514367671e+04 1.5707963268e+00 1.7464641656e+00
1.5175629303e-04 2.1529871511e+04 1.5707963268e+00 1.7479676409e+00
1.5192217565e-04 2.1545393911e+04 1.5707963268e+00 1.7494689493e+00
1.5208797448e-04 2.1560934854e+04 1.5707963268e+00 1.7509680929e+00
1.5225368963e-04 2.1576494319e+04 1.5707963268e+00 1.7524650738e+00
1.5241932119e-04 2.1592072289e+04 1.5707963268e+00 1.7539598941e+00
1.5258486928e-04 2.1607668744e+04 1.5707963268e+00 1.7554525560e+00
1.5275033401e-04 2.1623283667e+04 1.5707963268e+00 1.7569430614e+00
1.5291571547e-04 2.1638917038e+04 1.5707963268e+00 1.7584314127e+00
1.5308101377e-04 2.1654568840e+04 1.5707963268e+00 1.7599176118e+00
1.5324622902e-04 2.1670239052e+04 1.5707963268e+00 1.7614016609e+00
1.5341136132e-04 2.1685927657e+04 1.5707963268e+00 1.7628835621e+00
1.5357641078e-04 2.1701634636e+04 1.5707963268e+00 1.7643633177e+00
1.5374137751e-04 2.1717359969e+04 1.5707963268e+00 1.7658409297e+00
1.5390626161e-04 2.1733103638e+04 1.5707963268e+00 1.7673164003e+00
1.5407106318e-04 2.1748865624e+04 1.5707963268e+00 1.7687897317e+00
1.5423578234e-04 2.1764645909e+04 1.5707963268e+00 1.7702609260e+00
1.5440041920e-04 2.1780444473e+04 1.5707963268e+00 1.7717299854e+00
1.5456497384e-04 2.1796261297e+04 1.5707963268e+00 1.7731969120e+00
1.5472944639e-04 2.1812096362e+04 1.5707963268e+00 1.7746617081e+00
1.5489383695e-04 2.1827949649e+04 1.5707963268e+00 1.7761243759e+00
1.5505814563e-04 2.1843821140e+04 1.5707963268e+00 1.7775849175e+00
1.5522237252e-04 2.1859710815e+04 1.5707963268e+00 1.7790433351e+00
1.5538651775e-04 2.1875618656e+04 1.5707963268e+00 1.7804996309e+00
1.5555058141e-04 2.1891544642e+04 1.5707963268e+00 1.7819538072e+00
1.5571456361e-04 2.1907488755e+04 1.5707963268e+00 1.7834058661e+00
1.5587846446e-04 2.1923450975e+04 1.5707963268e+00 1.7848558099e+00
1.5604228406e-04 2.1939431284e+04 1.5707963268e+00 1.7863036408e+00
1.5620602253e-04 2.1955429663e+04 1.5707963268e+00 1.7877493610e+00
1.5636967997e-04 2.1971446091e+04 1.5707963268e+00 1.7891929727e+00
1.5653325648e-04 2.1987480550e+04 1.5707963268e+00 1.7906344783e+00
1.5669675217e-04 2.2003533021e+04 1.5707963268e+00 1.7920738798e+00
1.5686016716e-04 2.2019603484e+04 1.5707963268e+00 1.7935111796e+00
1.5702350154e-04 2.2035691919e+04 1.5707963268e+00 1.7949463799e+00
1.5718675542e-04 2.2051798308e+04 1.5707963268e+00 1.7963794830e+00
1.5734992892e-04 2.2067922631e+04 1.5707963268e+00 1.7978104911e+00
1.5751302213e-04 2.2084064869e+04 1.5707963268e+00 1.7992394064e+00
1.5767603517e-04 2.2100225001e+04 1.5707963268e+00 1.8006662314e+00
1.5783896813e-04 2.2116403010e+04 1.5707963268e+00 1.8020909681e+00
1.5800182114e-04 2.2132598874e+04 1.5707963268e+00 1.8035136190e+00
1.5816459430e-04 2.2148812576e+04 1.5707963268e+00 1.8049341863e+00
1.5832728770e-04 2.2165044094e+04 1.5707963268e+00 1.8063526722e+00
1.5848990147e-04 2.2181293411e+04 1.5707963268e+00 1.8077690790e+00
1.5865243571e-04 2.2197560505e+04 1.5707963268e+00 1.8091834092e+00
1.5881489052e-04 2.2213845358e+04 1.5707963268e+00 1.8105956648e+00
1.5897726601e-04 2.2230147950e+04 1.5707963268e+00 1.8120058483e+00
1.5913956230e-04 2.2246468261e+04 1.5707963268e+00 1.8134139620e+00
1.5930177948e-04 2.2262806272e+04 1.5707963268e+00 1.8148200081e+00
1.5946391767e-04 2.2279161962e+04 1.5707963268e+00 1.8162239890e+00
1.5962597697e-04 2.2295535313e+04 1.5707963268e+00 1.8176259070e+00
1.5978795748e-04 2.2311926304e+04 1.5707963268e+00 1.8190257644e+00
1.5994985933e-04 2.2328334916e+04 1.5707963268e+00 1.8204235636e+00
1.6011168261e-04 2.2344761130e+04 1.5707963268e+00 1.8218193068e+00
1.6027342743e-04 2.2361204924e+04 1.5707963268e+00 1.8232129964e+00
1.6043509390e-04 2.2377666280e+04 1.5707963268e+00 1.8246046347e+00
1.6059668212e-04 2.2394145177e+04 1.5707963268e+00 1.8259942241e+00
1.6075819222e-04 2.2410641597e+04 1.5707963268e+00 1.8273817669e+00
1.6091962428e-04 2.2427155518e+04 1.5707963268e+00 1.8287672655e+00
1.6108097842e-04 2.2443686922e+04 1.5707963268e+00 1.8301507222e+00
1.6124225475e-04 2.2460235787e+04 1.5707963268e+00 1.8315321393e+00
1.6140345337e-04 2.2476802095e+04 1.5707963268e+00 1.8329115193e+00
1.6156457439e-04 2.2493385826e+04 1.5707963268e+00 1.8342888645e+00
1.6172561792e-04 2.2509986959e+04 1.5707963268e+00 1.8356641772e+00
1.6188658407e-04 2.2526605474e+04 1.5707963268e+00 1.8370374598e+00
1.6204747294e-04 2.2543241352e+04 1.5707963268e+00 1.8384087147e+00
1.6220828465e-04 2.2559894572e+04 1.5707963268e+00 1.8397779443e+00
1.6236901929e-04 2.2576565115e+04 1.5707963268e+00 1.8411451509e+00
1.6252967698e-04 2.2593252961e+04 1.5707963268e+00 1.8425103369e+00
1.6269025782e-04 2.2609958089e+04 1.5707963268e+00 1.8438735047e+00
1.6285076193e-04 2.2626680480e+04 1.5707963268e+00 1.8452346567e+00
1.6301118940e-04 2.2643420112e+04 1.5707963268e+00 1.8465937953e+00
1.6317154034e-04 2.2660176968e+04 1.5707963268e+00 1.8479509228e+00
1.6333181488e-04 2.2676951025e+04 1.5707963268e+00 1.8493060418e+00
1.6349201310e-04 2.2693742265e+04 1.5707963268e+00 1.8506591544e+00
1.6365213512e-04 2.2710550666e+04 1.5707963268e+00 1.8520102633e+00
1.6381218104e-04 2.2727376209e+04 1.5707963268e+00 1.8533593707e+00
1.6397215098e-04 2.2744218874e+04 1.5707963268e+00 1.8547064791e+00
1.6413204504e-04 2.2761078641e+04 1.5707963268e+00 1.8560515909e+00
1.6429186332e-04 2.2777955488e+04 1.5707963268e+00 1.8573947084e+00
1.6445160594e-04 2.2794849397e+04 1.5707963268e+00 1.8587358342e+00
1.6461127301e-04 2.2811760347e+04 1.5707963268e+00 1.8600749706e+00
1.6477086462e-04 2.2828688317e+04 1.5707963268e+00 1.8614121201e+00
1.6493038089e-04 2.2845633288e+04 1.5707963268e+00 1.8627472851e+00
1.6508982192e-04 2.2862595239e+04 1.5707963268e+00 1.8640804679e+00
1.6524918782e-04 2.2879574150e+04 1.5707963268e+00 1.8654116711e+00
1.6540847870e-04 2.2896570001e+04 1.5707963268e+00 1.8667408970e+00
1.6556769466e-04 2.2913582771e+04 1.5707963268e+00 1.8680681482e+00
1.6572683582e-04 2.2930612440e+04 1.5707963268e+00 1.8693934270e+00
1.6588590227e-04 2.2947658988e+04 1.5707963268e+00 1.8707167358e+00
1.6604489414e-04 2.2964722395e+04 1.5707963268e+00 1.8720380772e+00
1.6620381151e-04 2.2981802639e+04 1.5707963268e+00 1.8733574535e+00
1.6636265451e-04 2.2998899701e+04 1.5707963268e+00 1.8746748672e+00
1.6652142323e-04 2.3016013561e+04 1.5707963268e+00 1.8759903208e+00
1.6668011778e-04 2.3033144198e+04 1.5707963268e+00 1.8773038167e+00
1.6683873828e-04 2.3050291591e+04 1.5707963268e+00 1.8786153573e+00
1.6699728483e-04 2.3067455721e+04 1.5707963268e+00 1.8799249451e+00
1.6715575752e-04 2.3084636567e+04 1.5707963268e+00 1.8812325826e+00
1.6731415648e-04 2.3101834108e+04 1.5707963268e+00 1.8825382722e+00
1.6747248181e-04 2.3119048324e+04 1.5707963268e+00 1.8838420164e+00
1.6763073361e-04 2.3136279195e+04 1.5707963268e+00 1.8851438176e+00
1.6778891199e-04 2.3153526701e+04 1.5707963268e+00 1.8864436784e+00
1.6794701706e-04 2.3170790820e+04 1.5707963268e+00 1.8877416011e+00
1.6810504893e-04 2.3188071532e+04 1.5707963268e+00 1.8890375882e+00
1.6826300769e-04 2.3205368817e+04 1.5707963268e+00 1.8903316423e+00
1.6842089347e-04 2.3222682655e+04 1.5707963268e+00 1.8916237657e+00
1.6857870635e-04 2.3240013025e+04 1.5707963268e+00 1.8929139610e+00
1.6873644646e-04 2.3257359906e+04 1.5707963268e+00 1.8942022307e+00
1.6889411389e-04 2.3274723278e+04 1.5707963268e+00 1.8954885771e+00
1.6905170875e-04 2.3292103120e+04 1.5707963268e+00 1.8967730029e+00
1.6920923115e-04 2.3309499413e+04 1.5707963268e+00 1.8980555104e+00
1.6936668120e-04 2.3326912135e+04 1.5707963268e+00 1.8993361022e+00
1.6952405900e-04 2.3344341266e+04 1.5707963268e+00 1.9006147807e+00
1.6968136466e-04 2.3361786785e+04 1.5707963268e+00 1.9018915484e+00
1.6983859827e-04 2.3379248673e+04 1.5707963268e+00 1.9031664079e+00
1.6999575996e-04 2.3396726907e+04 1.5707963268e+00 1.9044393615e+00
1.7015284982e-04 2.3414221469e+04 1.5707963268e+00 1.9057104118e+00
1.7030986796e-04 2.3431732337e+04 1.5707963268e+00 1.9069795614e+00
1.7046681449e-04 2.3449259490e+04 1.5707963268e+00 1.9082468126e+00
1.7062368951e-04 2.3466802909e+04 1.5707963268e+00 1.9095121679e+00
1.7078049313e-04 2.3484362572e+04 1.5707963268e+00 1.9107756299e+00
1.7093722545e-04 2.3501938459e+04 1.5707963268e+00 1.9120372011e+00
1.7109388658e-04 2.3519530550e+04 1.5707963268e+00 1.9132968840e+00
1.7125047663e-04 2.3537138823e+04 1.5707963268e+00 1.9145546810e+00
1.7140699570e-04 2.3554763259e+04 1.5707963268e+00 1.9158105946e+00
1.7156344389e-04 2.3572403836e+04 1.5707963268e+00 1.9170646275e+00
1.7171982131e-04 2.3590060534e+04 1.5707963268e+00 1.9183167819e+00
1.7187612806e-04 2.3607733333e+04 1.5707963268e+00 1.9195670606e+00
1.7203236426e-04 2.3625422212e+04 1.5707963268e+00 1.9208154659e+00
1.7218853000e-04 2.3643127150e+04 1.5707963268e+00 1.9220620005e+00
1.7234462540e-04 2.3660848127e+04 1.5707963268e+00 1.9233066667e+00
1.7250065055e-04 2.3678585122e+04 1.5707963268e+00 1.9245494671e+00
1.7265660556e-04 2.3696338114e+04 1.5707963268e+00 1.9257904042e+00
1.7281249054e-04 2.3714107083e+04 1.5707963268e+00 1.9270294805e+00
1.7296830559e-04 2.3731892008e+04 1.5707963268e+00 1.9282666986e+00
1.7312405081e-04 2.3749692868e+04 1.5707963268e+00 1.9295020609e+00
1.7327972631e-04 2.3767509644e+04 1.5707963268e+00 1.9307355699e+00
1.7343533220e-04 2.3785342314e+04 1.5707963268e+00 1.9319672282e+00
1.7359086858e-04 2.3803190857e+04 1.5707963268e+00 1.9331970383e+00
1.7374633555e-04 2.3821055254e+04 1.5707963268e+00 1.9344250028e+00
1.7390173322e-04 2.3838935483e+04 1.5707963268e+00 1.9356511240e+00
1.7405706169e-04 2.3856831523e+04 1.5707963268e+00 1.9368754045e+00
1.7421232106e-04 2.3874743355e+04 1.5707963268e+00 1.9380978469e+00
1.7436751145e-04 2.3892670958e+04 1.5707963268e+00 1.9393184537e+00
1.7452263295e-04 2.3910614310e+04 1.5707963268e+00 1.9405372273e+00
1.7467768567e-04 2.3928573391e+04 1.5707963268e+00 1.9417541704e+00
1.7483266971e-04 2.3946548181e+04 1.5707963268e+00 1.9429692854e+00
1.7498758518e-04 2.3964538659e+04 1.5707963268e+00 1.9441825748e+00
1.7514243218e-04 2.3982544804e+04 1.5707963268e+00 1.9453940412e+00
1.7529721081e-04 2.4000566595e+04 1.5707963268e+00 1.9466036871e+00
1.7545192118e-04 2.4018604013e+04 1.5707963268e+00 1.9478115150e+00
1.7560656339e-04 2.4036657036e+04 1.5707963268e+00 1.9490175275e+00
1.7576113754e-04 2.4054725643e+04 1.5707963268e+00 1.9502217270e+00
1.7591564374e-04 2.4072809815e+04 1.5707963268e+00 1.9514241161e+00
1.7607008209e-04 2.4090909530e+04 1.5707963268e+00 1.9526246972e+00
1.7622445270e-04 2.4109024768e+04 1.5707963268e+00 1.9538234731e+00
1.7637875566e-04 2.4127155508e+04 1.5707963268e+00 1.9550204460e+00
1.7653299108e-04 2.4145301729e+04 1.5707963268e+00 1.9562156187e+00
1.7668715907e-04 2.4163463412e+04 1.5707963268e+00 1.9574089935e+00
1.7684125972e-04 2.4181640534e+04 1.5707963268e+00 1.9586005731e+00
1.7699529314e-04 2.4199833076e+04 1.5707963268e+00 1.9597903599e+00
1.7714925943e-04 2.4218041017e+04 1.5707963268e+00 1.9609783565e+00
1.7730315869e-04 2.4236264336e+04 1.5707963268e+00 1.9621645654e+00
1.7745699103e-04 2.4254503013e+04 1.5707963268e+00 1.9633489892e+00
1.7761075655e-04 2.4272757028e+04 1.5707963268e+00 1.9645316303e+00
1.7776445535e-04 2.4291026358e+04 1.5707963268e+00 1.9657124913e+00
1.7791808753e-04 2.4309310984e+04 1.5707963268e+00 1.9668915746e+00
1.7807165320e-04 2.4327610886e+04 1.5707963268e+00 1.9680688830e+00
1.7822515245e-04 2.4345926042e+04 1.5707963268e+00 1.9692444187e+00
1.7837858540e-04 2.4364256432e+04 1.5707963268e+00 1.9704181845e+00
1.7853195213e-04 2.4382602035e+04 1.5707963268e+00 1.9715901828e+00
1.7868525276e-04 2.4400962832e+04 1.5707963268e+00 1.9727604161e+00
1.7883848739e-04 2.4419338800e+04 1.5707963268e+00 1.9739288869e+00
1.7899165610e-04 2.4437729920e+04 1.5707963268e+00 1.9750955979e+00
1.7914475902e-04 2.4456136171e+04 1.5707963268e+00 1.9762605515e+00
1.7929779624e-04 2.4474557532e+04 1.5707963268e+00 1.9774237502e+00
1.7945076785e-04 2.4492993983e+04 1.5707963268e+00 1.9785851965e+00
1.7960367397e-04 2.4511445503e+04 1.5707963268e+00 1.9797448931e+00
1.7975651469e-04 2.4529912072e+04 1.5707963268e+00 1.9809028424e+00
1.7990929012e-04 2.4548393669e+04 1.5707963268e+00 1.9820590469e+00
1.8006200035e-04 2.4566890273e+04 1.5707963268e+00 1.9832135091e+00
1.8021464548e-04 2.4585401864e+04 1.5707963268e+00 1.9843662317e+00
1.8036722562e-04 2.4603928422e+04 1.5707963268e+00 1.9855172170e+00
1.8051974087e-04 2.4622469925e+04 1.5707963268e+00 1.9866664677e+00
1.8067219133e-04 2.4641026354e+04 1.5707963268e+00 1.9878139862e+00
1.8082457709e-04 2.4659597687e+04 1.5707963268e+00 1.9889597751e+00
1.8097689826e-04 2.4678183905e+04 1.5707963268e+00 1.9901038369e+00
1.8112915494e-04 2.4696784986e+04 1.5707963268e+00 1.9912461742e+00
1.8128134723e-04 2.4715400910e+04 1.5707963268e+00 1.9923867893e+00
1.8143347523e-04 2.4734031657e+04 1.5707963268e+00 1.9935256849e+00
1.8158553903e-04 2.4752677206e+04 1.5707963268e+00 1.9946628635e+00
1.8173753874e-04 2.4771337537e+04 1.5707963268e+00 1.9957983276e+00
1.8188947447e-04 2.4790012629e+04 1.5707963268e+00 1.9969320797e+00
1.8204134630e-04 2.4808702461e+04 1.5707963268e+00 1.9980641223e+00
1.8219315433e-04 2.4827407013e+04 1.5707963268e+00 1.9991944579e+00
1.8234489868e-04 2.4846126266e+04 1.5707963268e+00 2.0003230892e+00
1.8249657943e-04 2.4864860197e+04 1.5707963268e+00 2.0014500185e+00
1.8264819668e-04 2.4883608787e+04 1.5707963268e+00 2.0025752484e+00
1.8279975054e-04 2.4902372015e+04 1.5707963268e+00 2.0036987814e+00
1.8295124110e-04 2.4921149861e+04 1.5707963268e+00 2.0048206200e+00
1.8310266847e-04 2.4939942304e+04 1.5707963268e+00 2.0059407668e+00
1.8325403273e-04 2.4958749324e+04 1.5707963268e+00 2.0070592242e+00
1.8340533400e-04 2.4977570900e+04 1.5707963268e+00 2.0081759948e+00
1.8355657236e-04 2.4996407013e+04 1.5707963268e+00 2.0092910811e+00
1.8370774792e-04 2.5015257641e+04 1.5707963268e+00 2.0104044855e+00
1.8385886078e-04 2.5034122765e+04 1.5707963268e+00 2.0115162106e+00
1.8400991103e-04 2.5053002363e+04 1.5707963268e+00 2.0126262589e+00
1.8416089877e-04 2.5071896416e+04 1.5707963268e+00 2.0137346329e+00
1.8431182410e-04 2.5090804903e+04 1.5707963268e+00 2.0148413352e+00
1.8446268712e-04 2.5109727803e+04 1.5707963268e+00 2.0159463681e+00
1.8461348792e-04 2.5128665097e+04 1.5707963268e+00 2.0170497343e+00
1.8476422661e-04 2.5147616764e+04 1.5707963268e+00 2.0181514362e+00
1.8491490327e-04 2.5166582784e+04 1.5707963268e+00 2.0192514763e+00
1.8506551802e-04 2.5185563136e+04 1.5707963268e+00 2.0203498571e+00
1.8521607094e-04 2.5204557800e+04 1.5707963268e+00 2.0214465812e+00
1.8536656213e-04 2.5223566755e+04 1.5707963268e+00 2.0225416510e+00
1.8551699170e-04 2.5242589982e+04 1.5707963268e+00 2.0236350690e+00
1.8566735973e-04 2.5261627460e+04 1.5707963268e+00 2.0247268378e+00
1.8581766632e-04 2.5280679169e+04 1.5707963268e+00 2.0258169597e+00
1.8596791158e-04 2.5299745088e+04 1.5707963268e+00 2.0269054374e+00
1.8611809559e-04 2.5318825198e+04 1.5707963268e+00 2.0279922733e+00
1.8626821846e-04 2.5337919477e+04 1.5707963268e+00 2.0290774698e+00
1.8641828028e-04 2.5357027907e+04 1.5707963268e+00 2.0301610296e+00
1.8656828114e-04 2.5376150466e+04 1.5707963268e+00 2.0312429551e+00
1.8671822115e-04 2.5395287134e+04 1.5707963268e+00 2.0323232487e+00
1.8686810040e-04 2.5414437891e+04 1.5707963268e+00 2.0334019130e+00
1.8701791899e-04 2.5433602717e+04 1.5707963268e+00 2.0344789504e+00
1.8716767700e-04 2.5452781592e+04 1.5707963268e+00 2.0355543634e+00
1.8731737454e-04 2.5471974495e+04 1.5707963268e+00 2.0366281546e+00
1.8746701171e-04 2.5491181407e+04 1.5707963268e+00 2.0377003264e+00
1.8761658859e-04 2.5510402307e+04 1.5707963268e+00 2.0387708812e+00
1.8776610529e-04 2.5529637174e+04 1.5707963268e+00 2.0398398216e+00
1.8791556190e-04 2.5548885990e+04 1.5707963268e+00 2.0409071500e+00
1.8806495851e-04 2.5568148734e+04 1.5707963268e+00 2.0419728690e+00
1.8821429522e-04 2.5587425385e+04 1.5707963268e+00 2.0430369809e+00
1.8836357213e-04 2.5606715923e+04 1.5707963268e+00 2.0440994883e+00
1.8851278933e-04 2.5626020330e+04 1.5707963268e+00 2.0451603936e+00
1.8866194691e-04 2.5645338583e+04 1.5707963268e+00 2.0462196993e+00
1.8881104496e-04 2.5664670664e+04 1.5707963268e+00 2.0472774080e+00
1.8896008360e-04 2.5684016552e+04 1.5707963268e+00 2.0483335219e+00
1.8910906290e-04 2.5703376228e+04 1.5707963268e+00 2.0493880437e+00
1.8925798296e-04 2.5722749670e+04 1.5707963268e+00 2.0504409758e+00
1.8940684388e-04 2.5742136860e+04 1.5707963268e+00 2.0514923206e+00
1.8955564575e-04 2.5761537777e+04 1.5707963268e+00 2.0525420806e+00
1.8970438867e-04 2.5780952401e+04 1.5707963268e+00 2.0535902582e+00
1.8985307272e-04 2.5800380713e+04 1.5707963268e+00 2.0546368561e+00
1.9000169800e-04 2.5819822691e+04 1.5707963268e+00 2.0556818764e+00
1.9015026461e-04 2.5839278317e+04 1.5707963268e+00 2.0567253219e+00
1.9029877264e-04 2.5858747571e+04 1.5707963268e+00 2.0577671948e+00
1.9044722218e-04 2.5878230432e+04 1.5707963268e+00 2.0588074977e+00
1.9059561333e-04 2.5897726880e+04 1.5707963268e+00 2.0598462330e+00
1.9074394618e-04 2.5917236896e+04 1.5707963268e+00 2.0608834031e+00
1.9089222081e-04 2.5936760460e+04 1.5707963268e+00 2.0619190105e+00
1.9104043733e-04 2.5956297551e+04 1.5707963268e+00 2.0629530577e+00
1.9118859583e-04 2.5975848151e+04 1.5707963268e+00 2.0639855470e+00
1.9133669640e-04 2.5995412239e+04 1.5707963268e+00 2.0650164810e+00
1.9148473913e-04 2.6014989795e+04 1.5707963268e+00 2.0660458621e+00
1.9163272412e-04 2.6034580800e+04 1.5707963268e+00 2.0670736927e+00
1.9178065145e-04 2.6054185233e+04 1.5707963268e+00 2.0680999752e+00
1.9192852122e-04 2.6073803075e+04 1.5707963268e+00 2.0691247121e+00
1.9207633352e-04 2.6093434307e+04 1.5707963268e+00 2.0701479059e+00
1.9222408845e-04 2.6113078908e+04 1.5707963268e+00 2.0711695589e+00
1.9237178609e-04 2.6132736858e+04 1.5707963268e+00 2.0721896736e+00
1.9251942653e-04 2.6152408139e+04 1.5707963268e+00 2.0732082523e+00
1.9266700988e-04 2.6172092730e+04 1.5707963268e+00 2.0742252977e+00
1.9281453621e-04 2.6191790611e+04 1.5707963268e+00 2.0752408120e+00
1.9296200562e-04 2.6211501763e+04 1.5707963268e+00 2.0762547977e+00
1.9310941821e-04 2.6231226167e+04 1.5707963268e+00 2.0772672572e+00
1.9325677406e-04 2.6250963802e+04 1.5707963268e+00 2.0782781929e+00
1.9340407326e-04 2.6270714648e+04 1.5707963268e+00 2.0792876073e+00
1.9355131590e-04 2.6290478687e+04 1.5707963268e+00 2.0802955027e+00
1.9369850209e-04 2.6310255899e+04 1.5707963268e+00 2.0813018816e+00
1.9384563189e-04 2.6330046264e+04 1.5707963268e+00 2.0823067464e+00
1.9399270541e-04 2.6349849762e+04 1.5707963268e+00 2.0833100995e+00
1.9413972274e-04 2.6369666374e+04 1.5707963268e+00 2.0843119433e+00
1.9428668397e-04 2.6389496080e+04 1.5707963268e+00 2.0853122802e+00
1.9443358918e-04 2.6409338861e+04 1.5707963268e+00 2.0863111127e+00
1.9458043846e-04 2.6429194698e+04 1.5707963268e+00 2.0873084430e+00
1.9472723192e-04 2.6449063570e+04 1.5707963268e+00 2.0883042737e+00
1.9487396963e-04 2.6468945459e+04 1.5707963268e+00 2.0892986070e+00
1.9502065168e-04 2.6488840344e+04 1.5707963268e+00 2.0902914455e+00
1.9516727817e-04 2.6508748207e+04 1.5707963268e+00 2.0912827915e+00
1.9531384918e-04 2.6528669028e+04 1.5707963268e+00 2.0922726474e+00
1.9546036481e-04 2.6548602788e+04 1.5707963268e+00 2.0932610156e+00
1.9560682514e-04 2.6568549466e+04 1.5707963268e+00 2.0942478984e+00
1.9575323025e-04 2.6588509045e+04 1.5707963268e+00 2.0952332983e+00
1.9589958025e-04 2.6608481503e+04 1.5707963268e+00 2.0962172176e+00
1.9604587522e-04 2.6628466823e+04 1.5707963268e+00 2.0971996588e+00
1.9619211524e-04 2.6648464984e+04 1.5707963268e+00 2.0981806242e+00
1.9633830041e-04 2.6668475968e+04 1.5707963268e+00 2.0991601161e+00
1.9648443081e-04 2.6688499755e+04 1.5707963268e+00 2.1001381370e+00
1.9663050654e-04 2.6708536326e+04 1.5707963268e+00 2.1011146892e+00
1.9677652767e-04 2.6728585661e+04 1.5707963268e+00 2.1020897751e+00
1.9692249430e-04 2.6748647741e+04 1.5707963268e+00 2.1030633970e+00
1.9706840652e-04 2.6768722548e+04 1.5707963268e+00 2.1040355574e+00
1.9721426441e-04 2.6788810061e+04 1.5707963268e+00 2.1050062586e+00
1.9736006806e-04 2.6808910262e+04 1.5707963268e+00 2.1059755030e+00
1.9750581756e-04 2.6829023131e+04 1.5707963268e+00 2.1069432928e+00
1.9765151299e-04 2.6849148649e+04 1.5707963268e+00 2.1079096305e+00
1.9779715445e-04 2.6869286798e+04 1.5707963268e+00 2.1088745185e+00
1.9794274201e-04 2.6889437557e+04 1.5707963268e+00 2.1098379590e+00
1.9808827577e-04 2.6909600908e+04 1.5707963268e+00 2.1107999544e+00
1.9823375581e-04 2.6929776832e+04 1.5707963268e+00 2.1117605071e+00
1.9837918223e-04 2.6949965310e+04 1.5707963268e+00 2.1127196194e+00
1.9852455510e-04 2.6970166322e+04 1.5707963268e+00 2.1136772937e+00
1.9866987451e-04 2.6990379850e+04 1.5707963268e+00 2.1146335323e+00
1.9881514055e-04 2.7010605875e+04 1.5707963268e+00 2.1155883376e+00
1.9896035330e-04 2.7030844377e+04 1.5707963268e+00 2.1165417118e+00
1.9910551286e-04 2.7051095337e+04 1.5707963268e+00 2.1174936573e+00
1.9925061930e-04 2.7071358737e+04 1.5707963268e+00 2.1184441765e+00
1.9939567271e-04 2.7091634558e+04 1.5707963268e+00 2.1193932716e+00
1.9954067318e-04 2.7111922780e+04 1.5707963268e+00 2.1203409451e+00
1.9968562080e-04 2.7132223385e+04 1.5707963268e+00 2.1212871992e+00
1.9983051564e-04 2.7152536354e+04 1.5707963268e+00 2.1222320362e+00
1.9997535780e-04 2.7172861668e+04 1.5707963268e+00 2.1231754584e+00
2.0012014735e-04 2.7193199308e+04 1.5707963268e+00 2.1241174683e+00
2.0026488439e-04 2.7213549255e+04 1.5707963268e+00 2.1250580681e+00
2.0040956900e-04 2.7233911491e+04 1.5707963268e+00 2.1259972600e+00
2.0055420127e-04 2.7254285996e+04 1.5707963268e+00 2.1269350465e+00
2.0069878127e-04 2.7274672752e+04 1.5707963268e+00 2.1278714298e+00
2.0084330909e-04 2.7295071740e+04 1.5707963268e+00 2.1288064123e+00
2.0098778482e-04 2.7315482942e+04 1.5707963268e+00 2.1297399962e+00
2.0113220854e-04 2.7335906338e+04 1.5707963268e+00 2.1306721838e+00
2.0127658033e-04 2.7356341910e+04 1.5707963268e+00 2.1316029775e+00
2.0142090029e-04 2.7376789639e+04 1.5707963268e+00 2.1325323794e+00
2.0156516848e-04 2.7397249507e+04 1.5707963268e+00 2.1334603920e+00
2.0170938500e-04 2.7417721494e+04 1.5707963268e+00 2.1343870176e+00
2.0185354994e-04 2.7438205583e+04 1.5707963268e+00 2.1353122583e+00
2.0199766336e-04 2.7458701754e+04 1.5707963268e+00 2.1362361165e+00
2.0214172536e-04 2.7479209990e+04 1.5707963268e+00 2.1371585944e+00
2.0228573603e-04 2.7499730270e+04 1.5707963268e+00 2.1380796945e+00
2.0242969543e-04 2.7520262578e+04 1.5707963268e+00 2.1389994188e+00
2.0257360366e-04 2.7540806894e+04 1.5707963268e+00 2.1399177697e+00
2.0271746080e-04 2.7561363199e+04 1.5707963268e+00 2.1408347496e+00
2.0286126693e-04 2.7581931476e+04 1.5707963268e+00 2.1417503605e+00
2.0300502213e-04 2.7602511706e+04 1.5707963268e+00 2.1426646049e+00
2.0314872649e-04 2.7623103870e+04 1.5707963268e+00 2.1435774849e+00
2.0329238009e-04 2.7643707950e+04 1.5707963268e+00 2.1444890029e+00
2.0343598301e-04 2.7664323928e+04 1.5707963268e+00 2.1453991611e+00
2.0357953533e-04 2.7684951784e+04 1.5707963268e+00 2.1463079617e+00
2.0372303713e-04 2.7705591502e+04 1.5707963268e+00 2.1472154070e+00
2.0386648850e-04 2.7726243061e+04 1.5707963268e+00 2.1481214993e+00
2.0400988952e-04 2.7746906445e+04 1.5707963268e+00 2.1490262408e+00
2.0415324027e-04 2.7767581634e+04 1.5707963268e+00 2.1499296338e+00
2.0429654083e-04 2.7788268611e+04 1.5707963268e+00 2.1508316805e+00
2.0443979128e-04 2.7808967356e+04 1.5707963268e+00 2.1517323831e+00
2.0458299170e-04 2.7829677853e+04 1.5707963268e+00 2.1526317439e+00
2.0472614217e-04 2.7850400082e+04 1.5707963268e+00 2.1535297651e+00
2.0486924278e-04 2.7871134025e+04 1.5707963268e+00 2.1544264489e+00
2.0501229361e-04 2.7891879665e+04 1.5707963268e+00 2.1553217977e+00
2.0515529473e-04 2.7912636982e+04 1.5707963268e+00 2.1562158135e+00
2.0529824623e-04 2.7933405960e+04 1.5707963268e+00 2.1571084987e+00
2.0544114818e-04 2.7954186578e+04 1.5707963268e+00 2.1579998554e+00
2.0558400067e-04 2.7974978821e+04 1.5707963268e+00 2.1588898859e+00
2.0572680378e-04 2.7995782669e+04 1.5707963268e+00 2.1597785925e+00
2.0586955759e-04 2.8016598104e+04 1.5707963268e+00 2.1606659772e+00
2.0601226217e-04 2.8037425108e+04 1.5707963268e+00 2.1615520423e+00
2.0615491760e-04 2.8058263664e+04 1.5707963268e+00 2.1624367901e+00
2.0629752398e-04 2.8079113753e+04 1.5707963268e+00 2.1633202227e+00
2.0644008137e-04 2.8099975357e+04 1.5707963268e+00 2.1642023424e+00
2.0658258985e-04 2.8120848459e+04 1.5707963268e+00 2.1650831513e+00
2.0672504951e-04 2.8141733039e+04 1.5707963268e+00 2.1659626517e+00
2.0686746042e-04 2.8162629081e+04 1.5707963268e+00 2.1668408456e+00
2.0700982266e-04 2.8183536567e+04 1.5707963268e+00 2.1677177355e+00
2.0715213631e-04 2.8204455478e+04 1.5707963268e+00 2.1685933233e+00
2.0729440146e-04 2.8225385796e+04 1.5707963268e+00 2.1694676113e+00
2.0743661816e-04 2.8246327505e+04 1.5707963268e+00 2.1703406018e+00
2.0757878652e-04 2.8267280585e+04 1.5707963268e+00 2.1712122968e+00
2.0772090660e-04 2.8288245019e+04 1.5707963268e+00 2.1720826986e+00
2.0786297848e-04 2.8309220790e+04 1.5707963268e+00 2.1729518093e+00
2.0800500225e-04 2.8330207880e+04 1.5707963268e+00 2.1738196311e+00
2.0814697797e-04 2.8351206270e+04 1.5707963268e+00 2.1746861662e+00
2.0828890573e-04 2.8372215943e+04 1.5707963268e+00 2.1755514168e+00
2.0843078560e-04 2.8393236882e+04 1.5707963268e+00 2.1764153849e+00
2.0857261766e-04 2.8414269069e+04 1.5707963268e+00 2.1772780728e+00
2.0871440200e-04 2.8435312485e+04 1.5707963268e+00 2.1781394827e+00
2.0885613868e-04 2.8456367114e+04 1.5707963268e+00 2.1789996166e+00
2.0899782778e-04 2.8477432938e+04 1.5707963268e+00 2.1798584768e+00
2.0913946938e-04 2.8498509939e+04 1.5707963268e+00 2.1807160654e+00
2.0928106356e-04 2.8519598100e+04 1.5707963268e+00 2.1815723846e+00
2.0942261039e-04 2.8540697402e+04 1.5707963268e+00 2.1824274364e+00
2.0956410996e-04 2.8561807829e+04 1.5707963268e+00 2.1832812231e+00
2.0970556233e-04 2.8582929363e+04 1.5707963268e+00 2.1841337467e+00
2.0984696758e-04 2.8604061987e+04 1.5707963268e+00 2.1849850095e+00
2.0998832579e-04 2.8625205682e+04 1.5707963268e+00 2.1858350135e+00
2.1012963704e-04 2.8646360433e+04 1.5707963268e+00 2.1866837609e+00
2.1027090141e-04 2.8667526220e+04 1.5707963268e+00 2.1875312538e+00
2.1041211895e-04 2.8688703027e+04 1.5707963268e+00 2.1883774943e+00
2.1055328977e-04 2.8709890836e+04 1.5707963268e+00 2.1892224846e+00
2.1069441392e-04 2.8731089631e+04 1.5707963268e+00 2.1900662267e+00
2.1083549148e-04 2.8752299393e+04 1.5707963268e+00 2.1909087229e+00
2.1097652254e-04 2.8773520105e+04 1.5707963268e+00 2.1917499752e+00
2.1111750716e-04 2.8794751750e+04 1.5707963268e+00 2.1925899857e+00
2.1125844542e-04 2.8815994311e+04 1.5707963268e+00 2.1934287565e+00
2.1139933739e-04 2.8837247770e+04 1.5707963268e+00 2.1942662897e+00
2.1154018316e-04 2.8858512111e+04 1.5707963268e+00 2.1951025875e+00
2.1168098279e-04 2.8879787316e+04 1.5707963268e+00 2.1959376520e+00
2.1182173636e-04 2.8901073367e+04 1.5707963268e+00 2.1967714852e+00
2.1196244394e-04 2.8922370248e+04 1.5707963268e+00 2.1976040892e+00
2.1210310561e-04 2.8943677942e+04 1.5707963268e+00 2.1984354662e+00
2.1224372145e-04 2.8964996431e+04 1.5707963268e+00 2.1992656181e+00
2.1238429152e-04 2.8986325698e+04 1.5707963268e+00 2.2000945472e+00
2.1252481590e-04 2.9007665727e+04 1.5707963268e+00 2.2009222554e+00
2.1266529466e-04 2.9029016499e+04 1.5707963268e+00 2.2017487450e+00
2.1280572788e-04 2.9050377999e+04 1.5707963268e+00 2.2025740178e+00
2.1294611564e-04 2.9071750209e+04 1.5707963268e+00 2.2033980761e+00
2.1308645800e-04 2.9093133112e+04 1.5707963268e+00 2.2042209219e+00
2.1322675503e-04 2.9114526691e+04 1.5707963268e+00 2.2050425572e+00
2.1336700682e-04 2.9135930929e+04 1.5707963268e+00 2.2058629841e+00
2.1350721344e-04 2.9157345809e+04 1.5707963268e+00 2.2066822048e+00
2.1364737495e-04 2.9178771314e+04 1.5707963268e+00 2.2075002211e+00
2.1378749143e-04 2.9200207428e+04 1.5707963268e+00 2.2083170353e+00
2.1392756296e-04 2.9221654134e+04 1.5707963268e+00 2.2091326494e+00
2.1406758960e-04 2.9243111414e+04 1.5707963268e+00 2.2099470653e+00
2.1420757143e-04 2.9264579252e+04 1.5707963268e+00 2.2107602853e+00
2.1434750852e-04 2.9286057631e+04 1.5707963268e+00 2.2115723112e+00
2.1448740094e-04 2.9307546535e+04 1.5707963268e+00 2.2123831451e+00
2.1462724877e-04 2.9329045946e+04 1.5707963268e+00 2.2131927892e+00
2.1476705208e-04 2.9350555848e+04 1.5707963268e+00 2.2140012454e+00
2.1490681093e-04 2.9372076224e+04 1.5707963268e+00 2.2148085157e+00
2.1504652541e-04 2.9393607057e+04 1.5707963268e+00 2.2156146022e+00
2.1518619557e-04 2.9415148331e+04 1.5707963268e+00 2.2164195070e+00
2.1532582150e-04 2.9436700029e+04 1.5707963268e+00 2.2172232320e+00
2.1546540327e-04 2.9458262135e+04 1.5707963268e+00 2.2180257792e+00
2.1560494094e-04 2.9479834632e+04 1.5707963268e+00 2.2188271507e+00
2.1574443459e-04 2.9501417503e+04 1.5707963268e+00 2.2196273486e+00
2.1588388429e-04 2.9523010732e+04 1.5707963268e+00 2.2204263747e+00
2.1602329011e-04 2.9544614302e+04 1.5707963268e+00 2.2212242312e+00
2.1616265212e-04 2.9566228196e+04 1.5707963268e+00 2.2220209200e+00
2.1630197039e-04 2.9587852399e+04 1.5707963268e+00 2.2228164431e+00
2.1644124499e-04 2.9609486894e+04 1.5707963268e+00 2.2236108026e+00
2.1658047599e-04 2.9631131664e+04 1.5707963268e+00 2.2244040004e+00
2.1671966346e-04 2.9652786693e+04 1.5707963268e+00 2.2251960385e+00
2.1685880747e-04 2.9674451965e+04 1.5707963268e+00 2.2259869190e+00
2.1699790810e-04 2.9696127463e+04 1.5707963268e+00 2.2267766438e+00
2.1713696541e-04 2.9717813170e+04 1.5707963268e+00 2.2275652149e+00
2.1727597947e-04 2.9739509071e+04 1.5707963268e+00 2.2283526342e+00
2.1741495035e-04 2.9761215149e+04 1.5707963268e+00 2.2291389039e+00
2.1755387813e-04 2.9782931388e+04 1.5707963268e+00 2.2299240257e+00
2.1769276286e-04 2.9804657771e+04 1.5707963268e+00 2.2307080018e+00
2.1783160462e-04 2.9826394283e+04 1.5707963268e+00 2.2314908341e+00
2.1797040349e-04 2.9848140907e+04 1.5707963268e+00 2.2322725246e+00
2.1810915951e-04 2.9869897627e+04 1.5707963268e+00 2.2330530752e+00
2.1824787278e-04 2.9891664427e+04 1.5707963268e+00 2.2338324879e+00
2.1838654335e-04 2.9913441290e+04 1.5707963268e+00 2.2346107646e+00
2.1852517130e-04 2.9935228201e+04 1.5707963268e+00 2.2353879073e+00
2.1866375669e-04 2.9957025143e+04 1.5707963268e+00 2.2361639180e+00
2.1880229959e-04 2.9978832101e+04 1.5707963268e+00 2.2369387986e+00
2.1894080007e-04 3.0000649058e+04 1.5707963268e+00 2.2377125511e+00
2.1907925819e-04 3.0022475998e+04 1.5707963268e+00 2.2384851774e+00
2.1921767404e-04 3.0044312905e+04 1.5707963268e+00 2.2392566795e+00
2.1935604766e-04 3.0066159763e+04 1.5707963268e+00 2.2400270592e+00
2.1949437914e-04 3.0088016557e+04 1.5707963268e+00 2.2407963186e+00
2.1963266854e-04 3.0109883269e+04 1.5707963268e+00 2.2415644595e+00
2.1977091592e-04 3.0131759885e+04 1.5707963268e+00 2.2423314839e+00
2.1990912136e-04 3.0153646389e+04 1.5707963268e+00 2.2430973938e+00
2.2004728492e-04 3.0175542764e+04 1.5707963268e+00 2.2438621910e+00
2.2018540667e-04 3.0197448995e+04 1.5707963268e+00 2.2446258775e+00
2.2032348668e-04 3.0219365065e+04 1.5707963268e+00 2.2453884551e+00
2.2046152501e-04 3.0241290960e+04 1.5707963268e+00 2.2461499259e+00
2.2059952173e-04 3.0263226663e+04 1.5707963268e+00 2.2469102917e+00
2.2073747690e-04 3.0285172158e+04 1.5707963268e+00 2.2476695544e+00
2.2087539060e-04 3.0307127431e+04 1.5707963268e+00 2.2484277159e+00
2.2101326289e-04 3.0329092464e+04 1.5707963268e+00 2.2491847782e+00
2.2115109384e-04 3.0351067242e+04 1.5707963268e+00 2.2499407431e+00
2.2128888351e-04 3.0373051750e+04 1.5707963268e+00 2.2506956126e+00
2.2142663197e-04 3.0395045972e+04 1.5707963268e+00 2.2514493885e+00
2.2156433928e-04 3.0417049893e+04 1.5707963268e+00 2.2522020727e+00
2.2170200551e-04 3.0439063496e+04 1.5707963268e+00 2.2529536672e+00
2.2183963073e-04 3.0461086766e+04 1.5707963268e+00 2.2537041737e+00
2.2197721501e-04 3.0483119688e+04 1.5707963268e+00 2.2544535942e+00
2.2211475840e-04 3.0505162246e+04 1.5707963268e+00 2.2552019306e+00
2.2225226097e-04 3.0527214424e+04 1.5707963268e+00 2.2559491848e+00
2.2238972280e-04 3.0549276207e+04 1.5707963268e+00 2.2566953585e+00
2.2252714393e-04 3.0571347580e+04 1.5707963268e+00 2.2574404538e+00
2.2266452445e-04 3.0593428527e+04 1.5707963268e+00 2.2581844724e+00
2.2280186441e-04 3.0615519033e+04 1.5707963268e+00 2.2589274163e+00
2.2293916388e-04 3.0637619081e+04 1.5707963268e+00 2.2596692872e+00
2.2307642293e-04 3.0659728658e+04 1.5707963268e+00 2.2604100871e+00
2.2321364161e-04 3.0681847747e+04 1.5707963268e+00 2.2611498178e+00
2.2335082000e-04 3.0703976333e+04 1.5707963268e+00 2.2618884811e+00
2.2348795815e-04 3.0726114401e+04 1.5707963268e+00 2.2626260790e+00
2.2362505614e-04 3.0748261936e+04 1.5707963268e+00 2.2633626132e+00
2.2376211402e-04 3.0770418922e+04 1.5707963268e+00 2.2640980856e+00
2.2389913186e-04 3.0792585344e+04 1.5707963268e+00 2.2648324981e+00
2.2403610973e-04 3.0814761187e+04 1.5707963268e+00 2.2655658525e+00
2.2417304769e-04 3.0836946435e+04 1.5707963268e+00 2.2662981506e+00
2.2430994579e-04 3.0859141073e+04 1.5707963268e+00 2.2670293942e+00
2.2444680411e-04 3.0881345087e+04 1.5707963268e+00 2.2677595852e+00
2.2458362271e-04 3.0903558461e+04 1.5707963268e+00 2.2684887255e+00
2.2472040166e-04 3.0925781180e+04 1.5707963268e+00 2.2692168168e+00
2.2485714101e-04 3.0948013229e+04 1.5707963268e+00 2.2699438609e+00
2.2499384082e-04 3.0970254592e+04 1.5707963268e+00 2.2706698597e+00
2.2513050117e-04 3.0992505256e+04 1.5707963268e+00 2.2713948150e+00
2.2526712212e-04 3.1014765204e+04 1.5707963268e+00 2.2721187287e+00
2.2540370372e-04 3.1037034421e+04 1.5707963268e+00 2.2728416024e+00
2.2554024604e-04 3.1059312894e+04 1.5707963268e+00 2.2735634381e+00
2.2567674915e-04 3.1081600606e+04 1.5707963268e+00 2.2742842375e+00
2.2581321310e-04 3.1103897543e+04 1.5707963268e+00 2.2750040024e+00
2.2594963796e-04 3.1126203691e+04 1.5707963268e+00 2.2757227346e+00
2.2608602378e-04 3.1148519033e+04 1.5707963268e+00 2.2764404360e+00
2.2622237065e-04 3.1170843555e+04 1.5707963268e+00 2.2771571083e+00
2.2635867860e-04 3.1193177243e+04 1.5707963268e+00 2.2778727533e+00
2.2649494771e-04 3.1215520081e+04 1.5707963268e+00 2.2785873728e+00
2.2663117804e-04 3.1237872055e+04 1.5707963268e+00 2.2793009686e+00
2.2676736965e-04 3.1260233150e+04 1.5707963268e+00 2.2800135424e+00
2.2690352260e-04 3.1282603350e+04 1.5707963268e+00 2.2807250960e+00
2.2703963695e-04 3.1304982643e+04 1.5707963268e+00 2.2814356313e+00
2.2717571277e-04 3.1327371012e+04 1.5707963268e+00 2.2821451499e+00
2.2731175011e-04 3.1349768443e+04 1.5707963268e+00 2.2828536537e+00
2.2744774904e-04 3.1372174922e+04 1.5707963268e+00 2.2835611444e+00
2.2758370961e-04 3.1394590433e+04 1.5707963268e+00 2.2842676237e+00
2.2771963190e-04 3.1417014962e+04 1.5707963268e+00 2.2849730936e+00
2.2785551595e-04 3.1439448495e+04 1.5707963268e+00 2.2856775556e+00
2.2799136184e-04 3.1461891017e+04 1.5707963268e+00 2.2863810115e+00
2.2812716961e-04 3.1484342513e+04 1.5707963268e+00 2.2870834632e+00
2.2826293934e-04 3.1506802969e+04 1.5707963268e+00 2.2877849123e+00
2.2839867107e-04 3.1529272370e+04 1.5707963268e+00 2.2884853606e+00
2.2853436488e-04 3.1551750702e+04 1.5707963268e+00 2.2891848098e+00
2.2867002082e-04 3.1574237951e+04 1.5707963268e+00 2.2898832617e+00
2.2880563895e-04 3.1596734101e+04 1.5707963268e+00 2.2905807180e+00
2.2894121934e-04 3.1619239139e+04 1.5707963268e+00 2.2912771805e+00
2.2907676203e-04 3.1641753050e+04 1.5707963268e+00 2.2919726508e+00
2.2921226710e-04 3.1664275820e+04 1.5707963268e+00 2.2926671308e+00
2.2934773460e-04 3.1686807434e+04 1.5707963268e+00 2.2933606220e+00
2.2948316459e-04 3.1709347878e+04 1.5707963268e+00 2.2940531264e+00
2.2961855712e-04 3.1731897138e+04 1.5707963268e+00 2.2947446455e+00
2.2975391227e-04 3.1754455199e+04 1.5707963268e+00 2.2954351811e+00
2.2988923009e-04 3.1777022048e+04 1.5707963268e+00 2.2961247349e+00
2.3002451063e-04 3.1799597669e+04 1.5707963268e+00 2.2968133086e+00
2.3015975396e-04 3.1822182049e+04 1.5707963268e+00 2.2975009039e+00
2.3029496013e-04 3.1844775174e+04 1.5707963268e+00 2.2981875225e+00
2.3043012921e-04 3.1867377029e+04 1.5707963268e+00 2.2988731662e+00
2.3056526125e-04 3.1889987600e+04 1.5707963268e+00 2.2995578366e+00
2.3070035631e-04 3.1912606873e+04 1.5707963268e+00 2.3002415355e+00
2.3083541445e-04 3.1935234834e+04 1.5707963268e+00 2.3009242644e+00
2.3097043573e-04 3.1957871469e+04 1.5707963268e+00 2.3016060252e+00
2.3110542020e-04 3.1980516763e+04 1.5707963268e+00 2.3022868195e+00
2.3124036793e-04 3.2003170704e+04 1.5707963268e+00 2.3029666489e+00
2.3137527897e-04 3.2025833276e+04 1.5707963268e+00 2.3036455152e+00
2.3151015338e-04 3.2048504466e+04 1.5707963268e+00 2.3043234200e+00
2.3164499122e-04 3.2071184259e+04 1.5707963268e+00 2.3050003651e+00
2.3177979254e-04 3.2093872643e+04 1.5707963268e+00 2.3056763521e+00
2.3191455740e-04 3.2116569602e+04 1.5707963268e+00 2.3063513826e+00
2.3204928587e-04 3.2139275123e+04 1.5707963268e+00 2.3070254583e+00
2.3218397799e-04 3.2161989192e+04 1.5707963268e+00 2.3076985809e+00
2.3231863383e-04 3.2184711795e+04 1.5707963268e+00 2.3083707521e+00
2.3245325344e-04 3.2207442919e+04 1.5707963268e+00 2.3090419736e+00
2.3258783688e-04 3.2230182549e+04 1.5707963268e+00 2.3097122468e+00
2.3272238421e-04 3.2252930672e+04 1.5707963268e+00 2.3103815736e+00
2.3285689547e-04 3.2275687274e+04 1.5707963268e+00 2.3110499556e+00
2.3299137074e-04 3.2298452340e+04 1.5707963268e+00 2.3117173944e+00
2.3312581006e-04 3.2321225859e+04 1.5707963268e+00 2.3123838917e+00
2.3326021350e-04 3.2344007815e+04 1.5707963268e+00 2.3130494491e+00
2.3339458110e-04 3.2366798195e+04 1.5707963268e+00 2.3137140682e+00
2.3352891294e-04 3.2389596985e+04 1.5707963268e+00 2.3143777508e+00
2.3366320905e-04 3.2412404172e+04 1.5707963268e+00 2.3150404983e+00
2.3379746950e-04 3.2435219742e+04 1.5707963268e+00 2.3157023125e+00
2.3393169434e-04 3.2458043681e+04 1.5707963268e+00 2.3163631950e+00
2.3406588363e-04 3.2480875977e+04 1.5707963268e+00 2.3170231473e+00
2.3420003743e-04 3.2503716614e+04 1.5707963268e+00 2.3176821712e+00
2.3433415579e-04 3.2526565581e+04 1.5707963268e+00 2.3183402683e+00
2.3446823877e-04 3.2549422862e+04 1.5707963268e+00 2.3189974401e+00
2.3460228641e-04 3.2572288446e+04 1.5707963268e+00 2.3196536883e+00
2.3473629879e-04 3.2595162317e+04 1.5707963268e+00 2.3203090144e+00
2.3487027595e-04 3.2618044464e+04 1.5707963268e+00 2.3209634202e+00
2.3500421794e-04 3.2640934872e+04 1.5707963268e+00 2.3216169072e+00
2.3513812483e-04 3.2663833528e+04 1.5707963268e+00 2.3222694769e+00
2.3527199667e-04 3.2686740418e+04 1.5707963268e+00 2.3229211311e+00
2.3540583350e-04 3.2709655530e+04 1.5707963268e+00 2.3235718713e+00
2.3553963540e-04 3.2732578849e+04 1.5707963268e+00 2.3242216990e+00
2.3567340241e-04 3.2755510363e+04 1.5707963268e+00 2.3248706160e+00
2.3580713458e-04 3.2778450058e+04 1.5707963268e+00 2.3255186237e+00
2.3594083198e-04 3.2801397922e+04 1.5707963268e+00 2.3261657238e+00
2.3607449465e-04 3.2824353939e+04 1.5707963268e+00 2.3268119178e+00
2.3620812265e-04 3.2847318099e+04 1.5707963268e+00 2.3274572074e+00
2.3634171604e-04 3.2870290386e+04 1.5707963268e+00 2.3281015940e+00
2.3647527486e-04 3.2893270789e+04 1.5707963268e+00 2.3287450794e+00
2.3660879918e-04 3.2916259294e+04 1.5707963268e+00 2.3293876649e+00
2.3674228904e-04 3.2939255887e+04 1.5707963268e+00 2.3300293523e+00
2.3687574450e-04 3.2962260556e+04 1.5707963268e+00 2.3306701431e+00
2.3700916561e-04 3.2985273287e+04 1.5707963268e+00 2.3313100389e+00
2.3714255243e-04 3.3008294068e+04 1.5707963268e+00 2.3319490411e+00
2.3727590502e-04 3.3031322885e+04 1.5707963268e+00 2.3325871514e+00
2.3740922341e-04 3.3054359725e+04 1.5707963268e+00 2.3332243713e+00
2.3754250767e-04 3.3077404576e+04 1.5707963268e+00 2.3338607024e+00
2.3767575785e-04 3.3100457424e+04 1.5707963268e+00 2.3344961462e+00
2.3780897401e-04 3.3123518256e+04 1.5707963268e+00 2.3351307043e+00
2.3794215619e-04 3.3146587059e+04 1.5707963268e+00 2.3357643783e+00
2.3807530445e-04 3.3169663821e+04 1.5707963268e+00 2.3363971695e+00
2.3820841884e-04 3.3192748528e+04 1.5707963268e+00 2.3370290797e+00
2.3834149941e-04 3.3215841168e+04 1.5707963268e+00 2.3376601103e+00
2.3847454622e-04 3.3238941728e+04 1.5707963268e+00 2.3382902629e+00
2.3860755932e-04 3.3262050194e+04 1.5707963268e+00 2.3389195389e+00
2.3874053877e-04 3.3285166554e+04 1.5707963268e+00 2.3395479400e+00
2.3887348460e-04 3.3308290796e+04 1.5707963268e+00 2.3401754677e+00
2.3900639689e-04 3.3331422905e+04 1.5707963268e+00 2.3408021234e+00
2.3913927567e-04 3.3354562871e+04 1.5707963268e+00 2.3414279087e+00
2.3927212100e-04 3.3377710679e+04 1.5707963268e+00 2.3420528251e+00
2.3940493293e-04 3.3400866318e+04 1.5707963268e+00 2.3426768742e+00
2.3953771152e-04 3.3424029774e+04 1.5707963268e+00 2.3433000574e+00
2.3967045681e-04 3.3447201034e+04 1.5707963268e+00 2.3439223762e+00
2.3980316886e-04 3.3470380087e+04 1.5707963268e+00 2.3445438322e+00
2.3993584772e-04 3.3493566919e+04 1.5707963268e+00 2.3451644269e+00
2.4006849344e-04 3.3516761518e+04 1.5707963268e+00 2.3457841617e+00
2.4020110607e-04 3.3539963871e+04 1.5707963268e+00 2.3464030381e+00
2.4033368566e-04 3.3563173966e+04 1.5707963268e+00 2.3470210577e+00
2.4046623227e-04 3.3586391790e+04 1.5707963268e+00 2.3476382220e+00
2.4059874594e-04 3.3609617331e+04 1.5707963268e+00 2.3482545324e+00
2.4073122673e-04 3.3632850575e+04 1.5707963268e+00 2.3488699904e+00
2.4086367468e-04 3.3656091511e+04 1.5707963268e+00 2.3494845975e+00
2.4099608985e-04 3.3679340126e+04 1.5707963268e+00 2.3500983552e+00
2.4112847229e-04 3.3702596408e+04 1.5707963268e+00 2.3507112650e+00
2.4126082205e-04 3.3725860343e+04 1.5707963268e+00 2.3513233283e+00
2.4139313917e-04 3.3749131921e+04 1.5707963268e+00 2.3519345467e+00
2.4152542372e-04 3.3772411128e+04 1.5707963268e+00 2.3525449215e+00
2.4165767573e-04 3.3795697952e+04 1.5707963268e+00 2.3531544543e+00
2.4178989527e-04 3.3818992380e+04 1.5707963268e+00 2.3537631465e+00
2.4192208237e-04 3.3842294401e+04 1.5707963268e+00 2.3543709996e+00
2.4205423709e-04 3.3865604001e+04 1.5707963268e+00 2.3549780151e+00
2.4218635949e-04 3.3888921169e+04 1.5707963268e+00 2.3555841944e+00
2.4231844960e-04 3.3912245893e+04 1.5707963268e+00 2.3561895389e+00
2.4245050748e-04 3.3935578160e+04 1.5707963268e+00 2.3567940502e+00
2.4258253319e-04 3.3958917958e+04 1.5707963268e+00 2.3573977296e+00
2.4271452676e-04 3.3982265274e+04 1.5707963268e+00 2.3580005787e+00
2.4284648824e-04 3.4005620097e+04 1.5707963268e+00 2.3586025988e+00
2.4297841770e-04 3.4028982415e+04 1.5707963268e+00 2.3592037914e+00
2.4311031517e-04 3.4052352214e+04 1.5707963268e+00 2.3598041580e+00
2.4324218070e-04 3.4075729484e+04 1.5707963268e+00 2.3604036999e+00
2.4337401435e-04 3.4099114212e+04 1.5707963268e+00 2.3610024187e+00
2.4350581617e-04 3.4122506385e+04 1.5707963268e+00 2.3616003157e+00
2.4363758620e-04 3.4145905992e+04 1.5707963268e+00 2.3621973924e+00
2.4376932448e-04 3.4169313022e+04 1.5707963268e+00 2.3627936502e+00
2.4390103108e-04 3.4192727461e+04 1.5707963268e+00 2.3633890905e+00
2.4403270604e-04 3.4216149297e+04 1.5707963268e+00 2.3639837148e+00
2.4416434940e-04 3.4239578520e+04 1.5707963268e+00 2.3645775245e+00
2.4429596122e-04 3.4263015116e+04 1.5707963268e+00 2.3651705209e+00
2.4442754154e-04 3.4286459074e+04 1.5707963268e+00 2.3657627055e+00
2.4455909042e-04 3.4309910382e+04 1.5707963268e+00 2.3663540798e+00
2.4469060789e-04 3.4333369028e+04 1.5707963268e+00 2.3669446451e+00
2.4482209401e-04 3.4356835000e+04 1.5707963268e+00 2.3675344028e+00
2.4495354883e-04 3.4380308287e+04 1.5707963268e+00 2.3681233543e+00
2.4508497240e-04 3.4403788875e+04 1.5707963268e+00 2.3687115011e+00
2.4521636475e-04 3.4427276755e+04 1.5707963268e+00 2.3692988445e+00
2.4534772595e-04 3.4450771913e+04 1.5707963268e+00 2.3698853859e+00
2.4547905603e-04 3.4474274339e+04 1.5707963268e+00 2.3704711267e+00
2.4561035505e-04 3.4497784019e+04 1.5707963268e+00 2.3710560684e+00
2.4574162304e-04 3.4521300943e+04 1.5707963268e+00 2.3716402123e+00
2.4587286007e-04 3.4544825099e+04 1.5707963268e+00 2.3722235597e+00
2.4600406618e-04 3.4568356475e+04 1.5707963268e+00 2.3728061121e+00
2.4613524141e-04 3.4591895059e+04 1.5707963268e+00 2.3733878709e+00
2.4626638581e-04 3.4615440841e+04 1.5707963268e+00 2.3739688374e+00
2.4639749943e-04 3.4638993807e+04 1.5707963268e+00 2.3745490130e+00
2.4652858231e-04 3.4662553947e+04 1.5707963268e+00 2.3751283990e+00
2.4665963450e-04 3.4686121248e+04 1.5707963268e+00 2.3757069969e+00
2.4679065606e-04 3.4709695700e+04 1.5707963268e+00 2.3762848081e+00
2.4692164702e-04 3.4733277291e+04 1.5707963268e+00 2.3768618338e+00
2.4705260743e-04 3.4756866008e+04 1.5707963268e+00 2.3774380754e+00
2.4718353733e-04 3.4780461842e+04 1.5707963268e+00 2.3780135344e+00
2.4731443679e-04 3.4804064779e+04 1.5707963268e+00 2.3785882120e+00
2.4744530583e-04 3.4827674809e+04 1.5707963268e+00 2.3791621097e+00
2.4757614451e-04 3.4851291921e+04 1.5707963268e+00 2.3797352287e+00
2.4770695288e-04 3.4874916102e+04 1.5707963268e+00 2.3803075704e+00
2.4783773097e-04 3.4898547341e+04 1.5707963268e+00 2.3808791362e+00
2.4796847884e-04 3.4922185628e+04 1.5707963268e+00 2.3814499274e+00
2.4809919653e-04 3.4945830950e+04 1.5707963268e+00 2.3820199454e+00
2.4822988408e-04 3.4969483296e+04 1.5707963268e+00 2.3825891914e+00
2.4836054155e-04 3.4993142654e+04 1.5707963268e+00 2.3831576669e+00
2.4849116898e-04 3.5016809015e+04 1.5707963268e+00 2.3837253732e+00
2.4862176641e-04 3.5040482365e+04 1.5707963268e+00 2.3842923116e+00
2.4875233389e-04 3.5064162694e+04 1.5707963268e+00 2.3848584834e+00
2.4888287146e-04 3.5087849991e+04 1.5707963268e+00 2.3854238900e+00
2.4901337918e-04 3.5111544245e+04 1.5707963268e+00 2.3859885326e+00
2.4914385708e-04 3.5135245443e+04 1.5707963268e+00 2.3865524127e+00
2.4927430520e-04 3.5158953575e+04 1.5707963268e+00 2.3871155315e+00
2.4940472361e-04 3.5182668630e+04 1.5707963268e+00 2.3876778904e+00
2.4953511233e-04 3.5206390597e+04 1.5707963268e+00 2.3882394906e+00
2.4966547142e-04 3.5230119463e+04 1.5707963268e+00 2.3888003335e+00
2.4979580092e-04 3.5253855220e+04 1.5707963268e+00 2.3893604204e+00
2.4992610087e-04 3.5277597854e+04 1.5707963268e+00 2.3899197526e+00
2.5005637132e-04 3.5301347355e+04 1.5707963268e+00 2.3904783314e+00
2.5018661232e-04 3.5325103712e+04 1.5707963268e+00 2.3910361581e+00
2.5031682390e-04 3.5348866914e+04 1.5707963268e+00 2.3915932341e+00
2.5044700611e-04 3.5372636950e+04 1.5707963268e+00 2.3921495605e+00
2.5057715900e-04 3.5396413809e+04 1.5707963268e+00 2.3927051387e+00
2.5070728262e-04 3.5420197480e+04 1.5707963268e+00 2.3932599701e+00
2.5083737699e-04 3.5443987951e+04 1.5707963268e+00 2.3938140558e+00
2.5096744218e-04 3.5467785212e+04 1.5707963268e+00 2.3943673972e+00
