0.0000000000e+00 1.0022880583e+04 1.5707963268e+00 0.0000000000e+00
4.3614506172e-07 1.0022880583e+04 1.5707963268e+00 -4.4247787611e-03
8.7229012344e-07 1.0022816329e+04 1.5707963268e+00 -8.8495575221e-03
1.3084566929e-06 1.0022687823e+04 1.5707963268e+00 -1.3274393015e-02
1.7446662820e-06 1.0022495063e+04 1.5707963268e+00 -1.7699341973e-02
2.1809404151e-06 1.0022238046e+04 1.5707963268e+00 -2.2124461135e-02
2.6173006373e-06 1.0021916764e+04 1.5707963268e+00 -2.6549807253e-02
3.0537685224e-06 1.0021531206e+04 1.5707963268e+00 -3.0975437097e-02
3.4903656812e-06 1.0021081361e+04 1.5707963268e+00 -3.5401407461e-02
3.9271137699e-06 1.0020567212e+04 1.5707963268e+00 -3.9827775171e-02
4.3640344980e-06 1.0019988741e+04 1.5707963268e+00 -4.4254597085e-02
4.8011496372e-06 1.0019345925e+04 1.5707963268e+00 -4.8681930105e-02
5.2384810294e-06 1.0018638741e+04 1.5707963268e+00 -5.3109831182e-02
5.6760505953e-06 1.0017867161e+04 1.5707963268e+00 -5.7538357318e-02
6.1138803430e-06 1.0017031154e+04 1.5707963268e+00 -6.1967565576e-02
6.5519923764e-06 1.0016130687e+04 1.5707963268e+00 -6.6397513083e-02
6.9904089043e-06 1.0015165723e+04 1.5707963268e+00 -7.0828257037e-02
7.4291522487e-06 1.0014136225e+04 1.5707963268e+00 -7.5259854715e-02
7.8682448543e-06 1.0013042149e+04 1.5707963268e+00 -7.9692363477e-02
8.3077092972e-06 1.0011883450e+04 1.5707963268e+00 -8.4125840769e-02
8.7475682939e-06 1.0010660081e+04 1.5707963268e+00 -8.8560344137e-02
9.1878447111e-06 1.0009371990e+04 1.5707963268e+00 -9.2995931223e-02
9.6285615749e-06 1.0008019123e+04 1.5707963268e+00 -9.7432659781e-02
1.0069742080e-05 1.0006601424e+04 1.5707963268e+00 -1.0187058767e-01
1.0511409601e-05 1.0005118833e+04 1.5707963268e+00 -1.0630977289e-01
1.0953587700e-05 1.0003571286e+04 1.5707963268e+00 -1.1075027354e-01
1.1396300138e-05 1.0001958719e+04 1.5707963268e+00 -1.1519214785e-01
1.1839570886e-05 1.0000281061e+04 1.5707963268e+00 -1.1963545423e-01
1.2283424135e-05 9.9985382412e+03 1.5707963268e+00 -1.2408025118e-01
1.2727884305e-05 9.9967301846e+03 1.5707963268e+00 -1.2852659738e-01
1.3172976060e-05 9.9948568133e+03 1.5707963268e+00 -1.3297455167e-01
1.3618724315e-05 9.9929180460e+03 1.5707963268e+00 -1.3742417303e-01
1.4065154251e-05 9.9909137988e+03 1.5707963268e+00 -1.4187552064e-01
1.4512291322e-05 9.9888439844e+03 1.5707963268e+00 -1.4632865383e-01
1.4960161275e-05 9.9867085126e+03 1.5707963268e+00 -1.5078363214e-01
1.5408790155e-05 9.9845072901e+03 1.5707963268e+00 -1.5524051526e-01
1.5858204320e-05 9.9822402202e+03 1.5707963268e+00 -1.5969936311e-01
1.6308430456e-05 9.9799072034e+03 1.5707963268e+00 -1.6416023581e-01
1.6759495589e-05 9.9775081370e+03 1.5707963268e+00 -1.6862319366e-01
1.7211427097e-05 9.9750429150e+03 1.5707963268e+00 -1.7308829722e-01
1.7664252730e-05 9.9725114282e+03 1.5707963268e+00 -1.7755560723e-01
1.8118000617e-05 9.9699135644e+03 1.5707963268e+00 -1.8202518468e-01
1.8572699286e-05 9.9672492080e+03 1.5707963268e+00 -1.8649709081e-01
1.9028377678e-05 9.9645182403e+03 1.5707963268e+00 -1.9097138708e-01
1.9485065164e-05 9.9617205392e+03 1.5707963268e+00 -1.9544813521e-01
1.9942791561e-05 9.9588559794e+03 1.5707963268e+00 -1.9992739719e-01
2.0401587148e-05 9.9559244324e+03 1.5707963268e+00 -2.0440923524e-01
2.0861482685e-05 9.9529257663e+03 1.5707963268e+00 -2.0889371190e-01
2.1322509430e-05 9.9498598458e+03 1.5707963268e+00 -2.1338088995e-01
2.1784699159e-05 9.9467265324e+03 1.5707963268e+00 -2.1787083248e-01
2.2248084185e-05 9.9435256840e+03 1.5707963268e+00 -2.2236360287e-01
2.2712697378e-05 9.9402571554e+03 1.5707963268e+00 -2.2685926480e-01
2.3178572185e-05 9.9369207978e+03 1.5707963268e+00 -2.3135788226e-01
2.3645742653e-05 9.9335164589e+03 1.5707963268e+00 -2.3585951956e-01
2.4114243450e-05 9.9300439831e+03 1.5707963268e+00 -2.4036424134e-01
2.4584109891e-05 9.9265032111e+03 1.5707963268e+00 -2.4487211256e-01
2.5055377956e-05 9.9228939803e+03 1.5707963268e+00 -2.4938319855e-01
2.5528084323e-05 9.9192161244e+03 1.5707963268e+00 -2.5389756495e-01
2.6002266387e-05 9.9154694736e+03 1.5707963268e+00 -2.5841527779e-01
2.6477962290e-05 9.9116538545e+03 1.5707963268e+00 -2.6293640346e-01
2.6955210949e-05 9.9077690900e+03 1.5707963268e+00 -2.6746100873e-01
2.7434052085e-05 9.9038149994e+03 1.5707963268e+00 -2.7198916073e-01
2.7914526252e-05 9.8997913983e+03 1.5707963268e+00 -2.7652092701e-01
2.8396674868e-05 9.8956980987e+03 1.5707963268e+00 -2.8105637552e-01
2.8880540251e-05 9.8915349086e+03 1.5707963268e+00 -2.8559557459e-01
2.9366165651e-05 9.8873016325e+03 1.5707963268e+00 -2.9013859302e-01
2.9853595284e-05 9.8829980709e+03 1.5707963268e+00 -2.9468549999e-01
3.0342874371e-05 9.8786240206e+03 1.5707963268e+00 -2.9923636515e-01
3.0834049178e-05 9.8741792744e+03 1.5707963268e+00 -3.0379125858e-01
3.1327167051e-05 9.8696636212e+03 1.5707963268e+00 -3.0835025083e-01
3.1822276466e-05 9.8650768462e+03 1.5707963268e+00 -3.1291341291e-01
3.2319427064e-05 9.8604187302e+03 1.5707963268e+00 -3.1748081631e-01
3.2818669705e-05 9.8556890505e+03 1.5707963268e+00 -3.2205253301e-01
3.3320056511e-05 9.8508875798e+03 1.5707963268e+00 -3.2662863548e-01
3.3823640918e-05 9.8460140873e+03 1.5707963268e+00 -3.3120919669e-01
3.4329477728e-05 9.8410683375e+03 1.5707963268e+00 -3.3579429015e-01
3.4837623165e-05 9.8360500913e+03 1.5707963268e+00 -3.4038398989e-01
3.5348134931e-05 9.8309591049e+03 1.5707963268e+00 -3.4497837047e-01
3.5861072269e-05 9.8257951307e+03 1.5707963268e+00 -3.4957750700e-01
3.6376496024e-05 9.8205579166e+03 1.5707963268e+00 -3.5418147518e-01
3.6894468711e-05 9.8152472061e+03 1.5707963268e+00 -3.5879035125e-01
3.7415054582e-05 9.8098627385e+03 1.5707963268e+00 -3.6340421205e-01
3.7938319705e-05 9.8044042488e+03 1.5707963268e+00 -3.6802313501e-01
3.8464332034e-05 9.7988714674e+03 1.5707963268e+00 -3.7264719817e-01
3.8993161496e-05 9.7932641202e+03 1.5707963268e+00 -3.7727648019e-01
3.9524880072e-05 9.7875819287e+03 1.5707963268e+00 -3.8191106038e-01
4.0059561890e-05 9.7818246097e+03 1.5707963268e+00 -3.8655101867e-01
4.0597283316e-05 9.7759918755e+03 1.5707963268e+00 -3.9119643565e-01
4.1138123057e-05 9.7700834339e+03 1.5707963268e+00 -3.9584739259e-01
4.1682162264e-05 9.7640989876e+03 1.5707963268e+00 -4.0050397146e-01
4.2229484643e-05 9.7580382349e+03 1.5707963268e+00 -4.0516625489e-01
4.2780176570e-05 9.7519008692e+03 1.5707963268e+00 -4.0983432624e-01
4.3334327220e-05 9.7456865791e+03 1.5707963268e+00 -4.1450826961e-01
4.3892028691e-05 9.7393950484e+03 1.5707963268e+00 -4.1918816982e-01
4.4453376147e-05 9.7330259557e+03 1.5707963268e+00 -4.2387411244e-01
4.5018467960e-05 9.7265789750e+03 1.5707963268e+00 -4.2856618382e-01
4.5587405869e-05 9.7200537750e+03 1.5707963268e+00 -4.3326447109e-01
4.6160295140e-05 9.7134500196e+03 1.5707963268e+00 -4.3796906217e-01
4.6737244742e-05 9.7067673675e+03 1.5707963268e+00 -4.4268004579e-01
4.7318367533e-05 9.7000054721e+03 1.5707963268e+00 -4.4739751154e-01
4.7903780454e-05 9.6931639819e+03 1.5707963268e+00 -4.5212154982e-01
4.8493604735e-05 9.6862425399e+03 1.5707963268e+00 -4.5685225190e-01
4.9087966123e-05 9.6792407842e+03 1.5707963268e+00 -4.6158970993e-01
4.9686995112e-05 9.6721583471e+03 1.5707963268e+00 -4.6633401696e-01
5.0290827199e-05 9.6649948559e+03 1.5707963268e+00 -4.7108526695e-01
5.0899603149e-05 9.6577499325e+03 1.5707963268e+00 -4.7584355477e-01
5.1513469282e-05 9.6504231933e+03 1.5707963268e+00 -4.8060897625e-01
5.2132577779e-05 9.6430142491e+03 1.5707963268e+00 -4.8538162820e-01
5.2757087008e-05 9.6355227055e+03 1.5707963268e+00 -4.9016160840e-01
5.3387161874e-05 9.6279481624e+03 1.5707963268e+00 -4.9494901561e-01
5.4022974194e-05 9.6202902142e+03 1.5707963268e+00 -4.9974394964e-01
5.4664703098e-05 9.6125484497e+03 1.5707963268e+00 -5.0454651133e-01
5.5312535457e-05 9.6047224520e+03 1.5707963268e+00 -5.0935680258e-01
5.5966666352e-05 9.5968117989e+03 1.5707963268e+00 -5.1417492637e-01
5.6627299565e-05 9.5888160623e+03 1.5707963268e+00 -5.1900098677e-01
5.7294648119e-05 9.5807348086e+03 1.5707963268e+00 -5.2383508900e-01
5.7968934852e-05 9.5725675986e+03 1.5707963268e+00 -5.2867733938e-01
5.8650393042e-05 9.5643139873e+03 1.5707963268e+00 -5.3352784544e-01
5.9339267079e-05 9.5559735243e+03 1.5707963268e+00 -5.3838671585e-01
6.0035813193e-05 9.5475457536e+03 1.5707963268e+00 -5.4325406051e-01
6.0740300239e-05 9.5390302136e+03 1.5707963268e+00 -5.4812999057e-01
6.1453010553e-05 9.5304264371e+03 1.5707963268e+00 -5.5301461839e-01
6.2174240882e-05 9.5217339517e+03 1.5707963268e+00 -5.5790805765e-01
6.2904303384e-05 9.5129522794e+03 1.5707963268e+00 -5.6281042329e-01
6.3643526733e-05 9.5040809371e+03 1.5707963268e+00 -5.6772183161e-01
6.4392257311e-05 9.4951194364e+03 1.5707963268e+00 -5.7264240023e-01
6.5150860513e-05 9.4860672839e+03 1.5707963268e+00 -5.7757224817e-01
6.5919722179e-05 9.4769239813e+03 1.5707963268e+00 -5.8251149583e-01
6.6699250156e-05 9.4676890256e+03 1.5707963268e+00 -5.8746026504e-01
6.7489876012e-05 9.4583619093e+03 1.5707963268e+00 -5.9241867908e-01
6.8292056927e-05 9.4489421204e+03 1.5707963268e+00 -5.9738686271e-01
6.9106277769e-05 9.4394291433e+03 1.5707963268e+00 -6.0236494218e-01
6.9933053382e-05 9.4298224583e+03 1.5707963268e+00 -6.0735304529e-01
7.0772931123e-05 9.4201215426e+03 1.5707963268e+00 -6.1235130137e-01
7.1626493664e-05 9.4103258705e+03 1.5707963268e+00 -6.1735984134e-01
7.2494362108e-05 9.4004349139e+03 1.5707963268e+00 -6.2237879774e-01
7.3377199451e-05 9.3904481428e+03 1.5707963268e+00 -6.2740830475e-01
7.4275714442e-05 9.3803650260e+03 1.5707963268e+00 -6.3244849818e-01
7.5190665898e-05 9.3701850319e+03 1.5707963268e+00 -6.3749951555e-01
7.6122867544e-05 9.3599076293e+03 1.5707963268e+00 -6.4256149611e-01
7.7073193434e-05 9.3495322882e+03 1.5707963268e+00 -6.4763458083e-01
7.8042584078e-05 9.3390584813e+03 1.5707963268e+00 -6.5271891245e-01
7.9032053346e-05 9.3284856851e+03 1.5707963268e+00 -6.5781463551e-01
8.0042696298e-05 9.3178133813e+03 1.5707963268e+00 -6.6292189636e-01
8.1075698088e-05 9.3070410587e+03 1.5707963268e+00 -6.6804084318e-01
8.2132344110e-05 9.2961682151e+03 1.5707963268e+00 -6.7317162604e-01
8.3214031611e-05 9.2851943599e+03 1.5707963268e+00 -6.7831439684e-01
8.4322283039e-05 9.2741190165e+03 1.5707963268e+00 -6.8346930943e-01
8.5458761428e-05 9.2629417255e+03 1.5707963268e+00 -6.8863651954e-01
8.6625288212e-05 9.2516620487e+03 1.5707963268e+00 -6.9381618483e-01
8.7823863949e-05 9.2402795734e+03 1.5707963268e+00 -6.9900846489e-01
8.9056692533e-05 9.2287939172e+03 1.5707963268e+00 -7.0421352126e-01
9.0326209626e-05 9.2172047348e+03 1.5707963268e+00 -7.0943151737e-01
9.1635116220e-05 9.2055117247e+03 1.5707963268e+00 -7.1466261863e-01
9.2986418475e-05 9.1937146382e+03 1.5707963268e+00 -7.1990699231e-01
9.4383475298e-05 9.1818132900e+03 1.5707963268e+00 -7.2516480757e-01
9.5830055535e-05 9.1698075703e+03 1.5707963268e+00 -7.3043623541e-01
9.7330407177e-05 9.1576974613e+03 1.5707963268e+00 -7.3572144861e-01
9.8889341768e-05 9.1454830549e+03 1.5707963268e+00 -7.4102062165e-01
1.0051233814e-04 9.1331645770e+03 1.5707963268e+00 -7.4633393061e-01
1.0220567108e-04 9.1207424160e+03 1.5707963268e+00 -7.5166155306e-01
1.0397657238e-04 9.1082171595e+03 1.5707963268e+00 -7.5700366787e-01
1.0583343457e-04 9.0955896407e+03 1.5707963268e+00 -7.6236045503e-01
1.0778607162e-04 9.0828609974e+03 1.5707963268e+00 -7.6773209536e-01
1.0984605671e-04 9.0700327494e+03 1.5707963268e+00 -7.7311877016e-01
1.1202716595e-04 9.0571068992e+03 1.5707963268e+00 -7.7852066079e-01
1.1434597056e-04 9.0440860678e+03 1.5707963268e+00 -7.8393794805e-01
1.1682264067e-04 9.0309736774e+03 1.5707963268e+00 -7.8937081150e-01
1.1948205822e-04 9.0177742053e+03 1.5707963268e+00 -7.9481942841e-01
1.2235539223e-04 9.0044935421e+03 1.5707963268e+00 -8.0028397248e-01
1.2548238608e-04 8.9911395095e+03 1.5707963268e+00 -8.0576461205e-01
1.2891477801e-04 8.9777226325e+03 1.5707963268e+00 -8.1126150763e-01
1.3272159620e-04 8.9642573267e+03 1.5707963268e+00 -8.1677480852e-01
1.3699769995e-04 8.9507637988e+03 1.5707963268e+00 -8.2230464775e-01
1.4187825968e-04 8.9372712336e+03 1.5707963268e+00 -8.2785113465e-01
1.4756486303e-04 8.9238234591e+03 1.5707963268e+00 -8.3341434332e-01
1.5437641162e-04 8.9104897757e+03 1.5707963268e+00 -8.3899429375e-01
1.6285914156e-04 8.8973877290e+03 1.5707963268e+00 -8.4459091893e-01
1.7406121586e-04 8.8847376867e+03 1.5707963268e+00 -8.5020400275e-01
1.9038503323e-04 8.8730217401e+03 1.5707963268e+00 -8.5583304760e-01
