0.0000000000e+00 1.1087257282e+04 1.5707963268e+00 0.0000000000e+00
3.3078698686e-07 1.1087257282e+04 1.5707963268e+00 4.0000000000e-03
6.6157397372e-07 1.1087221803e+04 1.5707963268e+00 8.0000000000e-03
9.9236519465e-07 1.1087150844e+04 1.5707963268e+00 1.2000025600e-02
1.3231648840e-06 1.1087044406e+04 1.5707963268e+00 1.6000102400e-02
1.6539772768e-06 1.1086902487e+04 1.5707963268e+00 2.0000256003e-02
1.9848066094e-06 1.1086725083e+04 1.5707963268e+00 2.4000512014e-02
2.3156571202e-06 1.1086512190e+04 1.5707963268e+00 2.8000896042e-02
2.6465330496e-06 1.1086263805e+04 1.5707963268e+00 3.2001433706e-02
2.9774386412e-06 1.1085979920e+04 1.5707963268e+00 3.6002150627e-02
3.3083781418e-06 1.1085660529e+04 1.5707963268e+00 4.0003072440e-02
3.6393558023e-06 1.1085305625e+04 1.5707963268e+00 4.4004224790e-02
3.9703758780e-06 1.1084915197e+04 1.5707963268e+00 4.8005633330e-02
4.3014426293e-06 1.1084489237e+04 1.5707963268e+00 5.2007323733e-02
4.6325603221e-06 1.1084027732e+04 1.5707963268e+00 5.6009321681e-02
4.9637332283e-06 1.1083530671e+04 1.5707963268e+00 6.0011652878e-02
5.2949656266e-06 1.1082998042e+04 1.5707963268e+00 6.4014343041e-02
5.6262618029e-06 1.1082429829e+04 1.5707963268e+00 6.8017417911e-02
5.9576260507e-06 1.1081826017e+04 1.5707963268e+00 7.2020903247e-02
6.2890626718e-06 1.1081186592e+04 1.5707963268e+00 7.6024824832e-02
6.6205759769e-06 1.1080511534e+04 1.5707963268e+00 8.0029208473e-02
6.9521702858e-06 1.1079800826e+04 1.5707963268e+00 8.4034080002e-02
7.2838499287e-06 1.1079054449e+04 1.5707963268e+00 8.8039465279e-02
7.6156192458e-06 1.1078272383e+04 1.5707963268e+00 9.2045390191e-02
7.9474825886e-06 1.1077454606e+04 1.5707963268e+00 9.6051880657e-02
8.2794443203e-06 1.1076601095e+04 1.5707963268e+00 1.0005896263e-01
8.6115088159e-06 1.1075711827e+04 1.5707963268e+00 1.0406666208e-01
8.9436804637e-06 1.1074786778e+04 1.5707963268e+00 1.0807500504e-01
9.2759636648e-06 1.1073825923e+04 1.5707963268e+00 1.1208401756e-01
9.6083628345e-06 1.1072829233e+04 1.5707963268e+00 1.1609372572e-01
9.9408824025e-06 1.1071796683e+04 1.5707963268e+00 1.2010415567e-01
1.0273526814e-05 1.1070728243e+04 1.5707963268e+00 1.2411533357e-01
1.0606300529e-05 1.1069623884e+04 1.5707963268e+00 1.2812728563e-01
1.0939208024e-05 1.1068483574e+04 1.5707963268e+00 1.3214003811e-01
1.1272253793e-05 1.1067307283e+04 1.5707963268e+00 1.3615361733e-01
1.1605442348e-05 1.1066094976e+04 1.5707963268e+00 1.4016804962e-01
1.1938778217e-05 1.1064846619e+04 1.5707963268e+00 1.4418336139e-01
1.2272265949e-05 1.1063562179e+04 1.5707963268e+00 1.4819957909e-01
1.2605910111e-05 1.1062241618e+04 1.5707963268e+00 1.5221672921e-01
1.2939715290e-05 1.1060884900e+04 1.5707963268e+00 1.5623483832e-01
1.3273686095e-05 1.1059491986e+04 1.5707963268e+00 1.6025393303e-01
1.3607827154e-05 1.1058062836e+04 1.5707963268e+00 1.6427403999e-01
1.3942143119e-05 1.1056597411e+04 1.5707963268e+00 1.6829518595e-01
1.4276638664e-05 1.1055095668e+04 1.5707963268e+00 1.7231739767e-01
1.4611318486e-05 1.1053557565e+04 1.5707963268e+00 1.7634070202e-01
1.4946187306e-05 1.1051983058e+04 1.5707963268e+00 1.8036512589e-01
1.5281249870e-05 1.1050372102e+04 1.5707963268e+00 1.8439069628e-01
1.5616510949e-05 1.1048724651e+04 1.5707963268e+00 1.8841744021e-01
1.5951975340e-05 1.1047040659e+04 1.5707963268e+00 1.9244538479e-01
1.6287647868e-05 1.1045320076e+04 1.5707963268e+00 1.9647455722e-01
1.6623533383e-05 1.1043562853e+04 1.5707963268e+00 2.0050498474e-01
1.6959636765e-05 1.1041768941e+04 1.5707963268e+00 2.0453669468e-01
1.7295962923e-05 1.1039938287e+04 1.5707963268e+00 2.0856971443e-01
1.7632516795e-05 1.1038070839e+04 1.5707963268e+00 2.1260407148e-01
1.7969303350e-05 1.1036166542e+04 1.5707963268e+00 2.1663979339e-01
1.8306327588e-05 1.1034225342e+04 1.5707963268e+00 2.2067690779e-01
1.8643594541e-05 1.1032247182e+04 1.5707963268e+00 2.2471544240e-01
1.8981109274e-05 1.1030232005e+04 1.5707963268e+00 2.2875542503e-01
1.9318876885e-05 1.1028179753e+04 1.5707963268e+00 2.3279688356e-01
1.9656902507e-05 1.1026090366e+04 1.5707963268e+00 2.3683984598e-01
1.9995191309e-05 1.1023963783e+04 1.5707963268e+00 2.4088434034e-01
2.0333748495e-05 1.1021799941e+04 1.5707963268e+00 2.4493039482e-01
2.0672579306e-05 1.1019598779e+04 1.5707963268e+00 2.4897803766e-01
2.1011689022e-05 1.1017360230e+04 1.5707963268e+00 2.5302729721e-01
2.1351082960e-05 1.1015084230e+04 1.5707963268e+00 2.5707820191e-01
2.1690766478e-05 1.1012770713e+04 1.5707963268e+00 2.6113078030e-01
2.2030744975e-05 1.1010419608e+04 1.5707963268e+00 2.6518506104e-01
2.2371023889e-05 1.1008030849e+04 1.5707963268e+00 2.6924107286e-01
2.2711608703e-05 1.1005604363e+04 1.5707963268e+00 2.7329884463e-01
2.3052504943e-05 1.1003140080e+04 1.5707963268e+00 2.7735840529e-01
2.3393718178e-05 1.1000637925e+04 1.5707963268e+00 2.8141978392e-01
2.3735254024e-05 1.0998097827e+04 1.5707963268e+00 2.8548300969e-01
2.4077118141e-05 1.0995519707e+04 1.5707963268e+00 2.8954811190e-01
2.4419316240e-05 1.0992903491e+04 1.5707963268e+00 2.9361511995e-01
2.4761854077e-05 1.0990249099e+04 1.5707963268e+00 2.9768406337e-01
2.5104737460e-05 1.0987556454e+04 1.5707963268e+00 3.0175497179e-01
2.5447972246e-05 1.0984825473e+04 1.5707963268e+00 3.0582787499e-01
2.5791564344e-05 1.0982056075e+04 1.5707963268e+00 3.0990280284e-01
2.6135519717e-05 1.0979248178e+04 1.5707963268e+00 3.1397978536e-01
2.6479844380e-05 1.0976401696e+04 1.5707963268e+00 3.1805885270e-01
2.6824544406e-05 1.0973516545e+04 1.5707963268e+00 3.2214003511e-01
2.7169625921e-05 1.0970592636e+04 1.5707963268e+00 3.2622336300e-01
2.7515095111e-05 1.0967629881e+04 1.5707963268e+00 3.3030886691e-01
2.7860958221e-05 1.0964628191e+04 1.5707963268e+00 3.3439657751e-01
2.8207221554e-05 1.0961587474e+04 1.5707963268e+00 3.3848652561e-01
2.8553891475e-05 1.0958507638e+04 1.5707963268e+00 3.4257874216e-01
2.8900974414e-05 1.0955388589e+04 1.5707963268e+00 3.4667325826e-01
2.9248476862e-05 1.0952230232e+04 1.5707963268e+00 3.5077010516e-01
2.9596405377e-05 1.0949032470e+04 1.5707963268e+00 3.5486931423e-01
2.9944766584e-05 1.0945795205e+04 1.5707963268e+00 3.5897091703e-01
3.0293567175e-05 1.0942518338e+04 1.5707963268e+00 3.6307494524e-01
3.0642813913e-05 1.0939201767e+04 1.5707963268e+00 3.6718143072e-01
3.0992513631e-05 1.0935845391e+04 1.5707963268e+00 3.7129040546e-01
3.1342673236e-05 1.0932449106e+04 1.5707963268e+00 3.7540190165e-01
3.1693299708e-05 1.0929012806e+04 1.5707963268e+00 3.7951595160e-01
3.2044400104e-05 1.0925536384e+04 1.5707963268e+00 3.8363258783e-01
3.2395981557e-05 1.0922019733e+04 1.5707963268e+00 3.8775184298e-01
3.2748051281e-05 1.0918462743e+04 1.5707963268e+00 3.9187374990e-01
3.3100616568e-05 1.0914865303e+04 1.5707963268e+00 3.9599834159e-01
3.3453684796e-05 1.0911227300e+04 1.5707963268e+00 4.0012565124e-01
3.3807263425e-05 1.0907548620e+04 1.5707963268e+00 4.0425571222e-01
3.4161360002e-05 1.0903829146e+04 1.5707963268e+00 4.0838855806e-01
3.4515982161e-05 1.0900068763e+04 1.5707963268e+00 4.1252422251e-01
3.4871137626e-05 1.0896267351e+04 1.5707963268e+00 4.1666273948e-01
3.5226834215e-05 1.0892424789e+04 1.5707963268e+00 4.2080414307e-01
3.5583079837e-05 1.0888540956e+04 1.5707963268e+00 4.2494846758e-01
3.5939882498e-05 1.0884615729e+04 1.5707963268e+00 4.2909574752e-01
3.6297250301e-05 1.0880648980e+04 1.5707963268e+00 4.3324601758e-01
3.6655191451e-05 1.0876640585e+04 1.5707963268e+00 4.3739931266e-01
3.7013714253e-05 1.0872590414e+04 1.5707963268e+00 4.4155566786e-01
3.7372827117e-05 1.0868498338e+04 1.5707963268e+00 4.4571511848e-01
3.7732538560e-05 1.0864364224e+04 1.5707963268e+00 4.4987770007e-01
3.8092857208e-05 1.0860187939e+04 1.5707963268e+00 4.5404344834e-01
3.8453791798e-05 1.0855969347e+04 1.5707963268e+00 4.5821239926e-01
3.8815351182e-05 1.0851708313e+04 1.5707963268e+00 4.6238458900e-01
3.9177544326e-05 1.0847404696e+04 1.5707963268e+00 4.6656005396e-01
3.9540380316e-05 1.0843058357e+04 1.5707963268e+00 4.7073883077e-01
3.9903868362e-05 1.0838669154e+04 1.5707963268e+00 4.7492095628e-01
4.0268017794e-05 1.0834236943e+04 1.5707963268e+00 4.7910646759e-01
4.0632838072e-05 1.0829761577e+04 1.5707963268e+00 4.8329540203e-01
4.0998338785e-05 1.0825242909e+04 1.5707963268e+00 4.8748779716e-01
4.1364529654e-05 1.0820680790e+04 1.5707963268e+00 4.9168369081e-01
4.1731420537e-05 1.0816075069e+04 1.5707963268e+00 4.9588312104e-01
4.2099021431e-05 1.0811425592e+04 1.5707963268e+00 5.0008612617e-01
4.2467342473e-05 1.0806732205e+04 1.5707963268e+00 5.0429274476e-01
4.2836393947e-05 1.0801994750e+04 1.5707963268e+00 5.0850301566e-01
4.3206186286e-05 1.0797213069e+04 1.5707963268e+00 5.1271697795e-01
4.3576730072e-05 1.0792387001e+04 1.5707963268e+00 5.1693467100e-01
4.3948036047e-05 1.0787516383e+04 1.5707963268e+00 5.2115613445e-01
4.4320115108e-05 1.0782601050e+04 1.5707963268e+00 5.2538140820e-01
4.4692978316e-05 1.0777640836e+04 1.5707963268e+00 5.2961053244e-01
4.5066636899e-05 1.0772635572e+04 1.5707963268e+00 5.3384354765e-01
4.5441102256e-05 1.0767585088e+04 1.5707963268e+00 5.3808049458e-01
4.5816385958e-05 1.0762489210e+04 1.5707963268e+00 5.4232141429e-01
4.6192499758e-05 1.0757347763e+04 1.5707963268e+00 5.4656634812e-01
4.6569455588e-05 1.0752160571e+04 1.5707963268e+00 5.5081533772e-01
4.6947265571e-05 1.0746927454e+04 1.5707963268e+00 5.5506842505e-01
4.7325942018e-05 1.0741648231e+04 1.5707963268e+00 5.5932565237e-01
4.7705497438e-05 1.0736322719e+04 1.5707963268e+00 5.6358706225e-01
4.8085944541e-05 1.0730950731e+04 1.5707963268e+00 5.6785269758e-01
4.8467296242e-05 1.0725532081e+04 1.5707963268e+00 5.7212260159e-01
4.8849565669e-05 1.0720066577e+04 1.5707963268e+00 5.7639681783e-01
4.9232766163e-05 1.0714554028e+04 1.5707963268e+00 5.8067539016e-01
4.9616911288e-05 1.0708994239e+04 1.5707963268e+00 5.8495836281e-01
5.0002014835e-05 1.0703387012e+04 1.5707963268e+00 5.8924578034e-01
5.0388090826e-05 1.0697732149e+04 1.5707963268e+00 5.9353768764e-01
5.0775153523e-05 1.0692029448e+04 1.5707963268e+00 5.9783412999e-01
5.1163217431e-05 1.0686278704e+04 1.5707963268e+00 6.0213515299e-01
5.1552297306e-05 1.0680479712e+04 1.5707963268e+00 6.0644080264e-01
5.1942408160e-05 1.0674632262e+04 1.5707963268e+00 6.1075112527e-01
5.2333565269e-05 1.0668736142e+04 1.5707963268e+00 6.1506616762e-01
5.2725784180e-05 1.0662791140e+04 1.5707963268e+00 6.1938597678e-01
5.3119080715e-05 1.0656797037e+04 1.5707963268e+00 6.2371060024e-01
5.3513470982e-05 1.0650753616e+04 1.5707963268e+00 6.2804008590e-01
5.3908971379e-05 1.0644660655e+04 1.5707963268e+00 6.3237448201e-01
5.4305598605e-05 1.0638517929e+04 1.5707963268e+00 6.3671383727e-01
5.4703369666e-05 1.0632325212e+04 1.5707963268e+00 6.4105820076e-01
5.5102301881e-05 1.0626082274e+04 1.5707963268e+00 6.4540762199e-01
5.5502412896e-05 1.0619788883e+04 1.5707963268e+00 6.4976215088e-01
5.5903720689e-05 1.0613444803e+04 1.5707963268e+00 6.5412183779e-01
5.6306243577e-05 1.0607049797e+04 1.5707963268e+00 6.5848673350e-01
5.6710000232e-05 1.0600603625e+04 1.5707963268e+00 6.6285688925e-01
5.7115009682e-05 1.0594106042e+04 1.5707963268e+00 6.6723235670e-01
5.7521291329e-05 1.0587556803e+04 1.5707963268e+00 6.7161318800e-01
5.7928864953e-05 1.0580955657e+04 1.5707963268e+00 6.7599943572e-01
5.8337750727e-05 1.0574302354e+04 1.5707963268e+00 6.8039115293e-01
5.8747969226e-05 1.0567596638e+04 1.5707963268e+00 6.8478839316e-01
5.9159541438e-05 1.0560838251e+04 1.5707963268e+00 6.8919121043e-01
5.9572488778e-05 1.0554026930e+04 1.5707963268e+00 6.9359965924e-01
5.9986833096e-05 1.0547162413e+04 1.5707963268e+00 6.9801379461e-01
6.0402596694e-05 1.0540244431e+04 1.5707963268e+00 7.0243367203e-01
6.0819802338e-05 1.0533272714e+04 1.5707963268e+00 7.0685934752e-01
6.1238473270e-05 1.0526246988e+04 1.5707963268e+00 7.1129087764e-01
6.1658633221e-05 1.0519166976e+04 1.5707963268e+00 7.1572831944e-01
6.2080306432e-05 1.0512032396e+04 1.5707963268e+00 7.2017173054e-01
6.2503517660e-05 1.0504842967e+04 1.5707963268e+00 7.2462116909e-01
6.2928292202e-05 1.0497598400e+04 1.5707963268e+00 7.2907669379e-01
6.3354655904e-05 1.0490298404e+04 1.5707963268e+00 7.3353836392e-01
6.3782635185e-05 1.0482942686e+04 1.5707963268e+00 7.3800623931e-01
6.4212257047e-05 1.0475530948e+04 1.5707963268e+00 7.4248038038e-01
6.4643549100e-05 1.0468062889e+04 1.5707963268e+00 7.4696084813e-01
6.5076539577e-05 1.0460538205e+04 1.5707963268e+00 7.5144770419e-01
6.5511257354e-05 1.0452956586e+04 1.5707963268e+00 7.5594101075e-01
6.5947731971e-05 1.0445317721e+04 1.5707963268e+00 7.6044083066e-01
6.6385993654e-05 1.0437621294e+04 1.5707963268e+00 7.6494722737e-01
6.6826073336e-05 1.0429866984e+04 1.5707963268e+00 7.6946026498e-01
6.7268002678e-05 1.0422054470e+04 1.5707963268e+00 7.7398000823e-01
6.7711814097e-05 1.0414183423e+04 1.5707963268e+00 7.7850652254e-01
6.8157540788e-05 1.0406253512e+04 1.5707963268e+00 7.8303987395e-01
6.8605216750e-05 1.0398264401e+04 1.5707963268e+00 7.8758012924e-01
6.9054876816e-05 1.0390215751e+04 1.5707963268e+00 7.9212735584e-01
6.9506556674e-05 1.0382107220e+04 1.5707963268e+00 7.9668162188e-01
6.9960292905e-05 1.0373938457e+04 1.5707963268e+00 8.0124299624e-01
7.0416123008e-05 1.0365709113e+04 1.5707963268e+00 8.0581154847e-01
7.0874085431e-05 1.0357418830e+04 1.5707963268e+00 8.1038734891e-01
7.1334219609e-05 1.0349067249e+04 1.5707963268e+00 8.1497046861e-01
7.1796565994e-05 1.0340654003e+04 1.5707963268e+00 8.1956097939e-01
7.2261166094e-05 1.0332178725e+04 1.5707963268e+00 8.2415895387e-01
7.2728062510e-05 1.0323641038e+04 1.5707963268e+00 8.2876446541e-01
7.3197298974e-05 1.0315040566e+04 1.5707963268e+00 8.3337758821e-01
7.3668920392e-05 1.0306376925e+04 1.5707963268e+00 8.3799839725e-01
7.4142972888e-05 1.0297649726e+04 1.5707963268e+00 8.4262696837e-01
7.4619503845e-05 1.0288858578e+04 1.5707963268e+00 8.4726337821e-01
7.5098561959e-05 1.0280003082e+04 1.5707963268e+00 8.5190770431e-01
7.5580197280e-05 1.0271082836e+04 1.5707963268e+00 8.5656002503e-01
7.6064461272e-05 1.0262097432e+04 1.5707963268e+00 8.6122041965e-01
7.6551406861e-05 1.0253046459e+04 1.5707963268e+00 8.6588896833e-01
7.7041088498e-05 1.0243929497e+04 1.5707963268e+00 8.7056575215e-01
7.7533562211e-05 1.0234746125e+04 1.5707963268e+00 8.7525085313e-01
7.8028885675e-05 1.0225495915e+04 1.5707963268e+00 8.7994435420e-01
7.8527118275e-05 1.0216178432e+04 1.5707963268e+00 8.8464633929e-01
7.9028321173e-05 1.0206793237e+04 1.5707963268e+00 8.8935689329e-01
7.9532557384e-05 1.0197339888e+04 1.5707963268e+00 8.9407610208e-01
8.0039891850e-05 1.0187817932e+04 1.5707963268e+00 8.9880405257e-01
8.0550391523e-05 1.0178226915e+04 1.5707963268e+00 9.0354083268e-01
8.1064125447e-05 1.0168566375e+04 1.5707963268e+00 9.0828653139e-01
8.1581164847e-05 1.0158835845e+04 1.5707963268e+00 9.1304123875e-01
8.2101583226e-05 1.0149034852e+04 1.5707963268e+00 9.1780504587e-01
8.2625456460e-05 1.0139162917e+04 1.5707963268e+00 9.2257804501e-01
8.3152862905e-05 1.0129219554e+04 1.5707963268e+00 9.2736032951e-01
8.3683883506e-05 1.0119204272e+04 1.5707963268e+00 9.3215199387e-01
8.4218601914e-05 1.0109116574e+04 1.5707963268e+00 9.3695313376e-01
8.4757104609e-05 1.0098955956e+04 1.5707963268e+00 9.4176384604e-01
8.5299481027e-05 1.0088721908e+04 1.5707963268e+00 9.4658422876e-01
8.5845823704e-05 1.0078413912e+04 1.5707963268e+00 9.5141438120e-01
8.6396228415e-05 1.0068031446e+04 1.5707963268e+00 9.5625440392e-01
8.6950794330e-05 1.0057573979e+04 1.5707963268e+00 9.6110439871e-01
8.7509624181e-05 1.0047040974e+04 1.5707963268e+00 9.6596446869e-01
8.8072824430e-05 1.0036431889e+04 1.5707963268e+00 9.7083471830e-01
8.8640505458e-05 1.0025746172e+04 1.5707963268e+00 9.7571525329e-01
8.9212781758e-05 1.0014983266e+04 1.5707963268e+00 9.8060618083e-01
8.9789772141e-05 1.0004142606e+04 1.5707963268e+00 9.8550760945e-01
9.0371599962e-05 9.9932236198e+03 1.5707963268e+00 9.9041964912e-01
9.0958393352e-05 9.9822257289e+03 1.5707963268e+00 9.9534241124e-01
9.1550285470e-05 9.9711483464e+03 1.5707963268e+00 1.0002760087e+00
9.2147414770e-05 9.9599908783e+03 1.5707963268e+00 1.0052205559e+00
9.2749925288e-05 9.9487527229e+03 1.5707963268e+00 1.0101761688e+00
9.3357966945e-05 9.9374332709e+03 1.5707963268e+00 1.0151429647e+00
9.3971695876e-05 9.9260319054e+03 1.5707963268e+00 1.0201210629e+00
9.4591274777e-05 9.9145480017e+03 1.5707963268e+00 1.0251105840e+00
9.5216873280e-05 9.9029809270e+03 1.5707963268e+00 1.0301116503e+00
9.5848668351e-05 9.8913300407e+03 1.5707963268e+00 1.0351243859e+00
9.6486844726e-05 9.8795946942e+03 1.5707963268e+00 1.0401489164e+00
9.7131595370e-05 9.8677742308e+03 1.5707963268e+00 1.0451853695e+00
9.7783121971e-05 9.8558679856e+03 1.5707963268e+00 1.0502338743e+00
9.8441635481e-05 9.8438752854e+03 1.5707963268e+00 1.0552945619e+00
9.9107356689e-05 9.8317954490e+03 1.5707963268e+00 1.0603675653e+00
9.9780516846e-05 9.8196277867e+03 1.5707963268e+00 1.0654530193e+00
1.0046135833e-04 9.8073716005e+03 1.5707963268e+00 1.0705510607e+00
1.0115013539e-04 9.7950261840e+03 1.5707963268e+00 1.0756618281e+00
1.0184711491e-04 9.7825908226e+03 1.5707963268e+00 1.0807854622e+00
1.0255257728e-04 9.7700647931e+03 1.5707963268e+00 1.0859221059e+00
1.0326681731e-04 9.7574473641e+03 1.5707963268e+00 1.0910719039e+00
1.0399014526e-04 9.7447377960e+03 1.5707963268e+00 1.0962350032e+00
1.0472288791e-04 9.7319353407e+03 1.5707963268e+00 1.1014115529e+00
1.0546538976e-04 9.7190392419e+03 1.5707963268e+00 1.1066017042e+00
1.0621801436e-04 9.7060487355e+03 1.5707963268e+00 1.1118056109e+00
1.0698114570e-04 9.6929630492e+03 1.5707963268e+00 1.1170234287e+00
1.0775518980e-04 9.6797814028e+03 1.5707963268e+00 1.1222553158e+00
1.0854057645e-04 9.6665030088e+03 1.5707963268e+00 1.1275014328e+00
1.0933776102e-04 9.6531270721e+03 1.5707963268e+00 1.1327619427e+00
1.1014722661e-04 9.6396527906e+03 1.5707963268e+00 1.1380370109e+00
1.1096948632e-04 9.6260793553e+03 1.5707963268e+00 1.1433268055e+00
1.1180508576e-04 9.6124059511e+03 1.5707963268e+00 1.1486314971e+00
1.1265460588e-04 9.5986317568e+03 1.5707963268e+00 1.1539512588e+00
1.1351866609e-04 9.5847559459e+03 1.5707963268e+00 1.1592862665e+00
1.1439792769e-04 9.5707776873e+03 1.5707963268e+00 1.1646366988e+00
1.1529309775e-04 9.5566961459e+03 1.5707963268e+00 1.1700027371e+00
1.1620493347e-04 9.5425104835e+03 1.5707963268e+00 1.1753845656e+00
1.1713424691e-04 9.5282198600e+03 1.5707963268e+00 1.1807823713e+00
1.1808191054e-04 9.5138234342e+03 1.5707963268e+00 1.1861963442e+00
1.1904886328e-04 9.4993203656e+03 1.5707963268e+00 1.1916266774e+00
1.2003611744e-04 9.4847098157e+03 1.5707963268e+00 1.1970735667e+00
1.2104476656e-04 9.4699909500e+03 1.5707963268e+00 1.2025372114e+00
1.2207599428e-04 9.4551629401e+03 1.5707963268e+00 1.2080178136e+00
1.2313108455e-04 9.4402249663e+03 1.5707963268e+00 1.2135155788e+00
1.2421143320e-04 9.4251762204e+03 1.5707963268e+00 1.2190307155e+00
1.2531856132e-04 9.4100159093e+03 1.5707963268e+00 1.2245634357e+00
1.2645413063e-04 9.3947432590e+03 1.5707963268e+00 1.2301139545e+00
1.2761996136e-04 9.3793575192e+03 1.5707963268e+00 1.2356824906e+00
1.2881805291e-04 9.3638579692e+03 1.5707963268e+00 1.2412692658e+00
1.3005060816e-04 9.3482439243e+03 1.5707963268e+00 1.2468745054e+00
1.3132006188e-04 9.3325147440e+03 1.5707963268e+00 1.2524984384e+00
1.3262911433e-04 9.3166698409e+03 1.5707963268e+00 1.2581412968e+00
1.3398077115e-04 9.3007086927e+03 1.5707963268e+00 1.2638033162e+00
1.3537839100e-04 9.2846308551e+03 1.5707963268e+00 1.2694847358e+00
1.3682574279e-04 9.2684359788e+03 1.5707963268e+00 1.2751857980e+00
1.3832707500e-04 9.2521238295e+03 1.5707963268e+00 1.2809067485e+00
1.3988720018e-04 9.2356943126e+03 1.5707963268e+00 1.2866478364e+00
1.4151159891e-04 9.2191475036e+03 1.5707963268e+00 1.2924093139e+00
1.4320654855e-04 9.2024836862e+03 1.5707963268e+00 1.2981914360e+00
1.4497928470e-04 9.1857034002e+03 1.5707963268e+00 1.3039944608e+00
1.4683820524e-04 9.1688075022e+03 1.5707963268e+00 1.3098186486e+00
1.4879313159e-04 9.1517972436e+03 1.5707963268e+00 1.3156642622e+00
1.5085564721e-04 9.1346743714e+03 1.5707963268e+00 1.3215315656e+00
1.5303954242e-04 9.1174412621e+03 1.5707963268e+00 1.3274208243e+00
1.5536140809e-04 9.1001010989e+03 1.5707963268e+00 1.3333323039e+00
1.5784144175e-04 9.0826581135e+03 1.5707963268e+00 1.3392662692e+00
1.6050456400e-04 9.0651179203e+03 1.5707963268e+00 1.3452229828e+00
1.6338199914e-04 9.0474879886e+03 1.5707963268e+00 1.3512027033e+00
1.6651357116e-04 9.0297783264e+03 1.5707963268e+00 1.3572056827e+00
1.6995113861e-04 9.0120024999e+03 1.5707963268e+00 1.3632321627e+00
1.7376391460e-04 8.9941792020e+03 1.5707963268e+00 1.3692823699e+00
1.7804705314e-04 8.9763347650e+03 1.5707963268e+00 1.3753565084e+00
1.8293621609e-04 8.9585073782e+03 1.5707963268e+00 1.3814547490e+00
1.8863385977e-04 8.9407545904e+03 1.5707963268e+00 1.3875772124e+00
1.9546054280e-04 8.9231676700e+03 1.5707963268e+00 1.3937239412e+00
2.0396600911e-04 8.9059018461e+03 1.5707963268e+00 1.3998948519e+00
2.1520705694e-04 8.8892489398e+03 1.5707963268e+00 1.4060896433e+00
2.3161314508e-04 8.8738495198e+03 1.5707963268e+00 1.4123076016e+00
