0.0000000000e+00 1.0643766991e+04 1.5707963268e+00 0.0000000000e+00
3.6235898886e-07 1.0643766991e+04 1.5707963268e+00 -4.1666666667e-03
7.2471797772e-07 1.0643720794e+04 1.5707963268e+00 -8.3333333333e-03
1.0870848303e-06 1.0643628400e+04 1.5707963268e+00 -1.2500036169e-02
1.4494674110e-06 1.0643489809e+04 1.5707963268e+00 -1.6666811343e-02
1.8118735864e-06 1.0643305018e+04 1.5707963268e+00 -2.0833695029e-02
2.1743112271e-06 1.0643074023e+04 1.5707963268e+00 -2.5000723404e-02
2.5367882085e-06 1.0642796817e+04 1.5707963268e+00 -2.9167932656e-02
2.8993124132e-06 1.0642473393e+04 1.5707963268e+00 -3.3335358984e-02
3.2618917318e-06 1.0642103742e+04 1.5707963268e+00 -3.7503038600e-02
3.6245340647e-06 1.0641687853e+04 1.5707963268e+00 -4.1671007732e-02
3.9872473236e-06 1.0641225714e+04 1.5707963268e+00 -4.5839302630e-02
4.3500394331e-06 1.0640717311e+04 1.5707963268e+00 -5.0007959562e-02
4.7129183321e-06 1.0640162628e+04 1.5707963268e+00 -5.4177014824e-02
5.0758919753e-06 1.0639561649e+04 1.5707963268e+00 -5.8346504738e-02
5.4389683349e-06 1.0638914353e+04 1.5707963268e+00 -6.2516465656e-02
5.8021554021e-06 1.0638220722e+04 1.5707963268e+00 -6.6686933962e-02
6.1654611886e-06 1.0637480733e+04 1.5707963268e+00 -7.0857946077e-02
6.5288937282e-06 1.0636694362e+04 1.5707963268e+00 -7.5029538459e-02
6.8924610785e-06 1.0635861584e+04 1.5707963268e+00 -7.9201747607e-02
7.2561713223e-06 1.0634982372e+04 1.5707963268e+00 -8.3374610064e-02
7.6200325692e-06 1.0634056698e+04 1.5707963268e+00 -8.7548162419e-02
7.9840529574e-06 1.0633084532e+04 1.5707963268e+00 -9.1722441309e-02
8.3482406554e-06 1.0632065841e+04 1.5707963268e+00 -9.5897483426e-02
8.7126038632e-06 1.0631000592e+04 1.5707963268e+00 -1.0007332551e-01
9.0771508146e-06 1.0629888751e+04 1.5707963268e+00 -1.0425000437e-01
9.4418897781e-06 1.0628730280e+04 1.5707963268e+00 -1.0842755687e-01
9.8068290594e-06 1.0627525142e+04 1.5707963268e+00 -1.1260601992e-01
1.0171977003e-05 1.0626273295e+04 1.5707963268e+00 -1.1678543053e-01
1.0537341992e-05 1.0624974699e+04 1.5707963268e+00 -1.2096582574e-01
1.0902932454e-05 1.0623629311e+04 1.5707963268e+00 -1.2514724269e-01
1.1268756859e-05 1.0622237084e+04 1.5707963268e+00 -1.2932971859e-01
1.1634823723e-05 1.0620797973e+04 1.5707963268e+00 -1.3351329071e-01
1.2001141609e-05 1.0619311928e+04 1.5707963268e+00 -1.3769799643e-01
1.2367719130e-05 1.0617778901e+04 1.5707963268e+00 -1.4188387318e-01
1.2734564949e-05 1.0616198839e+04 1.5707963268e+00 -1.4607095849e-01
1.3101687783e-05 1.0614571689e+04 1.5707963268e+00 -1.5025928999e-01
1.3469096404e-05 1.0612897395e+04 1.5707963268e+00 -1.5444890538e-01
1.3836799640e-05 1.0611175902e+04 1.5707963268e+00 -1.5863984247e-01
1.4204806379e-05 1.0609407149e+04 1.5707963268e+00 -1.6283213917e-01
1.4573125570e-05 1.0607591077e+04 1.5707963268e+00 -1.6702583348e-01
1.4941766223e-05 1.0605727625e+04 1.5707963268e+00 -1.7122096350e-01
1.5310737415e-05 1.0603816727e+04 1.5707963268e+00 -1.7541756745e-01
1.5680048290e-05 1.0601858319e+04 1.5707963268e+00 -1.7961568366e-01
1.6049708061e-05 1.0599852333e+04 1.5707963268e+00 -1.8381535056e-01
1.6419726011e-05 1.0597798700e+04 1.5707963268e+00 -1.8801660671e-01
1.6790111499e-05 1.0595697350e+04 1.5707963268e+00 -1.9221949077e-01
1.7160873959e-05 1.0593548210e+04 1.5707963268e+00 -1.9642404154e-01
1.7532022903e-05 1.0591351205e+04 1.5707963268e+00 -2.0063029794e-01
1.7903567924e-05 1.0589106260e+04 1.5707963268e+00 -2.0483829902e-01
1.8275518698e-05 1.0586813296e+04 1.5707963268e+00 -2.0904808396e-01
1.8647884986e-05 1.0584472233e+04 1.5707963268e+00 -2.1325969207e-01
1.9020676637e-05 1.0582082991e+04 1.5707963268e+00 -2.1747316280e-01
1.9393903591e-05 1.0579645485e+04 1.5707963268e+00 -2.2168853576e-01
1.9767575881e-05 1.0577159630e+04 1.5707963268e+00 -2.2590585068e-01
2.0141703635e-05 1.0574625339e+04 1.5707963268e+00 -2.3012514745e-01
2.0516297080e-05 1.0572042523e+04 1.5707963268e+00 -2.3434646611e-01
2.0891366544e-05 1.0569411091e+04 1.5707963268e+00 -2.3856984685e-01
2.1266922460e-05 1.0566730950e+04 1.5707963268e+00 -2.4279533003e-01
2.1642975365e-05 1.0564002006e+04 1.5707963268e+00 -2.4702295617e-01
2.2019535908e-05 1.0561224162e+04 1.5707963268e+00 -2.5125276595e-01
2.2396614851e-05 1.0558397320e+04 1.5707963268e+00 -2.5548480021e-01
2.2774223070e-05 1.0555521379e+04 1.5707963268e+00 -2.5971909999e-01
2.3152371563e-05 1.0552596236e+04 1.5707963268e+00 -2.6395570648e-01
2.3531071446e-05 1.0549621787e+04 1.5707963268e+00 -2.6819466106e-01
2.3910333963e-05 1.0546597927e+04 1.5707963268e+00 -2.7243600530e-01
2.4290170488e-05 1.0543524546e+04 1.5707963268e+00 -2.7667978096e-01
2.4670592524e-05 1.0540401534e+04 1.5707963268e+00 -2.8092602997e-01
2.5051611713e-05 1.0537228779e+04 1.5707963268e+00 -2.8517479447e-01
2.5433239833e-05 1.0534006166e+04 1.5707963268e+00 -2.8942611681e-01
2.5815488810e-05 1.0530733580e+04 1.5707963268e+00 -2.9368003951e-01
2.6198370711e-05 1.0527410901e+04 1.5707963268e+00 -2.9793660534e-01
2.6581897758e-05 1.0524038010e+04 1.5707963268e+00 -3.0219585726e-01
2.6966082327e-05 1.0520614782e+04 1.5707963268e+00 -3.0645783842e-01
2.7350936951e-05 1.0517141095e+04 1.5707963268e+00 -3.1072259224e-01
2.7736474328e-05 1.0513616820e+04 1.5707963268e+00 -3.1499016232e-01
2.8122707323e-05 1.0510041828e+04 1.5707963268e+00 -3.1926059251e-01
2.8509648973e-05 1.0506415990e+04 1.5707963268e+00 -3.2353392688e-01
2.8897312490e-05 1.0502739170e+04 1.5707963268e+00 -3.2781020976e-01
2.9285711267e-05 1.0499011234e+04 1.5707963268e+00 -3.3208948569e-01
2.9674858885e-05 1.0495232045e+04 1.5707963268e+00 -3.3637179946e-01
3.0064769114e-05 1.0491401461e+04 1.5707963268e+00 -3.4065719613e-01
3.0455455920e-05 1.0487519341e+04 1.5707963268e+00 -3.4494572100e-01
3.0846933470e-05 1.0483585540e+04 1.5707963268e+00 -3.4923741962e-01
3.1239216136e-05 1.0479599911e+04 1.5707963268e+00 -3.5353233782e-01
3.1632318504e-05 1.0475562306e+04 1.5707963268e+00 -3.5783052168e-01
3.2026255377e-05 1.0471472574e+04 1.5707963268e+00 -3.6213201757e-01
3.2421041779e-05 1.0467330559e+04 1.5707963268e+00 -3.6643687214e-01
3.2816692966e-05 1.0463136107e+04 1.5707963268e+00 -3.7074513229e-01
3.3213224428e-05 1.0458889059e+04 1.5707963268e+00 -3.7505684524e-01
3.3610651897e-05 1.0454589253e+04 1.5707963268e+00 -3.7937205849e-01
3.4008991353e-05 1.0450236527e+04 1.5707963268e+00 -3.8369081983e-01
3.4408259030e-05 1.0445830715e+04 1.5707963268e+00 -3.8801317738e-01
3.4808471427e-05 1.0441371649e+04 1.5707963268e+00 -3.9233917953e-01
3.5209645309e-05 1.0436859157e+04 1.5707963268e+00 -3.9666887500e-01
3.5611797718e-05 1.0432293068e+04 1.5707963268e+00 -4.0100231284e-01
3.6014945981e-05 1.0427673204e+04 1.5707963268e+00 -4.0533954241e-01
3.6419107716e-05 1.0422999387e+04 1.5707963268e+00 -4.0968061340e-01
3.6824300842e-05 1.0418271437e+04 1.5707963268e+00 -4.1402557584e-01
3.7230543584e-05 1.0413489170e+04 1.5707963268e+00 -4.1837448009e-01
3.7637854487e-05 1.0408652400e+04 1.5707963268e+00 -4.2272737687e-01
3.8046252418e-05 1.0403760938e+04 1.5707963268e+00 -4.2708431724e-01
3.8455756582e-05 1.0398814592e+04 1.5707963268e+00 -4.3144535263e-01
3.8866386527e-05 1.0393813168e+04 1.5707963268e+00 -4.3581053483e-01
3.9278162156e-05 1.0388756469e+04 1.5707963268e+00 -4.4017991599e-01
3.9691103734e-05 1.0383644295e+04 1.5707963268e+00 -4.4455354865e-01
4.0105231903e-05 1.0378476444e+04 1.5707963268e+00 -4.4893148573e-01
4.0520567691e-05 1.0373252710e+04 1.5707963268e+00 -4.5331378053e-01
4.0937132520e-05 1.0367972884e+04 1.5707963268e+00 -4.5770048676e-01
4.1354948222e-05 1.0362636755e+04 1.5707963268e+00 -4.6209165852e-01
4.1774037049e-05 1.0357244110e+04 1.5707963268e+00 -4.6648735033e-01
4.2194421685e-05 1.0351794731e+04 1.5707963268e+00 -4.7088761711e-01
4.2616125261e-05 1.0346288398e+04 1.5707963268e+00 -4.7529251422e-01
4.3039171364e-05 1.0340724887e+04 1.5707963268e+00 -4.7970209745e-01
4.3463584056e-05 1.0335103973e+04 1.5707963268e+00 -4.8411642300e-01
4.3889387884e-05 1.0329425426e+04 1.5707963268e+00 -4.8853554755e-01
4.4316607898e-05 1.0323689014e+04 1.5707963268e+00 -4.9295952821e-01
4.4745269662e-05 1.0317894501e+04 1.5707963268e+00 -4.9738842255e-01
4.5175399276e-05 1.0312041649e+04 1.5707963268e+00 -5.0182228863e-01
4.5607023385e-05 1.0306130214e+04 1.5707963268e+00 -5.0626118494e-01
4.6040169204e-05 1.0300159953e+04 1.5707963268e+00 -5.1070517051e-01
4.6474864529e-05 1.0294130616e+04 1.5707963268e+00 -5.1515430480e-01
4.6911137761e-05 1.0288041951e+04 1.5707963268e+00 -5.1960864781e-01
4.7349017919e-05 1.0281893703e+04 1.5707963268e+00 -5.2406826005e-01
4.7788534665e-05 1.0275685614e+04 1.5707963268e+00 -5.2853320250e-01
4.8229718323e-05 1.0269417421e+04 1.5707963268e+00 -5.3300353672e-01
4.8672599900e-05 1.0263088858e+04 1.5707963268e+00 -5.3747932477e-01
4.9117211109e-05 1.0256699656e+04 1.5707963268e+00 -5.4196062926e-01
4.9563584389e-05 1.0250249542e+04 1.5707963268e+00 -5.4644751335e-01
5.0011752936e-05 1.0243738240e+04 1.5707963268e+00 -5.5094004076e-01
5.0461750720e-05 1.0237165469e+04 1.5707963268e+00 -5.5543827577e-01
5.0913612518e-05 1.0230530945e+04 1.5707963268e+00 -5.5994228326e-01
5.1367373938e-05 1.0223834382e+04 1.5707963268e+00 -5.6445212869e-01
5.1823071445e-05 1.0217075487e+04 1.5707963268e+00 -5.6896787810e-01
5.2280742397e-05 1.0210253964e+04 1.5707963268e+00 -5.7348959816e-01
5.2740425069e-05 1.0203369516e+04 1.5707963268e+00 -5.7801735616e-01
5.3202158690e-05 1.0196421838e+04 1.5707963268e+00 -5.8255122000e-01
5.3665983474e-05 1.0189410623e+04 1.5707963268e+00 -5.8709125824e-01
5.4131940656e-05 1.0182335561e+04 1.5707963268e+00 -5.9163754008e-01
5.4600072529e-05 1.0175196335e+04 1.5707963268e+00 -5.9619013538e-01
5.5070422480e-05 1.0167992627e+04 1.5707963268e+00 -6.0074911468e-01
5.5543035033e-05 1.0160724112e+04 1.5707963268e+00 -6.0531454920e-01
5.6017955887e-05 1.0153390463e+04 1.5707963268e+00 -6.0988651085e-01
5.6495231965e-05 1.0145991347e+04 1.5707963268e+00 -6.1446507226e-01
5.6974911454e-05 1.0138526427e+04 1.5707963268e+00 -6.1905030677e-01
5.7457043855e-05 1.0130995363e+04 1.5707963268e+00 -6.2364228846e-01
5.7941680036e-05 1.0123397810e+04 1.5707963268e+00 -6.2824109215e-01
5.8428872277e-05 1.0115733416e+04 1.5707963268e+00 -6.3284679342e-01
5.8918674334e-05 1.0108001827e+04 1.5707963268e+00 -6.3745946861e-01
5.9411141489e-05 1.0100202684e+04 1.5707963268e+00 -6.4207919486e-01
5.9906330616e-05 1.0092335623e+04 1.5707963268e+00 -6.4670605010e-01
6.0404300239e-05 1.0084400275e+04 1.5707963268e+00 -6.5134011306e-01
6.0905110605e-05 1.0076396266e+04 1.5707963268e+00 -6.5598146331e-01
6.1408823748e-05 1.0068323218e+04 1.5707963268e+00 -6.6063018127e-01
6.1915503564e-05 1.0060180748e+04 1.5707963268e+00 -6.6528634818e-01
6.2425215891e-05 1.0051968466e+04 1.5707963268e+00 -6.6995004617e-01
6.2938028589e-05 1.0043685979e+04 1.5707963268e+00 -6.7462135827e-01
6.3454011623e-05 1.0035332889e+04 1.5707963268e+00 -6.7930036837e-01
6.3973237155e-05 1.0026908791e+04 1.5707963268e+00 -6.8398716132e-01
6.4495779641e-05 1.0018413276e+04 1.5707963268e+00 -6.8868182286e-01
6.5021715928e-05 1.0009845929e+04 1.5707963268e+00 -6.9338443971e-01
6.5551125361e-05 1.0001206331e+04 1.5707963268e+00 -6.9809509954e-01
6.6084089894e-05 9.9924940559e+03 1.5707963268e+00 -7.0281389100e-01
6.6620694208e-05 9.9837086725e+03 1.5707963268e+00 -7.0754090376e-01
6.7161025835e-05 9.9748497442e+03 1.5707963268e+00 -7.1227622848e-01
6.7705175291e-05 9.9659168286e+03 1.5707963268e+00 -7.1701995687e-01
6.8253236214e-05 9.9569094774e+03 1.5707963268e+00 -7.2177218169e-01
6.8805305511e-05 9.9478272367e+03 1.5707963268e+00 -7.2653299678e-01
6.9361483515e-05 9.9386696465e+03 1.5707963268e+00 -7.3130249707e-01
6.9921874151e-05 9.9294362409e+03 1.5707963268e+00 -7.3608077860e-01
7.0486585111e-05 9.9201265480e+03 1.5707963268e+00 -7.4086793855e-01
7.1055728039e-05 9.9107400897e+03 1.5707963268e+00 -7.4566407523e-01
7.1629418733e-05 9.9012763818e+03 1.5707963268e+00 -7.5046928816e-01
7.2207777351e-05 9.8917349336e+03 1.5707963268e+00 -7.5528367803e-01
7.2790928641e-05 9.8821152485e+03 1.5707963268e+00 -7.6010734675e-01
7.3379002172e-05 9.8724168230e+03 1.5707963268e+00 -7.6494039748e-01
7.3972132597e-05 9.8626391476e+03 1.5707963268e+00 -7.6978293464e-01
7.4570459917e-05 9.8527817059e+03 1.5707963268e+00 -7.7463506393e-01
7.5174129776e-05 9.8428439752e+03 1.5707963268e+00 -7.7949689237e-01
7.5783293767e-05 9.8328254259e+03 1.5707963268e+00 -7.8436852829e-01
7.6398109766e-05 9.8227255218e+03 1.5707963268e+00 -7.8925008142e-01
7.7018742282e-05 9.8125437199e+03 1.5707963268e+00 -7.9414166284e-01
7.7645362842e-05 9.8022794705e+03 1.5707963268e+00 -7.9904338505e-01
7.8278150394e-05 9.7919322167e+03 1.5707963268e+00 -8.0395536199e-01
7.8917291745e-05 9.7815013951e+03 1.5707963268e+00 -8.0887770906e-01
7.9562982031e-05 9.7709864349e+03 1.5707963268e+00 -8.1381054317e-01
8.0215425223e-05 9.7603867586e+03 1.5707963268e+00 -8.1875398270e-01
8.0874834666e-05 9.7497017815e+03 1.5707963268e+00 -8.2370814764e-01
8.1541433672e-05 9.7389309119e+03 1.5707963268e+00 -8.2867315951e-01
8.2215456146e-05 9.7280735510e+03 1.5707963268e+00 -8.3364914146e-01
8.2897147275e-05 9.7171290928e+03 1.5707963268e+00 -8.3863621827e-01
8.3586764264e-05 9.7060969245e+03 1.5707963268e+00 -8.4363451639e-01
8.4284577138e-05 9.6949764260e+03 1.5707963268e+00 -8.4864416396e-01
8.4990869610e-05 9.6837669701e+03 1.5707963268e+00 -8.5366529087e-01
8.5705940023e-05 9.6724679228e+03 1.5707963268e+00 -8.5869802876e-01
8.6430102381e-05 9.6610786430e+03 1.5707963268e+00 -8.6374251108e-01
8.7163687458e-05 9.6495984827e+03 1.5707963268e+00 -8.6879887310e-01
8.7907044023e-05 9.6380267872e+03 1.5707963268e+00 -8.7386725197e-01
8.8660540167e-05 9.6263628953e+03 1.5707963268e+00 -8.7894778673e-01
8.9424564758e-05 9.6146061389e+03 1.5707963268e+00 -8.8404061836e-01
9.0199529040e-05 9.6027558440e+03 1.5707963268e+00 -8.8914588983e-01
9.0985868380e-05 9.5908113301e+03 1.5707963268e+00 -8.9426374611e-01
9.1784044194e-05 9.5787719113e+03 1.5707963268e+00 -8.9939433421e-01
9.2594546067e-05 9.5666368956e+03 1.5707963268e+00 -9.0453780324e-01
9.3417894097e-05 9.5544055863e+03 1.5707963268e+00 -9.0969430444e-01
9.4254641476e-05 9.5420772817e+03 1.5707963268e+00 -9.1486399120e-01
9.5105377363e-05 9.5296512756e+03 1.5707963268e+00 -9.2004701914e-01
9.5970730068e-05 9.5171268584e+03 1.5707963268e+00 -9.2524354609e-01
9.6851370593e-05 9.5045033172e+03 1.5707963268e+00 -9.3045373220e-01
9.7748016587e-05 9.4917799367e+03 1.5707963268e+00 -9.3567773991e-01
9.8661436766e-05 9.4789560002e+03 1.5707963268e+00 -9.4091573405e-01
9.9592455869e-05 9.4660307906e+03 1.5707963268e+00 -9.4616788185e-01
1.0054196023e-04 9.4530035912e+03 1.5707963268e+00 -9.5143435298e-01
1.0151090404e-04 9.4398736876e+03 1.5707963268e+00 -9.5671531960e-01
1.0250031647e-04 9.4266403687e+03 1.5707963268e+00 -9.6201095639e-01
1.0351130970e-04 9.4133029290e+03 1.5707963268e+00 -9.6732144059e-01
1.0454508807e-04 9.3998606702e+03 1.5707963268e+00 -9.7264695205e-01
1.0560295853e-04 9.3863129043e+03 1.5707963268e+00 -9.7798767324e-01
1.0668634261e-04 9.3726589556e+03 1.5707963268e+00 -9.8334378930e-01
1.0779679017e-04 9.3588981647e+03 1.5707963268e+00 -9.8871548808e-01
1.0893599525e-04 9.3450298921e+03 1.5707963268e+00 -9.9410296015e-01
1.1010581453e-04 9.3310535229e+03 1.5707963268e+00 -9.9950639883e-01
1.1130828869e-04 9.3169684718e+03 1.5707963268e+00 -1.0049260002e+00
1.1254566752e-04 9.3027741900e+03 1.5707963268e+00 -1.0103619632e+00
1.1382043932e-04 9.2884701725e+03 1.5707963268e+00 -1.0158144893e+00
1.1513536577e-04 9.2740559672e+03 1.5707963268e+00 -1.0212837832e+00
1.1649352332e-04 9.2595311855e+03 1.5707963268e+00 -1.0267700520e+00
1.1789835260e-04 9.2448955157e+03 1.5707963268e+00 -1.0322735057e+00
1.1935371808e-04 9.2301487384e+03 1.5707963268e+00 -1.0377943570e+00
1.2086398026e-04 9.2152907463e+03 1.5707963268e+00 -1.0433328212e+00
1.2243408385e-04 9.2003215673e+03 1.5707963268e+00 -1.0488891162e+00
1.2406966648e-04 9.1852413944e+03 1.5707963268e+00 -1.0544634623e+00
1.2577719364e-04 9.1700506216e+03 1.5707963268e+00 -1.0600560822e+00
1.2756412808e-04 9.1547498907e+03 1.5707963268e+00 -1.0656672005e+00
1.2943914463e-04 9.1393401492e+03 1.5707963268e+00 -1.0712970436e+00
1.3141240574e-04 9.1238227261e+03 1.5707963268e+00 -1.0769458397e+00
1.3349591957e-04 9.1081994294e+03 1.5707963268e+00 -1.0826138176e+00
1.3570401208e-04 9.0924726760e+03 1.5707963268e+00 -1.0883012068e+00
1.3805395916e-04 9.0766456647e+03 1.5707963268e+00 -1.0940082364e+00
1.4056684843e-04 9.0607226120e+03 1.5707963268e+00 -1.0997351340e+00
1.4326877792e-04 9.0447090808e+03 1.5707963268e+00 -1.1054821250e+00
1.4619256193e-04 9.0286124452e+03 1.5707963268e+00 -1.1112494299e+00
1.4938022323e-04 9.0124425695e+03 1.5707963268e+00 -1.1170372627e+00
1.5288674696e-04 8.9962128240e+03 1.5707963268e+00 -1.1228458270e+00
1.5678594155e-04 8.9799416633e+03 1.5707963268e+00 -1.1286753116e+00
1.6117998972e-04 8.9636551740e+03 1.5707963268e+00 -1.1345258834e+00
1.6621584457e-04 8.9473914012e+03 1.5707963268e+00 -1.1403976770e+00
1.7211525881e-04 8.9312081497e+03 1.5707963268e+00 -1.1462907783e+00
1.7923453691e-04 8.9151981847e+03 1.5707963268e+00 -1.1522051975e+00
1.8819732473e-04 8.8995220152e+03 1.5707963268e+00 -1.1581408209e+00
2.0023963532e-04 8.8844893619e+03 1.5707963268e+00 -1.1640973183e+00
2.1835349868e-04 8.8708104793e+03 1.5707963268e+00 -1.1700739385e+00
