0.0000000000e+00 1.6143046602e+04 1.5707963268e+00 0.0000000000e+00
2.2039015063e-07 1.6143046602e+04 1.5707963268e+00 -2.7472527473e-03
4.4078030126e-07 1.6143068024e+04 1.5707963268e+00 -5.4945054945e-03
6.6117009523e-07 1.6143110869e+04 1.5707963268e+00 -8.2417509505e-03
8.8155917588e-07 1.6143175135e+04 1.5707963268e+00 -1.0988981824e-02
1.1019471866e-06 1.6143260823e+04 1.5707963268e+00 -1.3736190824e-02
1.3223337707e-06 1.6143367934e+04 1.5707963268e+00 -1.6483370659e-02
1.5427185716e-06 1.6143496468e+04 1.5707963268e+00 -1.9230514039e-02
1.7631012327e-06 1.6143646424e+04 1.5707963268e+00 -2.1977613673e-02
1.9834813974e-06 1.6143817804e+04 1.5707963268e+00 -2.4724662272e-02
2.2038587093e-06 1.6144010607e+04 1.5707963268e+00 -2.7471652546e-02
2.4242328119e-06 1.6144224835e+04 1.5707963268e+00 -3.0218577207e-02
2.6446033487e-06 1.6144460486e+04 1.5707963268e+00 -3.2965428965e-02
2.8649699634e-06 1.6144717563e+04 1.5707963268e+00 -3.5712200533e-02
3.0853322996e-06 1.6144996064e+04 1.5707963268e+00 -3.8458884625e-02
3.3056900011e-06 1.6145295992e+04 1.5707963268e+00 -4.1205473955e-02
3.5260427117e-06 1.6145617347e+04 1.5707963268e+00 -4.3951961237e-02
3.7463900754e-06 1.6145960129e+04 1.5707963268e+00 -4.6698339187e-02
3.9667317361e-06 1.6146324339e+04 1.5707963268e+00 -4.9444600523e-02
4.1870673378e-06 1.6146709978e+04 1.5707963268e+00 -5.2190737962e-02
4.4073965247e-06 1.6147117047e+04 1.5707963268e+00 -5.4936744223e-02
4.6277189411e-06 1.6147545546e+04 1.5707963268e+00 -5.7682612027e-02
4.8480342313e-06 1.6147995476e+04 1.5707963268e+00 -6.0428334096e-02
5.0683420398e-06 1.6148466840e+04 1.5707963268e+00 -6.3173903153e-02
5.2886420111e-06 1.6148959636e+04 1.5707963268e+00 -6.5919311922e-02
5.5089337900e-06 1.6149473868e+04 1.5707963268e+00 -6.8664553130e-02
5.7292170213e-06 1.6150009535e+04 1.5707963268e+00 -7.1409619505e-02
5.9494913499e-06 1.6150566638e+04 1.5707963268e+00 -7.4154503776e-02
6.1697564209e-06 1.6151145180e+04 1.5707963268e+00 -7.6899198674e-02
6.3900118796e-06 1.6151745161e+04 1.5707963268e+00 -7.9643696933e-02
6.6102573712e-06 1.6152366583e+04 1.5707963268e+00 -8.2387991287e-02
6.8304925414e-06 1.6153009447e+04 1.5707963268e+00 -8.5132074473e-02
7.0507170359e-06 1.6153673754e+04 1.5707963268e+00 -8.7875939230e-02
7.2709305004e-06 1.6154359506e+04 1.5707963268e+00 -9.0619578299e-02
7.4911325810e-06 1.6155066704e+04 1.5707963268e+00 -9.3362984424e-02
7.7113229238e-06 1.6155795350e+04 1.5707963268e+00 -9.6106150349e-02
7.9315011753e-06 1.6156545446e+04 1.5707963268e+00 -9.8849068823e-02
8.1516669820e-06 1.6157316992e+04 1.5707963268e+00 -1.0159173260e-01
8.3718199907e-06 1.6158109991e+04 1.5707963268e+00 -1.0433413442e-01
8.5919598482e-06 1.6158924445e+04 1.5707963268e+00 -1.0707626705e-01
8.8120862017e-06 1.6159760355e+04 1.5707963268e+00 -1.0981812325e-01
9.0321986986e-06 1.6160617723e+04 1.5707963268e+00 -1.1255969577e-01
9.2522969863e-06 1.6161496551e+04 1.5707963268e+00 -1.1530097737e-01
9.4723807128e-06 1.6162396840e+04 1.5707963268e+00 -1.1804196083e-01
9.6924495259e-06 1.6163318594e+04 1.5707963268e+00 -1.2078263892e-01
9.9125030740e-06 1.6164261813e+04 1.5707963268e+00 -1.2352300439e-01
1.0132541005e-05 1.6165226499e+04 1.5707963268e+00 -1.2626305004e-01
1.0352562969e-05 1.6166212656e+04 1.5707963268e+00 -1.2900276863e-01
1.0572568613e-05 1.6167220285e+04 1.5707963268e+00 -1.3174215296e-01
1.0792557588e-05 1.6168249388e+04 1.5707963268e+00 -1.3448119579e-01
1.1012529542e-05 1.6169299967e+04 1.5707963268e+00 -1.3721988992e-01
1.1232484125e-05 1.6170372025e+04 1.5707963268e+00 -1.3995822815e-01
1.1452420988e-05 1.6171465564e+04 1.5707963268e+00 -1.4269620326e-01
1.1672339781e-05 1.6172580586e+04 1.5707963268e+00 -1.4543380805e-01
1.1892240153e-05 1.6173717095e+04 1.5707963268e+00 -1.4817103532e-01
1.2112121756e-05 1.6174875091e+04 1.5707963268e+00 -1.5090787789e-01
1.2331984241e-05 1.6176054578e+04 1.5707963268e+00 -1.5364432855e-01
1.2551827259e-05 1.6177255558e+04 1.5707963268e+00 -1.5638038013e-01
1.2771650463e-05 1.6178478034e+04 1.5707963268e+00 -1.5911602543e-01
1.2991453503e-05 1.6179722008e+04 1.5707963268e+00 -1.6185125728e-01
1.3211236032e-05 1.6180987484e+04 1.5707963268e+00 -1.6458606851e-01
1.3430997703e-05 1.6182274463e+04 1.5707963268e+00 -1.6732045193e-01
1.3650738169e-05 1.6183582949e+04 1.5707963268e+00 -1.7005440039e-01
1.3870457083e-05 1.6184912944e+04 1.5707963268e+00 -1.7278790671e-01
1.4090154098e-05 1.6186264451e+04 1.5707963268e+00 -1.7552096375e-01
1.4309828868e-05 1.6187637474e+04 1.5707963268e+00 -1.7825356435e-01
1.4529481048e-05 1.6189032014e+04 1.5707963268e+00 -1.8098570135e-01
1.4749110292e-05 1.6190448075e+04 1.5707963268e+00 -1.8371736761e-01
1.4968716256e-05 1.6191885661e+04 1.5707963268e+00 -1.8644855599e-01
1.5188298593e-05 1.6193344773e+04 1.5707963268e+00 -1.8917925936e-01
1.5407856961e-05 1.6194825415e+04 1.5707963268e+00 -1.9190947058e-01
1.5627391014e-05 1.6196327591e+04 1.5707963268e+00 -1.9463918252e-01
1.5846900410e-05 1.6197851303e+04 1.5707963268e+00 -1.9736838807e-01
1.6066384805e-05 1.6199396554e+04 1.5707963268e+00 -2.0009708010e-01
1.6285843856e-05 1.6200963349e+04 1.5707963268e+00 -2.0282525151e-01
1.6505277221e-05 1.6202551690e+04 1.5707963268e+00 -2.0555289518e-01
1.6724684558e-05 1.6204161580e+04 1.5707963268e+00 -2.0828000401e-01
1.6944065525e-05 1.6205793023e+04 1.5707963268e+00 -2.1100657092e-01
1.7163419780e-05 1.6207446022e+04 1.5707963268e+00 -2.1373258880e-01
1.7382746982e-05 1.6209120582e+04 1.5707963268e+00 -2.1645805056e-01
1.7602046793e-05 1.6210816704e+04 1.5707963268e+00 -2.1918294914e-01
1.7821318870e-05 1.6212534393e+04 1.5707963268e+00 -2.2190727745e-01
1.8040562874e-05 1.6214273653e+04 1.5707963268e+00 -2.2463102842e-01
1.8259778467e-05 1.6216034487e+04 1.5707963268e+00 -2.2735419500e-01
1.8478965310e-05 1.6217816898e+04 1.5707963268e+00 -2.3007677011e-01
1.8698123063e-05 1.6219620891e+04 1.5707963268e+00 -2.3279874671e-01
1.8917251390e-05 1.6221446469e+04 1.5707963268e+00 -2.3552011775e-01
1.9136349952e-05 1.6223293635e+04 1.5707963268e+00 -2.3824087619e-01
1.9355418413e-05 1.6225162395e+04 1.5707963268e+00 -2.4096101500e-01
1.9574456436e-05 1.6227052751e+04 1.5707963268e+00 -2.4368052714e-01
1.9793463685e-05 1.6228964707e+04 1.5707963268e+00 -2.4639940559e-01
2.0012439825e-05 1.6230898268e+04 1.5707963268e+00 -2.4911764334e-01
2.0231384519e-05 1.6232853437e+04 1.5707963268e+00 -2.5183523337e-01
2.0450297434e-05 1.6234830219e+04 1.5707963268e+00 -2.5455216868e-01
2.0669178235e-05 1.6236828616e+04 1.5707963268e+00 -2.5726844227e-01
2.0888026589e-05 1.6238848635e+04 1.5707963268e+00 -2.5998404715e-01
2.1106842161e-05 1.6240890277e+04 1.5707963268e+00 -2.6269897634e-01
2.1325624621e-05 1.6242953549e+04 1.5707963268e+00 -2.6541322286e-01
2.1544373634e-05 1.6245038453e+04 1.5707963268e+00 -2.6812677973e-01
2.1763088870e-05 1.6247144994e+04 1.5707963268e+00 -2.7083963999e-01
2.1981769997e-05 1.6249273177e+04 1.5707963268e+00 -2.7355179667e-01
2.2200416684e-05 1.6251423006e+04 1.5707963268e+00 -2.7626324284e-01
2.2419028602e-05 1.6253594484e+04 1.5707963268e+00 -2.7897397155e-01
2.2637605420e-05 1.6255787617e+04 1.5707963268e+00 -2.8168397585e-01
2.2856146810e-05 1.6258002408e+04 1.5707963268e+00 -2.8439324882e-01
2.3074652442e-05 1.6260238862e+04 1.5707963268e+00 -2.8710178353e-01
2.3293121989e-05 1.6262496985e+04 1.5707963268e+00 -2.8980957306e-01
2.3511555123e-05 1.6264776779e+04 1.5707963268e+00 -2.9251661052e-01
2.3729951517e-05 1.6267078249e+04 1.5707963268e+00 -2.9522288899e-01
2.3948310845e-05 1.6269401401e+04 1.5707963268e+00 -2.9792840158e-01
2.4166632780e-05 1.6271746239e+04 1.5707963268e+00 -3.0063314141e-01
2.4384916998e-05 1.6274112767e+04 1.5707963268e+00 -3.0333710159e-01
2.4603163173e-05 1.6276500991e+04 1.5707963268e+00 -3.0604027526e-01
2.4821370982e-05 1.6278910913e+04 1.5707963268e+00 -3.0874265554e-01
2.5039540100e-05 1.6281342541e+04 1.5707963268e+00 -3.1144423559e-01
2.5257670205e-05 1.6283795877e+04 1.5707963268e+00 -3.1414500856e-01
2.5475760974e-05 1.6286270928e+04 1.5707963268e+00 -3.1684496759e-01
2.5693812086e-05 1.6288767698e+04 1.5707963268e+00 -3.1954410587e-01
2.5911823218e-05 1.6291286191e+04 1.5707963268e+00 -3.2224241657e-01
2.6129794051e-05 1.6293826412e+04 1.5707963268e+00 -3.2493989286e-01
2.6347724264e-05 1.6296388367e+04 1.5707963268e+00 -3.2763652794e-01
2.6565613537e-05 1.6298972061e+04 1.5707963268e+00 -3.3033231502e-01
2.6783461552e-05 1.6301577498e+04 1.5707963268e+00 -3.3302724730e-01
2.7001267991e-05 1.6304204683e+04 1.5707963268e+00 -3.3572131798e-01
2.7219032535e-05 1.6306853622e+04 1.5707963268e+00 -3.3841452031e-01
2.7436754869e-05 1.6309524319e+04 1.5707963268e+00 -3.4110684752e-01
2.7654434675e-05 1.6312216779e+04 1.5707963268e+00 -3.4379829283e-01
2.7872071637e-05 1.6314931008e+04 1.5707963268e+00 -3.4648884951e-01
2.8089665441e-05 1.6317667011e+04 1.5707963268e+00 -3.4917851082e-01
2.8307215772e-05 1.6320424793e+04 1.5707963268e+00 -3.5186727001e-01
2.8524722315e-05 1.6323204358e+04 1.5707963268e+00 -3.5455512037e-01
2.8742184759e-05 1.6326005714e+04 1.5707963268e+00 -3.5724205519e-01
2.8959602790e-05 1.6328828863e+04 1.5707963268e+00 -3.5992806775e-01
2.9176976097e-05 1.6331673813e+04 1.5707963268e+00 -3.6261315137e-01
2.9394304368e-05 1.6334540567e+04 1.5707963268e+00 -3.6529729935e-01
2.9611587292e-05 1.6337429133e+04 1.5707963268e+00 -3.6798050501e-01
2.9828824560e-05 1.6340339513e+04 1.5707963268e+00 -3.7066276169e-01
3.0046015863e-05 1.6343271715e+04 1.5707963268e+00 -3.7334406272e-01
3.0263160891e-05 1.6346225744e+04 1.5707963268e+00 -3.7602440146e-01
3.0480259338e-05 1.6349201604e+04 1.5707963268e+00 -3.7870377126e-01
3.0697310895e-05 1.6352199302e+04 1.5707963268e+00 -3.8138216549e-01
3.0914315257e-05 1.6355218843e+04 1.5707963268e+00 -3.8405957753e-01
3.1131272118e-05 1.6358260232e+04 1.5707963268e+00 -3.8673600077e-01
3.1348181171e-05 1.6361323475e+04 1.5707963268e+00 -3.8941142860e-01
3.1565042114e-05 1.6364408578e+04 1.5707963268e+00 -3.9208585443e-01
3.1781854643e-05 1.6367515545e+04 1.5707963268e+00 -3.9475927168e-01
3.1998618453e-05 1.6370644383e+04 1.5707963268e+00 -3.9743167378e-01
3.2215333244e-05 1.6373795097e+04 1.5707963268e+00 -4.0010305415e-01
3.2431998713e-05 1.6376967693e+04 1.5707963268e+00 -4.0277340625e-01
3.2648614560e-05 1.6380162176e+04 1.5707963268e+00 -4.0544272353e-01
3.2865180484e-05 1.6383378553e+04 1.5707963268e+00 -4.0811099945e-01
3.3081696187e-05 1.6386616828e+04 1.5707963268e+00 -4.1077822751e-01
3.3298161369e-05 1.6389877007e+04 1.5707963268e+00 -4.1344440117e-01
3.3514575733e-05 1.6393159097e+04 1.5707963268e+00 -4.1610951395e-01
3.3730938981e-05 1.6396463103e+04 1.5707963268e+00 -4.1877355934e-01
3.3947250818e-05 1.6399789030e+04 1.5707963268e+00 -4.2143653087e-01
3.4163510946e-05 1.6403136885e+04 1.5707963268e+00 -4.2409842206e-01
3.4379719072e-05 1.6406506673e+04 1.5707963268e+00 -4.2675922645e-01
3.4595874902e-05 1.6409898400e+04 1.5707963268e+00 -4.2941893759e-01
3.4811978141e-05 1.6413312072e+04 1.5707963268e+00 -4.3207754905e-01
3.5028028497e-05 1.6416747694e+04 1.5707963268e+00 -4.3473505439e-01
3.5244025679e-05 1.6420205274e+04 1.5707963268e+00 -4.3739144720e-01
3.5459969394e-05 1.6423684815e+04 1.5707963268e+00 -4.4004672106e-01
3.5675859354e-05 1.6427186325e+04 1.5707963268e+00 -4.4270086959e-01
3.5891695268e-05 1.6430709810e+04 1.5707963268e+00 -4.4535388640e-01
3.6107476847e-05 1.6434255274e+04 1.5707963268e+00 -4.4800576511e-01
3.6323203804e-05 1.6437822725e+04 1.5707963268e+00 -4.5065649936e-01
3.6538875851e-05 1.6441412168e+04 1.5707963268e+00 -4.5330608279e-01
3.6754492703e-05 1.6445023609e+04 1.5707963268e+00 -4.5595450908e-01
3.6970054072e-05 1.6448657054e+04 1.5707963268e+00 -4.5860177189e-01
3.7185559675e-05 1.6452312509e+04 1.5707963268e+00 -4.6124786489e-01
3.7401009227e-05 1.6455989980e+04 1.5707963268e+00 -4.6389278179e-01
3.7616402445e-05 1.6459689473e+04 1.5707963268e+00 -4.6653651629e-01
3.7831739047e-05 1.6463410994e+04 1.5707963268e+00 -4.6917906211e-01
3.8047018751e-05 1.6467154550e+04 1.5707963268e+00 -4.7182041298e-01
3.8262241277e-05 1.6470920145e+04 1.5707963268e+00 -4.7446056263e-01
3.8477406344e-05 1.6474707787e+04 1.5707963268e+00 -4.7709950481e-01
3.8692513673e-05 1.6478517482e+04 1.5707963268e+00 -4.7973723330e-01
3.8907562987e-05 1.6482349234e+04 1.5707963268e+00 -4.8237374187e-01
3.9122554006e-05 1.6486203052e+04 1.5707963268e+00 -4.8500902430e-01
3.9337486456e-05 1.6490078940e+04 1.5707963268e+00 -4.8764307439e-01
3.9552360059e-05 1.6493976905e+04 1.5707963268e+00 -4.9027588596e-01
3.9767174542e-05 1.6497896952e+04 1.5707963268e+00 -4.9290745283e-01
3.9981929629e-05 1.6501839089e+04 1.5707963268e+00 -4.9553776883e-01
4.0196625048e-05 1.6505803321e+04 1.5707963268e+00 -4.9816682782e-01
4.0411260526e-05 1.6509789654e+04 1.5707963268e+00 -5.0079462365e-01
4.0625835792e-05 1.6513798095e+04 1.5707963268e+00 -5.0342115019e-01
4.0840350574e-05 1.6517828649e+04 1.5707963268e+00 -5.0604640134e-01
4.1054804603e-05 1.6521881324e+04 1.5707963268e+00 -5.0867037099e-01
4.1269197610e-05 1.6525956124e+04 1.5707963268e+00 -5.1129305305e-01
4.1483529326e-05 1.6530053057e+04 1.5707963268e+00 -5.1391444144e-01
4.1697799485e-05 1.6534172127e+04 1.5707963268e+00 -5.1653453010e-01
4.1912007820e-05 1.6538313343e+04 1.5707963268e+00 -5.1915331298e-01
4.2126154065e-05 1.6542476709e+04 1.5707963268e+00 -5.2177078404e-01
4.2340237955e-05 1.6546662232e+04 1.5707963268e+00 -5.2438693725e-01
4.2554259228e-05 1.6550869919e+04 1.5707963268e+00 -5.2700176659e-01
4.2768217619e-05 1.6555099774e+04 1.5707963268e+00 -5.2961526608e-01
4.2982112867e-05 1.6559351806e+04 1.5707963268e+00 -5.3222742972e-01
4.3195944710e-05 1.6563626019e+04 1.5707963268e+00 -5.3483825153e-01
4.3409712889e-05 1.6567922420e+04 1.5707963268e+00 -5.3744772556e-01
4.3623417144e-05 1.6572241016e+04 1.5707963268e+00 -5.4005584587e-01
4.3837057216e-05 1.6576581812e+04 1.5707963268e+00 -5.4266260650e-01
4.4050632848e-05 1.6580944814e+04 1.5707963268e+00 -5.4526800155e-01
4.4264143783e-05 1.6585330030e+04 1.5707963268e+00 -5.4787202510e-01
4.4477589765e-05 1.6589737464e+04 1.5707963268e+00 -5.5047467127e-01
4.4690970540e-05 1.6594167124e+04 1.5707963268e+00 -5.5307593417e-01
4.4904285853e-05 1.6598619016e+04 1.5707963268e+00 -5.5567580792e-01
4.5117535451e-05 1.6603093145e+04 1.5707963268e+00 -5.5827428669e-01
4.5330719082e-05 1.6607589519e+04 1.5707963268e+00 -5.6087136463e-01
4.5543836496e-05 1.6612108142e+04 1.5707963268e+00 -5.6346703591e-01
4.5756887440e-05 1.6616649023e+04 1.5707963268e+00 -5.6606129472e-01
4.5969871667e-05 1.6621212165e+04 1.5707963268e+00 -5.6865413526e-01
4.6182788927e-05 1.6625797577e+04 1.5707963268e+00 -5.7124555174e-01
4.6395638974e-05 1.6630405263e+04 1.5707963268e+00 -5.7383553840e-01
4.6608421559e-05 1.6635035231e+04 1.5707963268e+00 -5.7642408948e-01
4.6821136438e-05 1.6639687487e+04 1.5707963268e+00 -5.7901119924e-01
4.7033783366e-05 1.6644362036e+04 1.5707963268e+00 -5.8159686194e-01
4.7246362099e-05 1.6649058885e+04 1.5707963268e+00 -5.8418107187e-01
4.7458872393e-05 1.6653778040e+04 1.5707963268e+00 -5.8676382333e-01
4.7671314008e-05 1.6658519507e+04 1.5707963268e+00 -5.8934511064e-01
4.7883686701e-05 1.6663283292e+04 1.5707963268e+00 -5.9192492812e-01
4.8095990233e-05 1.6668069402e+04 1.5707963268e+00 -5.9450327012e-01
4.8308224365e-05 1.6672877843e+04 1.5707963268e+00 -5.9708013099e-01
4.8520388858e-05 1.6677708620e+04 1.5707963268e+00 -5.9965550510e-01
4.8732483475e-05 1.6682561741e+04 1.5707963268e+00 -6.0222938684e-01
4.8944507980e-05 1.6687437211e+04 1.5707963268e+00 -6.0480177061e-01
4.9156462137e-05 1.6692335035e+04 1.5707963268e+00 -6.0737265082e-01
4.9368345712e-05 1.6697255222e+04 1.5707963268e+00 -6.0994202191e-01
4.9580158472e-05 1.6702197775e+04 1.5707963268e+00 -6.1250987831e-01
4.9791900183e-05 1.6707162702e+04 1.5707963268e+00 -6.1507621450e-01
5.0003570615e-05 1.6712150009e+04 1.5707963268e+00 -6.1764102494e-01
5.0215169537e-05 1.6717159702e+04 1.5707963268e+00 -6.2020430411e-01
5.0426696718e-05 1.6722191786e+04 1.5707963268e+00 -6.2276604654e-01
5.0638151932e-05 1.6727246268e+04 1.5707963268e+00 -6.2532624672e-01
5.0849534949e-05 1.6732323154e+04 1.5707963268e+00 -6.2788489921e-01
5.1060845543e-05 1.6737422450e+04 1.5707963268e+00 -6.3044199854e-01
5.1272083489e-05 1.6742544161e+04 1.5707963268e+00 -6.3299753928e-01
5.1483248561e-05 1.6747688295e+04 1.5707963268e+00 -6.3555151601e-01
5.1694340535e-05 1.6752854856e+04 1.5707963268e+00 -6.3810392333e-01
5.1905359190e-05 1.6758043852e+04 1.5707963268e+00 -6.4065475585e-01
5.2116304303e-05 1.6763255287e+04 1.5707963268e+00 -6.4320400818e-01
5.2327175653e-05 1.6768489168e+04 1.5707963268e+00 -6.4575167497e-01
5.2537973020e-05 1.6773745500e+04 1.5707963268e+00 -6.4829775089e-01
5.2748696185e-05 1.6779024290e+04 1.5707963268e+00 -6.5084223059e-01
5.2959344931e-05 1.6784325544e+04 1.5707963268e+00 -6.5338510877e-01
5.3169919041e-05 1.6789649267e+04 1.5707963268e+00 -6.5592638013e-01
5.3380418297e-05 1.6794995465e+04 1.5707963268e+00 -6.5846603938e-01
5.3590842487e-05 1.6800364145e+04 1.5707963268e+00 -6.6100408127e-01
5.3801191395e-05 1.6805755311e+04 1.5707963268e+00 -6.6354050054e-01
5.4011464809e-05 1.6811168970e+04 1.5707963268e+00 -6.6607529196e-01
5.4221662516e-05 1.6816605127e+04 1.5707963268e+00 -6.6860845030e-01
5.4431784306e-05 1.6822063789e+04 1.5707963268e+00 -6.7113997037e-01
5.4641829969e-05 1.6827544961e+04 1.5707963268e+00 -6.7366984699e-01
5.4851799295e-05 1.6833048648e+04 1.5707963268e+00 -6.7619807497e-01
5.5061692077e-05 1.6838574857e+04 1.5707963268e+00 -6.7872464916e-01
5.5271508108e-05 1.6844123594e+04 1.5707963268e+00 -6.8124956443e-01
5.5481247181e-05 1.6849694863e+04 1.5707963268e+00 -6.8377281566e-01
5.5690909092e-05 1.6855288670e+04 1.5707963268e+00 -6.8629439773e-01
5.5900493636e-05 1.6860905022e+04 1.5707963268e+00 -6.8881430555e-01
5.6110000611e-05 1.6866543923e+04 1.5707963268e+00 -6.9133253406e-01
5.6319429815e-05 1.6872205380e+04 1.5707963268e+00 -6.9384907820e-01
5.6528781046e-05 1.6877889398e+04 1.5707963268e+00 -6.9636393292e-01
5.6738054105e-05 1.6883595982e+04 1.5707963268e+00 -6.9887709320e-01
5.6947248793e-05 1.6889325138e+04 1.5707963268e+00 -7.0138855402e-01
5.7156364911e-05 1.6895076872e+04 1.5707963268e+00 -7.0389831041e-01
5.7365402263e-05 1.6900851188e+04 1.5707963268e+00 -7.0640635738e-01
5.7574360654e-05 1.6906648093e+04 1.5707963268e+00 -7.0891268997e-01
5.7783239887e-05 1.6912467591e+04 1.5707963268e+00 -7.1141730325e-01
5.7992039769e-05 1.6918309689e+04 1.5707963268e+00 -7.1392019228e-01
5.8200760108e-05 1.6924174391e+04 1.5707963268e+00 -7.1642135216e-01
5.8409400710e-05 1.6930061703e+04 1.5707963268e+00 -7.1892077799e-01
5.8617961387e-05 1.6935971630e+04 1.5707963268e+00 -7.2141846491e-01
5.8826441946e-05 1.6941904178e+04 1.5707963268e+00 -7.2391440804e-01
5.9034842201e-05 1.6947859351e+04 1.5707963268e+00 -7.2640860255e-01
5.9243161963e-05 1.6953837156e+04 1.5707963268e+00 -7.2890104362e-01
5.9451401045e-05 1.6959837596e+04 1.5707963268e+00 -7.3139172643e-01
5.9659559261e-05 1.6965860678e+04 1.5707963268e+00 -7.3388064619e-01
5.9867636427e-05 1.6971906406e+04 1.5707963268e+00 -7.3636779814e-01
6.0075632359e-05 1.6977974786e+04 1.5707963268e+00 -7.3885317750e-01
6.0283546874e-05 1.6984065823e+04 1.5707963268e+00 -7.4133677956e-01
6.0491379792e-05 1.6990179521e+04 1.5707963268e+00 -7.4381859957e-01
6.0699130930e-05 1.6996315886e+04 1.5707963268e+00 -7.4629863284e-01
6.0906800109e-05 1.7002474922e+04 1.5707963268e+00 -7.4877687467e-01
6.1114387151e-05 1.7008656636e+04 1.5707963268e+00 -7.5125332040e-01
6.1321891878e-05 1.7014861031e+04 1.5707963268e+00 -7.5372796537e-01
6.1529314114e-05 1.7021088112e+04 1.5707963268e+00 -7.5620080494e-01
6.1736653683e-05 1.7027337885e+04 1.5707963268e+00 -7.5867183450e-01
6.1943910411e-05 1.7033610354e+04 1.5707963268e+00 -7.6114104945e-01
6.2151084124e-05 1.7039905524e+04 1.5707963268e+00 -7.6360844519e-01
6.2358174650e-05 1.7046223400e+04 1.5707963268e+00 -7.6607401716e-01
6.2565181816e-05 1.7052563986e+04 1.5707963268e+00 -7.6853776082e-01
6.2772105454e-05 1.7058927287e+04 1.5707963268e+00 -7.7099967163e-01
6.2978945394e-05 1.7065313309e+04 1.5707963268e+00 -7.7345974507e-01
6.3185701466e-05 1.7071722054e+04 1.5707963268e+00 -7.7591797666e-01
6.3392373505e-05 1.7078153529e+04 1.5707963268e+00 -7.7837436190e-01
6.3598961343e-05 1.7084607738e+04 1.5707963268e+00 -7.8082889635e-01
6.3805464816e-05 1.7091084684e+04 1.5707963268e+00 -7.8328157555e-01
6.4011883759e-05 1.7097584373e+04 1.5707963268e+00 -7.8573239507e-01
6.4218218009e-05 1.7104106810e+04 1.5707963268e+00 -7.8818135052e-01
6.4424467404e-05 1.7110651997e+04 1.5707963268e+00 -7.9062843750e-01
6.4630631782e-05 1.7117219941e+04 1.5707963268e+00 -7.9307365164e-01
6.4836710985e-05 1.7123810645e+04 1.5707963268e+00 -7.9551698858e-01
6.5042704852e-05 1.7130424113e+04 1.5707963268e+00 -7.9795844399e-01
6.5248613226e-05 1.7137060349e+04 1.5707963268e+00 -8.0039801355e-01
6.5454435949e-05 1.7143719359e+04 1.5707963268e+00 -8.0283569295e-01
6.5660172866e-05 1.7150401146e+04 1.5707963268e+00 -8.0527147792e-01
6.5865823821e-05 1.7157105714e+04 1.5707963268e+00 -8.0770536418e-01
6.6071388662e-05 1.7163833067e+04 1.5707963268e+00 -8.1013734750e-01
6.6276867234e-05 1.7170583210e+04 1.5707963268e+00 -8.1256742365e-01
6.6482259386e-05 1.7177356146e+04 1.5707963268e+00 -8.1499558840e-01
6.6687564968e-05 1.7184151879e+04 1.5707963268e+00 -8.1742183758e-01
6.6892783829e-05 1.7190970414e+04 1.5707963268e+00 -8.1984616701e-01
6.7097915821e-05 1.7197811754e+04 1.5707963268e+00 -8.2226857252e-01
6.7302960796e-05 1.7204675903e+04 1.5707963268e+00 -8.2468904999e-01
6.7507918607e-05 1.7211562864e+04 1.5707963268e+00 -8.2710759529e-01
6.7712789109e-05 1.7218472642e+04 1.5707963268e+00 -8.2952420432e-01
6.7917572157e-05 1.7225405241e+04 1.5707963268e+00 -8.3193887301e-01
6.8122267607e-05 1.7232360663e+04 1.5707963268e+00 -8.3435159728e-01
6.8326875317e-05 1.7239338913e+04 1.5707963268e+00 -8.3676237308e-01
6.8531395145e-05 1.7246339994e+04 1.5707963268e+00 -8.3917119640e-01
6.8735826950e-05 1.7253363910e+04 1.5707963268e+00 -8.4157806322e-01
6.8940170594e-05 1.7260410664e+04 1.5707963268e+00 -8.4398296955e-01
6.9144425938e-05 1.7267480259e+04 1.5707963268e+00 -8.4638591142e-01
6.9348592844e-05 1.7274572700e+04 1.5707963268e+00 -8.4878688488e-01
6.9552671176e-05 1.7281687989e+04 1.5707963268e+00 -8.5118588598e-01
6.9756660798e-05 1.7288826129e+04 1.5707963268e+00 -8.5358291082e-01
6.9960561576e-05 1.7295987125e+04 1.5707963268e+00 -8.5597795549e-01
7.0164373377e-05 1.7303170979e+04 1.5707963268e+00 -8.5837101612e-01
7.0368096068e-05 1.7310377694e+04 1.5707963268e+00 -8.6076208884e-01
7.0571729518e-05 1.7317607273e+04 1.5707963268e+00 -8.6315116981e-01
7.0775273597e-05 1.7324859720e+04 1.5707963268e+00 -8.6553825521e-01
7.0978728175e-05 1.7332135038e+04 1.5707963268e+00 -8.6792334124e-01
7.1182093125e-05 1.7339433229e+04 1.5707963268e+00 -8.7030642410e-01
7.1385368319e-05 1.7346754296e+04 1.5707963268e+00 -8.7268750003e-01
7.1588553630e-05 1.7354098243e+04 1.5707963268e+00 -8.7506656528e-01
7.1791648934e-05 1.7361465072e+04 1.5707963268e+00 -8.7744361612e-01
7.1994654107e-05 1.7368854786e+04 1.5707963268e+00 -8.7981864885e-01
7.2197569024e-05 1.7376267387e+04 1.5707963268e+00 -8.8219165976e-01
7.2400393565e-05 1.7383702879e+04 1.5707963268e+00 -8.8456264518e-01
7.2603127608e-05 1.7391161264e+04 1.5707963268e+00 -8.8693160147e-01
7.2805771033e-05 1.7398642544e+04 1.5707963268e+00 -8.8929852497e-01
7.3008323721e-05 1.7406146722e+04 1.5707963268e+00 -8.9166341209e-01
7.3210785553e-05 1.7413673801e+04 1.5707963268e+00 -8.9402625921e-01
7.3413156413e-05 1.7421223782e+04 1.5707963268e+00 -8.9638706277e-01
7.3615436185e-05 1.7428796669e+04 1.5707963268e+00 -8.9874581919e-01
7.3817624753e-05 1.7436392464e+04 1.5707963268e+00 -9.0110252495e-01
7.4019722004e-05 1.7444011168e+04 1.5707963268e+00 -9.0345717651e-01
7.4221727824e-05 1.7451652784e+04 1.5707963268e+00 -9.0580977038e-01
7.4423642102e-05 1.7459317315e+04 1.5707963268e+00 -9.0816030307e-01
7.4625464726e-05 1.7467004762e+04 1.5707963268e+00 -9.1050877111e-01
7.4827195587e-05 1.7474715127e+04 1.5707963268e+00 -9.1285517106e-01
7.5028834575e-05 1.7482448412e+04 1.5707963268e+00 -9.1519949950e-01
7.5230381582e-05 1.7490204620e+04 1.5707963268e+00 -9.1754175301e-01
7.5431836502e-05 1.7497983752e+04 1.5707963268e+00 -9.1988192820e-01
7.5633199228e-05 1.7505785810e+04 1.5707963268e+00 -9.2222002172e-01
7.5834469655e-05 1.7513610795e+04 1.5707963268e+00 -9.2455603020e-01
7.6035647680e-05 1.7521458711e+04 1.5707963268e+00 -9.2688995031e-01
7.6236733199e-05 1.7529329557e+04 1.5707963268e+00 -9.2922177875e-01
7.6437726111e-05 1.7537223336e+04 1.5707963268e+00 -9.3155151222e-01
7.6638626314e-05 1.7545140049e+04 1.5707963268e+00 -9.3387914745e-01
7.6839433708e-05 1.7553079698e+04 1.5707963268e+00 -9.3620468117e-01
7.7040148194e-05 1.7561042284e+04 1.5707963268e+00 -9.3852811017e-01
7.7240769674e-05 1.7569027808e+04 1.5707963268e+00 -9.4084943121e-01
7.7441298052e-05 1.7577036273e+04 1.5707963268e+00 -9.4316864111e-01
7.7641733231e-05 1.7585067678e+04 1.5707963268e+00 -9.4548573668e-01
7.7842075115e-05 1.7593122026e+04 1.5707963268e+00 -9.4780071477e-01
7.8042323612e-05 1.7601199317e+04 1.5707963268e+00 -9.5011357224e-01
7.8242478627e-05 1.7609299553e+04 1.5707963268e+00 -9.5242430597e-01
7.8442540069e-05 1.7617422735e+04 1.5707963268e+00 -9.5473291286e-01
7.8642507846e-05 1.7625568862e+04 1.5707963268e+00 -9.5703938982e-01
7.8842381868e-05 1.7633737938e+04 1.5707963268e+00 -9.5934373379e-01
7.9042162047e-05 1.7641929961e+04 1.5707963268e+00 -9.6164594174e-01
7.9241848293e-05 1.7650144934e+04 1.5707963268e+00 -9.6394601063e-01
7.9441440520e-05 1.7658382856e+04 1.5707963268e+00 -9.6624393747e-01
7.9640938641e-05 1.7666643729e+04 1.5707963268e+00 -9.6853971927e-01
7.9840342572e-05 1.7674927553e+04 1.5707963268e+00 -9.7083335306e-01
8.0039652227e-05 1.7683234328e+04 1.5707963268e+00 -9.7312483590e-01
8.0238867523e-05 1.7691564056e+04 1.5707963268e+00 -9.7541416486e-01
8.0437988378e-05 1.7699916736e+04 1.5707963268e+00 -9.7770133703e-01
8.0637014711e-05 1.7708292369e+04 1.5707963268e+00 -9.7998634953e-01
8.0835946440e-05 1.7716690955e+04 1.5707963268e+00 -9.8226919948e-01
8.1034783487e-05 1.7725112494e+04 1.5707963268e+00 -9.8454988404e-01
8.1233525773e-05 1.7733556987e+04 1.5707963268e+00 -9.8682840037e-01
8.1432173221e-05 1.7742024433e+04 1.5707963268e+00 -9.8910474567e-01
8.1630725753e-05 1.7750514833e+04 1.5707963268e+00 -9.9137891715e-01
8.1829183294e-05 1.7759028187e+04 1.5707963268e+00 -9.9365091202e-01
8.2027545770e-05 1.7767564495e+04 1.5707963268e+00 -9.9592072755e-01
8.2225813106e-05 1.7776123756e+04 1.5707963268e+00 -9.9818836099e-01
8.2423985229e-05 1.7784705970e+04 1.5707963268e+00 -1.0004538096e+00
8.2622062069e-05 1.7793311137e+04 1.5707963268e+00 -1.0027170708e+00
8.2820043553e-05 1.7801939257e+04 1.5707963268e+00 -1.0049781418e+00
8.3017929613e-05 1.7810590329e+04 1.5707963268e+00 -1.0072370199e+00
8.3215720178e-05 1.7819264353e+04 1.5707963268e+00 -1.0094937026e+00
8.3413415181e-05 1.7827961328e+04 1.5707963268e+00 -1.0117481873e+00
8.3611014554e-05 1.7836681254e+04 1.5707963268e+00 -1.0140004712e+00
8.3808518232e-05 1.7845424129e+04 1.5707963268e+00 -1.0162505519e+00
8.4005926149e-05 1.7854189955e+04 1.5707963268e+00 -1.0184984268e+00
8.4203238241e-05 1.7862978728e+04 1.5707963268e+00 -1.0207440933e+00
8.4400454444e-05 1.7871790450e+04 1.5707963268e+00 -1.0229875490e+00
8.4597574696e-05 1.7880625118e+04 1.5707963268e+00 -1.0252287913e+00
8.4794598934e-05 1.7889482731e+04 1.5707963268e+00 -1.0274678178e+00
8.4991527100e-05 1.7898363290e+04 1.5707963268e+00 -1.0297046259e+00
8.5188359132e-05 1.7907266792e+04 1.5707963268e+00 -1.0319392132e+00
8.5385094972e-05 1.7916193236e+04 1.5707963268e+00 -1.0341715774e+00
8.5581734562e-05 1.7925142622e+04 1.5707963268e+00 -1.0364017160e+00
8.5778277845e-05 1.7934114948e+04 1.5707963268e+00 -1.0386296267e+00
8.5974724766e-05 1.7943110211e+04 1.5707963268e+00 -1.0408553070e+00
8.6171075268e-05 1.7952128412e+04 1.5707963268e+00 -1.0430787546e+00
8.6367329298e-05 1.7961169549e+04 1.5707963268e+00 -1.0452999672e+00
8.6563486802e-05 1.7970233619e+04 1.5707963268e+00 -1.0475189425e+00
8.6759547728e-05 1.7979320622e+04 1.5707963268e+00 -1.0497356782e+00
8.6955512025e-05 1.7988430555e+04 1.5707963268e+00 -1.0519501720e+00
8.7151379641e-05 1.7997563417e+04 1.5707963268e+00 -1.0541624217e+00
8.7347150527e-05 1.8006719206e+04 1.5707963268e+00 -1.0563724250e+00
8.7542824635e-05 1.8015897920e+04 1.5707963268e+00 -1.0585801798e+00
8.7738401915e-05 1.8025099557e+04 1.5707963268e+00 -1.0607856838e+00
8.7933882322e-05 1.8034324115e+04 1.5707963268e+00 -1.0629889349e+00
8.8129265810e-05 1.8043571592e+04 1.5707963268e+00 -1.0651899310e+00
8.8324552332e-05 1.8052841985e+04 1.5707963268e+00 -1.0673886698e+00
8.8519741844e-05 1.8062135293e+04 1.5707963268e+00 -1.0695851492e+00
8.8714834303e-05 1.8071451512e+04 1.5707963268e+00 -1.0717793673e+00
8.8909829667e-05 1.8080790642e+04 1.5707963268e+00 -1.0739713219e+00
8.9104727894e-05 1.8090152678e+04 1.5707963268e+00 -1.0761610109e+00
8.9299528942e-05 1.8099537619e+04 1.5707963268e+00 -1.0783484323e+00
8.9494232772e-05 1.8108945462e+04 1.5707963268e+00 -1.0805335841e+00
8.9688839345e-05 1.8118376205e+04 1.5707963268e+00 -1.0827164642e+00
8.9883348622e-05 1.8127829844e+04 1.5707963268e+00 -1.0848970708e+00
9.0077760566e-05 1.8137306376e+04 1.5707963268e+00 -1.0870754019e+00
9.0272075141e-05 1.8146805800e+04 1.5707963268e+00 -1.0892514554e+00
9.0466292311e-05 1.8156328112e+04 1.5707963268e+00 -1.0914252295e+00
9.0660412042e-05 1.8165873308e+04 1.5707963268e+00 -1.0935967223e+00
9.0854434298e-05 1.8175441386e+04 1.5707963268e+00 -1.0957659319e+00
9.1048359048e-05 1.8185032343e+04 1.5707963268e+00 -1.0979328564e+00
9.1242186259e-05 1.8194646175e+04 1.5707963268e+00 -1.1000974940e+00
9.1435915899e-05 1.8204282879e+04 1.5707963268e+00 -1.1022598429e+00
9.1629547938e-05 1.8213942452e+04 1.5707963268e+00 -1.1044199012e+00
9.1823082347e-05 1.8223624890e+04 1.5707963268e+00 -1.1065776671e+00
9.2016519097e-05 1.8233330190e+04 1.5707963268e+00 -1.1087331390e+00
9.2209858159e-05 1.8243058348e+04 1.5707963268e+00 -1.1108863149e+00
9.2403099507e-05 1.8252809360e+04 1.5707963268e+00 -1.1130371933e+00
9.2596243114e-05 1.8262583223e+04 1.5707963268e+00 -1.1151857724e+00
9.2789288955e-05 1.8272379933e+04 1.5707963268e+00 -1.1173320504e+00
9.2982237004e-05 1.8282199486e+04 1.5707963268e+00 -1.1194760258e+00
9.3175087239e-05 1.8292041879e+04 1.5707963268e+00 -1.1216176969e+00
9.3367839636e-05 1.8301907106e+04 1.5707963268e+00 -1.1237570619e+00
9.3560494174e-05 1.8311795164e+04 1.5707963268e+00 -1.1258941194e+00
9.3753050830e-05 1.8321706049e+04 1.5707963268e+00 -1.1280288676e+00
9.3945509584e-05 1.8331639756e+04 1.5707963268e+00 -1.1301613051e+00
9.4137870417e-05 1.8341596282e+04 1.5707963268e+00 -1.1322914303e+00
9.4330133309e-05 1.8351575622e+04 1.5707963268e+00 -1.1344192416e+00
9.4522298243e-05 1.8361577771e+04 1.5707963268e+00 -1.1365447374e+00
9.4714365201e-05 1.8371602725e+04 1.5707963268e+00 -1.1386679163e+00
9.4906334167e-05 1.8381650479e+04 1.5707963268e+00 -1.1407887769e+00
9.5098205125e-05 1.8391721029e+04 1.5707963268e+00 -1.1429073175e+00
9.5289978059e-05 1.8401814370e+04 1.5707963268e+00 -1.1450235369e+00
9.5481652957e-05 1.8411930497e+04 1.5707963268e+00 -1.1471374335e+00
9.5673229805e-05 1.8422069405e+04 1.5707963268e+00 -1.1492490059e+00
9.5864708590e-05 1.8432231090e+04 1.5707963268e+00 -1.1513582528e+00
9.6056089301e-05 1.8442415546e+04 1.5707963268e+00 -1.1534651727e+00
9.6247371926e-05 1.8452622767e+04 1.5707963268e+00 -1.1555697643e+00
9.6438556456e-05 1.8462852750e+04 1.5707963268e+00 -1.1576720263e+00
9.6629642881e-05 1.8473105489e+04 1.5707963268e+00 -1.1597719573e+00
9.6820631193e-05 1.8483380978e+04 1.5707963268e+00 -1.1618695561e+00
9.7011521383e-05 1.8493679212e+04 1.5707963268e+00 -1.1639648214e+00
9.7202313445e-05 1.8504000186e+04 1.5707963268e+00 -1.1660577518e+00
9.7393007372e-05 1.8514343893e+04 1.5707963268e+00 -1.1681483462e+00
9.7583603160e-05 1.8524710329e+04 1.5707963268e+00 -1.1702366033e+00
9.7774100803e-05 1.8535099488e+04 1.5707963268e+00 -1.1723225219e+00
9.7964500297e-05 1.8545511364e+04 1.5707963268e+00 -1.1744061009e+00
9.8154801639e-05 1.8555945951e+04 1.5707963268e+00 -1.1764873390e+00
9.8345004826e-05 1.8566403243e+04 1.5707963268e+00 -1.1785662351e+00
9.8535109858e-05 1.8576883235e+04 1.5707963268e+00 -1.1806427880e+00
9.8725116732e-05 1.8587385920e+04 1.5707963268e+00 -1.1827169967e+00
9.8915025449e-05 1.8597911292e+04 1.5707963268e+00 -1.1847888600e+00
9.9104836010e-05 1.8608459345e+04 1.5707963268e+00 -1.1868583769e+00
9.9294548415e-05 1.8619030072e+04 1.5707963268e+00 -1.1889255463e+00
9.9484162667e-05 1.8629623469e+04 1.5707963268e+00 -1.1909903671e+00
9.9673678768e-05 1.8640239527e+04 1.5707963268e+00 -1.1930528383e+00
9.9863096722e-05 1.8650878240e+04 1.5707963268e+00 -1.1951129589e+00
1.0005241653e-04 1.8661539603e+04 1.5707963268e+00 -1.1971707280e+00
1.0024163821e-04 1.8672223608e+04 1.5707963268e+00 -1.1992261445e+00
1.0043076175e-04 1.8682930248e+04 1.5707963268e+00 -1.2012792075e+00
1.0061978716e-04 1.8693659518e+04 1.5707963268e+00 -1.2033299160e+00
1.0080871446e-04 1.8704411409e+04 1.5707963268e+00 -1.2053782692e+00
1.0099754364e-04 1.8715185915e+04 1.5707963268e+00 -1.2074242661e+00
1.0118627472e-04 1.8725983030e+04 1.5707963268e+00 -1.2094679058e+00
1.0137490771e-04 1.8736802746e+04 1.5707963268e+00 -1.2115091876e+00
1.0156344262e-04 1.8747645056e+04 1.5707963268e+00 -1.2135481104e+00
1.0175187945e-04 1.8758509952e+04 1.5707963268e+00 -1.2155846735e+00
1.0194021823e-04 1.8769397428e+04 1.5707963268e+00 -1.2176188762e+00
1.0212845895e-04 1.8780307476e+04 1.5707963268e+00 -1.2196507175e+00
1.0231660164e-04 1.8791240089e+04 1.5707963268e+00 -1.2216801967e+00
1.0250464630e-04 1.8802195259e+04 1.5707963268e+00 -1.2237073131e+00
1.0269259296e-04 1.8813172979e+04 1.5707963268e+00 -1.2257320659e+00
1.0288044162e-04 1.8824173240e+04 1.5707963268e+00 -1.2277544544e+00
1.0306819230e-04 1.8835196036e+04 1.5707963268e+00 -1.2297744778e+00
1.0325584503e-04 1.8846241359e+04 1.5707963268e+00 -1.2317921356e+00
1.0344339980e-04 1.8857309200e+04 1.5707963268e+00 -1.2338074269e+00
1.0363085665e-04 1.8868399552e+04 1.5707963268e+00 -1.2358203512e+00
1.0381821559e-04 1.8879512406e+04 1.5707963268e+00 -1.2378309079e+00
1.0400547664e-04 1.8890647756e+04 1.5707963268e+00 -1.2398390962e+00
1.0419263982e-04 1.8901805592e+04 1.5707963268e+00 -1.2418449156e+00
1.0437970515e-04 1.8912985906e+04 1.5707963268e+00 -1.2438483656e+00
1.0456667265e-04 1.8924188690e+04 1.5707963268e+00 -1.2458494454e+00
1.0475354234e-04 1.8935413936e+04 1.5707963268e+00 -1.2478481547e+00
1.0494031424e-04 1.8946661635e+04 1.5707963268e+00 -1.2498444928e+00
1.0512698838e-04 1.8957931779e+04 1.5707963268e+00 -1.2518384593e+00
1.0531356478e-04 1.8969224360e+04 1.5707963268e+00 -1.2538300536e+00
1.0550004347e-04 1.8980539367e+04 1.5707963268e+00 -1.2558192752e+00
1.0568642447e-04 1.8991876794e+04 1.5707963268e+00 -1.2578061237e+00
1.0587270780e-04 1.9003236630e+04 1.5707963268e+00 -1.2597905987e+00
1.0605889349e-04 1.9014618868e+04 1.5707963268e+00 -1.2617726997e+00
1.0624498157e-04 1.9026023498e+04 1.5707963268e+00 -1.2637524263e+00
1.0643097206e-04 1.9037450512e+04 1.5707963268e+00 -1.2657297780e+00
1.0661686500e-04 1.9048899899e+04 1.5707963268e+00 -1.2677047546e+00
1.0680266041e-04 1.9060371652e+04 1.5707963268e+00 -1.2696773556e+00
1.0698835832e-04 1.9071865760e+04 1.5707963268e+00 -1.2716475807e+00
1.0717395877e-04 1.9083382215e+04 1.5707963268e+00 -1.2736154295e+00
1.0735946177e-04 1.9094921007e+04 1.5707963268e+00 -1.2755809019e+00
1.0754486737e-04 1.9106482127e+04 1.5707963268e+00 -1.2775439973e+00
1.0773017559e-04 1.9118065565e+04 1.5707963268e+00 -1.2795047156e+00
1.0791538646e-04 1.9129671312e+04 1.5707963268e+00 -1.2814630566e+00
1.0810050003e-04 1.9141299357e+04 1.5707963268e+00 -1.2834190199e+00
1.0828551632e-04 1.9152949693e+04 1.5707963268e+00 -1.2853726053e+00
1.0847043537e-04 1.9164622308e+04 1.5707963268e+00 -1.2873238126e+00
1.0865525720e-04 1.9176317192e+04 1.5707963268e+00 -1.2892726416e+00
1.0883998187e-04 1.9188034336e+04 1.5707963268e+00 -1.2912190921e+00
1.0902460940e-04 1.9199773731e+04 1.5707963268e+00 -1.2931631640e+00
1.0920913983e-04 1.9211535365e+04 1.5707963268e+00 -1.2951048571e+00
1.0939357319e-04 1.9223319228e+04 1.5707963268e+00 -1.2970441712e+00
1.0957790953e-04 1.9235125311e+04 1.5707963268e+00 -1.2989811063e+00
1.0976214889e-04 1.9246953603e+04 1.5707963268e+00 -1.3009156623e+00
1.0994629129e-04 1.9258804094e+04 1.5707963268e+00 -1.3028478390e+00
1.1013033679e-04 1.9270676774e+04 1.5707963268e+00 -1.3047776364e+00
1.1031428541e-04 1.9282571631e+04 1.5707963268e+00 -1.3067050544e+00
1.1049813721e-04 1.9294488656e+04 1.5707963268e+00 -1.3086300930e+00
1.1068189222e-04 1.9306427837e+04 1.5707963268e+00 -1.3105527522e+00
1.1086555049e-04 1.9318389165e+04 1.5707963268e+00 -1.3124730320e+00
1.1104911205e-04 1.9330372628e+04 1.5707963268e+00 -1.3143909323e+00
1.1123257695e-04 1.9342378216e+04 1.5707963268e+00 -1.3163064533e+00
1.1141594523e-04 1.9354405917e+04 1.5707963268e+00 -1.3182195949e+00
1.1159921694e-04 1.9366455721e+04 1.5707963268e+00 -1.3201303572e+00
1.1178239212e-04 1.9378527617e+04 1.5707963268e+00 -1.3220387402e+00
1.1196547082e-04 1.9390621593e+04 1.5707963268e+00 -1.3239447441e+00
1.1214845308e-04 1.9402737638e+04 1.5707963268e+00 -1.3258483690e+00
1.1233133894e-04 1.9414875742e+04 1.5707963268e+00 -1.3277496149e+00
1.1251412846e-04 1.9427035893e+04 1.5707963268e+00 -1.3296484820e+00
1.1269682168e-04 1.9439218079e+04 1.5707963268e+00 -1.3315449706e+00
1.1287941865e-04 1.9451422290e+04 1.5707963268e+00 -1.3334390806e+00
1.1306191942e-04 1.9463648513e+04 1.5707963268e+00 -1.3353308123e+00
1.1324432403e-04 1.9475896737e+04 1.5707963268e+00 -1.3372201659e+00
1.1342663254e-04 1.9488166950e+04 1.5707963268e+00 -1.3391071417e+00
1.1360884500e-04 1.9500459141e+04 1.5707963268e+00 -1.3409917398e+00
1.1379096144e-04 1.9512773298e+04 1.5707963268e+00 -1.3428739604e+00
1.1397298194e-04 1.9525109409e+04 1.5707963268e+00 -1.3447538039e+00
1.1415490653e-04 1.9537467463e+04 1.5707963268e+00 -1.3466312704e+00
1.1433673527e-04 1.9549847446e+04 1.5707963268e+00 -1.3485063604e+00
1.1451846821e-04 1.9562249348e+04 1.5707963268e+00 -1.3503790741e+00
1.1470010541e-04 1.9574673156e+04 1.5707963268e+00 -1.3522494117e+00
1.1488164691e-04 1.9587118858e+04 1.5707963268e+00 -1.3541173737e+00
1.1506309278e-04 1.9599586441e+04 1.5707963268e+00 -1.3559829603e+00
1.1524444306e-04 1.9612075894e+04 1.5707963268e+00 -1.3578461720e+00
1.1542569781e-04 1.9624587204e+04 1.5707963268e+00 -1.3597070091e+00
1.1560685709e-04 1.9637120359e+04 1.5707963268e+00 -1.3615654720e+00
1.1578792095e-04 1.9649675346e+04 1.5707963268e+00 -1.3634215611e+00
1.1596888944e-04 1.9662252152e+04 1.5707963268e+00 -1.3652752768e+00
1.1614976263e-04 1.9674850766e+04 1.5707963268e+00 -1.3671266196e+00
1.1633054058e-04 1.9687471173e+04 1.5707963268e+00 -1.3689755899e+00
1.1651122333e-04 1.9700113362e+04 1.5707963268e+00 -1.3708221881e+00
1.1669181095e-04 1.9712777320e+04 1.5707963268e+00 -1.3726664148e+00
1.1687230349e-04 1.9725463034e+04 1.5707963268e+00 -1.3745082704e+00
1.1705270102e-04 1.9738170491e+04 1.5707963268e+00 -1.3763477554e+00
1.1723300359e-04 1.9750899678e+04 1.5707963268e+00 -1.3781848704e+00
1.1741321127e-04 1.9763650581e+04 1.5707963268e+00 -1.3800196158e+00
1.1759332412e-04 1.9776423188e+04 1.5707963268e+00 -1.3818519923e+00
1.1777334219e-04 1.9789217486e+04 1.5707963268e+00 -1.3836820004e+00
1.1795326554e-04 1.9802033461e+04 1.5707963268e+00 -1.3855096406e+00
1.1813309425e-04 1.9814871100e+04 1.5707963268e+00 -1.3873349136e+00
1.1831282836e-04 1.9827730389e+04 1.5707963268e+00 -1.3891578199e+00
1.1849246796e-04 1.9840611316e+04 1.5707963268e+00 -1.3909783602e+00
1.1867201308e-04 1.9853513866e+04 1.5707963268e+00 -1.3927965352e+00
1.1885146381e-04 1.9866438026e+04 1.5707963268e+00 -1.3946123453e+00
1.1903082020e-04 1.9879383782e+04 1.5707963268e+00 -1.3964257914e+00
1.1921008232e-04 1.9892351122e+04 1.5707963268e+00 -1.3982368740e+00
1.1938925024e-04 1.9905340030e+04 1.5707963268e+00 -1.4000455939e+00
1.1956832401e-04 1.9918350493e+04 1.5707963268e+00 -1.4018519518e+00
1.1974730371e-04 1.9931382498e+04 1.5707963268e+00 -1.4036559483e+00
1.1992618940e-04 1.9944436030e+04 1.5707963268e+00 -1.4054575842e+00
1.2010498115e-04 1.9957511075e+04 1.5707963268e+00 -1.4072568602e+00
1.2028367902e-04 1.9970607620e+04 1.5707963268e+00 -1.4090537772e+00
1.2046228308e-04 1.9983725649e+04 1.5707963268e+00 -1.4108483357e+00
1.2064079340e-04 1.9996865150e+04 1.5707963268e+00 -1.4126405367e+00
1.2081921005e-04 2.0010026107e+04 1.5707963268e+00 -1.4144303810e+00
1.2099753310e-04 2.0023208507e+04 1.5707963268e+00 -1.4162178692e+00
1.2117576261e-04 2.0036412335e+04 1.5707963268e+00 -1.4180030023e+00
1.2135389865e-04 2.0049637576e+04 1.5707963268e+00 -1.4197857811e+00
1.2153194130e-04 2.0062884217e+04 1.5707963268e+00 -1.4215662064e+00
1.2170989062e-04 2.0076152242e+04 1.5707963268e+00 -1.4233442790e+00
1.2188774669e-04 2.0089441638e+04 1.5707963268e+00 -1.4251199999e+00
1.2206550957e-04 2.0102752388e+04 1.5707963268e+00 -1.4268933699e+00
1.2224317934e-04 2.0116084480e+04 1.5707963268e+00 -1.4286643900e+00
1.2242075606e-04 2.0129437897e+04 1.5707963268e+00 -1.4304330610e+00
1.2259823982e-04 2.0142812626e+04 1.5707963268e+00 -1.4321993838e+00
1.2277563068e-04 2.0156208650e+04 1.5707963268e+00 -1.4339633594e+00
1.2295292872e-04 2.0169625956e+04 1.5707963268e+00 -1.4357249887e+00
1.2313013401e-04 2.0183064528e+04 1.5707963268e+00 -1.4374842728e+00
1.2330724661e-04 2.0196524352e+04 1.5707963268e+00 -1.4392412124e+00
1.2348426662e-04 2.0210005411e+04 1.5707963268e+00 -1.4409958087e+00
1.2366119409e-04 2.0223507691e+04 1.5707963268e+00 -1.4427480627e+00
1.2383802911e-04 2.0237031177e+04 1.5707963268e+00 -1.4444979753e+00
1.2401477175e-04 2.0250575854e+04 1.5707963268e+00 -1.4462455475e+00
1.2419142209e-04 2.0264141705e+04 1.5707963268e+00 -1.4479907805e+00
1.2436798020e-04 2.0277728716e+04 1.5707963268e+00 -1.4497336752e+00
1.2454444615e-04 2.0291336872e+04 1.5707963268e+00 -1.4514742327e+00
1.2472082003e-04 2.0304966156e+04 1.5707963268e+00 -1.4532124540e+00
1.2489710191e-04 2.0318616553e+04 1.5707963268e+00 -1.4549483403e+00
1.2507329186e-04 2.0332288048e+04 1.5707963268e+00 -1.4566818926e+00
1.2524938998e-04 2.0345980624e+04 1.5707963268e+00 -1.4584131121e+00
1.2542539632e-04 2.0359694267e+04 1.5707963268e+00 -1.4601419998e+00
1.2560131097e-04 2.0373428960e+04 1.5707963268e+00 -1.4618685569e+00
1.2577713401e-04 2.0387184688e+04 1.5707963268e+00 -1.4635927845e+00
1.2595286552e-04 2.0400961434e+04 1.5707963268e+00 -1.4653146838e+00
1.2612850558e-04 2.0414759183e+04 1.5707963268e+00 -1.4670342560e+00
1.2630405426e-04 2.0428577919e+04 1.5707963268e+00 -1.4687515021e+00
1.2647951165e-04 2.0442417626e+04 1.5707963268e+00 -1.4704664234e+00
1.2665487783e-04 2.0456278286e+04 1.5707963268e+00 -1.4721790212e+00
1.2683015287e-04 2.0470159886e+04 1.5707963268e+00 -1.4738892965e+00
1.2700533685e-04 2.0484062407e+04 1.5707963268e+00 -1.4755972506e+00
1.2718042987e-04 2.0497985835e+04 1.5707963268e+00 -1.4773028848e+00
1.2735543199e-04 2.0511930152e+04 1.5707963268e+00 -1.4790062003e+00
1.2753034330e-04 2.0525895343e+04 1.5707963268e+00 -1.4807071983e+00
1.2770516389e-04 2.0539881390e+04 1.5707963268e+00 -1.4824058802e+00
1.2787989383e-04 2.0553888278e+04 1.5707963268e+00 -1.4841022471e+00
1.2805453321e-04 2.0567915989e+04 1.5707963268e+00 -1.4857963004e+00
1.2822908210e-04 2.0581964508e+04 1.5707963268e+00 -1.4874880414e+00
1.2840354060e-04 2.0596033818e+04 1.5707963268e+00 -1.4891774713e+00
1.2857790879e-04 2.0610123902e+04 1.5707963268e+00 -1.4908645916e+00
1.2875218674e-04 2.0624234743e+04 1.5707963268e+00 -1.4925494035e+00
1.2892637455e-04 2.0638366324e+04 1.5707963268e+00 -1.4942319083e+00
1.2910047230e-04 2.0652518630e+04 1.5707963268e+00 -1.4959121075e+00
1.2927448007e-04 2.0666691642e+04 1.5707963268e+00 -1.4975900023e+00
1.2944839794e-04 2.0680885344e+04 1.5707963268e+00 -1.4992655942e+00
1.2962222601e-04 2.0695099720e+04 1.5707963268e+00 -1.5009388845e+00
1.2979596435e-04 2.0709334751e+04 1.5707963268e+00 -1.5026098747e+00
1.2996961306e-04 2.0723590421e+04 1.5707963268e+00 -1.5042785661e+00
1.3014317221e-04 2.0737866713e+04 1.5707963268e+00 -1.5059449601e+00
1.3031664190e-04 2.0752163610e+04 1.5707963268e+00 -1.5076090582e+00
1.3049002222e-04 2.0766481094e+04 1.5707963268e+00 -1.5092708619e+00
1.3066331323e-04 2.0780819149e+04 1.5707963268e+00 -1.5109303724e+00
1.3083651505e-04 2.0795177756e+04 1.5707963268e+00 -1.5125875914e+00
1.3100962774e-04 2.0809556899e+04 1.5707963268e+00 -1.5142425203e+00
1.3118265141e-04 2.0823956561e+04 1.5707963268e+00 -1.5158951605e+00
1.3135558613e-04 2.0838376723e+04 1.5707963268e+00 -1.5175455135e+00
1.3152843199e-04 2.0852817368e+04 1.5707963268e+00 -1.5191935809e+00
1.3170118909e-04 2.0867278479e+04 1.5707963268e+00 -1.5208393641e+00
1.3187385750e-04 2.0881760038e+04 1.5707963268e+00 -1.5224828646e+00
1.3204643733e-04 2.0896262028e+04 1.5707963268e+00 -1.5241240841e+00
1.3221892866e-04 2.0910784430e+04 1.5707963268e+00 -1.5257630239e+00
1.3239133157e-04 2.0925327228e+04 1.5707963268e+00 -1.5273996857e+00
1.3256364616e-04 2.0939890403e+04 1.5707963268e+00 -1.5290340710e+00
1.3273587252e-04 2.0954473938e+04 1.5707963268e+00 -1.5306661813e+00
1.3290801073e-04 2.0969077815e+04 1.5707963268e+00 -1.5322960183e+00
1.3308006089e-04 2.0983702016e+04 1.5707963268e+00 -1.5339235835e+00
1.3325202309e-04 2.0998346522e+04 1.5707963268e+00 -1.5355488786e+00
1.3342389741e-04 2.1013011317e+04 1.5707963268e+00 -1.5371719050e+00
1.3359568395e-04 2.1027696381e+04 1.5707963268e+00 -1.5387926645e+00
1.3376738280e-04 2.1042401697e+04 1.5707963268e+00 -1.5404111586e+00
1.3393899405e-04 2.1057127248e+04 1.5707963268e+00 -1.5420273890e+00
1.3411051779e-04 2.1071873013e+04 1.5707963268e+00 -1.5436413574e+00
1.3428195411e-04 2.1086638977e+04 1.5707963268e+00 -1.5452530652e+00
1.3445330310e-04 2.1101425119e+04 1.5707963268e+00 -1.5468625143e+00
1.3462456487e-04 2.1116231423e+04 1.5707963268e+00 -1.5484697063e+00
1.3479573949e-04 2.1131057869e+04 1.5707963268e+00 -1.5500746428e+00
1.3496682706e-04 2.1145904439e+04 1.5707963268e+00 -1.5516773255e+00
1.3513782767e-04 2.1160771116e+04 1.5707963268e+00 -1.5532777562e+00
1.3530874143e-04 2.1175657879e+04 1.5707963268e+00 -1.5548759365e+00
1.3547956841e-04 2.1190564712e+04 1.5707963268e+00 -1.5564718682e+00
1.3565030871e-04 2.1205491595e+04 1.5707963268e+00 -1.5580655529e+00
1.3582096243e-04 2.1220438511e+04 1.5707963268e+00 -1.5596569924e+00
1.3599152965e-04 2.1235405439e+04 1.5707963268e+00 -1.5612461884e+00
1.3616201048e-04 2.1250392362e+04 1.5707963268e+00 -1.5628331426e+00
1.3633240501e-04 2.1265399261e+04 1.5707963268e+00 -1.5644178569e+00
1.3650271333e-04 2.1280426118e+04 1.5707963268e+00 -1.5660003329e+00
1.3667293553e-04 2.1295472913e+04 1.5707963268e+00 -1.5675805724e+00
1.3684307172e-04 2.1310539627e+04 1.5707963268e+00 -1.5691585773e+00
1.3701312197e-04 2.1325626243e+04 1.5707963268e+00 -1.5707343493e+00
1.3718308640e-04 2.1340732741e+04 1.5707963268e+00 -1.5723078902e+00
1.3735296509e-04 2.1355859102e+04 1.5707963268e+00 -1.5738792017e+00
1.3752275814e-04 2.1371005306e+04 1.5707963268e+00 -1.5754482858e+00
1.3769246565e-04 2.1386171337e+04 1.5707963268e+00 -1.5770151442e+00
1.3786208771e-04 2.1401357173e+04 1.5707963268e+00 -1.5785797787e+00
1.3803162441e-04 2.1416562797e+04 1.5707963268e+00 -1.5801421912e+00
1.3820107585e-04 2.1431788188e+04 1.5707963268e+00 -1.5817023835e+00
1.3837044213e-04 2.1447033329e+04 1.5707963268e+00 -1.5832603575e+00
1.3853972335e-04 2.1462298199e+04 1.5707963268e+00 -1.5848161150e+00
1.3870891960e-04 2.1477582780e+04 1.5707963268e+00 -1.5863696579e+00
1.3887803097e-04 2.1492887052e+04 1.5707963268e+00 -1.5879209880e+00
1.3904705756e-04 2.1508210996e+04 1.5707963268e+00 -1.5894701073e+00
1.3921599948e-04 2.1523554593e+04 1.5707963268e+00 -1.5910170176e+00
1.3938485681e-04 2.1538917824e+04 1.5707963268e+00 -1.5925617209e+00
1.3955362966e-04 2.1554300668e+04 1.5707963268e+00 -1.5941042189e+00
1.3972231812e-04 2.1569703107e+04 1.5707963268e+00 -1.5956445137e+00
1.3989092229e-04 2.1585125122e+04 1.5707963268e+00 -1.5971826072e+00
1.4005944227e-04 2.1600566692e+04 1.5707963268e+00 -1.5987185012e+00
1.4022787814e-04 2.1616027798e+04 1.5707963268e+00 -1.6002521977e+00
1.4039623003e-04 2.1631508421e+04 1.5707963268e+00 -1.6017836987e+00
1.4056449801e-04 2.1647008541e+04 1.5707963268e+00 -1.6033130060e+00
1.4073268218e-04 2.1662528138e+04 1.5707963268e+00 -1.6048401217e+00
1.4090078266e-04 2.1678067194e+04 1.5707963268e+00 -1.6063650477e+00
1.4106879953e-04 2.1693625687e+04 1.5707963268e+00 -1.6078877859e+00
1.4123673289e-04 2.1709203599e+04 1.5707963268e+00 -1.6094083384e+00
1.4140458284e-04 2.1724800910e+04 1.5707963268e+00 -1.6109267071e+00
1.4157234948e-04 2.1740417600e+04 1.5707963268e+00 -1.6124428941e+00
1.4174003292e-04 2.1756053649e+04 1.5707963268e+00 -1.6139569012e+00
1.4190763324e-04 2.1771709037e+04 1.5707963268e+00 -1.6154687305e+00
1.4207515054e-04 2.1787383745e+04 1.5707963268e+00 -1.6169783841e+00
1.4224258494e-04 2.1803077753e+04 1.5707963268e+00 -1.6184858639e+00
1.4240993651e-04 2.1818791040e+04 1.5707963268e+00 -1.6199911719e+00
1.4257720538e-04 2.1834523587e+04 1.5707963268e+00 -1.6214943102e+00
1.4274439163e-04 2.1850275373e+04 1.5707963268e+00 -1.6229952808e+00
1.4291149536e-04 2.1866046380e+04 1.5707963268e+00 -1.6244940858e+00
1.4307851667e-04 2.1881836586e+04 1.5707963268e+00 -1.6259907271e+00
1.4324545567e-04 2.1897645972e+04 1.5707963268e+00 -1.6274852069e+00
1.4341231246e-04 2.1913474517e+04 1.5707963268e+00 -1.6289775272e+00
1.4357908712e-04 2.1929322202e+04 1.5707963268e+00 -1.6304676901e+00
1.4374577977e-04 2.1945189006e+04 1.5707963268e+00 -1.6319556977e+00
1.4391239051e-04 2.1961074910e+04 1.5707963268e+00 -1.6334415519e+00
1.4407891943e-04 2.1976979892e+04 1.5707963268e+00 -1.6349252550e+00
1.4424536663e-04 2.1992903933e+04 1.5707963268e+00 -1.6364068090e+00
1.4441173222e-04 2.2008847012e+04 1.5707963268e+00 -1.6378862159e+00
1.4457801630e-04 2.2024809109e+04 1.5707963268e+00 -1.6393634780e+00
1.4474421896e-04 2.2040790205e+04 1.5707963268e+00 -1.6408385973e+00
1.4491034032e-04 2.2056790277e+04 1.5707963268e+00 -1.6423115759e+00
1.4507638046e-04 2.2072809307e+04 1.5707963268e+00 -1.6437824159e+00
1.4524233949e-04 2.2088847274e+04 1.5707963268e+00 -1.6452511195e+00
1.4540821751e-04 2.2104904156e+04 1.5707963268e+00 -1.6467176888e+00
1.4557401462e-04 2.2120979935e+04 1.5707963268e+00 -1.6481821259e+00
1.4573973092e-04 2.2137074589e+04 1.5707963268e+00 -1.6496444331e+00
1.4590536653e-04 2.2153188098e+04 1.5707963268e+00 -1.6511046123e+00
1.4607092152e-04 2.2169320441e+04 1.5707963268e+00 -1.6525626658e+00
1.4623639602e-04 2.2185471599e+04 1.5707963268e+00 -1.6540185958e+00
1.4640179011e-04 2.2201641549e+04 1.5707963268e+00 -1.6554724044e+00
1.4656710390e-04 2.2217830272e+04 1.5707963268e+00 -1.6569240937e+00
1.4673233750e-04 2.2234037747e+04 1.5707963268e+00 -1.6583736660e+00
1.4689749100e-04 2.2250263954e+04 1.5707963268e+00 -1.6598211234e+00
1.4706256451e-04 2.2266508871e+04 1.5707963268e+00 -1.6612664681e+00
1.4722755813e-04 2.2282772479e+04 1.5707963268e+00 -1.6627097024e+00
1.4739247195e-04 2.2299054756e+04 1.5707963268e+00 -1.6641508283e+00
1.4755730609e-04 2.2315355681e+04 1.5707963268e+00 -1.6655898482e+00
1.4772206064e-04 2.2331675235e+04 1.5707963268e+00 -1.6670267641e+00
1.4788673571e-04 2.2348013395e+04 1.5707963268e+00 -1.6684615784e+00
1.4805133140e-04 2.2364370142e+04 1.5707963268e+00 -1.6698942933e+00
1.4821584780e-04 2.2380745455e+04 1.5707963268e+00 -1.6713249108e+00
1.4838028503e-04 2.2397139312e+04 1.5707963268e+00 -1.6727534334e+00
1.4854464319e-04 2.2413551693e+04 1.5707963268e+00 -1.6741798632e+00
1.4870892238e-04 2.2429982576e+04 1.5707963268e+00 -1.6756042025e+00
1.4887312269e-04 2.2446431942e+04 1.5707963268e+00 -1.6770264534e+00
1.4903724424e-04 2.2462899769e+04 1.5707963268e+00 -1.6784466183e+00
1.4920128713e-04 2.2479386037e+04 1.5707963268e+00 -1.6798646994e+00
1.4936525145e-04 2.2495890723e+04 1.5707963268e+00 -1.6812806989e+00
1.4952913731e-04 2.2512413808e+04 1.5707963268e+00 -1.6826946192e+00
1.4969294482e-04 2.2528955270e+04 1.5707963268e+00 -1.6841064624e+00
1.4985667408e-04 2.2545515088e+04 1.5707963268e+00 -1.6855162308e+00
1.5002032518e-04 2.2562093241e+04 1.5707963268e+00 -1.6869239268e+00
1.5018389824e-04 2.2578689709e+04 1.5707963268e+00 -1.6883295525e+00
1.5034739335e-04 2.2595304470e+04 1.5707963268e+00 -1.6897331103e+00
1.5051081062e-04 2.2611937502e+04 1.5707963268e+00 -1.6911346025e+00
1.5067415016e-04 2.2628588786e+04 1.5707963268e+00 -1.6925340313e+00
1.5083741205e-04 2.2645258299e+04 1.5707963268e+00 -1.6939313991e+00
1.5100059642e-04 2.2661946021e+04 1.5707963268e+00 -1.6953267080e+00
1.5116370335e-04 2.2678651930e+04 1.5707963268e+00 -1.6967199606e+00
1.5132673296e-04 2.2695376005e+04 1.5707963268e+00 -1.6981111589e+00
1.5148968534e-04 2.2712118226e+04 1.5707963268e+00 -1.6995003055e+00
1.5165256061e-04 2.2728878571e+04 1.5707963268e+00 -1.7008874025e+00
1.5181535886e-04 2.2745657018e+04 1.5707963268e+00 -1.7022724523e+00
1.5197808019e-04 2.2762453546e+04 1.5707963268e+00 -1.7036554572e+00
1.5214072472e-04 2.2779268135e+04 1.5707963268e+00 -1.7050364195e+00
1.5230329253e-04 2.2796100762e+04 1.5707963268e+00 -1.7064153417e+00
1.5246578375e-04 2.2812951407e+04 1.5707963268e+00 -1.7077922259e+00
1.5262819846e-04 2.2829820049e+04 1.5707963268e+00 -1.7091670746e+00
1.5279053677e-04 2.2846706665e+04 1.5707963268e+00 -1.7105398900e+00
1.5295279879e-04 2.2863611235e+04 1.5707963268e+00 -1.7119106746e+00
1.5311498463e-04 2.2880533737e+04 1.5707963268e+00 -1.7132794307e+00
1.5327709437e-04 2.2897474150e+04 1.5707963268e+00 -1.7146461606e+00
1.5343912813e-04 2.2914432452e+04 1.5707963268e+00 -1.7160108666e+00
1.5360108601e-04 2.2931408623e+04 1.5707963268e+00 -1.7173735513e+00
1.5376296811e-04 2.2948402640e+04 1.5707963268e+00 -1.7187342168e+00
1.5392477454e-04 2.2965414483e+04 1.5707963268e+00 -1.7200928656e+00
1.5408650540e-04 2.2982444129e+04 1.5707963268e+00 -1.7214495000e+00
1.5424816079e-04 2.2999491558e+04 1.5707963268e+00 -1.7228041225e+00
1.5440974082e-04 2.3016556748e+04 1.5707963268e+00 -1.7241567354e+00
1.5457124560e-04 2.3033639677e+04 1.5707963268e+00 -1.7255073410e+00
1.5473267521e-04 2.3050740324e+04 1.5707963268e+00 -1.7268559418e+00
1.5489402977e-04 2.3067858668e+04 1.5707963268e+00 -1.7282025401e+00
1.5505530938e-04 2.3084994687e+04 1.5707963268e+00 -1.7295471384e+00
1.5521651415e-04 2.3102148360e+04 1.5707963268e+00 -1.7308897390e+00
1.5537764417e-04 2.3119319664e+04 1.5707963268e+00 -1.7322303443e+00
1.5553869956e-04 2.3136508579e+04 1.5707963268e+00 -1.7335689567e+00
1.5569968041e-04 2.3153715082e+04 1.5707963268e+00 -1.7349055787e+00
1.5586058683e-04 2.3170939153e+04 1.5707963268e+00 -1.7362402125e+00
1.5602141891e-04 2.3188180770e+04 1.5707963268e+00 -1.7375728607e+00
1.5618217678e-04 2.3205439911e+04 1.5707963268e+00 -1.7389035257e+00
1.5634286052e-04 2.3222716554e+04 1.5707963268e+00 -1.7402322098e+00
1.5650347025e-04 2.3240010679e+04 1.5707963268e+00 -1.7415589154e+00
1.5666400605e-04 2.3257322262e+04 1.5707963268e+00 -1.7428836450e+00
1.5682446805e-04 2.3274651284e+04 1.5707963268e+00 -1.7442064011e+00
1.5698485634e-04 2.3291997722e+04 1.5707963268e+00 -1.7455271860e+00
1.5714517103e-04 2.3309361554e+04 1.5707963268e+00 -1.7468460021e+00
1.5730541221e-04 2.3326742758e+04 1.5707963268e+00 -1.7481628519e+00
1.5746558000e-04 2.3344141315e+04 1.5707963268e+00 -1.7494777378e+00
1.5762567449e-04 2.3361557200e+04 1.5707963268e+00 -1.7507906623e+00
1.5778569579e-04 2.3378990393e+04 1.5707963268e+00 -1.7521016278e+00
1.5794564400e-04 2.3396440873e+04 1.5707963268e+00 -1.7534106367e+00
1.5810551923e-04 2.3413908617e+04 1.5707963268e+00 -1.7547176914e+00
1.5826532157e-04 2.3431393604e+04 1.5707963268e+00 -1.7560227945e+00
1.5842505114e-04 2.3448895811e+04 1.5707963268e+00 -1.7573259483e+00
1.5858470804e-04 2.3466415219e+04 1.5707963268e+00 -1.7586271554e+00
1.5874429236e-04 2.3483951803e+04 1.5707963268e+00 -1.7599264181e+00
1.5890380421e-04 2.3501505544e+04 1.5707963268e+00 -1.7612237388e+00
1.5906324369e-04 2.3519076419e+04 1.5707963268e+00 -1.7625191202e+00
1.5922261092e-04 2.3536664406e+04 1.5707963268e+00 -1.7638125646e+00
1.5938190598e-04 2.3554269484e+04 1.5707963268e+00 -1.7651040744e+00
1.5954112899e-04 2.3571891631e+04 1.5707963268e+00 -1.7663936522e+00
1.5970028004e-04 2.3589530825e+04 1.5707963268e+00 -1.7676813004e+00
1.5985935925e-04 2.3607187045e+04 1.5707963268e+00 -1.7689670215e+00
1.6001836671e-04 2.3624860268e+04 1.5707963268e+00 -1.7702508179e+00
1.6017730252e-04 2.3642550473e+04 1.5707963268e+00 -1.7715326921e+00
1.6033616679e-04 2.3660257639e+04 1.5707963268e+00 -1.7728126465e+00
1.6049495962e-04 2.3677981742e+04 1.5707963268e+00 -1.7740906838e+00
1.6065368112e-04 2.3695722762e+04 1.5707963268e+00 -1.7753668062e+00
1.6081233138e-04 2.3713480677e+04 1.5707963268e+00 -1.7766410164e+00
1.6097091051e-04 2.3731255465e+04 1.5707963268e+00 -1.7779133167e+00
1.6112941862e-04 2.3749047104e+04 1.5707963268e+00 -1.7791837097e+00
1.6128785580e-04 2.3766855573e+04 1.5707963268e+00 -1.7804521978e+00
1.6144622216e-04 2.3784680849e+04 1.5707963268e+00 -1.7817187835e+00
1.6160451779e-04 2.3802522911e+04 1.5707963268e+00 -1.7829834694e+00
1.6176274281e-04 2.3820381736e+04 1.5707963268e+00 -1.7842462578e+00
1.6192089732e-04 2.3838257304e+04 1.5707963268e+00 -1.7855071513e+00
1.6207898141e-04 2.3856149593e+04 1.5707963268e+00 -1.7867661524e+00
1.6223699519e-04 2.3874058579e+04 1.5707963268e+00 -1.7880232636e+00
1.6239493877e-04 2.3891984243e+04 1.5707963268e+00 -1.7892784873e+00
1.6255281224e-04 2.3909926561e+04 1.5707963268e+00 -1.7905318261e+00
1.6271061571e-04 2.3927885513e+04 1.5707963268e+00 -1.7917832824e+00
1.6286834927e-04 2.3945861075e+04 1.5707963268e+00 -1.7930328587e+00
1.6302601304e-04 2.3963853227e+04 1.5707963268e+00 -1.7942805576e+00
1.6318360711e-04 2.3981861947e+04 1.5707963268e+00 -1.7955263815e+00
1.6334113159e-04 2.3999887212e+04 1.5707963268e+00 -1.7967703330e+00
1.6349858657e-04 2.4017929001e+04 1.5707963268e+00 -1.7980124145e+00
1.6365597217e-04 2.4035987292e+04 1.5707963268e+00 -1.7992526285e+00
1.6381328847e-04 2.4054062064e+04 1.5707963268e+00 -1.8004909776e+00
1.6397053559e-04 2.4072153293e+04 1.5707963268e+00 -1.8017274643e+00
1.6412771363e-04 2.4090260960e+04 1.5707963268e+00 -1.8029620910e+00
1.6428482268e-04 2.4108385041e+04 1.5707963268e+00 -1.8041948602e+00
1.6444186285e-04 2.4126525515e+04 1.5707963268e+00 -1.8054257746e+00
1.6459883424e-04 2.4144682360e+04 1.5707963268e+00 -1.8066548365e+00
1.6475573695e-04 2.4162855554e+04 1.5707963268e+00 -1.8078820485e+00
1.6491257108e-04 2.4181045076e+04 1.5707963268e+00 -1.8091074132e+00
1.6506933674e-04 2.4199250903e+04 1.5707963268e+00 -1.8103309329e+00
1.6522603403e-04 2.4217473014e+04 1.5707963268e+00 -1.8115526103e+00
1.6538266304e-04 2.4235711386e+04 1.5707963268e+00 -1.8127724478e+00
1.6553922388e-04 2.4253965999e+04 1.5707963268e+00 -1.8139904480e+00
1.6569571665e-04 2.4272236830e+04 1.5707963268e+00 -1.8152066134e+00
1.6585214146e-04 2.4290523858e+04 1.5707963268e+00 -1.8164209465e+00
1.6600849839e-04 2.4308827060e+04 1.5707963268e+00 -1.8176334497e+00
1.6616478756e-04 2.4327146414e+04 1.5707963268e+00 -1.8188441257e+00
1.6632100906e-04 2.4345481900e+04 1.5707963268e+00 -1.8200529770e+00
1.6647716300e-04 2.4363833495e+04 1.5707963268e+00 -1.8212600060e+00
1.6663324947e-04 2.4382201177e+04 1.5707963268e+00 -1.8224652153e+00
1.6678926858e-04 2.4400584924e+04 1.5707963268e+00 -1.8236686074e+00
1.6694522043e-04 2.4418984715e+04 1.5707963268e+00 -1.8248701848e+00
1.6710110512e-04 2.4437400528e+04 1.5707963268e+00 -1.8260699501e+00
1.6725692274e-04 2.4455832341e+04 1.5707963268e+00 -1.8272679058e+00
1.6741267340e-04 2.4474280133e+04 1.5707963268e+00 -1.8284640543e+00
1.6756835721e-04 2.4492743880e+04 1.5707963268e+00 -1.8296583983e+00
1.6772397425e-04 2.4511223563e+04 1.5707963268e+00 -1.8308509402e+00
1.6787952463e-04 2.4529719158e+04 1.5707963268e+00 -1.8320416826e+00
1.6803500845e-04 2.4548230644e+04 1.5707963268e+00 -1.8332306279e+00
1.6819042581e-04 2.4566758000e+04 1.5707963268e+00 -1.8344177788e+00
1.6834577682e-04 2.4585301203e+04 1.5707963268e+00 -1.8356031377e+00
1.6850106156e-04 2.4603860232e+04 1.5707963268e+00 -1.8367867071e+00
1.6865628014e-04 2.4622435065e+04 1.5707963268e+00 -1.8379684897e+00
1.6881143266e-04 2.4641025680e+04 1.5707963268e+00 -1.8391484879e+00
1.6896651923e-04 2.4659632055e+04 1.5707963268e+00 -1.8403267042e+00
1.6912153993e-04 2.4678254169e+04 1.5707963268e+00 -1.8415031411e+00
1.6927649487e-04 2.4696892000e+04 1.5707963268e+00 -1.8426778013e+00
1.6943138415e-04 2.4715545526e+04 1.5707963268e+00 -1.8438506871e+00
1.6958620787e-04 2.4734214726e+04 1.5707963268e+00 -1.8450218013e+00
1.6974096612e-04 2.4752899577e+04 1.5707963268e+00 -1.8461911461e+00
1.6989565901e-04 2.4771600059e+04 1.5707963268e+00 -1.8473587243e+00
1.7005028664e-04 2.4790316148e+04 1.5707963268e+00 -1.8485245383e+00
1.7020484910e-04 2.4809047824e+04 1.5707963268e+00 -1.8496885907e+00
1.7035934649e-04 2.4827795065e+04 1.5707963268e+00 -1.8508508839e+00
1.7051377892e-04 2.4846557849e+04 1.5707963268e+00 -1.8520114205e+00
1.7066814648e-04 2.4865336155e+04 1.5707963268e+00 -1.8531702030e+00
1.7082244927e-04 2.4884129960e+04 1.5707963268e+00 -1.8543272340e+00
1.7097668739e-04 2.4902939244e+04 1.5707963268e+00 -1.8554825160e+00
1.7113086093e-04 2.4921763983e+04 1.5707963268e+00 -1.8566360515e+00
1.7128497001e-04 2.4940604158e+04 1.5707963268e+00 -1.8577878430e+00
1.7143901470e-04 2.4959459745e+04 1.5707963268e+00 -1.8589378930e+00
1.7159299512e-04 2.4978330724e+04 1.5707963268e+00 -1.8600862042e+00
1.7174691136e-04 2.4997217073e+04 1.5707963268e+00 -1.8612327789e+00
1.7190076352e-04 2.5016118769e+04 1.5707963268e+00 -1.8623776198e+00
1.7205455170e-04 2.5035035792e+04 1.5707963268e+00 -1.8635207293e+00
1.7220827599e-04 2.5053968120e+04 1.5707963268e+00 -1.8646621100e+00
1.7236193650e-04 2.5072915732e+04 1.5707963268e+00 -1.8658017644e+00
1.7251553331e-04 2.5091878605e+04 1.5707963268e+00 -1.8669396950e+00
1.7266906654e-04 2.5110856717e+04 1.5707963268e+00 -1.8680759044e+00
1.7282253627e-04 2.5129850049e+04 1.5707963268e+00 -1.8692103950e+00
1.7297594261e-04 2.5148858577e+04 1.5707963268e+00 -1.8703431694e+00
1.7312928565e-04 2.5167882280e+04 1.5707963268e+00 -1.8714742302e+00
1.7328256548e-04 2.5186921138e+04 1.5707963268e+00 -1.8726035797e+00
1.7343578221e-04 2.5205975127e+04 1.5707963268e+00 -1.8737312206e+00
1.7358893594e-04 2.5225044227e+04 1.5707963268e+00 -1.8748571554e+00
1.7374202675e-04 2.5244128416e+04 1.5707963268e+00 -1.8759813866e+00
1.7389505476e-04 2.5263227673e+04 1.5707963268e+00 -1.8771039167e+00
1.7404802004e-04 2.5282341975e+04 1.5707963268e+00 -1.8782247482e+00
1.7420092271e-04 2.5301471302e+04 1.5707963268e+00 -1.8793438837e+00
1.7435376286e-04 2.5320615633e+04 1.5707963268e+00 -1.8804613256e+00
1.7450654058e-04 2.5339774944e+04 1.5707963268e+00 -1.8815770765e+00
1.7465925597e-04 2.5358949216e+04 1.5707963268e+00 -1.8826911389e+00
1.7481190912e-04 2.5378138427e+04 1.5707963268e+00 -1.8838035153e+00
1.7496450014e-04 2.5397342554e+04 1.5707963268e+00 -1.8849142082e+00
1.7511702912e-04 2.5416561578e+04 1.5707963268e+00 -1.8860232202e+00
1.7526949616e-04 2.5435795475e+04 1.5707963268e+00 -1.8871305537e+00
1.7542190135e-04 2.5455044226e+04 1.5707963268e+00 -1.8882362113e+00
1.7557424478e-04 2.5474307807e+04 1.5707963268e+00 -1.8893401954e+00
1.7572652656e-04 2.5493586199e+04 1.5707963268e+00 -1.8904425086e+00
1.7587874678e-04 2.5512879380e+04 1.5707963268e+00 -1.8915431534e+00
1.7603090553e-04 2.5532187328e+04 1.5707963268e+00 -1.8926421323e+00
1.7618300291e-04 2.5551510021e+04 1.5707963268e+00 -1.8937394478e+00
1.7633503902e-04 2.5570847439e+04 1.5707963268e+00 -1.8948351024e+00
1.7648701395e-04 2.5590199561e+04 1.5707963268e+00 -1.8959290986e+00
1.7663892780e-04 2.5609566364e+04 1.5707963268e+00 -1.8970214390e+00
1.7679078065e-04 2.5628947828e+04 1.5707963268e+00 -1.8981121259e+00
1.7694257262e-04 2.5648343931e+04 1.5707963268e+00 -1.8992011620e+00
1.7709430378e-04 2.5667754652e+04 1.5707963268e+00 -1.9002885497e+00
1.7724597424e-04 2.5687179969e+04 1.5707963268e+00 -1.9013742915e+00
1.7739758409e-04 2.5706619862e+04 1.5707963268e+00 -1.9024583900e+00
1.7754913343e-04 2.5726074309e+04 1.5707963268e+00 -1.9035408476e+00
1.7770062234e-04 2.5745543289e+04 1.5707963268e+00 -1.9046216668e+00
1.7785205094e-04 2.5765026780e+04 1.5707963268e+00 -1.9057008501e+00
1.7800341929e-04 2.5784524762e+04 1.5707963268e+00 -1.9067784000e+00
1.7815472752e-04 2.5804037213e+04 1.5707963268e+00 -1.9078543190e+00
1.7830597569e-04 2.5823564113e+04 1.5707963268e+00 -1.9089286097e+00
1.7845716392e-04 2.5843105438e+04 1.5707963268e+00 -1.9100012744e+00
1.7860829230e-04 2.5862661170e+04 1.5707963268e+00 -1.9110723157e+00
1.7875936091e-04 2.5882231286e+04 1.5707963268e+00 -1.9121417360e+00
1.7891036985e-04 2.5901815765e+04 1.5707963268e+00 -1.9132095379e+00
1.7906131922e-04 2.5921414587e+04 1.5707963268e+00 -1.9142757239e+00
1.7921220911e-04 2.5941027730e+04 1.5707963268e+00 -1.9153402963e+00
1.7936303961e-04 2.5960655172e+04 1.5707963268e+00 -1.9164032578e+00
1.7951381081e-04 2.5980296894e+04 1.5707963268e+00 -1.9174646108e+00
1.7966452282e-04 2.5999952874e+04 1.5707963268e+00 -1.9185243577e+00
1.7981517571e-04 2.6019623090e+04 1.5707963268e+00 -1.9195825011e+00
1.7996576959e-04 2.6039307522e+04 1.5707963268e+00 -1.9206390434e+00
1.8011630455e-04 2.6059006148e+04 1.5707963268e+00 -1.9216939871e+00
1.8026678068e-04 2.6078718949e+04 1.5707963268e+00 -1.9227473347e+00
1.8041719807e-04 2.6098445902e+04 1.5707963268e+00 -1.9237990886e+00
1.8056755681e-04 2.6118186987e+04 1.5707963268e+00 -1.9248492514e+00
1.8071785700e-04 2.6137942182e+04 1.5707963268e+00 -1.9258978255e+00
1.8086809873e-04 2.6157711467e+04 1.5707963268e+00 -1.9269448133e+00
1.8101828209e-04 2.6177494822e+04 1.5707963268e+00 -1.9279902174e+00
1.8116840718e-04 2.6197292224e+04 1.5707963268e+00 -1.9290340401e+00
1.8131847408e-04 2.6217103653e+04 1.5707963268e+00 -1.9300762841e+00
1.8146848289e-04 2.6236929088e+04 1.5707963268e+00 -1.9311169516e+00
1.8161843369e-04 2.6256768508e+04 1.5707963268e+00 -1.9321560453e+00
1.8176832659e-04 2.6276621893e+04 1.5707963268e+00 -1.9331935675e+00
1.8191816167e-04 2.6296489221e+04 1.5707963268e+00 -1.9342295207e+00
1.8206793902e-04 2.6316370472e+04 1.5707963268e+00 -1.9352639073e+00
1.8221765874e-04 2.6336265624e+04 1.5707963268e+00 -1.9362967299e+00
1.8236732091e-04 2.6356174658e+04 1.5707963268e+00 -1.9373279909e+00
1.8251692563e-04 2.6376097552e+04 1.5707963268e+00 -1.9383576927e+00
1.8266647298e-04 2.6396034285e+04 1.5707963268e+00 -1.9393858377e+00
1.8281596307e-04 2.6415984837e+04 1.5707963268e+00 -1.9404124285e+00
1.8296539597e-04 2.6435949188e+04 1.5707963268e+00 -1.9414374675e+00
1.8311477178e-04 2.6455927315e+04 1.5707963268e+00 -1.9424609571e+00
1.8326409059e-04 2.6475919199e+04 1.5707963268e+00 -1.9434828997e+00
1.8341335249e-04 2.6495924819e+04 1.5707963268e+00 -1.9445032978e+00
1.8356255757e-04 2.6515944154e+04 1.5707963268e+00 -1.9455221539e+00
1.8371170592e-04 2.6535977184e+04 1.5707963268e+00 -1.9465394704e+00
1.8386079763e-04 2.6556023887e+04 1.5707963268e+00 -1.9475552497e+00
1.8400983279e-04 2.6576084244e+04 1.5707963268e+00 -1.9485694942e+00
1.8415881149e-04 2.6596158233e+04 1.5707963268e+00 -1.9495822064e+00
1.8430773382e-04 2.6616245835e+04 1.5707963268e+00 -1.9505933888e+00
1.8445659987e-04 2.6636347028e+04 1.5707963268e+00 -1.9516030436e+00
1.8460540973e-04 2.6656461792e+04 1.5707963268e+00 -1.9526111735e+00
1.8475416348e-04 2.6676590106e+04 1.5707963268e+00 -1.9536177807e+00
1.8490286122e-04 2.6696731951e+04 1.5707963268e+00 -1.9546228678e+00
1.8505150304e-04 2.6716887304e+04 1.5707963268e+00 -1.9556264371e+00
1.8520008902e-04 2.6737056147e+04 1.5707963268e+00 -1.9566284911e+00
1.8534861926e-04 2.6757238458e+04 1.5707963268e+00 -1.9576290321e+00
1.8549709383e-04 2.6777434217e+04 1.5707963268e+00 -1.9586280627e+00
1.8564551284e-04 2.6797643404e+04 1.5707963268e+00 -1.9596255851e+00
1.8579387636e-04 2.6817865998e+04 1.5707963268e+00 -1.9606216019e+00
1.8594218449e-04 2.6838101978e+04 1.5707963268e+00 -1.9616161154e+00
1.8609043732e-04 2.6858351325e+04 1.5707963268e+00 -1.9626091280e+00
1.8623863493e-04 2.6878614018e+04 1.5707963268e+00 -1.9636006422e+00
1.8638677741e-04 2.6898890037e+04 1.5707963268e+00 -1.9645906604e+00
1.8653486486e-04 2.6919179361e+04 1.5707963268e+00 -1.9655791848e+00
1.8668289734e-04 2.6939481970e+04 1.5707963268e+00 -1.9665662181e+00
1.8683087497e-04 2.6959797844e+04 1.5707963268e+00 -1.9675517624e+00
1.8697879781e-04 2.6980126962e+04 1.5707963268e+00 -1.9685358204e+00
1.8712666597e-04 2.7000469305e+04 1.5707963268e+00 -1.9695183942e+00
1.8727447952e-04 2.7020824851e+04 1.5707963268e+00 -1.9704994864e+00
1.8742223855e-04 2.7041193582e+04 1.5707963268e+00 -1.9714790993e+00
1.8756994316e-04 2.7061575476e+04 1.5707963268e+00 -1.9724572353e+00
1.8771759342e-04 2.7081970513e+04 1.5707963268e+00 -1.9734338968e+00
1.8786518943e-04 2.7102378674e+04 1.5707963268e+00 -1.9744090862e+00
1.8801273127e-04 2.7122799938e+04 1.5707963268e+00 -1.9753828058e+00
1.8816021902e-04 2.7143234284e+04 1.5707963268e+00 -1.9763550580e+00
1.8830765278e-04 2.7163681694e+04 1.5707963268e+00 -1.9773258453e+00
1.8845503263e-04 2.7184142147e+04 1.5707963268e+00 -1.9782951700e+00
1.8860235866e-04 2.7204615622e+04 1.5707963268e+00 -1.9792630343e+00
1.8874963095e-04 2.7225102100e+04 1.5707963268e+00 -1.9802294409e+00
1.8889684958e-04 2.7245601561e+04 1.5707963268e+00 -1.9811943919e+00
1.8904401466e-04 2.7266113985e+04 1.5707963268e+00 -1.9821578898e+00
1.8919112625e-04 2.7286639351e+04 1.5707963268e+00 -1.9831199368e+00
1.8933818444e-04 2.7307177640e+04 1.5707963268e+00 -1.9840805355e+00
1.8948518933e-04 2.7327728832e+04 1.5707963268e+00 -1.9850396881e+00
1.8963214099e-04 2.7348292907e+04 1.5707963268e+00 -1.9859973970e+00
1.8977903952e-04 2.7368869844e+04 1.5707963268e+00 -1.9869536646e+00
1.8992588499e-04 2.7389459625e+04 1.5707963268e+00 -1.9879084932e+00
1.9007267749e-04 2.7410062229e+04 1.5707963268e+00 -1.9888618851e+00
1.9021941711e-04 2.7430677637e+04 1.5707963268e+00 -1.9898138427e+00
1.9036610393e-04 2.7451305828e+04 1.5707963268e+00 -1.9907643684e+00
1.9051273803e-04 2.7471946783e+04 1.5707963268e+00 -1.9917134644e+00
1.9065931950e-04 2.7492600482e+04 1.5707963268e+00 -1.9926611332e+00
1.9080584843e-04 2.7513266905e+04 1.5707963268e+00 -1.9936073770e+00
1.9095232490e-04 2.7533946032e+04 1.5707963268e+00 -1.9945521983e+00
1.9109874899e-04 2.7554637845e+04 1.5707963268e+00 -1.9954955993e+00
1.9124512078e-04 2.7575342322e+04 1.5707963268e+00 -1.9964375823e+00
1.9139144037e-04 2.7596059445e+04 1.5707963268e+00 -1.9973781497e+00
1.9153770783e-04 2.7616789193e+04 1.5707963268e+00 -1.9983173039e+00
1.9168392324e-04 2.7637531548e+04 1.5707963268e+00 -1.9992550471e+00
1.9183008670e-04 2.7658286489e+04 1.5707963268e+00 -2.0001913816e+00
1.9197619828e-04 2.7679053996e+04 1.5707963268e+00 -2.0011263099e+00
1.9212225807e-04 2.7699834052e+04 1.5707963268e+00 -2.0020598341e+00
1.9226826615e-04 2.7720626634e+04 1.5707963268e+00 -2.0029919567e+00
1.9241422261e-04 2.7741431725e+04 1.5707963268e+00 -2.0039226799e+00
1.9256012752e-04 2.7762249305e+04 1.5707963268e+00 -2.0048520060e+00
1.9270598097e-04 2.7783079353e+04 1.5707963268e+00 -2.0057799373e+00
1.9285178304e-04 2.7803921852e+04 1.5707963268e+00 -2.0067064762e+00
1.9299753382e-04 2.7824776780e+04 1.5707963268e+00 -2.0076316250e+00
1.9314323338e-04 2.7845644120e+04 1.5707963268e+00 -2.0085553859e+00
1.9328888181e-04 2.7866523850e+04 1.5707963268e+00 -2.0094777612e+00
1.9343447919e-04 2.7887415953e+04 1.5707963268e+00 -2.0103987532e+00
1.9358002561e-04 2.7908320408e+04 1.5707963268e+00 -2.0113183643e+00
1.9372552114e-04 2.7929237197e+04 1.5707963268e+00 -2.0122365967e+00
1.9387096587e-04 2.7950166300e+04 1.5707963268e+00 -2.0131534528e+00
1.9401635987e-04 2.7971107697e+04 1.5707963268e+00 -2.0140689347e+00
1.9416170324e-04 2.7992061369e+04 1.5707963268e+00 -2.0149830447e+00
1.9430699605e-04 2.8013027298e+04 1.5707963268e+00 -2.0158957852e+00
1.9445223838e-04 2.8034005463e+04 1.5707963268e+00 -2.0168071585e+00
1.9459743031e-04 2.8054995846e+04 1.5707963268e+00 -2.0177171667e+00
1.9474257193e-04 2.8075998427e+04 1.5707963268e+00 -2.0186258122e+00
1.9488766331e-04 2.8097013188e+04 1.5707963268e+00 -2.0195330972e+00
1.9503270454e-04 2.8118040109e+04 1.5707963268e+00 -2.0204390240e+00
1.9517769569e-04 2.8139079170e+04 1.5707963268e+00 -2.0213435950e+00
1.9532263686e-04 2.8160130354e+04 1.5707963268e+00 -2.0222468122e+00
1.9546752811e-04 2.8181193640e+04 1.5707963268e+00 -2.0231486780e+00
1.9561236953e-04 2.8202269010e+04 1.5707963268e+00 -2.0240491946e+00
1.9575716119e-04 2.8223356445e+04 1.5707963268e+00 -2.0249483644e+00
1.9590190319e-04 2.8244455925e+04 1.5707963268e+00 -2.0258461895e+00
1.9604659559e-04 2.8265567432e+04 1.5707963268e+00 -2.0267426722e+00
1.9619123848e-04 2.8286690946e+04 1.5707963268e+00 -2.0276378147e+00
1.9633583194e-04 2.8307826449e+04 1.5707963268e+00 -2.0285316193e+00
1.9648037605e-04 2.8328973922e+04 1.5707963268e+00 -2.0294240882e+00
1.9662487088e-04 2.8350133346e+04 1.5707963268e+00 -2.0303152236e+00
1.9676931652e-04 2.8371304701e+04 1.5707963268e+00 -2.0312050279e+00
1.9691371304e-04 2.8392487970e+04 1.5707963268e+00 -2.0320935032e+00
1.9705806053e-04 2.8413683132e+04 1.5707963268e+00 -2.0329806517e+00
1.9720235906e-04 2.8434890171e+04 1.5707963268e+00 -2.0338664757e+00
1.9734660871e-04 2.8456109065e+04 1.5707963268e+00 -2.0347509774e+00
1.9749080956e-04 2.8477339798e+04 1.5707963268e+00 -2.0356341591e+00
1.9763496169e-04 2.8498582349e+04 1.5707963268e+00 -2.0365160228e+00
1.9777906517e-04 2.8519836701e+04 1.5707963268e+00 -2.0373965709e+00
1.9792312010e-04 2.8541102835e+04 1.5707963268e+00 -2.0382758056e+00
1.9806712653e-04 2.8562380731e+04 1.5707963268e+00 -2.0391537291e+00
1.9821108456e-04 2.8583670371e+04 1.5707963268e+00 -2.0400303435e+00
1.9835499426e-04 2.8604971738e+04 1.5707963268e+00 -2.0409056512e+00
1.9849885570e-04 2.8626284811e+04 1.5707963268e+00 -2.0417796542e+00
1.9864266897e-04 2.8647609572e+04 1.5707963268e+00 -2.0426523548e+00
1.9878643414e-04 2.8668946003e+04 1.5707963268e+00 -2.0435237553e+00
1.9893015129e-04 2.8690294086e+04 1.5707963268e+00 -2.0443938577e+00
1.9907382050e-04 2.8711653801e+04 1.5707963268e+00 -2.0452626642e+00
1.9921744184e-04 2.8733025130e+04 1.5707963268e+00 -2.0461301771e+00
1.9936101540e-04 2.8754408055e+04 1.5707963268e+00 -2.0469963986e+00
1.9950454124e-04 2.8775802558e+04 1.5707963268e+00 -2.0478613308e+00
1.9964801945e-04 2.8797208619e+04 1.5707963268e+00 -2.0487249759e+00
1.9979145010e-04 2.8818626220e+04 1.5707963268e+00 -2.0495873361e+00
1.9993483326e-04 2.8840055343e+04 1.5707963268e+00 -2.0504484135e+00
2.0007816903e-04 2.8861495970e+04 1.5707963268e+00 -2.0513082104e+00
2.0022145746e-04 2.8882948083e+04 1.5707963268e+00 -2.0521667289e+00
2.0036469864e-04 2.8904411662e+04 1.5707963268e+00 -2.0530239711e+00
2.0050789264e-04 2.8925886690e+04 1.5707963268e+00 -2.0538799393e+00
2.0065103955e-04 2.8947373148e+04 1.5707963268e+00 -2.0547346355e+00
2.0079413943e-04 2.8968871018e+04 1.5707963268e+00 -2.0555880620e+00
2.0093719236e-04 2.8990380282e+04 1.5707963268e+00 -2.0564402209e+00
2.0108019841e-04 2.9011900922e+04 1.5707963268e+00 -2.0572911144e+00
2.0122315767e-04 2.9033432919e+04 1.5707963268e+00 -2.0581407445e+00
2.0136607020e-04 2.9054976255e+04 1.5707963268e+00 -2.0589891135e+00
2.0150893609e-04 2.9076530913e+04 1.5707963268e+00 -2.0598362235e+00
2.0165175540e-04 2.9098096873e+04 1.5707963268e+00 -2.0606820766e+00
2.0179452822e-04 2.9119674119e+04 1.5707963268e+00 -2.0615266750e+00
2.0193725461e-04 2.9141262631e+04 1.5707963268e+00 -2.0623700208e+00
2.0207993466e-04 2.9162862393e+04 1.5707963268e+00 -2.0632121161e+00
2.0222256843e-04 2.9184473385e+04 1.5707963268e+00 -2.0640529631e+00
2.0236515600e-04 2.9206095589e+04 1.5707963268e+00 -2.0648925639e+00
2.0250769745e-04 2.9227728989e+04 1.5707963268e+00 -2.0657309206e+00
2.0265019285e-04 2.9249373565e+04 1.5707963268e+00 -2.0665680353e+00
2.0279264227e-04 2.9271029301e+04 1.5707963268e+00 -2.0674039101e+00
2.0293504579e-04 2.9292696177e+04 1.5707963268e+00 -2.0682385473e+00
2.0307740348e-04 2.9314374176e+04 1.5707963268e+00 -2.0690719488e+00
2.0321971541e-04 2.9336063281e+04 1.5707963268e+00 -2.0699041168e+00
2.0336198167e-04 2.9357763473e+04 1.5707963268e+00 -2.0707350534e+00
2.0350420231e-04 2.9379474735e+04 1.5707963268e+00 -2.0715647606e+00
2.0364637742e-04 2.9401197049e+04 1.5707963268e+00 -2.0723932407e+00
2.0378850707e-04 2.9422930396e+04 1.5707963268e+00 -2.0732204957e+00
2.0393059134e-04 2.9444674760e+04 1.5707963268e+00 -2.0740465276e+00
2.0407263028e-04 2.9466430123e+04 1.5707963268e+00 -2.0748713387e+00
2.0421462399e-04 2.9488196466e+04 1.5707963268e+00 -2.0756949309e+00
2.0435657252e-04 2.9509973773e+04 1.5707963268e+00 -2.0765173063e+00
2.0449847596e-04 2.9531762025e+04 1.5707963268e+00 -2.0773384671e+00
2.0464033437e-04 2.9553561205e+04 1.5707963268e+00 -2.0781584153e+00
2.0478214784e-04 2.9575371295e+04 1.5707963268e+00 -2.0789771530e+00
2.0492391642e-04 2.9597192279e+04 1.5707963268e+00 -2.0797946823e+00
2.0506564019e-04 2.9619024137e+04 1.5707963268e+00 -2.0806110052e+00
2.0520731923e-04 2.9640866853e+04 1.5707963268e+00 -2.0814261238e+00
2.0534895361e-04 2.9662720409e+04 1.5707963268e+00 -2.0822400402e+00
2.0549054339e-04 2.9684584788e+04 1.5707963268e+00 -2.0830527564e+00
2.0563208866e-04 2.9706459972e+04 1.5707963268e+00 -2.0838642746e+00
2.0577358947e-04 2.9728345944e+04 1.5707963268e+00 -2.0846745966e+00
2.0591504591e-04 2.9750242687e+04 1.5707963268e+00 -2.0854837247e+00
2.0605645804e-04 2.9772150182e+04 1.5707963268e+00 -2.0862916608e+00
2.0619782594e-04 2.9794068413e+04 1.5707963268e+00 -2.0870984071e+00
2.0633914967e-04 2.9815997362e+04 1.5707963268e+00 -2.0879039654e+00
2.0648042931e-04 2.9837937012e+04 1.5707963268e+00 -2.0887083380e+00
2.0662166493e-04 2.9859887346e+04 1.5707963268e+00 -2.0895115268e+00
2.0676285660e-04 2.9881848346e+04 1.5707963268e+00 -2.0903135339e+00
2.0690400439e-04 2.9903819995e+04 1.5707963268e+00 -2.0911143612e+00
2.0704510836e-04 2.9925802277e+04 1.5707963268e+00 -2.0919140109e+00
2.0718616860e-04 2.9947795173e+04 1.5707963268e+00 -2.0927124850e+00
2.0732718517e-04 2.9969798666e+04 1.5707963268e+00 -2.0935097854e+00
2.0746815813e-04 2.9991812740e+04 1.5707963268e+00 -2.0943059142e+00
2.0760908757e-04 3.0013837377e+04 1.5707963268e+00 -2.0951008735e+00
2.0774997355e-04 3.0035872561e+04 1.5707963268e+00 -2.0958946652e+00
2.0789081614e-04 3.0057918273e+04 1.5707963268e+00 -2.0966872913e+00
2.0803161541e-04 3.0079974498e+04 1.5707963268e+00 -2.0974787539e+00
2.0817237143e-04 3.0102041217e+04 1.5707963268e+00 -2.0982690549e+00
2.0831308426e-04 3.0124118415e+04 1.5707963268e+00 -2.0990581965e+00
2.0845375399e-04 3.0146206073e+04 1.5707963268e+00 -2.0998461805e+00
2.0859438067e-04 3.0168304176e+04 1.5707963268e+00 -2.1006330089e+00
2.0873496437e-04 3.0190412706e+04 1.5707963268e+00 -2.1014186838e+00
2.0887550517e-04 3.0212531646e+04 1.5707963268e+00 -2.1022032072e+00
2.0901600314e-04 3.0234660979e+04 1.5707963268e+00 -2.1029865810e+00
2.0915645834e-04 3.0256800689e+04 1.5707963268e+00 -2.1037688073e+00
2.0929687084e-04 3.0278950758e+04 1.5707963268e+00 -2.1045498879e+00
2.0943724070e-04 3.0301111170e+04 1.5707963268e+00 -2.1053298249e+00
2.0957756801e-04 3.0323281909e+04 1.5707963268e+00 -2.1061086203e+00
2.0971785282e-04 3.0345462956e+04 1.5707963268e+00 -2.1068862761e+00
2.0985809521e-04 3.0367654296e+04 1.5707963268e+00 -2.1076627941e+00
2.0999829523e-04 3.0389855912e+04 1.5707963268e+00 -2.1084381765e+00
2.1013845297e-04 3.0412067787e+04 1.5707963268e+00 -2.1092124251e+00
2.1027856848e-04 3.0434289904e+04 1.5707963268e+00 -2.1099855419e+00
2.1041864184e-04 3.0456522247e+04 1.5707963268e+00 -2.1107575288e+00
2.1055867311e-04 3.0478764799e+04 1.5707963268e+00 -2.1115283879e+00
2.1069866237e-04 3.0501017544e+04 1.5707963268e+00 -2.1122981210e+00
2.1083860966e-04 3.0523280464e+04 1.5707963268e+00 -2.1130667302e+00
2.1097851508e-04 3.0545553545e+04 1.5707963268e+00 -2.1138342174e+00
2.1111837867e-04 3.0567836768e+04 1.5707963268e+00 -2.1146005844e+00
2.1125820052e-04 3.0590130117e+04 1.5707963268e+00 -2.1153658334e+00
2.1139798067e-04 3.0612433576e+04 1.5707963268e+00 -2.1161299661e+00
2.1153771921e-04 3.0634747129e+04 1.5707963268e+00 -2.1168929845e+00
2.1167741620e-04 3.0657070759e+04 1.5707963268e+00 -2.1176548907e+00
2.1181707170e-04 3.0679404450e+04 1.5707963268e+00 -2.1184156864e+00
2.1195668579e-04 3.0701748184e+04 1.5707963268e+00 -2.1191753736e+00
2.1209625852e-04 3.0724101947e+04 1.5707963268e+00 -2.1199339543e+00
2.1223578996e-04 3.0746465721e+04 1.5707963268e+00 -2.1206914303e+00
2.1237528019e-04 3.0768839490e+04 1.5707963268e+00 -2.1214478037e+00
2.1251472925e-04 3.0791223239e+04 1.5707963268e+00 -2.1222030762e+00
2.1265413723e-04 3.0813616950e+04 1.5707963268e+00 -2.1229572498e+00
2.1279350419e-04 3.0836020607e+04 1.5707963268e+00 -2.1237103264e+00
2.1293283019e-04 3.0858434195e+04 1.5707963268e+00 -2.1244623080e+00
2.1307211529e-04 3.0880857696e+04 1.5707963268e+00 -2.1252131964e+00
2.1321135957e-04 3.0903291096e+04 1.5707963268e+00 -2.1259629935e+00
2.1335056309e-04 3.0925734377e+04 1.5707963268e+00 -2.1267117012e+00
2.1348972591e-04 3.0948187524e+04 1.5707963268e+00 -2.1274593215e+00
2.1362884809e-04 3.0970650521e+04 1.5707963268e+00 -2.1282058561e+00
2.1376792971e-04 3.0993123350e+04 1.5707963268e+00 -2.1289513070e+00
2.1390697083e-04 3.1015605998e+04 1.5707963268e+00 -2.1296956761e+00
2.1404597151e-04 3.1038098446e+04 1.5707963268e+00 -2.1304389653e+00
2.1418493182e-04 3.1060600680e+04 1.5707963268e+00 -2.1311811764e+00
2.1432385181e-04 3.1083112684e+04 1.5707963268e+00 -2.1319223113e+00
2.1446273157e-04 3.1105634441e+04 1.5707963268e+00 -2.1326623720e+00
2.1460157114e-04 3.1128165935e+04 1.5707963268e+00 -2.1334013601e+00
2.1474037059e-04 3.1150707151e+04 1.5707963268e+00 -2.1341392777e+00
2.1487912999e-04 3.1173258073e+04 1.5707963268e+00 -2.1348761266e+00
2.1501784941e-04 3.1195818685e+04 1.5707963268e+00 -2.1356119086e+00
2.1515652889e-04 3.1218388970e+04 1.5707963268e+00 -2.1363466256e+00
2.1529516852e-04 3.1240968914e+04 1.5707963268e+00 -2.1370802795e+00
2.1543376835e-04 3.1263558501e+04 1.5707963268e+00 -2.1378128721e+00
2.1557232844e-04 3.1286157714e+04 1.5707963268e+00 -2.1385444052e+00
2.1571084886e-04 3.1308766538e+04 1.5707963268e+00 -2.1392748808e+00
2.1584932967e-04 3.1331384957e+04 1.5707963268e+00 -2.1400043006e+00
2.1598777094e-04 3.1354012956e+04 1.5707963268e+00 -2.1407326665e+00
2.1612617272e-04 3.1376650519e+04 1.5707963268e+00 -2.1414599803e+00
2.1626453509e-04 3.1399297630e+04 1.5707963268e+00 -2.1421862439e+00
2.1640285810e-04 3.1421954274e+04 1.5707963268e+00 -2.1429114590e+00
2.1654114181e-04 3.1444620435e+04 1.5707963268e+00 -2.1436356276e+00
2.1667938629e-04 3.1467296097e+04 1.5707963268e+00 -2.1443587515e+00
2.1681759160e-04 3.1489981245e+04 1.5707963268e+00 -2.1450808324e+00
2.1695575780e-04 3.1512675864e+04 1.5707963268e+00 -2.1458018722e+00
2.1709388496e-04 3.1535379938e+04 1.5707963268e+00 -2.1465218726e+00
2.1723197314e-04 3.1558093451e+04 1.5707963268e+00 -2.1472408357e+00
2.1737002239e-04 3.1580816388e+04 1.5707963268e+00 -2.1479587630e+00
2.1750803278e-04 3.1603548733e+04 1.5707963268e+00 -2.1486756565e+00
2.1764600438e-04 3.1626290472e+04 1.5707963268e+00 -2.1493915179e+00
2.1778393724e-04 3.1649041589e+04 1.5707963268e+00 -2.1501063490e+00
2.1792183142e-04 3.1671802068e+04 1.5707963268e+00 -2.1508201517e+00
2.1805968699e-04 3.1694571894e+04 1.5707963268e+00 -2.1515329277e+00
2.1819750401e-04 3.1717351052e+04 1.5707963268e+00 -2.1522446789e+00
2.1833528253e-04 3.1740139527e+04 1.5707963268e+00 -2.1529554069e+00
2.1847302263e-04 3.1762937303e+04 1.5707963268e+00 -2.1536651137e+00
2.1861072435e-04 3.1785744365e+04 1.5707963268e+00 -2.1543738010e+00
2.1874838777e-04 3.1808560698e+04 1.5707963268e+00 -2.1550814705e+00
2.1888601294e-04 3.1831386286e+04 1.5707963268e+00 -2.1557881241e+00
2.1902359992e-04 3.1854221115e+04 1.5707963268e+00 -2.1564937635e+00
2.1916114878e-04 3.1877065169e+04 1.5707963268e+00 -2.1571983904e+00
2.1929865956e-04 3.1899918434e+04 1.5707963268e+00 -2.1579020068e+00
2.1943613235e-04 3.1922780893e+04 1.5707963268e+00 -2.1586046143e+00
2.1957356718e-04 3.1945652533e+04 1.5707963268e+00 -2.1593062146e+00
2.1971096413e-04 3.1968533338e+04 1.5707963268e+00 -2.1600068097e+00
2.1984832326e-04 3.1991423292e+04 1.5707963268e+00 -2.1607064011e+00
2.1998564461e-04 3.2014322382e+04 1.5707963268e+00 -2.1614049907e+00
2.2012292826e-04 3.2037230592e+04 1.5707963268e+00 -2.1621025802e+00
2.2026017427e-04 3.2060147906e+04 1.5707963268e+00 -2.1627991714e+00
2.2039738268e-04 3.2083074311e+04 1.5707963268e+00 -2.1634947660e+00
2.2053455357e-04 3.2106009791e+04 1.5707963268e+00 -2.1641893657e+00
2.2067168699e-04 3.2128954332e+04 1.5707963268e+00 -2.1648829723e+00
2.2080878300e-04 3.2151907918e+04 1.5707963268e+00 -2.1655755876e+00
2.2094584166e-04 3.2174870535e+04 1.5707963268e+00 -2.1662672132e+00
2.2108286302e-04 3.2197842167e+04 1.5707963268e+00 -2.1669578509e+00
2.2121984715e-04 3.2220822801e+04 1.5707963268e+00 -2.1676475024e+00
2.2135679411e-04 3.2243812421e+04 1.5707963268e+00 -2.1683361695e+00
2.2149370396e-04 3.2266811013e+04 1.5707963268e+00 -2.1690238539e+00
2.2163057674e-04 3.2289818561e+04 1.5707963268e+00 -2.1697105572e+00
2.2176741253e-04 3.2312835052e+04 1.5707963268e+00 -2.1703962813e+00
2.2190421138e-04 3.2335860470e+04 1.5707963268e+00 -2.1710810277e+00
2.2204097334e-04 3.2358894801e+04 1.5707963268e+00 -2.1717647983e+00
2.2217769849e-04 3.2381938030e+04 1.5707963268e+00 -2.1724475947e+00
2.2231438686e-04 3.2404990143e+04 1.5707963268e+00 -2.1731294187e+00
2.2245103853e-04 3.2428051125e+04 1.5707963268e+00 -2.1738102719e+00
2.2258765355e-04 3.2451120961e+04 1.5707963268e+00 -2.1744901561e+00
2.2272423197e-04 3.2474199638e+04 1.5707963268e+00 -2.1751690729e+00
2.2286077386e-04 3.2497287140e+04 1.5707963268e+00 -2.1758470240e+00
2.2299727927e-04 3.2520383452e+04 1.5707963268e+00 -2.1765240112e+00
2.2313374827e-04 3.2543488562e+04 1.5707963268e+00 -2.1772000360e+00
2.2327018089e-04 3.2566602453e+04 1.5707963268e+00 -2.1778751003e+00
2.2340657722e-04 3.2589725113e+04 1.5707963268e+00 -2.1785492056e+00
2.2354293729e-04 3.2612856525e+04 1.5707963268e+00 -2.1792223537e+00
2.2367926117e-04 3.2635996677e+04 1.5707963268e+00 -2.1798945462e+00
2.2381554892e-04 3.2659145553e+04 1.5707963268e+00 -2.1805657849e+00
2.2395180059e-04 3.2682303139e+04 1.5707963268e+00 -2.1812360713e+00
2.2408801624e-04 3.2705469422e+04 1.5707963268e+00 -2.1819054071e+00
2.2422419592e-04 3.2728644386e+04 1.5707963268e+00 -2.1825737940e+00
2.2436033970e-04 3.2751828017e+04 1.5707963268e+00 -2.1832412338e+00
2.2449644762e-04 3.2775020302e+04 1.5707963268e+00 -2.1839077279e+00
2.2463251975e-04 3.2798221226e+04 1.5707963268e+00 -2.1845732781e+00
2.2476855613e-04 3.2821430774e+04 1.5707963268e+00 -2.1852378861e+00
2.2490455684e-04 3.2844648934e+04 1.5707963268e+00 -2.1859015534e+00
2.2504052191e-04 3.2867875690e+04 1.5707963268e+00 -2.1865642818e+00
2.2517645141e-04 3.2891111028e+04 1.5707963268e+00 -2.1872260728e+00
2.2531234540e-04 3.2914354935e+04 1.5707963268e+00 -2.1878869282e+00
2.2544820393e-04 3.2937607396e+04 1.5707963268e+00 -2.1885468495e+00
2.2558402705e-04 3.2960868397e+04 1.5707963268e+00 -2.1892058384e+00
2.2571981482e-04 3.2984137925e+04 1.5707963268e+00 -2.1898638966e+00
2.2585556729e-04 3.3007415964e+04 1.5707963268e+00 -2.1905210256e+00
2.2599128453e-04 3.3030702502e+04 1.5707963268e+00 -2.1911772271e+00
2.2612696658e-04 3.3053997525e+04 1.5707963268e+00 -2.1918325026e+00
2.2626261350e-04 3.3077301018e+04 1.5707963268e+00 -2.1924868540e+00
2.2639822535e-04 3.3100612967e+04 1.5707963268e+00 -2.1931402826e+00
2.2653380218e-04 3.3123933359e+04 1.5707963268e+00 -2.1937927902e+00
2.2666934405e-04 3.3147262179e+04 1.5707963268e+00 -2.1944443785e+00
2.2680485100e-04 3.3170599415e+04 1.5707963268e+00 -2.1950950488e+00
2.2694032310e-04 3.3193945051e+04 1.5707963268e+00 -2.1957448030e+00
2.2707576040e-04 3.3217299075e+04 1.5707963268e+00 -2.1963936426e+00
2.2721116295e-04 3.3240661473e+04 1.5707963268e+00 -2.1970415692e+00
2.2734653080e-04 3.3264032230e+04 1.5707963268e+00 -2.1976885844e+00
2.2748186402e-04 3.3287411333e+04 1.5707963268e+00 -2.1983346898e+00
2.2761716265e-04 3.3310798769e+04 1.5707963268e+00 -2.1989798870e+00
2.2775242676e-04 3.3334194523e+04 1.5707963268e+00 -2.1996241775e+00
2.2788765638e-04 3.3357598583e+04 1.5707963268e+00 -2.2002675630e+00
2.2802285159e-04 3.3381010934e+04 1.5707963268e+00 -2.2009100451e+00
2.2815801242e-04 3.3404431562e+04 1.5707963268e+00 -2.2015516253e+00
2.2829313893e-04 3.3427860455e+04 1.5707963268e+00 -2.2021923053e+00
2.2842823119e-04 3.3451297598e+04 1.5707963268e+00 -2.2028320865e+00
2.2856328923e-04 3.3474742979e+04 1.5707963268e+00 -2.2034709706e+00
2.2869831312e-04 3.3498196583e+04 1.5707963268e+00 -2.2041089591e+00
2.2883330291e-04 3.3521658398e+04 1.5707963268e+00 -2.2047460536e+00
2.2896825864e-04 3.3545128408e+04 1.5707963268e+00 -2.2053822557e+00
2.2910318038e-04 3.3568606603e+04 1.5707963268e+00 -2.2060175669e+00
2.2923806817e-04 3.3592092966e+04 1.5707963268e+00 -2.2066519888e+00
2.2937292207e-04 3.3615587486e+04 1.5707963268e+00 -2.2072855230e+00
2.2950774213e-04 3.3639090150e+04 1.5707963268e+00 -2.2079181710e+00
2.2964252841e-04 3.3662600942e+04 1.5707963268e+00 -2.2085499343e+00
2.2977728095e-04 3.3686119851e+04 1.5707963268e+00 -2.2091808146e+00
2.2991199981e-04 3.3709646863e+04 1.5707963268e+00 -2.2098108133e+00
2.3004668504e-04 3.3733181964e+04 1.5707963268e+00 -2.2104399319e+00
2.3018133669e-04 3.3756725142e+04 1.5707963268e+00 -2.2110681722e+00
2.3031595482e-04 3.3780276383e+04 1.5707963268e+00 -2.2116955354e+00
2.3045053947e-04 3.3803835674e+04 1.5707963268e+00 -2.2123220233e+00
2.3058509071e-04 3.3827403002e+04 1.5707963268e+00 -2.2129476374e+00
2.3071960857e-04 3.3850978353e+04 1.5707963268e+00 -2.2135723791e+00
2.3085409311e-04 3.3874561714e+04 1.5707963268e+00 -2.2141962500e+00
2.3098854439e-04 3.3898153072e+04 1.5707963268e+00 -2.2148192516e+00
2.3112296245e-04 3.3921752415e+04 1.5707963268e+00 -2.2154413855e+00
2.3125734735e-04 3.3945359729e+04 1.5707963268e+00 -2.2160626531e+00
2.3139169914e-04 3.3968975000e+04 1.5707963268e+00 -2.2166830560e+00
2.3152601787e-04 3.3992598216e+04 1.5707963268e+00 -2.2173025957e+00
2.3166030358e-04 3.4016229364e+04 1.5707963268e+00 -2.2179212737e+00
2.3179455634e-04 3.4039868431e+04 1.5707963268e+00 -2.2185390915e+00
2.3192877618e-04 3.4063515404e+04 1.5707963268e+00 -2.2191560507e+00
2.3206296317e-04 3.4087170270e+04 1.5707963268e+00 -2.2197721526e+00
2.3219711736e-04 3.4110833015e+04 1.5707963268e+00 -2.2203873988e+00
2.3233123878e-04 3.4134503628e+04 1.5707963268e+00 -2.2210017909e+00
2.3246532751e-04 3.4158182095e+04 1.5707963268e+00 -2.2216153303e+00
2.3259938357e-04 3.4181868403e+04 1.5707963268e+00 -2.2222280185e+00
2.3273340703e-04 3.4205562539e+04 1.5707963268e+00 -2.2228398569e+00
2.3286739794e-04 3.4229264491e+04 1.5707963268e+00 -2.2234508471e+00
2.3300135634e-04 3.4252974245e+04 1.5707963268e+00 -2.2240609906e+00
2.3313528229e-04 3.4276691790e+04 1.5707963268e+00 -2.2246702889e+00
2.3326917584e-04 3.4300417112e+04 1.5707963268e+00 -2.2252787433e+00
2.3340303703e-04 3.4324150198e+04 1.5707963268e+00 -2.2258863554e+00
2.3353686591e-04 3.4347891036e+04 1.5707963268e+00 -2.2264931267e+00
2.3367066254e-04 3.4371639613e+04 1.5707963268e+00 -2.2270990587e+00
2.3380442696e-04 3.4395395916e+04 1.5707963268e+00 -2.2277041527e+00
2.3393815923e-04 3.4419159933e+04 1.5707963268e+00 -2.2283084103e+00
2.3407185939e-04 3.4442931650e+04 1.5707963268e+00 -2.2289118329e+00
2.3420552750e-04 3.4466711057e+04 1.5707963268e+00 -2.2295144220e+00
2.3433916359e-04 3.4490498139e+04 1.5707963268e+00 -2.2301161791e+00
2.3447276773e-04 3.4514292884e+04 1.5707963268e+00 -2.2307171055e+00
2.3460633996e-04 3.4538095280e+04 1.5707963268e+00 -2.2313172029e+00
2.3473988032e-04 3.4561905315e+04 1.5707963268e+00 -2.2319164725e+00
2.3487338888e-04 3.4585722975e+04 1.5707963268e+00 -2.2325149158e+00
2.3500686567e-04 3.4609548248e+04 1.5707963268e+00 -2.2331125344e+00
2.3514031074e-04 3.4633381121e+04 1.5707963268e+00 -2.2337093295e+00
2.3527372415e-04 3.4657221583e+04 1.5707963268e+00 -2.2343053028e+00
2.3540710595e-04 3.4681069621e+04 1.5707963268e+00 -2.2349004555e+00
2.3554045617e-04 3.4704925223e+04 1.5707963268e+00 -2.2354947892e+00
2.3567377487e-04 3.4728788375e+04 1.5707963268e+00 -2.2360883053e+00
2.3580706210e-04 3.4752659066e+04 1.5707963268e+00 -2.2366810051e+00
2.3594031791e-04 3.4776537284e+04 1.5707963268e+00 -2.2372728902e+00
2.3607354234e-04 3.4800423015e+04 1.5707963268e+00 -2.2378639619e+00
2.3620673544e-04 3.4824316248e+04 1.5707963268e+00 -2.2384542216e+00
2.3633989726e-04 3.4848216971e+04 1.5707963268e+00 -2.2390436709e+00
2.3647302785e-04 3.4872125171e+04 1.5707963268e+00 -2.2396323110e+00
2.3660612725e-04 3.4896040836e+04 1.5707963268e+00 -2.2402201435e+00
2.3673919552e-04 3.4919963954e+04 1.5707963268e+00 -2.2408071697e+00
2.3687223270e-04 3.4943894512e+04 1.5707963268e+00 -2.2413933910e+00
2.3700523883e-04 3.4967832499e+04 1.5707963268e+00 -2.2419788088e+00
2.3713821397e-04 3.4991777902e+04 1.5707963268e+00 -2.2425634245e+00
2.3727115816e-04 3.5015730709e+04 1.5707963268e+00 -2.2431472396e+00
2.3740407145e-04 3.5039690908e+04 1.5707963268e+00 -2.2437302554e+00
2.3753695389e-04 3.5063658487e+04 1.5707963268e+00 -2.2443124733e+00
2.3766980552e-04 3.5087633434e+04 1.5707963268e+00 -2.2448938948e+00
2.3780262639e-04 3.5111615737e+04 1.5707963268e+00 -2.2454745211e+00
2.3793541654e-04 3.5135605384e+04 1.5707963268e+00 -2.2460543538e+00
2.3806817603e-04 3.5159602363e+04 1.5707963268e+00 -2.2466333940e+00
2.3820090491e-04 3.5183606661e+04 1.5707963268e+00 -2.2472116434e+00
2.3833360321e-04 3.5207618267e+04 1.5707963268e+00 -2.2477891032e+00
2.3846627098e-04 3.5231637170e+04 1.5707963268e+00 -2.2483657748e+00
2.3859890827e-04 3.5255663356e+04 1.5707963268e+00 -2.2489416595e+00
2.3873151513e-04 3.5279696814e+04 1.5707963268e+00 -2.2495167589e+00
2.3886409160e-04 3.5303737533e+04 1.5707963268e+00 -2.2500910741e+00
2.3899663773e-04 3.5327785500e+04 1.5707963268e+00 -2.2506646066e+00
2.3912915356e-04 3.5351840703e+04 1.5707963268e+00 -2.2512373578e+00
2.3926163915e-04 3.5375903132e+04 1.5707963268e+00 -2.2518093290e+00
2.3939409453e-04 3.5399972773e+04 1.5707963268e+00 -2.2523805215e+00
2.3952651975e-04 3.5424049615e+04 1.5707963268e+00 -2.2529509368e+00
2.3965891486e-04 3.5448133647e+04 1.5707963268e+00 -2.2535205762e+00
2.3979127990e-04 3.5472224857e+04 1.5707963268e+00 -2.2540894410e+00
