0.0000000000e+00 1.1974237864e+04 1.5707963268e+00 0.0000000000e+00
2.9053354014e-07 1.1974237864e+04 1.5707963268e+00 -3.7037037037e-03
5.8106708029e-07 1.1974219614e+04 1.5707963268e+00 -7.4074074074e-03
8.7160188563e-07 1.1974183112e+04 1.5707963268e+00 -1.1111122401e-02
1.1621392214e-06 1.1974128360e+04 1.5707963268e+00 -1.4814859975e-02
1.4526803529e-06 1.1974055357e+04 1.5707963268e+00 -1.8518631420e-02
1.7432265456e-06 1.1973964100e+04 1.5707963268e+00 -2.2222448027e-02
2.0337790653e-06 1.1973854590e+04 1.5707963268e+00 -2.5926321089e-02
2.3243391780e-06 1.1973726824e+04 1.5707963268e+00 -2.9630261900e-02
2.6149081500e-06 1.1973580799e+04 1.5707963268e+00 -3.3334281756e-02
2.9054872483e-06 1.1973416515e+04 1.5707963268e+00 -3.7038391956e-02
3.1960777402e-06 1.1973233967e+04 1.5707963268e+00 -4.0742603801e-02
3.4866808937e-06 1.1973033153e+04 1.5707963268e+00 -4.4446928596e-02
3.7772979773e-06 1.1972814068e+04 1.5707963268e+00 -4.8151377648e-02
4.0679302604e-06 1.1972576709e+04 1.5707963268e+00 -5.1855962270e-02
4.3585790131e-06 1.1972321073e+04 1.5707963268e+00 -5.5560693777e-02
4.6492455065e-06 1.1972047153e+04 1.5707963268e+00 -5.9265583489e-02
4.9399310124e-06 1.1971754945e+04 1.5707963268e+00 -6.2970642734e-02
5.2306368038e-06 1.1971444444e+04 1.5707963268e+00 -6.6675882840e-02
5.5213641546e-06 1.1971115643e+04 1.5707963268e+00 -7.0381315146e-02
5.8121143402e-06 1.1970768537e+04 1.5707963268e+00 -7.4086950995e-02
6.1028886368e-06 1.1970403120e+04 1.5707963268e+00 -7.7792801735e-02
6.3936883221e-06 1.1970019383e+04 1.5707963268e+00 -8.1498878724e-02
6.6845146753e-06 1.1969617321e+04 1.5707963268e+00 -8.5205193325e-02
6.9753689766e-06 1.1969196926e+04 1.5707963268e+00 -8.8911756909e-02
7.2662525082e-06 1.1968758189e+04 1.5707963268e+00 -9.2618580856e-02
7.5571665536e-06 1.1968301102e+04 1.5707963268e+00 -9.6325676554e-02
7.8481123979e-06 1.1967825657e+04 1.5707963268e+00 -1.0003305540e-01
8.1390913282e-06 1.1967331845e+04 1.5707963268e+00 -1.0374072880e-01
8.4301046331e-06 1.1966819656e+04 1.5707963268e+00 -1.0744870817e-01
8.7211536032e-06 1.1966289080e+04 1.5707963268e+00 -1.1115700493e-01
9.0122395312e-06 1.1965740107e+04 1.5707963268e+00 -1.1486563053e-01
9.3033637114e-06 1.1965172727e+04 1.5707963268e+00 -1.1857459640e-01
9.5945274406e-06 1.1964586929e+04 1.5707963268e+00 -1.2228391401e-01
9.8857320175e-06 1.1963982702e+04 1.5707963268e+00 -1.2599359483e-01
1.0176978743e-05 1.1963360033e+04 1.5707963268e+00 -1.2970365034e-01
1.0468268921e-05 1.1962718912e+04 1.5707963268e+00 -1.3341409202e-01
1.0759603857e-05 1.1962059325e+04 1.5707963268e+00 -1.3712493139e-01
1.1050984859e-05 1.1961381259e+04 1.5707963268e+00 -1.4083617998e-01
1.1342413237e-05 1.1960684703e+04 1.5707963268e+00 -1.4454784930e-01
1.1633890306e-05 1.1959969642e+04 1.5707963268e+00 -1.4825995091e-01
1.1925417381e-05 1.1959236062e+04 1.5707963268e+00 -1.5197249638e-01
1.2216995781e-05 1.1958483949e+04 1.5707963268e+00 -1.5568549727e-01
1.2508626828e-05 1.1957713289e+04 1.5707963268e+00 -1.5939896518e-01
1.2800311845e-05 1.1956924066e+04 1.5707963268e+00 -1.6311291172e-01
1.3092052162e-05 1.1956116265e+04 1.5707963268e+00 -1.6682734850e-01
1.3383849108e-05 1.1955289871e+04 1.5707963268e+00 -1.7054228718e-01
1.3675704017e-05 1.1954444867e+04 1.5707963268e+00 -1.7425773940e-01
1.3967618227e-05 1.1953581236e+04 1.5707963268e+00 -1.7797371684e-01
1.4259593077e-05 1.1952698963e+04 1.5707963268e+00 -1.8169023119e-01
1.4551629911e-05 1.1951798029e+04 1.5707963268e+00 -1.8540729415e-01
1.4843730077e-05 1.1950878417e+04 1.5707963268e+00 -1.8912491747e-01
1.5135894925e-05 1.1949940109e+04 1.5707963268e+00 -1.9284311288e-01
1.5428125810e-05 1.1948983086e+04 1.5707963268e+00 -1.9656189215e-01
1.5720424090e-05 1.1948007330e+04 1.5707963268e+00 -2.0028126706e-01
1.6012791127e-05 1.1947012822e+04 1.5707963268e+00 -2.0400124942e-01
1.6305228286e-05 1.1945999541e+04 1.5707963268e+00 -2.0772185105e-01
1.6597736938e-05 1.1944967469e+04 1.5707963268e+00 -2.1144308381e-01
1.6890318457e-05 1.1943916584e+04 1.5707963268e+00 -2.1516495956e-01
1.7182974219e-05 1.1942846865e+04 1.5707963268e+00 -2.1888749019e-01
1.7475705608e-05 1.1941758292e+04 1.5707963268e+00 -2.2261068762e-01
1.7768514011e-05 1.1940650844e+04 1.5707963268e+00 -2.2633456377e-01
1.8061400817e-05 1.1939524497e+04 1.5707963268e+00 -2.3005913060e-01
1.8354367423e-05 1.1938379231e+04 1.5707963268e+00 -2.3378440011e-01
1.8647415228e-05 1.1937215022e+04 1.5707963268e+00 -2.3751038428e-01
1.8940545638e-05 1.1936031846e+04 1.5707963268e+00 -2.4123709516e-01
1.9233760061e-05 1.1934829681e+04 1.5707963268e+00 -2.4496454480e-01
1.9527059911e-05 1.1933608503e+04 1.5707963268e+00 -2.4869274527e-01
1.9820446609e-05 1.1932368287e+04 1.5707963268e+00 -2.5242170869e-01
2.0113921578e-05 1.1931109008e+04 1.5707963268e+00 -2.5615144718e-01
2.0407486248e-05 1.1929830642e+04 1.5707963268e+00 -2.5988197291e-01
2.0701142053e-05 1.1928533163e+04 1.5707963268e+00 -2.6361329805e-01
2.0994890433e-05 1.1927216545e+04 1.5707963268e+00 -2.6734543483e-01
2.1288732833e-05 1.1925880761e+04 1.5707963268e+00 -2.7107839548e-01
2.1582670704e-05 1.1924525786e+04 1.5707963268e+00 -2.7481219227e-01
2.1876705503e-05 1.1923151590e+04 1.5707963268e+00 -2.7854683750e-01
2.2170838691e-05 1.1921758148e+04 1.5707963268e+00 -2.8228234351e-01
2.2465071736e-05 1.1920345431e+04 1.5707963268e+00 -2.8601872263e-01
2.2759406113e-05 1.1918913411e+04 1.5707963268e+00 -2.8975598728e-01
2.3053843300e-05 1.1917462059e+04 1.5707963268e+00 -2.9349414986e-01
2.3348384784e-05 1.1915991345e+04 1.5707963268e+00 -2.9723322282e-01
2.3643032057e-05 1.1914501240e+04 1.5707963268e+00 -3.0097321864e-01
2.3937786617e-05 1.1912991714e+04 1.5707963268e+00 -3.0471414985e-01
2.4232649968e-05 1.1911462736e+04 1.5707963268e+00 -3.0845602898e-01
2.4527623622e-05 1.1909914276e+04 1.5707963268e+00 -3.1219886862e-01
2.4822709097e-05 1.1908346302e+04 1.5707963268e+00 -3.1594268137e-01
2.5117907917e-05 1.1906758782e+04 1.5707963268e+00 -3.1968747990e-01
2.5413221613e-05 1.1905151684e+04 1.5707963268e+00 -3.2343327687e-01
2.5708651724e-05 1.1903524975e+04 1.5707963268e+00 -3.2718008501e-01
2.6004199796e-05 1.1901878623e+04 1.5707963268e+00 -3.3092791708e-01
2.6299867380e-05 1.1900212593e+04 1.5707963268e+00 -3.3467678585e-01
2.6595656037e-05 1.1898526852e+04 1.5707963268e+00 -3.3842670416e-01
2.6891567334e-05 1.1896821366e+04 1.5707963268e+00 -3.4217768487e-01
2.7187602844e-05 1.1895096099e+04 1.5707963268e+00 -3.4592974087e-01
2.7483764151e-05 1.1893351016e+04 1.5707963268e+00 -3.4968288512e-01
2.7780052845e-05 1.1891586082e+04 1.5707963268e+00 -3.5343713059e-01
2.8076470523e-05 1.1889801260e+04 1.5707963268e+00 -3.5719249029e-01
2.8373018791e-05 1.1887996513e+04 1.5707963268e+00 -3.6094897729e-01
2.8669699264e-05 1.1886171806e+04 1.5707963268e+00 -3.6470660467e-01
2.8966513562e-05 1.1884327099e+04 1.5707963268e+00 -3.6846538559e-01
2.9263463317e-05 1.1882462355e+04 1.5707963268e+00 -3.7222533321e-01
2.9560550168e-05 1.1880577536e+04 1.5707963268e+00 -3.7598646076e-01
2.9857775761e-05 1.1878672603e+04 1.5707963268e+00 -3.7974878151e-01
3.0155141754e-05 1.1876747516e+04 1.5707963268e+00 -3.8351230875e-01
3.0452649811e-05 1.1874802236e+04 1.5707963268e+00 -3.8727705586e-01
3.0750301607e-05 1.1872836721e+04 1.5707963268e+00 -3.9104303621e-01
3.1048098823e-05 1.1870850932e+04 1.5707963268e+00 -3.9481026324e-01
3.1346043154e-05 1.1868844827e+04 1.5707963268e+00 -3.9857875046e-01
3.1644136300e-05 1.1866818365e+04 1.5707963268e+00 -4.0234851137e-01
3.1942379974e-05 1.1864771503e+04 1.5707963268e+00 -4.0611955957e-01
3.2240775895e-05 1.1862704198e+04 1.5707963268e+00 -4.0989190868e-01
3.2539325794e-05 1.1860616407e+04 1.5707963268e+00 -4.1366557237e-01
3.2838031413e-05 1.1858508088e+04 1.5707963268e+00 -4.1744056435e-01
3.3136894502e-05 1.1856379195e+04 1.5707963268e+00 -4.2121689841e-01
3.3435916822e-05 1.1854229683e+04 1.5707963268e+00 -4.2499458836e-01
3.3735100144e-05 1.1852059509e+04 1.5707963268e+00 -4.2877364806e-01
3.4034446250e-05 1.1849868626e+04 1.5707963268e+00 -4.3255409145e-01
3.4333956934e-05 1.1847656988e+04 1.5707963268e+00 -4.3633593248e-01
3.4633633997e-05 1.1845424548e+04 1.5707963268e+00 -4.4011918518e-01
3.4933479255e-05 1.1843171260e+04 1.5707963268e+00 -4.4390386363e-01
3.5233494532e-05 1.1840897076e+04 1.5707963268e+00 -4.4768998196e-01
3.5533681667e-05 1.1838601948e+04 1.5707963268e+00 -4.5147755435e-01
3.5834042507e-05 1.1836285826e+04 1.5707963268e+00 -4.5526659503e-01
3.6134578912e-05 1.1833948662e+04 1.5707963268e+00 -4.5905711830e-01
3.6435292753e-05 1.1831590407e+04 1.5707963268e+00 -4.6284913850e-01
3.6736185915e-05 1.1829211010e+04 1.5707963268e+00 -4.6664267004e-01
3.7037260293e-05 1.1826810419e+04 1.5707963268e+00 -4.7043772738e-01
3.7338517795e-05 1.1824388586e+04 1.5707963268e+00 -4.7423432504e-01
3.7639960342e-05 1.1821945456e+04 1.5707963268e+00 -4.7803247760e-01
3.7941589867e-05 1.1819480978e+04 1.5707963268e+00 -4.8183219968e-01
3.8243408316e-05 1.1816995100e+04 1.5707963268e+00 -4.8563350600e-01
3.8545417647e-05 1.1814487767e+04 1.5707963268e+00 -4.8943641130e-01
3.8847619834e-05 1.1811958927e+04 1.5707963268e+00 -4.9324093040e-01
3.9150016862e-05 1.1809408523e+04 1.5707963268e+00 -4.9704707819e-01
3.9452610730e-05 1.1806836503e+04 1.5707963268e+00 -5.0085486960e-01
3.9755403450e-05 1.1804242809e+04 1.5707963268e+00 -5.0466431964e-01
4.0058397051e-05 1.1801627386e+04 1.5707963268e+00 -5.0847544338e-01
4.0361593572e-05 1.1798990177e+04 1.5707963268e+00 -5.1228825595e-01
4.0664995069e-05 1.1796331125e+04 1.5707963268e+00 -5.1610277255e-01
4.0968603613e-05 1.1793650172e+04 1.5707963268e+00 -5.1991900846e-01
4.1272421287e-05 1.1790947259e+04 1.5707963268e+00 -5.2373697900e-01
4.1576450192e-05 1.1788222329e+04 1.5707963268e+00 -5.2755669957e-01
4.1880692442e-05 1.1785475320e+04 1.5707963268e+00 -5.3137818564e-01
4.2185150168e-05 1.1782706174e+04 1.5707963268e+00 -5.3520145275e-01
4.2489825515e-05 1.1779914829e+04 1.5707963268e+00 -5.3902651652e-01
4.2794720645e-05 1.1777101225e+04 1.5707963268e+00 -5.4285339261e-01
4.3099837736e-05 1.1774265298e+04 1.5707963268e+00 -5.4668209679e-01
4.3405178982e-05 1.1771406988e+04 1.5707963268e+00 -5.5051264486e-01
4.3710746593e-05 1.1768526230e+04 1.5707963268e+00 -5.5434505274e-01
4.4016542797e-05 1.1765622961e+04 1.5707963268e+00 -5.5817933639e-01
4.4322569837e-05 1.1762697117e+04 1.5707963268e+00 -5.6201551186e-01
4.4628829976e-05 1.1759748633e+04 1.5707963268e+00 -5.6585359527e-01
4.4935325492e-05 1.1756777443e+04 1.5707963268e+00 -5.6969360282e-01
4.5242058681e-05 1.1753783482e+04 1.5707963268e+00 -5.7353555078e-01
4.5549031859e-05 1.1750766682e+04 1.5707963268e+00 -5.7737945551e-01
4.5856247359e-05 1.1747726976e+04 1.5707963268e+00 -5.8122533345e-01
4.6163707531e-05 1.1744664296e+04 1.5707963268e+00 -5.8507320109e-01
4.6471414745e-05 1.1741578574e+04 1.5707963268e+00 -5.8892307505e-01
4.6779371391e-05 1.1738469739e+04 1.5707963268e+00 -5.9277497199e-01
4.7087579878e-05 1.1735337723e+04 1.5707963268e+00 -5.9662890868e-01
4.7396042632e-05 1.1732182455e+04 1.5707963268e+00 -6.0048490195e-01
4.7704762101e-05 1.1729003862e+04 1.5707963268e+00 -6.0434296874e-01
4.8013740754e-05 1.1725801875e+04 1.5707963268e+00 -6.0820312605e-01
4.8322981079e-05 1.1722576418e+04 1.5707963268e+00 -6.1206539099e-01
4.8632485585e-05 1.1719327421e+04 1.5707963268e+00 -6.1592978074e-01
4.8942256802e-05 1.1716054808e+04 1.5707963268e+00 -6.1979631258e-01
4.9252297280e-05 1.1712758505e+04 1.5707963268e+00 -6.2366500387e-01
4.9562609594e-05 1.1709438436e+04 1.5707963268e+00 -6.2753587207e-01
4.9873196337e-05 1.1706094527e+04 1.5707963268e+00 -6.3140893472e-01
5.0184060128e-05 1.1702726699e+04 1.5707963268e+00 -6.3528420947e-01
5.0495203605e-05 1.1699334875e+04 1.5707963268e+00 -6.3916171403e-01
5.0806629431e-05 1.1695918978e+04 1.5707963268e+00 -6.4304146624e-01
5.1118340292e-05 1.1692478929e+04 1.5707963268e+00 -6.4692348403e-01
5.1430338898e-05 1.1689014648e+04 1.5707963268e+00 -6.5080778540e-01
5.1742627981e-05 1.1685526054e+04 1.5707963268e+00 -6.5469438848e-01
5.2055210299e-05 1.1682013068e+04 1.5707963268e+00 -6.5858331147e-01
5.2368088635e-05 1.1678475606e+04 1.5707963268e+00 -6.6247457270e-01
5.2681265795e-05 1.1674913587e+04 1.5707963268e+00 -6.6636819057e-01
5.2994744613e-05 1.1671326928e+04 1.5707963268e+00 -6.7026418361e-01
5.3308527946e-05 1.1667715544e+04 1.5707963268e+00 -6.7416257043e-01
5.3622618679e-05 1.1664079350e+04 1.5707963268e+00 -6.7806336975e-01
5.3937019722e-05 1.1660418262e+04 1.5707963268e+00 -6.8196660041e-01
5.4251734014e-05 1.1656732192e+04 1.5707963268e+00 -6.8587228134e-01
5.4566764519e-05 1.1653021054e+04 1.5707963268e+00 -6.8978043158e-01
5.4882114231e-05 1.1649284761e+04 1.5707963268e+00 -6.9369107029e-01
5.5197786169e-05 1.1645523223e+04 1.5707963268e+00 -6.9760421672e-01
5.5513783385e-05 1.1641736350e+04 1.5707963268e+00 -7.0151989026e-01
5.5830108956e-05 1.1637924054e+04 1.5707963268e+00 -7.0543811037e-01
5.6146765989e-05 1.1634086242e+04 1.5707963268e+00 -7.0935889667e-01
5.6463757623e-05 1.1630222823e+04 1.5707963268e+00 -7.1328226887e-01
5.6781087026e-05 1.1626333705e+04 1.5707963268e+00 -7.1720824680e-01
5.7098757396e-05 1.1622418793e+04 1.5707963268e+00 -7.2113685040e-01
5.7416771964e-05 1.1618477993e+04 1.5707963268e+00 -7.2506809974e-01
5.7735133991e-05 1.1614511211e+04 1.5707963268e+00 -7.2900201501e-01
5.8053846771e-05 1.1610518350e+04 1.5707963268e+00 -7.3293861652e-01
5.8372913631e-05 1.1606499313e+04 1.5707963268e+00 -7.3687792469e-01
5.8692337930e-05 1.1602454002e+04 1.5707963268e+00 -7.4081996009e-01
5.9012123063e-05 1.1598382320e+04 1.5707963268e+00 -7.4476474338e-01
5.9332272457e-05 1.1594284165e+04 1.5707963268e+00 -7.4871229539e-01
5.9652789574e-05 1.1590159439e+04 1.5707963268e+00 -7.5266263703e-01
5.9973677913e-05 1.1586008039e+04 1.5707963268e+00 -7.5661578939e-01
6.0294941007e-05 1.1581829864e+04 1.5707963268e+00 -7.6057177365e-01
6.0616582427e-05 1.1577624810e+04 1.5707963268e+00 -7.6453061115e-01
6.0938605779e-05 1.1573392774e+04 1.5707963268e+00 -7.6849232334e-01
6.1261014710e-05 1.1569133649e+04 1.5707963268e+00 -7.7245693182e-01
6.1583812900e-05 1.1564847332e+04 1.5707963268e+00 -7.7642445834e-01
6.1907004074e-05 1.1560533714e+04 1.5707963268e+00 -7.8039492477e-01
6.2230591990e-05 1.1556192687e+04 1.5707963268e+00 -7.8436835311e-01
6.2554580452e-05 1.1551824144e+04 1.5707963268e+00 -7.8834476553e-01
6.2878973300e-05 1.1547427974e+04 1.5707963268e+00 -7.9232418433e-01
6.3203774419e-05 1.1543004066e+04 1.5707963268e+00 -7.9630663194e-01
6.3528987733e-05 1.1538552310e+04 1.5707963268e+00 -8.0029213097e-01
6.3854617210e-05 1.1534072591e+04 1.5707963268e+00 -8.0428070415e-01
6.4180666862e-05 1.1529564798e+04 1.5707963268e+00 -8.0827237437e-01
6.4507140744e-05 1.1525028814e+04 1.5707963268e+00 -8.1226716468e-01
6.4834042956e-05 1.1520464524e+04 1.5707963268e+00 -8.1626509826e-01
6.5161377645e-05 1.1515871811e+04 1.5707963268e+00 -8.2026619846e-01
6.5489149002e-05 1.1511250558e+04 1.5707963268e+00 -8.2427048880e-01
6.5817361266e-05 1.1506600645e+04 1.5707963268e+00 -8.2827799293e-01
6.6146018725e-05 1.1501921953e+04 1.5707963268e+00 -8.3228873469e-01
6.6475125713e-05 1.1497214361e+04 1.5707963268e+00 -8.3630273806e-01
6.6804686617e-05 1.1492477746e+04 1.5707963268e+00 -8.4032002719e-01
6.7134705871e-05 1.1487711985e+04 1.5707963268e+00 -8.4434062641e-01
6.7465187962e-05 1.1482916955e+04 1.5707963268e+00 -8.4836456018e-01
6.7796137429e-05 1.1478092529e+04 1.5707963268e+00 -8.5239185318e-01
6.8127558862e-05 1.1473238581e+04 1.5707963268e+00 -8.5642253023e-01
6.8459456907e-05 1.1468354984e+04 1.5707963268e+00 -8.6045661633e-01
6.8791836263e-05 1.1463441608e+04 1.5707963268e+00 -8.6449413665e-01
6.9124701686e-05 1.1458498324e+04 1.5707963268e+00 -8.6853511656e-01
6.9458057988e-05 1.1453525000e+04 1.5707963268e+00 -8.7257958158e-01
6.9791910039e-05 1.1448521504e+04 1.5707963268e+00 -8.7662755744e-01
7.0126262766e-05 1.1443487703e+04 1.5707963268e+00 -8.8067907003e-01
7.0461121157e-05 1.1438423462e+04 1.5707963268e+00 -8.8473414544e-01
7.0796490261e-05 1.1433328645e+04 1.5707963268e+00 -8.8879280994e-01
7.1132375187e-05 1.1428203114e+04 1.5707963268e+00 -8.9285509000e-01
7.1468781108e-05 1.1423046732e+04 1.5707963268e+00 -8.9692101228e-01
7.1805713260e-05 1.1417859358e+04 1.5707963268e+00 -9.0099060363e-01
7.2143176946e-05 1.1412640852e+04 1.5707963268e+00 -9.0506389111e-01
7.2481177533e-05 1.1407391072e+04 1.5707963268e+00 -9.0914090196e-01
7.2819720455e-05 1.1402109873e+04 1.5707963268e+00 -9.1322166363e-01
7.3158811218e-05 1.1396797111e+04 1.5707963268e+00 -9.1730620379e-01
7.3498455393e-05 1.1391452640e+04 1.5707963268e+00 -9.2139455029e-01
7.3838658625e-05 1.1386076313e+04 1.5707963268e+00 -9.2548673122e-01
7.4179426632e-05 1.1380667980e+04 1.5707963268e+00 -9.2958277484e-01
7.4520765204e-05 1.1375227492e+04 1.5707963268e+00 -9.3368270967e-01
7.4862680205e-05 1.1369754696e+04 1.5707963268e+00 -9.3778656442e-01
7.5205177579e-05 1.1364249441e+04 1.5707963268e+00 -9.4189436802e-01
7.5548263345e-05 1.1358711571e+04 1.5707963268e+00 -9.4600614963e-01
7.5891943601e-05 1.1353140931e+04 1.5707963268e+00 -9.5012193864e-01
7.6236224528e-05 1.1347537363e+04 1.5707963268e+00 -9.5424176465e-01
7.6581112388e-05 1.1341900709e+04 1.5707963268e+00 -9.5836565751e-01
7.6926613525e-05 1.1336230809e+04 1.5707963268e+00 -9.6249364728e-01
7.7272734372e-05 1.1330527501e+04 1.5707963268e+00 -9.6662576428e-01
7.7619481446e-05 1.1324790622e+04 1.5707963268e+00 -9.7076203905e-01
7.7966861355e-05 1.1319020007e+04 1.5707963268e+00 -9.7490250238e-01
7.8314880795e-05 1.1313215491e+04 1.5707963268e+00 -9.7904718531e-01
7.8663546556e-05 1.1307376905e+04 1.5707963268e+00 -9.8319611911e-01
7.9012865520e-05 1.1301504081e+04 1.5707963268e+00 -9.8734933532e-01
7.9362844667e-05 1.1295596847e+04 1.5707963268e+00 -9.9150686573e-01
7.9713491074e-05 1.1289655031e+04 1.5707963268e+00 -9.9566874237e-01
8.0064811915e-05 1.1283678460e+04 1.5707963268e+00 -9.9983499755e-01
8.0416814469e-05 1.1277666956e+04 1.5707963268e+00 -1.0040056638e+00
8.0769506116e-05 1.1271620344e+04 1.5707963268e+00 -1.0081807741e+00
8.1122894342e-05 1.1265538444e+04 1.5707963268e+00 -1.0123603613e+00
8.1476986742e-05 1.1259421075e+04 1.5707963268e+00 -1.0165444590e+00
8.1831791019e-05 1.1253268055e+04 1.5707963268e+00 -1.0207331007e+00
8.2187314989e-05 1.1247079200e+04 1.5707963268e+00 -1.0249263205e+00
8.2543566582e-05 1.1240854324e+04 1.5707963268e+00 -1.0291241524e+00
8.2900553845e-05 1.1234593239e+04 1.5707963268e+00 -1.0333266311e+00
8.3258284943e-05 1.1228295756e+04 1.5707963268e+00 -1.0375337912e+00
8.3616768162e-05 1.1221961684e+04 1.5707963268e+00 -1.0417456680e+00
8.3976011915e-05 1.1215590830e+04 1.5707963268e+00 -1.0459622968e+00
8.4336024738e-05 1.1209182999e+04 1.5707963268e+00 -1.0501837132e+00
8.4696815298e-05 1.1202737994e+04 1.5707963268e+00 -1.0544099533e+00
8.5058392394e-05 1.1196255616e+04 1.5707963268e+00 -1.0586410533e+00
8.5420764958e-05 1.1189735666e+04 1.5707963268e+00 -1.0628770500e+00
8.5783942062e-05 1.1183177939e+04 1.5707963268e+00 -1.0671179801e+00
8.6147932916e-05 1.1176582233e+04 1.5707963268e+00 -1.0713638811e+00
8.6512746875e-05 1.1169948340e+04 1.5707963268e+00 -1.0756147904e+00
8.6878393439e-05 1.1163276053e+04 1.5707963268e+00 -1.0798707459e+00
8.7244882261e-05 1.1156565160e+04 1.5707963268e+00 -1.0841317861e+00
8.7612223142e-05 1.1149815450e+04 1.5707963268e+00 -1.0883979493e+00
8.7980426044e-05 1.1143026707e+04 1.5707963268e+00 -1.0926692746e+00
8.8349501087e-05 1.1136198715e+04 1.5707963268e+00 -1.0969458012e+00
8.8719458552e-05 1.1129331256e+04 1.5707963268e+00 -1.1012275687e+00
8.9090308891e-05 1.1122424107e+04 1.5707963268e+00 -1.1055146173e+00
8.9462062724e-05 1.1115477047e+04 1.5707963268e+00 -1.1098069871e+00
8.9834730846e-05 1.1108489850e+04 1.5707963268e+00 -1.1141047189e+00
9.0208324231e-05 1.1101462288e+04 1.5707963268e+00 -1.1184078539e+00
9.0582854035e-05 1.1094394131e+04 1.5707963268e+00 -1.1227164334e+00
9.0958331600e-05 1.1087285147e+04 1.5707963268e+00 -1.1270304994e+00
9.1334768461e-05 1.1080135103e+04 1.5707963268e+00 -1.1313500941e+00
9.1712176347e-05 1.1072943761e+04 1.5707963268e+00 -1.1356752600e+00
9.2090567186e-05 1.1065710881e+04 1.5707963268e+00 -1.1400060403e+00
9.2469953112e-05 1.1058436223e+04 1.5707963268e+00 -1.1443424783e+00
9.2850346469e-05 1.1051119543e+04 1.5707963268e+00 -1.1486846180e+00
9.3231759813e-05 1.1043760594e+04 1.5707963268e+00 -1.1530325034e+00
9.3614205922e-05 1.1036359127e+04 1.5707963268e+00 -1.1573861794e+00
9.3997697797e-05 1.1028914891e+04 1.5707963268e+00 -1.1617456911e+00
9.4382248671e-05 1.1021427631e+04 1.5707963268e+00 -1.1661110838e+00
9.4767872011e-05 1.1013897092e+04 1.5707963268e+00 -1.1704824037e+00
9.5154581525e-05 1.1006323014e+04 1.5707963268e+00 -1.1748596971e+00
9.5542391170e-05 1.0998705135e+04 1.5707963268e+00 -1.1792430109e+00
9.5931315157e-05 1.0991043190e+04 1.5707963268e+00 -1.1836323924e+00
9.6321367954e-05 1.0983336913e+04 1.5707963268e+00 -1.1880278894e+00
9.6712564298e-05 1.0975586033e+04 1.5707963268e+00 -1.1924295501e+00
9.7104919198e-05 1.0967790277e+04 1.5707963268e+00 -1.1968374233e+00
9.7498447943e-05 1.0959949371e+04 1.5707963268e+00 -1.2012515581e+00
9.7893166108e-05 1.0952063034e+04 1.5707963268e+00 -1.2056720043e+00
9.8289089564e-05 1.0944130987e+04 1.5707963268e+00 -1.2100988120e+00
9.8686234483e-05 1.0936152944e+04 1.5707963268e+00 -1.2145320320e+00
9.9084617347e-05 1.0928128618e+04 1.5707963268e+00 -1.2189717154e+00
9.9484254957e-05 1.0920057718e+04 1.5707963268e+00 -1.2234179140e+00
9.9885164437e-05 1.0911939952e+04 1.5707963268e+00 -1.2278706801e+00
1.0028736325e-04 1.0903775023e+04 1.5707963268e+00 -1.2323300663e+00
1.0069086920e-04 1.0895562631e+04 1.5707963268e+00 -1.2367961261e+00
1.0109570044e-04 1.0887302472e+04 1.5707963268e+00 -1.2412689132e+00
1.0150187550e-04 1.0878994242e+04 1.5707963268e+00 -1.2457484822e+00
1.0190941327e-04 1.0870637630e+04 1.5707963268e+00 -1.2502348880e+00
1.0231833302e-04 1.0862232324e+04 1.5707963268e+00 -1.2547281862e+00
1.0272865442e-04 1.0853778008e+04 1.5707963268e+00 -1.2592284330e+00
1.0314039755e-04 1.0845274362e+04 1.5707963268e+00 -1.2637356850e+00
1.0355358289e-04 1.0836721064e+04 1.5707963268e+00 -1.2682499997e+00
1.0396823135e-04 1.0828117786e+04 1.5707963268e+00 -1.2727714349e+00
1.0438436430e-04 1.0819464199e+04 1.5707963268e+00 -1.2773000493e+00
1.0480200353e-04 1.0810759969e+04 1.5707963268e+00 -1.2818359020e+00
1.0522117132e-04 1.0802004758e+04 1.5707963268e+00 -1.2863790529e+00
1.0564189042e-04 1.0793198227e+04 1.5707963268e+00 -1.2909295624e+00
1.0606418406e-04 1.0784340030e+04 1.5707963268e+00 -1.2954874917e+00
1.0648807599e-04 1.0775429818e+04 1.5707963268e+00 -1.3000529025e+00
1.0691359048e-04 1.0766467239e+04 1.5707963268e+00 -1.3046258574e+00
1.0734075233e-04 1.0757451937e+04 1.5707963268e+00 -1.3092064195e+00
1.0776958691e-04 1.0748383551e+04 1.5707963268e+00 -1.3137946527e+00
1.0820012013e-04 1.0739261717e+04 1.5707963268e+00 -1.3183906215e+00
1.0863237852e-04 1.0730086066e+04 1.5707963268e+00 -1.3229943912e+00
1.0906638920e-04 1.0720856226e+04 1.5707963268e+00 -1.3276060279e+00
1.0950217990e-04 1.0711571820e+04 1.5707963268e+00 -1.3322255983e+00
1.0993977902e-04 1.0702232467e+04 1.5707963268e+00 -1.3368531699e+00
1.1037921561e-04 1.0692837782e+04 1.5707963268e+00 -1.3414888110e+00
1.1082051941e-04 1.0683387373e+04 1.5707963268e+00 -1.3461325906e+00
1.1126372085e-04 1.0673880848e+04 1.5707963268e+00 -1.3507845787e+00
1.1170885110e-04 1.0664317808e+04 1.5707963268e+00 -1.3554448459e+00
1.1215594210e-04 1.0654697848e+04 1.5707963268e+00 -1.3601134635e+00
1.1260502654e-04 1.0645020561e+04 1.5707963268e+00 -1.3647905041e+00
1.1305613792e-04 1.0635285534e+04 1.5707963268e+00 -1.3694760406e+00
1.1350931059e-04 1.0625492350e+04 1.5707963268e+00 -1.3741701470e+00
1.1396457974e-04 1.0615640585e+04 1.5707963268e+00 -1.3788728984e+00
1.1442198144e-04 1.0605729812e+04 1.5707963268e+00 -1.3835843703e+00
1.1488155270e-04 1.0595759599e+04 1.5707963268e+00 -1.3883046396e+00
1.1534333145e-04 1.0585729509e+04 1.5707963268e+00 -1.3930337836e+00
1.1580735662e-04 1.0575639098e+04 1.5707963268e+00 -1.3977718810e+00
1.1627366816e-04 1.0565487918e+04 1.5707963268e+00 -1.4025190113e+00
1.1674230706e-04 1.0555275516e+04 1.5707963268e+00 -1.4072752547e+00
1.1721331541e-04 1.0545001434e+04 1.5707963268e+00 -1.4120406927e+00
1.1768673641e-04 1.0534665207e+04 1.5707963268e+00 -1.4168154076e+00
1.1816261444e-04 1.0524266365e+04 1.5707963268e+00 -1.4215994830e+00
1.1864099511e-04 1.0513804433e+04 1.5707963268e+00 -1.4263930031e+00
1.1912192525e-04 1.0503278929e+04 1.5707963268e+00 -1.4311960535e+00
1.1960545303e-04 1.0492689366e+04 1.5707963268e+00 -1.4360087206e+00
1.2009162794e-04 1.0482035252e+04 1.5707963268e+00 -1.4408310922e+00
1.2058050090e-04 1.0471316086e+04 1.5707963268e+00 -1.4456632569e+00
1.2107212428e-04 1.0460531365e+04 1.5707963268e+00 -1.4505053046e+00
1.2156655196e-04 1.0449680577e+04 1.5707963268e+00 -1.4553573262e+00
1.2206383940e-04 1.0438763203e+04 1.5707963268e+00 -1.4602194139e+00
1.2256404369e-04 1.0427778720e+04 1.5707963268e+00 -1.4650916609e+00
1.2306722362e-04 1.0416726597e+04 1.5707963268e+00 -1.4699741619e+00
1.2357343976e-04 1.0405606298e+04 1.5707963268e+00 -1.4748670126e+00
1.2408275452e-04 1.0394417277e+04 1.5707963268e+00 -1.4797703099e+00
1.2459523220e-04 1.0383158985e+04 1.5707963268e+00 -1.4846841521e+00
1.2511093914e-04 1.0371830863e+04 1.5707963268e+00 -1.4896086388e+00
1.2562994374e-04 1.0360432347e+04 1.5707963268e+00 -1.4945438708e+00
1.2615231656e-04 1.0348962865e+04 1.5707963268e+00 -1.4994899503e+00
1.2667813044e-04 1.0337421838e+04 1.5707963268e+00 -1.5044469809e+00
1.2720746056e-04 1.0325808680e+04 1.5707963268e+00 -1.5094150676e+00
1.2774038459e-04 1.0314122797e+04 1.5707963268e+00 -1.5143943166e+00
1.2827698275e-04 1.0302363586e+04 1.5707963268e+00 -1.5193848358e+00
1.2881733796e-04 1.0290530439e+04 1.5707963268e+00 -1.5243867345e+00
1.2936153594e-04 1.0278622739e+04 1.5707963268e+00 -1.5294001234e+00
1.2990966535e-04 1.0266639861e+04 1.5707963268e+00 -1.5344251148e+00
1.3046181794e-04 1.0254581172e+04 1.5707963268e+00 -1.5394618225e+00
1.3101808866e-04 1.0242446030e+04 1.5707963268e+00 -1.5445103619e+00
1.3157857584e-04 1.0230233786e+04 1.5707963268e+00 -1.5495708502e+00
1.3214338135e-04 1.0217943781e+04 1.5707963268e+00 -1.5546434058e+00
1.3271261073e-04 1.0205575350e+04 1.5707963268e+00 -1.5597281492e+00
1.3328637346e-04 1.0193127816e+04 1.5707963268e+00 -1.5648252023e+00
1.3386478306e-04 1.0180600496e+04 1.5707963268e+00 -1.5699346890e+00
1.3444795735e-04 1.0167992696e+04 1.5707963268e+00 -1.5750567348e+00
1.3503601866e-04 1.0155303714e+04 1.5707963268e+00 -1.5801914670e+00
1.3562909404e-04 1.0142532838e+04 1.5707963268e+00 -1.5853390148e+00
1.3622731555e-04 1.0129679349e+04 1.5707963268e+00 -1.5904995093e+00
1.3683082049e-04 1.0116742515e+04 1.5707963268e+00 -1.5956730834e+00
1.3743975168e-04 1.0103721596e+04 1.5707963268e+00 -1.6008598721e+00
1.3805425779e-04 1.0090615843e+04 1.5707963268e+00 -1.6060600123e+00
1.3867449365e-04 1.0077424495e+04 1.5707963268e+00 -1.6112736429e+00
1.3930062058e-04 1.0064146785e+04 1.5707963268e+00 -1.6165009050e+00
1.3993280679e-04 1.0050781930e+04 1.5707963268e+00 -1.6217419416e+00
1.4057122773e-04 1.0037329143e+04 1.5707963268e+00 -1.6269968980e+00
1.4121606656e-04 1.0023787621e+04 1.5707963268e+00 -1.6322659218e+00
1.4186751460e-04 1.0010156554e+04 1.5707963268e+00 -1.6375491627e+00
1.4252577178e-04 9.9964351208e+03 1.5707963268e+00 -1.6428467726e+00
1.4319104724e-04 9.9826224885e+03 1.5707963268e+00 -1.6481589059e+00
1.4386355981e-04 9.9687178140e+03 1.5707963268e+00 -1.6534857193e+00
1.4454353871e-04 9.9547202432e+03 1.5707963268e+00 -1.6588273721e+00
1.4523122417e-04 9.9406289108e+03 1.5707963268e+00 -1.6641840258e+00
1.4592686812e-04 9.9264429406e+03 1.5707963268e+00 -1.6695558446e+00
1.4663073505e-04 9.9121614450e+03 1.5707963268e+00 -1.6749429954e+00
1.4734310276e-04 9.8977835254e+03 1.5707963268e+00 -1.6803456475e+00
1.4806426332e-04 9.8833082716e+03 1.5707963268e+00 -1.6857639731e+00
1.4879452408e-04 9.8687347624e+03 1.5707963268e+00 -1.6911981470e+00
1.4953420871e-04 9.8540620650e+03 1.5707963268e+00 -1.6966483469e+00
1.5028365838e-04 9.8392892355e+03 1.5707963268e+00 -1.7021147534e+00
1.5104323310e-04 9.8244153186e+03 1.5707963268e+00 -1.7075975499e+00
1.5181331306e-04 9.8094393478e+03 1.5707963268e+00 -1.7130969229e+00
1.5259430019e-04 9.7943603456e+03 1.5707963268e+00 -1.7186130621e+00
1.5338661989e-04 9.7791773234e+03 1.5707963268e+00 -1.7241461599e+00
1.5419072280e-04 9.7638892819e+03 1.5707963268e+00 -1.7296964124e+00
1.5500708695e-04 9.7484952112e+03 1.5707963268e+00 -1.7352640186e+00
1.5583621991e-04 9.7329940912e+03 1.5707963268e+00 -1.7408491809e+00
1.5667866135e-04 9.7173848917e+03 1.5707963268e+00 -1.7464521052e+00
1.5753498576e-04 9.7016665732e+03 1.5707963268e+00 -1.7520730008e+00
1.5840580553e-04 9.6858380872e+03 1.5707963268e+00 -1.7577120804e+00
1.5929177432e-04 9.6698983766e+03 1.5707963268e+00 -1.7633695607e+00
1.6019359090e-04 9.6538463769e+03 1.5707963268e+00 -1.7690456617e+00
1.6111200332e-04 9.6376810169e+03 1.5707963268e+00 -1.7747406072e+00
1.6204781370e-04 9.6214012192e+03 1.5707963268e+00 -1.7804546252e+00
1.6300188354e-04 9.6050059022e+03 1.5707963268e+00 -1.7861879472e+00
1.6397513969e-04 9.5884939810e+03 1.5707963268e+00 -1.7919408089e+00
1.6496858117e-04 9.5718643691e+03 1.5707963268e+00 -1.7977134500e+00
1.6598328677e-04 9.5551159803e+03 1.5707963268e+00 -1.8035061144e+00
1.6702042383e-04 9.5382477312e+03 1.5707963268e+00 -1.8093190503e+00
1.6808125809e-04 9.5212585436e+03 1.5707963268e+00 -1.8151525101e+00
1.6916716510e-04 9.5041473475e+03 1.5707963268e+00 -1.8210067506e+00
1.7027964324e-04 9.4869130852e+03 1.5707963268e+00 -1.8268820330e+00
1.7142032870e-04 9.4695547150e+03 1.5707963268e+00 -1.8327786233e+00
1.7259101293e-04 9.4520712167e+03 1.5707963268e+00 -1.8386967917e+00
1.7379366279e-04 9.4344615977e+03 1.5707963268e+00 -1.8446368134e+00
1.7503044414e-04 9.4167248997e+03 1.5707963268e+00 -1.8505989681e+00
1.7630374954e-04 9.3988602073e+03 1.5707963268e+00 -1.8565835404e+00
1.7761623087e-04 9.3808666588e+03 1.5707963268e+00 -1.8625908197e+00
1.7897083803e-04 9.3627434573e+03 1.5707963268e+00 -1.8686211001e+00
1.8037086517e-04 9.3444898865e+03 1.5707963268e+00 -1.8746746807e+00
1.8182000608e-04 9.3261053280e+03 1.5707963268e+00 -1.8807518654e+00
1.8332242128e-04 9.3075892830e+03 1.5707963268e+00 -1.8868529628e+00
1.8488281966e-04 9.2889413996e+03 1.5707963268e+00 -1.8929782865e+00
1.8650655869e-04 9.2701615055e+03 1.5707963268e+00 -1.8991281545e+00
1.8819976860e-04 9.2512496493e+03 1.5707963268e+00 -1.9053028895e+00
1.8996950746e-04 9.2322061525e+03 1.5707963268e+00 -1.9115028184e+00
1.9182395717e-04 9.2130316752e+03 1.5707963268e+00 -1.9177282721e+00
1.9377267364e-04 9.1937273006e+03 1.5707963268e+00 -1.9239795852e+00
1.9582691040e-04 9.1742946441e+03 1.5707963268e+00 -1.9302570955e+00
1.9800004267e-04 9.1547359975e+03 1.5707963268e+00 -1.9365611432e+00
2.0030813181e-04 9.1350545201e+03 1.5707963268e+00 -1.9428920701e+00
2.0277068952e-04 9.1152544987e+03 1.5707963268e+00 -1.9492502182e+00
2.0541173227e-04 9.0953417054e+03 1.5707963268e+00 -1.9556359287e+00
2.0826126837e-04 9.0753239023e+03 1.5707963268e+00 -1.9620495390e+00
2.1135744818e-04 9.0552115686e+03 1.5707963268e+00 -1.9684913806e+00
2.1474976357e-04 9.0350189804e+03 1.5707963268e+00 -1.9749617744e+00
2.1850397225e-04 9.0147658615e+03 1.5707963268e+00 -1.9814610255e+00
2.2270998563e-04 8.9944800109e+03 1.5707963268e+00 -1.9879894143e+00
2.2749512792e-04 8.9742016759e+03 1.5707963268e+00 -1.9945471846e+00
2.3304778838e-04 8.9539912488e+03 1.5707963268e+00 -2.0011345244e+00
2.3966290656e-04 8.9339438017e+03 1.5707963268e+00 -2.0077515342e+00
2.4783850124e-04 8.9142191475e+03 1.5707963268e+00 -2.0143981743e+00
2.5851032474e-04 8.8951122126e+03 1.5707963268e+00 -2.0210741637e+00
2.7375037026e-04 8.8772505468e+03 1.5707963268e+00 -2.0277787720e+00
