0.0000000000e+00 1.1353351457e+04 1.5707963268e+00 0.0000000000e+00
3.1629285623e-07 1.1353351457e+04 1.5707963268e+00 -3.9062500000e-03
6.3258571246e-07 1.1353321681e+04 1.5707963268e+00 -7.8125000000e-03
9.4888153123e-07 1.1353262131e+04 1.5707963268e+00 -1.1718770489e-02
1.2651832752e-06 1.1353172804e+04 1.5707963268e+00 -1.5625081957e-02
1.5814939075e-06 1.1353053701e+04 1.5707963268e+00 -1.9531454893e-02
1.8978163918e-06 1.1352904818e+04 1.5707963268e+00 -2.3437909791e-02
2.2141536931e-06 1.1352726152e+04 1.5707963268e+00 -2.7344467148e-02
2.5305087772e-06 1.1352517701e+04 1.5707963268e+00 -3.1251147462e-02
2.8468846120e-06 1.1352279459e+04 1.5707963268e+00 -3.5157971240e-02
3.1632841669e-06 1.1352011422e+04 1.5707963268e+00 -3.9064958994e-02
3.4797104136e-06 1.1351713582e+04 1.5707963268e+00 -4.2972131243e-02
3.7961663262e-06 1.1351385935e+04 1.5707963268e+00 -4.6879508514e-02
4.1126548817e-06 1.1351028471e+04 1.5707963268e+00 -5.0787111345e-02
4.4291790598e-06 1.1350641183e+04 1.5707963268e+00 -5.4694960283e-02
4.7457418439e-06 1.1350224061e+04 1.5707963268e+00 -5.8603075886e-02
5.0623462207e-06 1.1349777097e+04 1.5707963268e+00 -6.2511478726e-02
5.3789951812e-06 1.1349300278e+04 1.5707963268e+00 -6.6420189386e-02
5.6956917202e-06 1.1348793595e+04 1.5707963268e+00 -7.0329228466e-02
6.0124388372e-06 1.1348257034e+04 1.5707963268e+00 -7.4238616580e-02
6.3292395366e-06 1.1347690582e+04 1.5707963268e+00 -7.8148374359e-02
6.6460968278e-06 1.1347094227e+04 1.5707963268e+00 -8.2058522451e-02
6.9630137257e-06 1.1346467953e+04 1.5707963268e+00 -8.5969081524e-02
7.2799932506e-06 1.1345811745e+04 1.5707963268e+00 -8.9880072263e-02
7.5970384293e-06 1.1345125587e+04 1.5707963268e+00 -9.3791515377e-02
7.9141522946e-06 1.1344409463e+04 1.5707963268e+00 -9.7703431592e-02
8.2313378859e-06 1.1343663354e+04 1.5707963268e+00 -1.0161584166e-01
8.5485982498e-06 1.1342887243e+04 1.5707963268e+00 -1.0552876636e-01
8.8659364399e-06 1.1342081110e+04 1.5707963268e+00 -1.0944222649e-01
9.1833555174e-06 1.1341244935e+04 1.5707963268e+00 -1.1335624287e-01
9.5008585515e-06 1.1340378698e+04 1.5707963268e+00 -1.1727083637e-01
9.8184486195e-06 1.1339482376e+04 1.5707963268e+00 -1.2118602785e-01
1.0136128807e-05 1.1338555949e+04 1.5707963268e+00 -1.2510183822e-01
1.0453902209e-05 1.1337599391e+04 1.5707963268e+00 -1.2901828844e-01
1.0771771929e-05 1.1336612681e+04 1.5707963268e+00 -1.3293539946e-01
1.1089741080e-05 1.1335595792e+04 1.5707963268e+00 -1.3685319230e-01
1.1407812786e-05 1.1334548700e+04 1.5707963268e+00 -1.4077168799e-01
1.1725990179e-05 1.1333471377e+04 1.5707963268e+00 -1.4469090759e-01
1.2044276403e-05 1.1332363798e+04 1.5707963268e+00 -1.4861087222e-01
1.2362674613e-05 1.1331225934e+04 1.5707963268e+00 -1.5253160302e-01
1.2681187974e-05 1.1330057757e+04 1.5707963268e+00 -1.5645312116e-01
1.2999819663e-05 1.1328859236e+04 1.5707963268e+00 -1.6037544788e-01
1.3318572869e-05 1.1327630342e+04 1.5707963268e+00 -1.6429860442e-01
1.3637450794e-05 1.1326371043e+04 1.5707963268e+00 -1.6822261208e-01
1.3956456649e-05 1.1325081308e+04 1.5707963268e+00 -1.7214749221e-01
1.4275593662e-05 1.1323761103e+04 1.5707963268e+00 -1.7607326620e-01
1.4594865073e-05 1.1322410395e+04 1.5707963268e+00 -1.7999995547e-01
1.4914274135e-05 1.1321029151e+04 1.5707963268e+00 -1.8392758150e-01
1.5233824114e-05 1.1319617333e+04 1.5707963268e+00 -1.8785616580e-01
1.5553518292e-05 1.1318174907e+04 1.5707963268e+00 -1.9178572996e-01
1.5873359965e-05 1.1316701836e+04 1.5707963268e+00 -1.9571629558e-01
1.6193352445e-05 1.1315198081e+04 1.5707963268e+00 -1.9964788433e-01
1.6513499058e-05 1.1313663604e+04 1.5707963268e+00 -2.0358051794e-01
1.6833803146e-05 1.1312098367e+04 1.5707963268e+00 -2.0751421817e-01
1.7154268068e-05 1.1310502327e+04 1.5707963268e+00 -2.1144900685e-01
1.7474897200e-05 1.1308875445e+04 1.5707963268e+00 -2.1538490586e-01
1.7795693932e-05 1.1307217679e+04 1.5707963268e+00 -2.1932193713e-01
1.8116661676e-05 1.1305528985e+04 1.5707963268e+00 -2.2326012266e-01
1.8437803857e-05 1.1303809320e+04 1.5707963268e+00 -2.2719948451e-01
1.8759123923e-05 1.1302058639e+04 1.5707963268e+00 -2.3114004477e-01
1.9080625337e-05 1.1300276898e+04 1.5707963268e+00 -2.3508182562e-01
1.9402311581e-05 1.1298464049e+04 1.5707963268e+00 -2.3902484929e-01
1.9724186160e-05 1.1296620046e+04 1.5707963268e+00 -2.4296913809e-01
2.0046252596e-05 1.1294744841e+04 1.5707963268e+00 -2.4691471437e-01
2.0368514431e-05 1.1292838384e+04 1.5707963268e+00 -2.5086160055e-01
2.0690975229e-05 1.1290900626e+04 1.5707963268e+00 -2.5480981914e-01
2.1013638575e-05 1.1288931517e+04 1.5707963268e+00 -2.5875939269e-01
2.1336508075e-05 1.1286931004e+04 1.5707963268e+00 -2.6271034383e-01
2.1659587360e-05 1.1284899036e+04 1.5707963268e+00 -2.6666269528e-01
2.1982880079e-05 1.1282835559e+04 1.5707963268e+00 -2.7061646979e-01
2.2306389907e-05 1.1280740518e+04 1.5707963268e+00 -2.7457169022e-01
2.2630120542e-05 1.1278613859e+04 1.5707963268e+00 -2.7852837949e-01
2.2954075706e-05 1.1276455525e+04 1.5707963268e+00 -2.8248656061e-01
2.3278259147e-05 1.1274265460e+04 1.5707963268e+00 -2.8644625663e-01
2.3602674634e-05 1.1272043605e+04 1.5707963268e+00 -2.9040749073e-01
2.3927325966e-05 1.1269789902e+04 1.5707963268e+00 -2.9437028614e-01
2.4252216965e-05 1.1267504291e+04 1.5707963268e+00 -2.9833466617e-01
2.4577351482e-05 1.1265186712e+04 1.5707963268e+00 -3.0230065421e-01
2.4902733393e-05 1.1262837101e+04 1.5707963268e+00 -3.0626827377e-01
2.5228366603e-05 1.1260455398e+04 1.5707963268e+00 -3.1023754839e-01
2.5554255044e-05 1.1258041538e+04 1.5707963268e+00 -3.1420850175e-01
2.5880402679e-05 1.1255595456e+04 1.5707963268e+00 -3.1818115758e-01
2.6206813497e-05 1.1253117089e+04 1.5707963268e+00 -3.2215553973e-01
2.6533491519e-05 1.1250606367e+04 1.5707963268e+00 -3.2613167211e-01
2.6860440798e-05 1.1248063226e+04 1.5707963268e+00 -3.3010957875e-01
2.7187665414e-05 1.1245487595e+04 1.5707963268e+00 -3.3408928376e-01
2.7515169483e-05 1.1242879406e+04 1.5707963268e+00 -3.3807081135e-01
2.7842957149e-05 1.1240238588e+04 1.5707963268e+00 -3.4205418582e-01
2.8171032593e-05 1.1237565069e+04 1.5707963268e+00 -3.4603943159e-01
2.8499400026e-05 1.1234858778e+04 1.5707963268e+00 -3.5002657317e-01
2.8828063697e-05 1.1232119641e+04 1.5707963268e+00 -3.5401563515e-01
2.9157027885e-05 1.1229347584e+04 1.5707963268e+00 -3.5800664225e-01
2.9486296910e-05 1.1226542530e+04 1.5707963268e+00 -3.6199961930e-01
2.9815875123e-05 1.1223704404e+04 1.5707963268e+00 -3.6599459121e-01
3.0145766915e-05 1.1220833127e+04 1.5707963268e+00 -3.6999158301e-01
3.0475976715e-05 1.1217928622e+04 1.5707963268e+00 -3.7399061986e-01
3.0806508987e-05 1.1214990809e+04 1.5707963268e+00 -3.7799172701e-01
3.1137368238e-05 1.1212019606e+04 1.5707963268e+00 -3.8199492982e-01
3.1468559012e-05 1.1209014933e+04 1.5707963268e+00 -3.8600025377e-01
3.1800085894e-05 1.1205976706e+04 1.5707963268e+00 -3.9000772448e-01
3.2131953510e-05 1.1202904841e+04 1.5707963268e+00 -3.9401736765e-01
3.2464166531e-05 1.1199799254e+04 1.5707963268e+00 -3.9802920912e-01
3.2796729666e-05 1.1196659858e+04 1.5707963268e+00 -4.0204327487e-01
3.3129647671e-05 1.1193486566e+04 1.5707963268e+00 -4.0605959096e-01
3.3462925346e-05 1.1190279290e+04 1.5707963268e+00 -4.1007818362e-01
3.3796567536e-05 1.1187037940e+04 1.5707963268e+00 -4.1409907917e-01
3.4130579131e-05 1.1183762425e+04 1.5707963268e+00 -4.1812230410e-01
3.4464965070e-05 1.1180452655e+04 1.5707963268e+00 -4.2214788498e-01
3.4799730338e-05 1.1177108535e+04 1.5707963268e+00 -4.2617584857e-01
3.5134879971e-05 1.1173729972e+04 1.5707963268e+00 -4.3020622171e-01
3.5470419054e-05 1.1170316871e+04 1.5707963268e+00 -4.3423903142e-01
3.5806352721e-05 1.1166869136e+04 1.5707963268e+00 -4.3827430483e-01
3.6142686159e-05 1.1163386668e+04 1.5707963268e+00 -4.4231206923e-01
3.6479424608e-05 1.1159869369e+04 1.5707963268e+00 -4.4635235204e-01
3.6816573362e-05 1.1156317140e+04 1.5707963268e+00 -4.5039518083e-01
3.7154137768e-05 1.1152729878e+04 1.5707963268e+00 -4.5444058331e-01
3.7492123229e-05 1.1149107482e+04 1.5707963268e+00 -4.5848858736e-01
3.7830535207e-05 1.1145449848e+04 1.5707963268e+00 -4.6253922098e-01
3.8169379219e-05 1.1141756872e+04 1.5707963268e+00 -4.6659251235e-01
3.8508660842e-05 1.1138028446e+04 1.5707963268e+00 -4.7064848978e-01
3.8848385713e-05 1.1134264464e+04 1.5707963268e+00 -4.7470718176e-01
3.9188559532e-05 1.1130464817e+04 1.5707963268e+00 -4.7876861692e-01
3.9529188058e-05 1.1126629395e+04 1.5707963268e+00 -4.8283282408e-01
3.9870277117e-05 1.1122758088e+04 1.5707963268e+00 -4.8689983218e-01
4.0211832596e-05 1.1118850782e+04 1.5707963268e+00 -4.9096967037e-01
4.0553860453e-05 1.1114907363e+04 1.5707963268e+00 -4.9504236794e-01
4.0896366708e-05 1.1110927717e+04 1.5707963268e+00 -4.9911795436e-01
4.1239357454e-05 1.1106911728e+04 1.5707963268e+00 -5.0319645927e-01
4.1582838851e-05 1.1102859276e+04 1.5707963268e+00 -5.0727791249e-01
4.1926817133e-05 1.1098770244e+04 1.5707963268e+00 -5.1136234402e-01
4.2271298605e-05 1.1094644511e+04 1.5707963268e+00 -5.1544978403e-01
4.2616289645e-05 1.1090481954e+04 1.5707963268e+00 -5.1954026288e-01
4.2961796710e-05 1.1086282450e+04 1.5707963268e+00 -5.2363381111e-01
4.3307826332e-05 1.1082045875e+04 1.5707963268e+00 -5.2773045946e-01
4.3654385121e-05 1.1077772103e+04 1.5707963268e+00 -5.3183023884e-01
4.4001479769e-05 1.1073461005e+04 1.5707963268e+00 -5.3593318036e-01
4.4349117048e-05 1.1069112454e+04 1.5707963268e+00 -5.4003931534e-01
4.4697303815e-05 1.1064726317e+04 1.5707963268e+00 -5.4414867527e-01
4.5046047012e-05 1.1060302465e+04 1.5707963268e+00 -5.4826129188e-01
4.5395353665e-05 1.1055840762e+04 1.5707963268e+00 -5.5237719707e-01
4.5745230893e-05 1.1051341075e+04 1.5707963268e+00 -5.5649642295e-01
4.6095685902e-05 1.1046803266e+04 1.5707963268e+00 -5.6061900185e-01
4.6446725990e-05 1.1042227198e+04 1.5707963268e+00 -5.6474496630e-01
4.6798358553e-05 1.1037612731e+04 1.5707963268e+00 -5.6887434907e-01
4.7150591077e-05 1.1032959724e+04 1.5707963268e+00 -5.7300718312e-01
4.7503431151e-05 1.1028268035e+04 1.5707963268e+00 -5.7714350163e-01
4.7856886461e-05 1.1023537519e+04 1.5707963268e+00 -5.8128333802e-01
4.8210964795e-05 1.1018768030e+04 1.5707963268e+00 -5.8542672594e-01
4.8565674048e-05 1.1013959421e+04 1.5707963268e+00 -5.8957369925e-01
4.8921022217e-05 1.1009111543e+04 1.5707963268e+00 -5.9372429204e-01
4.9277017410e-05 1.1004224245e+04 1.5707963268e+00 -5.9787853867e-01
4.9633667846e-05 1.0999297375e+04 1.5707963268e+00 -6.0203647371e-01
4.9990981855e-05 1.0994330778e+04 1.5707963268e+00 -6.0619813197e-01
5.0348967884e-05 1.0989324299e+04 1.5707963268e+00 -6.1036354852e-01
5.0707634498e-05 1.0984277781e+04 1.5707963268e+00 -6.1453275868e-01
5.1066990380e-05 1.0979191063e+04 1.5707963268e+00 -6.1870579800e-01
5.1427044339e-05 1.0974063986e+04 1.5707963268e+00 -6.2288270232e-01
5.1787805308e-05 1.0968896386e+04 1.5707963268e+00 -6.2706350771e-01
5.2149282347e-05 1.0963688098e+04 1.5707963268e+00 -6.3124825052e-01
5.2511484650e-05 1.0958438958e+04 1.5707963268e+00 -6.3543696735e-01
5.2874421542e-05 1.0953148795e+04 1.5707963268e+00 -6.3962969509e-01
5.3238102486e-05 1.0947817440e+04 1.5707963268e+00 -6.4382647089e-01
5.3602537085e-05 1.0942444722e+04 1.5707963268e+00 -6.4802733218e-01
5.3967735084e-05 1.0937030466e+04 1.5707963268e+00 -6.5223231668e-01
5.4333706375e-05 1.0931574498e+04 1.5707963268e+00 -6.5644146238e-01
5.4700460998e-05 1.0926076638e+04 1.5707963268e+00 -6.6065480757e-01
5.5068009146e-05 1.0920536708e+04 1.5707963268e+00 -6.6487239082e-01
5.5436361168e-05 1.0914954526e+04 1.5707963268e+00 -6.6909425102e-01
5.5805527573e-05 1.0909329909e+04 1.5707963268e+00 -6.7332042735e-01
5.6175519032e-05 1.0903662671e+04 1.5707963268e+00 -6.7755095928e-01
5.6546346383e-05 1.0897952624e+04 1.5707963268e+00 -6.8178588661e-01
5.6918020636e-05 1.0892199580e+04 1.5707963268e+00 -6.8602524945e-01
5.7290552973e-05 1.0886403346e+04 1.5707963268e+00 -6.9026908821e-01
5.7663954756e-05 1.0880563728e+04 1.5707963268e+00 -6.9451744366e-01
5.8038237529e-05 1.0874680531e+04 1.5707963268e+00 -6.9877035686e-01
5.8413413025e-05 1.0868753556e+04 1.5707963268e+00 -7.0302786922e-01
5.8789493165e-05 1.0862782604e+04 1.5707963268e+00 -7.0729002248e-01
5.9166490067e-05 1.0856767472e+04 1.5707963268e+00 -7.1155685873e-01
5.9544416051e-05 1.0850707955e+04 1.5707963268e+00 -7.1582842040e-01
5.9923283640e-05 1.0844603846e+04 1.5707963268e+00 -7.2010475026e-01
6.0303105569e-05 1.0838454937e+04 1.5707963268e+00 -7.2438589146e-01
6.0683894785e-05 1.0832261015e+04 1.5707963268e+00 -7.2867188748e-01
6.1065664459e-05 1.0826021868e+04 1.5707963268e+00 -7.3296278220e-01
6.1448427985e-05 1.0819737278e+04 1.5707963268e+00 -7.3725861984e-01
6.1832198990e-05 1.0813407028e+04 1.5707963268e+00 -7.4155944501e-01
6.2216991337e-05 1.0807030896e+04 1.5707963268e+00 -7.4586530271e-01
6.2602819132e-05 1.0800608659e+04 1.5707963268e+00 -7.5017623831e-01
6.2989696728e-05 1.0794140092e+04 1.5707963268e+00 -7.5449229759e-01
6.3377638737e-05 1.0787624965e+04 1.5707963268e+00 -7.5881352671e-01
6.3766660028e-05 1.0781063049e+04 1.5707963268e+00 -7.6313997224e-01
6.4156775740e-05 1.0774454109e+04 1.5707963268e+00 -7.6747168117e-01
6.4548001288e-05 1.0767797910e+04 1.5707963268e+00 -7.7180870089e-01
6.4940352368e-05 1.0761094213e+04 1.5707963268e+00 -7.7615107923e-01
6.5333844963e-05 1.0754342777e+04 1.5707963268e+00 -7.8049886442e-01
6.5728495356e-05 1.0747543358e+04 1.5707963268e+00 -7.8485210516e-01
6.6124320133e-05 1.0740695710e+04 1.5707963268e+00 -7.8921085056e-01
6.6521336191e-05 1.0733799582e+04 1.5707963268e+00 -7.9357515019e-01
6.6919560750e-05 1.0726854723e+04 1.5707963268e+00 -7.9794505406e-01
6.7319011357e-05 1.0719860877e+04 1.5707963268e+00 -8.0232061267e-01
6.7719705899e-05 1.0712817788e+04 1.5707963268e+00 -8.0670187695e-01
6.8121662608e-05 1.0705725194e+04 1.5707963268e+00 -8.1108889833e-01
6.8524900074e-05 1.0698582831e+04 1.5707963268e+00 -8.1548172870e-01
6.8929437252e-05 1.0691390433e+04 1.5707963268e+00 -8.1988042046e-01
6.9335293474e-05 1.0684147730e+04 1.5707963268e+00 -8.2428502649e-01
6.9742488458e-05 1.0676854450e+04 1.5707963268e+00 -8.2869560017e-01
7.0151042320e-05 1.0669510317e+04 1.5707963268e+00 -8.3311219540e-01
7.0560975584e-05 1.0662115052e+04 1.5707963268e+00 -8.3753486659e-01
7.0972309193e-05 1.0654668372e+04 1.5707963268e+00 -8.4196366867e-01
7.1385064525e-05 1.0647169994e+04 1.5707963268e+00 -8.4639865712e-01
7.1799263399e-05 1.0639619628e+04 1.5707963268e+00 -8.5083988794e-01
7.2214928092e-05 1.0632016982e+04 1.5707963268e+00 -8.5528741770e-01
7.2632081352e-05 1.0624361762e+04 1.5707963268e+00 -8.5974130351e-01
7.3050746410e-05 1.0616653670e+04 1.5707963268e+00 -8.6420160306e-01
7.3470946995e-05 1.0608892402e+04 1.5707963268e+00 -8.6866837460e-01
7.3892707352e-05 1.0601077655e+04 1.5707963268e+00 -8.7314167698e-01
7.4316052249e-05 1.0593209118e+04 1.5707963268e+00 -8.7762156962e-01
7.4741007003e-05 1.0585286481e+04 1.5707963268e+00 -8.8210811257e-01
7.5167597489e-05 1.0577309426e+04 1.5707963268e+00 -8.8660136648e-01
7.5595850160e-05 1.0569277635e+04 1.5707963268e+00 -8.9110139259e-01
7.6025792064e-05 1.0561190784e+04 1.5707963268e+00 -8.9560825283e-01
7.6457450865e-05 1.0553048546e+04 1.5707963268e+00 -9.0012200971e-01
7.6890854858e-05 1.0544850590e+04 1.5707963268e+00 -9.0464272643e-01
7.7326032991e-05 1.0536596581e+04 1.5707963268e+00 -9.0917046684e-01
7.7763014886e-05 1.0528286181e+04 1.5707963268e+00 -9.1370529544e-01
7.8201830860e-05 1.0519919048e+04 1.5707963268e+00 -9.1824727745e-01
7.8642511948e-05 1.0511494834e+04 1.5707963268e+00 -9.2279647874e-01
7.9085089924e-05 1.0503013189e+04 1.5707963268e+00 -9.2735296592e-01
7.9529597328e-05 1.0494473759e+04 1.5707963268e+00 -9.3191680628e-01
7.9976067489e-05 1.0485876184e+04 1.5707963268e+00 -9.3648806787e-01
8.0424534556e-05 1.0477220101e+04 1.5707963268e+00 -9.4106681945e-01
8.0875033516e-05 1.0468505143e+04 1.5707963268e+00 -9.4565313054e-01
8.1327600233e-05 1.0459730938e+04 1.5707963268e+00 -9.5024707142e-01
8.1782271469e-05 1.0450897109e+04 1.5707963268e+00 -9.5484871315e-01
8.2239084922e-05 1.0442003276e+04 1.5707963268e+00 -9.5945812757e-01
8.2698079254e-05 1.0433049054e+04 1.5707963268e+00 -9.6407538732e-01
8.3159294124e-05 1.0424034053e+04 1.5707963268e+00 -9.6870056585e-01
8.3622770228e-05 1.0414957877e+04 1.5707963268e+00 -9.7333373744e-01
8.4088549331e-05 1.0405820129e+04 1.5707963268e+00 -9.7797497720e-01
8.4556674307e-05 1.0396620402e+04 1.5707963268e+00 -9.8262436112e-01
8.5027189181e-05 1.0387358290e+04 1.5707963268e+00 -9.8728196602e-01
8.5500139167e-05 1.0378033377e+04 1.5707963268e+00 -9.9194786963e-01
8.5975570716e-05 1.0368645244e+04 1.5707963268e+00 -9.9662215057e-01
8.6453531560e-05 1.0359193468e+04 1.5707963268e+00 -1.0013048884e+00
8.6934070758e-05 1.0349677620e+04 1.5707963268e+00 -1.0059961635e+00
8.7417238752e-05 1.0340097263e+04 1.5707963268e+00 -1.0106960573e+00
8.7903087414e-05 1.0330451960e+04 1.5707963268e+00 -1.0154046522e+00
8.8391670104e-05 1.0320741264e+04 1.5707963268e+00 -1.0201220315e+00
8.8883041728e-05 1.0310964725e+04 1.5707963268e+00 -1.0248482795e+00
8.9377258797e-05 1.0301121886e+04 1.5707963268e+00 -1.0295834817e+00
8.9874379496e-05 1.0291212286e+04 1.5707963268e+00 -1.0343277242e+00
9.0374463742e-05 1.0281235457e+04 1.5707963268e+00 -1.0390810946e+00
9.0877573265e-05 1.0271190925e+04 1.5707963268e+00 -1.0438436814e+00
9.1383771673e-05 1.0261078211e+04 1.5707963268e+00 -1.0486155740e+00
9.1893124536e-05 1.0250896830e+04 1.5707963268e+00 -1.0533968631e+00
9.2405699465e-05 1.0240646290e+04 1.5707963268e+00 -1.0581876406e+00
9.2921566198e-05 1.0230326094e+04 1.5707963268e+00 -1.0629879992e+00
9.3440796694e-05 1.0219935738e+04 1.5707963268e+00 -1.0677980332e+00
9.3963465224e-05 1.0209474712e+04 1.5707963268e+00 -1.0726178377e+00
9.4489648476e-05 1.0198942499e+04 1.5707963268e+00 -1.0774475092e+00
9.5019425661e-05 1.0188338577e+04 1.5707963268e+00 -1.0822871454e+00
9.5552878623e-05 1.0177662414e+04 1.5707963268e+00 -1.0871368453e+00
9.6090091959e-05 1.0166913476e+04 1.5707963268e+00 -1.0919967089e+00
9.6631153146e-05 1.0156091219e+04 1.5707963268e+00 -1.0968668379e+00
9.7176152674e-05 1.0145195093e+04 1.5707963268e+00 -1.1017473349e+00
9.7725184182e-05 1.0134224540e+04 1.5707963268e+00 -1.1066383042e+00
9.8278344613e-05 1.0123178997e+04 1.5707963268e+00 -1.1115398512e+00
9.8835734366e-05 1.0112057892e+04 1.5707963268e+00 -1.1164520829e+00
9.9397457469e-05 1.0100860646e+04 1.5707963268e+00 -1.1213751075e+00
9.9963621752e-05 1.0089586674e+04 1.5707963268e+00 -1.1263090348e+00
1.0053433904e-04 1.0078235381e+04 1.5707963268e+00 -1.1312539760e+00
1.0110972534e-04 1.0066806167e+04 1.5707963268e+00 -1.1362100438e+00
1.0168990107e-04 1.0055298422e+04 1.5707963268e+00 -1.1411773525e+00
1.0227499129e-04 1.0043711530e+04 1.5707963268e+00 -1.1461560178e+00
1.0286512591e-04 1.0032044866e+04 1.5707963268e+00 -1.1511461571e+00
1.0346043999e-04 1.0020297797e+04 1.5707963268e+00 -1.1561478894e+00
1.0406107399e-04 1.0008469683e+04 1.5707963268e+00 -1.1611613352e+00
1.0466717406e-04 9.9965598756e+03 1.5707963268e+00 -1.1661866170e+00
1.0527889237e-04 9.9845677163e+03 1.5707963268e+00 -1.1712238587e+00
1.0589638743e-04 9.9724925399e+03 1.5707963268e+00 -1.1762731860e+00
1.0651982444e-04 9.9603336723e+03 1.5707963268e+00 -1.1813347265e+00
1.0714937571e-04 9.9480904307e+03 1.5707963268e+00 -1.1864086094e+00
1.0778522105e-04 9.9357621238e+03 1.5707963268e+00 -1.1914949660e+00
1.0842754819e-04 9.9233480513e+03 1.5707963268e+00 -1.1965939293e+00
1.0907655329e-04 9.9108475043e+03 1.5707963268e+00 -1.2017056341e+00
1.0973244145e-04 9.8982597649e+03 1.5707963268e+00 -1.2068302176e+00
1.1039542723e-04 9.8855841063e+03 1.5707963268e+00 -1.2119678184e+00
1.1106573526e-04 9.8728197924e+03 1.5707963268e+00 -1.2171185776e+00
1.1174360091e-04 9.8599660783e+03 1.5707963268e+00 -1.2222826382e+00
1.1242927094e-04 9.8470222098e+03 1.5707963268e+00 -1.2274601453e+00
1.1312300426e-04 9.8339874237e+03 1.5707963268e+00 -1.2326512461e+00
1.1382507276e-04 9.8208609474e+03 1.5707963268e+00 -1.2378560902e+00
1.1453576218e-04 9.8076419992e+03 1.5707963268e+00 -1.2430748292e+00
1.1525537304e-04 9.7943297881e+03 1.5707963268e+00 -1.2483076171e+00
1.1598422175e-04 9.7809235142e+03 1.5707963268e+00 -1.2535546102e+00
1.1672264166e-04 9.7674223682e+03 1.5707963268e+00 -1.2588159673e+00
1.1747098436e-04 9.7538255318e+03 1.5707963268e+00 -1.2640918495e+00
1.1822962101e-04 9.7401321779e+03 1.5707963268e+00 -1.2693824203e+00
1.1899894379e-04 9.7263414703e+03 1.5707963268e+00 -1.2746878460e+00
1.1977936758e-04 9.7124525644e+03 1.5707963268e+00 -1.2800082952e+00
1.2057133168e-04 9.6984646069e+03 1.5707963268e+00 -1.2853439393e+00
1.2137530182e-04 9.6843767364e+03 1.5707963268e+00 -1.2906949522e+00
1.2219177226e-04 9.6701880835e+03 1.5707963268e+00 -1.2960615108e+00
1.2302126822e-04 9.6558977713e+03 1.5707963268e+00 -1.3014437945e+00
1.2386434850e-04 9.6415049155e+03 1.5707963268e+00 -1.3068419858e+00
1.2472160838e-04 9.6270086255e+03 1.5707963268e+00 -1.3122562700e+00
1.2559368289e-04 9.6124080043e+03 1.5707963268e+00 -1.3176868352e+00
1.2648125039e-04 9.5977021497e+03 1.5707963268e+00 -1.3231338727e+00
1.2738503664e-04 9.5828901547e+03 1.5707963268e+00 -1.3285975769e+00
1.2830581928e-04 9.5679711088e+03 1.5707963268e+00 -1.3340781452e+00
1.2924443289e-04 9.5529440990e+03 1.5707963268e+00 -1.3395757783e+00
1.3020177467e-04 9.5378082108e+03 1.5707963268e+00 -1.3450906800e+00
1.3117881087e-04 9.5225625301e+03 1.5707963268e+00 -1.3506230576e+00
1.3217658402e-04 9.5072061446e+03 1.5707963268e+00 -1.3561731216e+00
1.3319622118e-04 9.4917381460e+03 1.5707963268e+00 -1.3617410860e+00
1.3423894328e-04 9.4761576323e+03 1.5707963268e+00 -1.3673271683e+00
1.3530607581e-04 9.4604637107e+03 1.5707963268e+00 -1.3729315895e+00
1.3639906112e-04 9.4446555006e+03 1.5707963268e+00 -1.3785545742e+00
1.3751947243e-04 9.4287321373e+03 1.5707963268e+00 -1.3841963507e+00
1.3866903022e-04 9.4126927770e+03 1.5707963268e+00 -1.3898571509e+00
1.3984962103e-04 9.3965366015e+03 1.5707963268e+00 -1.3955372103e+00
1.4106331953e-04 9.3802628246e+03 1.5707963268e+00 -1.4012367686e+00
1.4231241424e-04 9.3638706994e+03 1.5707963268e+00 -1.4069560689e+00
1.4359943787e-04 9.3473595273e+03 1.5707963268e+00 -1.4126953583e+00
1.4492720321e-04 9.3307286683e+03 1.5707963268e+00 -1.4184548877e+00
1.4629884575e-04 9.3139775536e+03 1.5707963268e+00 -1.4242349119e+00
1.4771787483e-04 9.2971057009e+03 1.5707963268e+00 -1.4300356894e+00
1.4918823519e-04 9.2801127330e+03 1.5707963268e+00 -1.4358574826e+00
1.5071438173e-04 9.2629984006e+03 1.5707963268e+00 -1.4417005576e+00
1.5230137093e-04 9.2457626097e+03 1.5707963268e+00 -1.4475651841e+00
1.5395497365e-04 9.2284054566e+03 1.5707963268e+00 -1.4534516354e+00
1.5568181550e-04 9.2109272714e+03 1.5707963268e+00 -1.4593601880e+00
1.5748955324e-04 9.1933286721e+03 1.5707963268e+00 -1.4652911218e+00
1.5938709903e-04 9.1756106345e+03 1.5707963268e+00 -1.4712447191e+00
1.6138490865e-04 9.1577745824e+03 1.5707963268e+00 -1.4772212647e+00
1.6349535697e-04 9.1398225044e+03 1.5707963268e+00 -1.4832210455e+00
1.6573323428e-04 9.1217571092e+03 1.5707963268e+00 -1.4892443491e+00
1.6811641290e-04 9.1035820346e+03 1.5707963268e+00 -1.4952914635e+00
1.7066675900e-04 9.0853021323e+03 1.5707963268e+00 -1.5013626757e+00
1.7341140586e-04 9.0669238662e+03 1.5707963268e+00 -1.5074582697e+00
1.7638457361e-04 9.0484558797e+03 1.5707963268e+00 -1.5135785248e+00
1.7963024150e-04 9.0299098267e+03 1.5707963268e+00 -1.5197237119e+00
1.8320619684e-04 9.0113016241e+03 1.5707963268e+00 -1.5258940899e+00
1.8719040107e-04 8.9926534088e+03 1.5707963268e+00 -1.5320898988e+00
1.9169145220e-04 8.9739967261e+03 1.5707963268e+00 -1.5383113513e+00
1.9686673323e-04 8.9553779946e+03 1.5707963268e+00 -1.5445586185e+00
2.0295609055e-04 8.9368684872e+03 1.5707963268e+00 -1.5508318087e+00
2.1035000760e-04 8.9185840900e+03 1.5707963268e+00 -1.5571309305e+00
2.1974472235e-04 8.9007288532e+03 1.5707963268e+00 -1.5634558277e+00
2.3255955493e-04 8.8837066658e+03 1.5707963268e+00 -1.5698060500e+00
