0.0000000000e+00 9.4906922332e+03 1.5707963268e+00 0.0000000000e+00
5.7837069878e-07 9.4906922332e+03 1.5707963268e+00 -4.6728971963e-03
1.1567413976e-06 9.4906089505e+03 1.5707963268e+00 -9.3457943925e-03
1.7351846009e-06 9.4904423902e+03 1.5707963268e+00 -1.4018773600e-02
2.3137728477e-06 9.4901925529e+03 1.5707963268e+00 -1.8691916829e-02
2.8925787739e-06 9.4898594343e+03 1.5707963268e+00 -2.3365306101e-02
3.4716751749e-06 9.4894430254e+03 1.5707963268e+00 -2.8039023457e-02
4.0511350688e-06 9.4889433126e+03 1.5707963268e+00 -3.2713150972e-02
4.6310317598e-06 9.4883602774e+03 1.5707963268e+00 -3.7387770766e-02
5.2114389024e-06 9.4876938967e+03 1.5707963268e+00 -4.2062965010e-02
5.7924305661e-06 9.4869441426e+03 1.5707963268e+00 -4.6738815946e-02
6.3740813010e-06 9.4861109826e+03 1.5707963268e+00 -5.1415405889e-02
6.9564662048e-06 9.4851943795e+03 1.5707963268e+00 -5.6092817244e-02
7.5396609903e-06 9.4841942912e+03 1.5707963268e+00 -6.0771132517e-02
8.1237420546e-06 9.4831106711e+03 1.5707963268e+00 -6.5450434323e-02
8.7087865504e-06 9.4819434678e+03 1.5707963268e+00 -7.0130805399e-02
9.2948724575e-06 9.4806926252e+03 1.5707963268e+00 -7.4812328617e-02
9.8820786576e-06 9.4793580823e+03 1.5707963268e+00 -7.9495086993e-02
1.0470485010e-05 9.4779397738e+03 1.5707963268e+00 -8.4179163700e-02
1.1060172431e-05 9.4764376292e+03 1.5707963268e+00 -8.8864642076e-02
1.1651222974e-05 9.4748515735e+03 1.5707963268e+00 -9.3551605642e-02
1.2243719911e-05 9.4731815269e+03 1.5707963268e+00 -9.8240138106e-02
1.2837747824e-05 9.4714274050e+03 1.5707963268e+00 -1.0293032338e-01
1.3433392688e-05 9.4695891183e+03 1.5707963268e+00 -1.0762224559e-01
1.4030741970e-05 9.4676665729e+03 1.5707963268e+00 -1.1231598909e-01
1.4629884719e-05 9.4656596698e+03 1.5707963268e+00 -1.1701163847e-01
1.5230911672e-05 9.4635683055e+03 1.5707963268e+00 -1.2170927856e-01
1.5833915354e-05 9.4613923715e+03 1.5707963268e+00 -1.2640899446e-01
1.6438990188e-05 9.4591317545e+03 1.5707963268e+00 -1.3111087156e-01
1.7046232611e-05 9.4567863365e+03 1.5707963268e+00 -1.3581499549e-01
1.7655741190e-05 9.4543559945e+03 1.5707963268e+00 -1.4052145223e-01
1.8267616745e-05 9.4518406008e+03 1.5707963268e+00 -1.4523032804e-01
1.8881962485e-05 9.4492400228e+03 1.5707963268e+00 -1.4994170950e-01
1.9498884140e-05 9.4465541230e+03 1.5707963268e+00 -1.5465568354e-01
2.0118490107e-05 9.4437827589e+03 1.5707963268e+00 -1.5937233742e-01
2.0740891600e-05 9.4409257832e+03 1.5707963268e+00 -1.6409175879e-01
2.1366202811e-05 9.4379830439e+03 1.5707963268e+00 -1.6881403563e-01
2.1994541076e-05 9.4349543837e+03 1.5707963268e+00 -1.7353925635e-01
2.2626027054e-05 9.4318396405e+03 1.5707963268e+00 -1.7826750972e-01
2.3260784914e-05 9.4286386473e+03 1.5707963268e+00 -1.8299888496e-01
2.3898942533e-05 9.4253512321e+03 1.5707963268e+00 -1.8773347167e-01
2.4540631705e-05 9.4219772180e+03 1.5707963268e+00 -1.9247135994e-01
2.5185988364e-05 9.4185164229e+03 1.5707963268e+00 -1.9721264026e-01
2.5835152821e-05 9.4149686598e+03 1.5707963268e+00 -2.0195740364e-01
2.6488270012e-05 9.4113337368e+03 1.5707963268e+00 -2.0670574153e-01
2.7145489766e-05 9.4076114567e+03 1.5707963268e+00 -2.1145774589e-01
2.7806967090e-05 9.4038016176e+03 1.5707963268e+00 -2.1621350918e-01
2.8472862468e-05 9.3999040124e+03 1.5707963268e+00 -2.2097312439e-01
2.9143342184e-05 9.3959184287e+03 1.5707963268e+00 -2.2573668505e-01
2.9818578668e-05 9.3918446495e+03 1.5707963268e+00 -2.3050428523e-01
3.0498750861e-05 9.3876824525e+03 1.5707963268e+00 -2.3527601958e-01
3.1184044610e-05 9.3834316103e+03 1.5707963268e+00 -2.4005198333e-01
3.1874653088e-05 9.3790918906e+03 1.5707963268e+00 -2.4483227229e-01
3.2570777248e-05 9.3746630559e+03 1.5707963268e+00 -2.4961698289e-01
3.3272626305e-05 9.3701448638e+03 1.5707963268e+00 -2.5440621221e-01
3.3980418261e-05 9.3655370668e+03 1.5707963268e+00 -2.5920005793e-01
3.4694380460e-05 9.3608394123e+03 1.5707963268e+00 -2.6399861844e-01
3.5414750202e-05 9.3560516430e+03 1.5707963268e+00 -2.6880199276e-01
3.6141775384e-05 9.3511734964e+03 1.5707963268e+00 -2.7361028062e-01
3.6875715211e-05 9.3462047051e+03 1.5707963268e+00 -2.7842358246e-01
3.7616840957e-05 9.3411449969e+03 1.5707963268e+00 -2.8324199945e-01
3.8365436787e-05 9.3359940948e+03 1.5707963268e+00 -2.8806563348e-01
3.9121800651e-05 9.3307517169e+03 1.5707963268e+00 -2.9289458721e-01
3.9886245258e-05 9.3254175767e+03 1.5707963268e+00 -2.9772896409e-01
4.0659099130e-05 9.3199913831e+03 1.5707963268e+00 -3.0256886833e-01
4.1440707747e-05 9.3144728404e+03 1.5707963268e+00 -3.0741440497e-01
4.2231434810e-05 9.3088616486e+03 1.5707963268e+00 -3.1226567989e-01
4.3031663602e-05 9.3031575033e+03 1.5707963268e+00 -3.1712279978e-01
4.3841798490e-05 9.2973600959e+03 1.5707963268e+00 -3.2198587221e-01
4.4662266569e-05 9.2914691139e+03 1.5707963268e+00 -3.2685500564e-01
4.5493519459e-05 9.2854842412e+03 1.5707963268e+00 -3.3173030943e-01
4.6336035296e-05 9.2794051577e+03 1.5707963268e+00 -3.3661189383e-01
4.7190320911e-05 9.2732315404e+03 1.5707963268e+00 -3.4149987004e-01
4.8056914244e-05 9.2669630629e+03 1.5707963268e+00 -3.4639435023e-01
4.8936387012e-05 9.2605993963e+03 1.5707963268e+00 -3.5129544751e-01
4.9829347671e-05 9.2541402092e+03 1.5707963268e+00 -3.5620327601e-01
5.0736444696e-05 9.2475851684e+03 1.5707963268e+00 -3.6111795084e-01
5.1658370246e-05 9.2409339390e+03 1.5707963268e+00 -3.6603958816e-01
5.2595864244e-05 9.2341861855e+03 1.5707963268e+00 -3.7096830514e-01
5.3549718951e-05 9.2273415717e+03 1.5707963268e+00 -3.7590422005e-01
5.4520784087e-05 9.2203997622e+03 1.5707963268e+00 -3.8084745222e-01
5.5509972598e-05 9.2133604225e+03 1.5707963268e+00 -3.8579812205e-01
5.6518267162e-05 9.2062232204e+03 1.5707963268e+00 -3.9075635109e-01
5.7546727537e-05 9.1989878271e+03 1.5707963268e+00 -3.9572226200e-01
5.8596498915e-05 9.1916539180e+03 1.5707963268e+00 -4.0069597856e-01
5.9668821418e-05 9.1842211745e+03 1.5707963268e+00 -4.0567762573e-01
6.0765040960e-05 9.1766892857e+03 1.5707963268e+00 -4.1066732962e-01
6.1886621683e-05 9.1690579501e+03 1.5707963268e+00 -4.1566521753e-01
6.3035160283e-05 9.1613268779e+03 1.5707963268e+00 -4.2067141792e-01
6.4212402557e-05 9.1534957937e+03 1.5707963268e+00 -4.2568606047e-01
6.5420262600e-05 9.1455644396e+03 1.5707963268e+00 -4.3070927603e-01
6.6660845191e-05 9.1375325785e+03 1.5707963268e+00 -4.3574119666e-01
6.7936472000e-05 9.1293999989e+03 1.5707963268e+00 -4.4078195561e-01
6.9249712449e-05 9.1211665194e+03 1.5707963268e+00 -4.4583168729e-01
7.0603420232e-05 9.1128319950e+03 1.5707963268e+00 -4.5089052733e-01
7.2000776796e-05 9.1043963243e+03 1.5707963268e+00 -4.5595861246e-01
7.3445343420e-05 9.0958594582e+03 1.5707963268e+00 -4.6103608055e-01
7.4941124032e-05 9.0872214102e+03 1.5707963268e+00 -4.6612307057e-01
7.6492641490e-05 9.0784822697e+03 1.5707963268e+00 -4.7121972248e-01
7.8105030968e-05 9.0696422173e+03 1.5707963268e+00 -4.7632617726e-01
7.9784155226e-05 9.0607015449e+03 1.5707963268e+00 -4.8144257672e-01
8.1536748191e-05 9.0516606797e+03 1.5707963268e+00 -4.8656906347e-01
8.3370595606e-05 9.0425202151e+03 1.5707963268e+00 -4.9170578074e-01
8.5294764786e-05 9.0332809507e+03 1.5707963268e+00 -4.9685287225e-01
8.7319900339e-05 9.0239439421e+03 1.5707963268e+00 -5.0201048191e-01
8.9458609853e-05 9.0145105677e+03 1.5707963268e+00 -5.0717875362e-01
9.1725974330e-05 9.0049826166e+03 1.5707963268e+00 -5.1235783086e-01
9.4140234837e-05 8.9953624060e+03 1.5707963268e+00 -5.1754785622e-01
9.6723733315e-05 8.9856529435e+03 1.5707963268e+00 -5.2274897081e-01
9.9504228680e-05 8.9758581527e+03 1.5707963268e+00 -5.2796131342e-01
1.0251678206e-04 8.9659831956e+03 1.5707963268e+00 -5.3318501943e-01
1.0580653204e-04 8.9560349464e+03 1.5707963268e+00 -5.3842021935e-01
1.0943291205e-04 8.9460227073e+03 1.5707963268e+00 -5.4366703675e-01
1.1347630438e-04 8.9359593306e+03 1.5707963268e+00 -5.4892558533e-01
1.1804902189e-04 8.9258630548e+03 1.5707963268e+00 -5.5419596458e-01
1.2331445609e-04 8.9157606673e+03 1.5707963268e+00 -5.5947825329e-01
1.2952284422e-04 8.9056933171e+03 1.5707963268e+00 -5.6477249910e-01
1.3708429675e-04 8.8957281175e+03 1.5707963268e+00 -5.7007870105e-01
1.4673694417e-04 8.8859840029e+03 1.5707963268e+00 -5.7539677795e-01
1.6000742061e-04 8.8766991141e+03 1.5707963268e+00 -5.8072650538e-01
