0.0000000000e+00 1.5788254369e+04 1.5707963268e+00 0.0000000000e+00
2.2347354263e-07 1.5788254369e+04 1.5707963268e+00 2.8089887640e-03
4.4694708526e-07 1.5788273965e+04 1.5707963268e+00 5.6179775281e-03
6.7042027229e-07 1.5788313158e+04 1.5707963268e+00 8.4269593192e-03
8.9389274811e-07 1.5788371947e+04 1.5707963268e+00 1.1235927164e-02
1.1173641571e-06 1.5788450332e+04 1.5707963268e+00 1.4044874091e-02
1.3408341438e-06 1.5788548314e+04 1.5707963268e+00 1.6853793126e-02
1.5643023524e-06 1.5788665892e+04 1.5707963268e+00 1.9662677297e-02
1.7877684276e-06 1.5788803068e+04 1.5707963268e+00 2.2471519632e-02
2.0112320139e-06 1.5788959841e+04 1.5707963268e+00 2.5280313160e-02
2.2346927556e-06 1.5789136213e+04 1.5707963268e+00 2.8089050908e-02
2.4581502974e-06 1.5789332182e+04 1.5707963268e+00 3.0897725906e-02
2.6816042840e-06 1.5789547751e+04 1.5707963268e+00 3.3706331183e-02
2.9050543599e-06 1.5789782919e+04 1.5707963268e+00 3.6514859769e-02
3.1285001699e-06 1.5790037688e+04 1.5707963268e+00 3.9323304696e-02
3.3519413587e-06 1.5790312057e+04 1.5707963268e+00 4.2131658994e-02
3.5753775712e-06 1.5790606028e+04 1.5707963268e+00 4.4939915695e-02
3.7988084523e-06 1.5790919601e+04 1.5707963268e+00 4.7748067833e-02
4.0222336469e-06 1.5791252778e+04 1.5707963268e+00 5.0556108441e-02
4.2456528001e-06 1.5791605559e+04 1.5707963268e+00 5.3364030554e-02
4.4690655571e-06 1.5791977945e+04 1.5707963268e+00 5.6171827207e-02
4.6924715630e-06 1.5792369938e+04 1.5707963268e+00 5.8979491437e-02
4.9158704632e-06 1.5792781538e+04 1.5707963268e+00 6.1787016283e-02
5.1392619031e-06 1.5793212746e+04 1.5707963268e+00 6.4594394782e-02
5.3626455282e-06 1.5793663564e+04 1.5707963268e+00 6.7401619975e-02
5.5860209842e-06 1.5794133994e+04 1.5707963268e+00 7.0208684903e-02
5.8093879168e-06 1.5794624035e+04 1.5707963268e+00 7.3015582609e-02
6.0327459719e-06 1.5795133691e+04 1.5707963268e+00 7.5822306136e-02
6.2560947954e-06 1.5795662961e+04 1.5707963268e+00 7.8628848531e-02
6.4794340334e-06 1.5796211849e+04 1.5707963268e+00 8.1435202840e-02
6.7027633323e-06 1.5796780354e+04 1.5707963268e+00 8.4241362112e-02
6.9260823384e-06 1.5797368480e+04 1.5707963268e+00 8.7047319396e-02
7.1493906981e-06 1.5797976227e+04 1.5707963268e+00 8.9853067745e-02
7.3726880583e-06 1.5798603597e+04 1.5707963268e+00 9.2658600212e-02
7.5959740658e-06 1.5799250592e+04 1.5707963268e+00 9.5463909851e-02
7.8192483674e-06 1.5799917214e+04 1.5707963268e+00 9.8268989721e-02
8.0425106105e-06 1.5800603465e+04 1.5707963268e+00 1.0107383288e-01
8.2657604422e-06 1.5801309347e+04 1.5707963268e+00 1.0387843239e-01
8.4889975101e-06 1.5802034861e+04 1.5707963268e+00 1.0668278131e-01
8.7122214619e-06 1.5802780011e+04 1.5707963268e+00 1.0948687271e-01
8.9354319454e-06 1.5803544797e+04 1.5707963268e+00 1.1229069965e-01
9.1586286087e-06 1.5804329222e+04 1.5707963268e+00 1.1509425521e-01
9.3818111000e-06 1.5805133288e+04 1.5707963268e+00 1.1789753245e-01
9.6049790677e-06 1.5805956998e+04 1.5707963268e+00 1.2070052445e-01
9.8281321604e-06 1.5806800354e+04 1.5707963268e+00 1.2350322429e-01
1.0051270027e-05 1.5807663358e+04 1.5707963268e+00 1.2630562504e-01
1.0274392317e-05 1.5808546013e+04 1.5707963268e+00 1.2910771979e-01
1.0497498679e-05 1.5809448321e+04 1.5707963268e+00 1.3190950161e-01
1.0720588762e-05 1.5810370285e+04 1.5707963268e+00 1.3471096360e-01
1.0943662217e-05 1.5811311907e+04 1.5707963268e+00 1.3751209884e-01
1.1166718694e-05 1.5812273190e+04 1.5707963268e+00 1.4031290042e-01
1.1389757842e-05 1.5813254137e+04 1.5707963268e+00 1.4311336144e-01
1.1612779312e-05 1.5814254751e+04 1.5707963268e+00 1.4591347500e-01
1.1835782754e-05 1.5815275034e+04 1.5707963268e+00 1.4871323419e-01
1.2058767821e-05 1.5816314990e+04 1.5707963268e+00 1.5151263212e-01
1.2281734162e-05 1.5817374620e+04 1.5707963268e+00 1.5431166190e-01
1.2504681429e-05 1.5818453929e+04 1.5707963268e+00 1.5711031662e-01
1.2727609275e-05 1.5819552919e+04 1.5707963268e+00 1.5990858941e-01
1.2950517350e-05 1.5820671593e+04 1.5707963268e+00 1.6270647338e-01
1.3173405308e-05 1.5821809955e+04 1.5707963268e+00 1.6550396165e-01
1.3396272800e-05 1.5822968007e+04 1.5707963268e+00 1.6830104733e-01
1.3619119480e-05 1.5824145754e+04 1.5707963268e+00 1.7109772356e-01
1.3841945000e-05 1.5825343197e+04 1.5707963268e+00 1.7389398346e-01
1.4064749015e-05 1.5826560341e+04 1.5707963268e+00 1.7668982016e-01
1.4287531177e-05 1.5827797189e+04 1.5707963268e+00 1.7948522680e-01
1.4510291142e-05 1.5829053745e+04 1.5707963268e+00 1.8228019652e-01
1.4733028562e-05 1.5830330012e+04 1.5707963268e+00 1.8507472246e-01
1.4955743093e-05 1.5831625993e+04 1.5707963268e+00 1.8786879776e-01
1.5178434390e-05 1.5832941692e+04 1.5707963268e+00 1.9066241558e-01
1.5401102108e-05 1.5834277114e+04 1.5707963268e+00 1.9345556907e-01
1.5623745902e-05 1.5835632261e+04 1.5707963268e+00 1.9624825138e-01
1.5846365429e-05 1.5837007137e+04 1.5707963268e+00 1.9904045568e-01
1.6068960344e-05 1.5838401746e+04 1.5707963268e+00 2.0183217513e-01
1.6291530306e-05 1.5839816093e+04 1.5707963268e+00 2.0462340290e-01
1.6514074969e-05 1.5841250180e+04 1.5707963268e+00 2.0741413217e-01
1.6736593992e-05 1.5842704013e+04 1.5707963268e+00 2.1020435611e-01
1.6959087033e-05 1.5844177594e+04 1.5707963268e+00 2.1299406791e-01
1.7181553748e-05 1.5845670929e+04 1.5707963268e+00 2.1578326074e-01
1.7403993798e-05 1.5847184020e+04 1.5707963268e+00 2.1857192780e-01
1.7626406840e-05 1.5848716873e+04 1.5707963268e+00 2.2136006229e-01
1.7848792534e-05 1.5850269492e+04 1.5707963268e+00 2.2414765740e-01
1.8071150539e-05 1.5851841881e+04 1.5707963268e+00 2.2693470634e-01
1.8293480515e-05 1.5853434044e+04 1.5707963268e+00 2.2972120231e-01
1.8515782123e-05 1.5855045985e+04 1.5707963268e+00 2.3250713853e-01
1.8738055023e-05 1.5856677710e+04 1.5707963268e+00 2.3529250822e-01
1.8960298876e-05 1.5858329222e+04 1.5707963268e+00 2.3807730459e-01
1.9182513343e-05 1.5860000526e+04 1.5707963268e+00 2.4086152087e-01
1.9404698087e-05 1.5861691627e+04 1.5707963268e+00 2.4364515030e-01
1.9626852770e-05 1.5863402529e+04 1.5707963268e+00 2.4642818611e-01
1.9848977055e-05 1.5865133237e+04 1.5707963268e+00 2.4921062154e-01
2.0071070604e-05 1.5866883755e+04 1.5707963268e+00 2.5199244984e-01
2.0293133082e-05 1.5868654089e+04 1.5707963268e+00 2.5477366427e-01
2.0515164152e-05 1.5870444243e+04 1.5707963268e+00 2.5755425806e-01
2.0737163478e-05 1.5872254223e+04 1.5707963268e+00 2.6033422450e-01
2.0959130727e-05 1.5874084032e+04 1.5707963268e+00 2.6311355684e-01
2.1181065562e-05 1.5875933676e+04 1.5707963268e+00 2.6589224836e-01
2.1402967649e-05 1.5877803160e+04 1.5707963268e+00 2.6867029234e-01
2.1624836656e-05 1.5879692489e+04 1.5707963268e+00 2.7144768205e-01
2.1846672249e-05 1.5881601668e+04 1.5707963268e+00 2.7422441079e-01
2.2068474094e-05 1.5883530702e+04 1.5707963268e+00 2.7700047185e-01
2.2290241859e-05 1.5885479596e+04 1.5707963268e+00 2.7977585853e-01
2.2511975213e-05 1.5887448357e+04 1.5707963268e+00 2.8255056414e-01
2.2733673823e-05 1.5889436988e+04 1.5707963268e+00 2.8532458198e-01
2.2955337360e-05 1.5891445495e+04 1.5707963268e+00 2.8809790537e-01
2.3176965492e-05 1.5893473883e+04 1.5707963268e+00 2.9087052764e-01
2.3398557889e-05 1.5895522159e+04 1.5707963268e+00 2.9364244212e-01
2.3620114223e-05 1.5897590327e+04 1.5707963268e+00 2.9641364213e-01
2.3841634163e-05 1.5899678393e+04 1.5707963268e+00 2.9918412101e-01
2.4063117382e-05 1.5901786363e+04 1.5707963268e+00 3.0195387213e-01
2.4284563551e-05 1.5903914241e+04 1.5707963268e+00 3.0472288882e-01
2.4505972343e-05 1.5906062034e+04 1.5707963268e+00 3.0749116444e-01
2.4727343431e-05 1.5908229747e+04 1.5707963268e+00 3.1025869236e-01
2.4948676489e-05 1.5910417386e+04 1.5707963268e+00 3.1302546595e-01
2.5169971190e-05 1.5912624957e+04 1.5707963268e+00 3.1579147859e-01
2.5391227209e-05 1.5914852466e+04 1.5707963268e+00 3.1855672367e-01
2.5612444221e-05 1.5917099918e+04 1.5707963268e+00 3.2132119456e-01
2.5833621903e-05 1.5919367319e+04 1.5707963268e+00 3.2408488467e-01
2.6054759929e-05 1.5921654675e+04 1.5707963268e+00 3.2684778740e-01
2.6275857977e-05 1.5923961993e+04 1.5707963268e+00 3.2960989617e-01
2.6496915724e-05 1.5926289277e+04 1.5707963268e+00 3.3237120438e-01
2.6717932848e-05 1.5928636535e+04 1.5707963268e+00 3.3513170546e-01
2.6938909027e-05 1.5931003772e+04 1.5707963268e+00 3.3789139284e-01
2.7159843940e-05 1.5933390994e+04 1.5707963268e+00 3.4065025996e-01
2.7380737268e-05 1.5935798208e+04 1.5707963268e+00 3.4340830026e-01
2.7601588689e-05 1.5938225419e+04 1.5707963268e+00 3.4616550719e-01
2.7822397884e-05 1.5940672634e+04 1.5707963268e+00 3.4892187421e-01
2.8043164536e-05 1.5943139860e+04 1.5707963268e+00 3.5167739478e-01
2.8263888324e-05 1.5945627102e+04 1.5707963268e+00 3.5443206238e-01
2.8484568933e-05 1.5948134367e+04 1.5707963268e+00 3.5718587049e-01
2.8705206045e-05 1.5950661661e+04 1.5707963268e+00 3.5993881259e-01
2.8925799343e-05 1.5953208990e+04 1.5707963268e+00 3.6269088217e-01
2.9146348512e-05 1.5955776362e+04 1.5707963268e+00 3.6544207274e-01
2.9366853236e-05 1.5958363782e+04 1.5707963268e+00 3.6819237780e-01
2.9587313201e-05 1.5960971258e+04 1.5707963268e+00 3.7094179087e-01
2.9807728093e-05 1.5963598795e+04 1.5707963268e+00 3.7369030548e-01
3.0028097599e-05 1.5966246400e+04 1.5707963268e+00 3.7643791515e-01
3.0248421405e-05 1.5968914081e+04 1.5707963268e+00 3.7918461342e-01
3.0468699200e-05 1.5971601843e+04 1.5707963268e+00 3.8193039384e-01
3.0688930672e-05 1.5974309693e+04 1.5707963268e+00 3.8467524997e-01
3.0909115510e-05 1.5977037639e+04 1.5707963268e+00 3.8741917536e-01
3.1129253403e-05 1.5979785686e+04 1.5707963268e+00 3.9016216359e-01
3.1349344043e-05 1.5982553842e+04 1.5707963268e+00 3.9290420823e-01
3.1569387121e-05 1.5985342113e+04 1.5707963268e+00 3.9564530287e-01
3.1789382327e-05 1.5988150507e+04 1.5707963268e+00 3.9838544110e-01
3.2009329354e-05 1.5990979030e+04 1.5707963268e+00 4.0112461653e-01
3.2229227896e-05 1.5993827689e+04 1.5707963268e+00 4.0386282276e-01
3.2449077645e-05 1.5996696492e+04 1.5707963268e+00 4.0660005341e-01
3.2668878297e-05 1.5999585445e+04 1.5707963268e+00 4.0933630212e-01
3.2888629545e-05 1.6002494555e+04 1.5707963268e+00 4.1207156250e-01
3.3108331086e-05 1.6005423829e+04 1.5707963268e+00 4.1480582822e-01
3.3327982617e-05 1.6008373275e+04 1.5707963268e+00 4.1753909291e-01
3.3547583832e-05 1.6011342899e+04 1.5707963268e+00 4.2027135025e-01
3.3767134432e-05 1.6014332709e+04 1.5707963268e+00 4.2300259389e-01
3.3986634113e-05 1.6017342712e+04 1.5707963268e+00 4.2573281752e-01
3.4206082575e-05 1.6020372915e+04 1.5707963268e+00 4.2846201482e-01
3.4425479518e-05 1.6023423326e+04 1.5707963268e+00 4.3119017948e-01
3.4644824641e-05 1.6026493951e+04 1.5707963268e+00 4.3391730522e-01
3.4864117647e-05 1.6029584798e+04 1.5707963268e+00 4.3664338574e-01
3.5083358236e-05 1.6032695875e+04 1.5707963268e+00 4.3936841476e-01
3.5302546111e-05 1.6035827188e+04 1.5707963268e+00 4.4209238602e-01
3.5521680976e-05 1.6038978745e+04 1.5707963268e+00 4.4481529325e-01
3.5740762535e-05 1.6042150554e+04 1.5707963268e+00 4.4753713020e-01
3.5959790491e-05 1.6045342621e+04 1.5707963268e+00 4.5025789063e-01
3.6178764551e-05 1.6048554955e+04 1.5707963268e+00 4.5297756831e-01
3.6397684420e-05 1.6051787563e+04 1.5707963268e+00 4.5569615701e-01
3.6616549805e-05 1.6055040453e+04 1.5707963268e+00 4.5841365052e-01
3.6835360414e-05 1.6058313631e+04 1.5707963268e+00 4.6113004263e-01
3.7054115954e-05 1.6061607106e+04 1.5707963268e+00 4.6384532714e-01
3.7272816136e-05 1.6064920885e+04 1.5707963268e+00 4.6655949787e-01
3.7491460668e-05 1.6068254976e+04 1.5707963268e+00 4.6927254865e-01
3.7710049262e-05 1.6071609387e+04 1.5707963268e+00 4.7198447330e-01
3.7928581628e-05 1.6074984124e+04 1.5707963268e+00 4.7469526566e-01
3.8147057478e-05 1.6078379196e+04 1.5707963268e+00 4.7740491960e-01
3.8365476525e-05 1.6081794611e+04 1.5707963268e+00 4.8011342896e-01
3.8583838482e-05 1.6085230376e+04 1.5707963268e+00 4.8282078763e-01
3.8802143064e-05 1.6088686499e+04 1.5707963268e+00 4.8552698948e-01
3.9020389986e-05 1.6092162988e+04 1.5707963268e+00 4.8823202840e-01
3.9238578964e-05 1.6095659850e+04 1.5707963268e+00 4.9093589830e-01
3.9456709713e-05 1.6099177094e+04 1.5707963268e+00 4.9363859309e-01
3.9674781952e-05 1.6102714727e+04 1.5707963268e+00 4.9634010668e-01
3.9892795398e-05 1.6106272758e+04 1.5707963268e+00 4.9904043301e-01
4.0110749770e-05 1.6109851193e+04 1.5707963268e+00 5.0173956602e-01
4.0328644788e-05 1.6113450041e+04 1.5707963268e+00 5.0443749967e-01
4.0546480172e-05 1.6117069310e+04 1.5707963268e+00 5.0713422790e-01
4.0764255643e-05 1.6120709008e+04 1.5707963268e+00 5.0982974471e-01
4.0981970925e-05 1.6124369143e+04 1.5707963268e+00 5.1252404406e-01
4.1199625738e-05 1.6128049722e+04 1.5707963268e+00 5.1521711996e-01
4.1417219807e-05 1.6131750754e+04 1.5707963268e+00 5.1790896640e-01
4.1634752857e-05 1.6135472247e+04 1.5707963268e+00 5.2059957741e-01
4.1852224611e-05 1.6139214209e+04 1.5707963268e+00 5.2328894700e-01
4.2069634798e-05 1.6142976648e+04 1.5707963268e+00 5.2597706921e-01
4.2286983142e-05 1.6146759571e+04 1.5707963268e+00 5.2866393809e-01
4.2504269373e-05 1.6150562987e+04 1.5707963268e+00 5.3134954770e-01
4.2721493217e-05 1.6154386905e+04 1.5707963268e+00 5.3403389210e-01
4.2938654405e-05 1.6158231332e+04 1.5707963268e+00 5.3671696537e-01
4.3155752667e-05 1.6162096276e+04 1.5707963268e+00 5.3939876161e-01
4.3372787733e-05 1.6165981745e+04 1.5707963268e+00 5.4207927490e-01
4.3589759336e-05 1.6169887748e+04 1.5707963268e+00 5.4475849938e-01
4.3806667207e-05 1.6173814293e+04 1.5707963268e+00 5.4743642915e-01
4.4023511080e-05 1.6177761388e+04 1.5707963268e+00 5.5011305836e-01
4.4240290690e-05 1.6181729041e+04 1.5707963268e+00 5.5278838114e-01
4.4457005771e-05 1.6185717260e+04 1.5707963268e+00 5.5546239166e-01
4.4673656060e-05 1.6189726053e+04 1.5707963268e+00 5.5813508409e-01
4.4890241293e-05 1.6193755430e+04 1.5707963268e+00 5.6080645259e-01
4.5106761207e-05 1.6197805398e+04 1.5707963268e+00 5.6347649137e-01
4.5323215542e-05 1.6201875964e+04 1.5707963268e+00 5.6614519463e-01
4.5539604036e-05 1.6205967139e+04 1.5707963268e+00 5.6881255658e-01
4.5755926429e-05 1.6210078929e+04 1.5707963268e+00 5.7147857144e-01
4.5972182463e-05 1.6214211343e+04 1.5707963268e+00 5.7414323346e-01
4.6188371880e-05 1.6218364389e+04 1.5707963268e+00 5.7680653688e-01
4.6404494421e-05 1.6222538077e+04 1.5707963268e+00 5.7946847596e-01
4.6620549832e-05 1.6226732413e+04 1.5707963268e+00 5.8212904498e-01
4.6836537855e-05 1.6230947406e+04 1.5707963268e+00 5.8478823822e-01
4.7052458237e-05 1.6235183065e+04 1.5707963268e+00 5.8744604997e-01
4.7268310724e-05 1.6239439398e+04 1.5707963268e+00 5.9010247455e-01
4.7484095063e-05 1.6243716413e+04 1.5707963268e+00 5.9275750628e-01
4.7699811001e-05 1.6248014118e+04 1.5707963268e+00 5.9541113948e-01
4.7915458288e-05 1.6252332522e+04 1.5707963268e+00 5.9806336850e-01
4.8131036673e-05 1.6256671634e+04 1.5707963268e+00 6.0071418771e-01
4.8346545907e-05 1.6261031461e+04 1.5707963268e+00 6.0336359146e-01
4.8561985741e-05 1.6265412013e+04 1.5707963268e+00 6.0601157414e-01
4.8777355928e-05 1.6269813296e+04 1.5707963268e+00 6.0865813014e-01
4.8992656221e-05 1.6274235320e+04 1.5707963268e+00 6.1130325387e-01
4.9207886374e-05 1.6278678093e+04 1.5707963268e+00 6.1394693975e-01
4.9423046142e-05 1.6283141624e+04 1.5707963268e+00 6.1658918220e-01
4.9638135281e-05 1.6287625920e+04 1.5707963268e+00 6.1922997568e-01
4.9853153548e-05 1.6292130991e+04 1.5707963268e+00 6.2186931463e-01
5.0068100701e-05 1.6296656844e+04 1.5707963268e+00 6.2450719353e-01
5.0282976499e-05 1.6301203488e+04 1.5707963268e+00 6.2714360686e-01
5.0497780700e-05 1.6305770931e+04 1.5707963268e+00 6.2977854911e-01
5.0712513065e-05 1.6310359182e+04 1.5707963268e+00 6.3241201478e-01
5.0927173356e-05 1.6314968249e+04 1.5707963268e+00 6.3504399841e-01
5.1141761336e-05 1.6319598140e+04 1.5707963268e+00 6.3767449451e-01
5.1356276766e-05 1.6324248864e+04 1.5707963268e+00 6.4030349764e-01
5.1570719412e-05 1.6328920429e+04 1.5707963268e+00 6.4293100236e-01
5.1785089039e-05 1.6333612844e+04 1.5707963268e+00 6.4555700323e-01
5.1999385411e-05 1.6338326116e+04 1.5707963268e+00 6.4818149484e-01
5.2213608298e-05 1.6343060255e+04 1.5707963268e+00 6.5080447180e-01
5.2427757465e-05 1.6347815269e+04 1.5707963268e+00 6.5342592870e-01
5.2641832682e-05 1.6352591165e+04 1.5707963268e+00 6.5604586017e-01
5.2855833718e-05 1.6357387953e+04 1.5707963268e+00 6.5866426086e-01
5.3069760345e-05 1.6362205641e+04 1.5707963268e+00 6.6128112541e-01
5.3283612333e-05 1.6367044236e+04 1.5707963268e+00 6.6389644849e-01
5.3497389456e-05 1.6371903748e+04 1.5707963268e+00 6.6651022477e-01
5.3711091485e-05 1.6376784185e+04 1.5707963268e+00 6.6912244895e-01
5.3924718197e-05 1.6381685555e+04 1.5707963268e+00 6.7173311573e-01
5.4138269366e-05 1.6386607866e+04 1.5707963268e+00 6.7434221982e-01
5.4351744769e-05 1.6391551126e+04 1.5707963268e+00 6.7694975597e-01
5.4565144181e-05 1.6396515345e+04 1.5707963268e+00 6.7955571892e-01
5.4778467383e-05 1.6401500530e+04 1.5707963268e+00 6.8216010342e-01
5.4991714152e-05 1.6406506690e+04 1.5707963268e+00 6.8476290425e-01
5.5204884269e-05 1.6411533833e+04 1.5707963268e+00 6.8736411620e-01
5.5417977515e-05 1.6416581966e+04 1.5707963268e+00 6.8996373407e-01
5.5630993671e-05 1.6421651100e+04 1.5707963268e+00 6.9256175267e-01
5.5843932521e-05 1.6426741240e+04 1.5707963268e+00 6.9515816683e-01
5.6056793848e-05 1.6431852397e+04 1.5707963268e+00 6.9775297139e-01
5.6269577437e-05 1.6436984578e+04 1.5707963268e+00 7.0034616121e-01
5.6482283074e-05 1.6442137792e+04 1.5707963268e+00 7.0293773117e-01
5.6694910546e-05 1.6447312046e+04 1.5707963268e+00 7.0552767614e-01
5.6907459639e-05 1.6452507348e+04 1.5707963268e+00 7.0811599103e-01
5.7119930144e-05 1.6457723708e+04 1.5707963268e+00 7.1070267074e-01
5.7332321849e-05 1.6462961133e+04 1.5707963268e+00 7.1328771022e-01
5.7544634544e-05 1.6468219632e+04 1.5707963268e+00 7.1587110439e-01
5.7756868022e-05 1.6473499212e+04 1.5707963268e+00 7.1845284822e-01
5.7969022075e-05 1.6478799881e+04 1.5707963268e+00 7.2103293668e-01
5.8181096497e-05 1.6484121649e+04 1.5707963268e+00 7.2361136475e-01
5.8393091081e-05 1.6489464522e+04 1.5707963268e+00 7.2618812743e-01
5.8605005623e-05 1.6494828509e+04 1.5707963268e+00 7.2876321974e-01
5.8816839920e-05 1.6500213618e+04 1.5707963268e+00 7.3133663670e-01
5.9028593768e-05 1.6505619858e+04 1.5707963268e+00 7.3390837337e-01
5.9240266967e-05 1.6511047235e+04 1.5707963268e+00 7.3647842479e-01
5.9451859316e-05 1.6516495759e+04 1.5707963268e+00 7.3904678605e-01
5.9663370614e-05 1.6521965437e+04 1.5707963268e+00 7.4161345222e-01
5.9874800663e-05 1.6527456277e+04 1.5707963268e+00 7.4417841842e-01
6.0086149265e-05 1.6532968287e+04 1.5707963268e+00 7.4674167975e-01
6.0297416224e-05 1.6538501475e+04 1.5707963268e+00 7.4930323136e-01
6.0508601343e-05 1.6544055850e+04 1.5707963268e+00 7.5186306839e-01
6.0719704428e-05 1.6549631418e+04 1.5707963268e+00 7.5442118600e-01
6.0930725285e-05 1.6555228189e+04 1.5707963268e+00 7.5697757938e-01
6.1141663722e-05 1.6560846169e+04 1.5707963268e+00 7.5953224370e-01
6.1352519545e-05 1.6566485366e+04 1.5707963268e+00 7.6208517419e-01
6.1563292565e-05 1.6572145789e+04 1.5707963268e+00 7.6463636605e-01
6.1773982591e-05 1.6577827446e+04 1.5707963268e+00 7.6718581455e-01
6.1984589435e-05 1.6583530343e+04 1.5707963268e+00 7.6973351491e-01
6.2195112909e-05 1.6589254490e+04 1.5707963268e+00 7.7227946242e-01
6.2405552825e-05 1.6594999893e+04 1.5707963268e+00 7.7482365236e-01
6.2615908998e-05 1.6600766560e+04 1.5707963268e+00 7.7736608002e-01
6.2826181243e-05 1.6606554499e+04 1.5707963268e+00 7.7990674073e-01
6.3036369376e-05 1.6612363718e+04 1.5707963268e+00 7.8244562981e-01
6.3246473213e-05 1.6618194225e+04 1.5707963268e+00 7.8498274260e-01
6.3456492574e-05 1.6624046026e+04 1.5707963268e+00 7.8751807448e-01
6.3666427277e-05 1.6629919130e+04 1.5707963268e+00 7.9005162081e-01
6.3876277142e-05 1.6635813544e+04 1.5707963268e+00 7.9258337699e-01
6.4086041990e-05 1.6641729276e+04 1.5707963268e+00 7.9511333843e-01
6.4295721643e-05 1.6647666333e+04 1.5707963268e+00 7.9764150054e-01
6.4505315924e-05 1.6653624723e+04 1.5707963268e+00 8.0016785878e-01
6.4714824658e-05 1.6659604453e+04 1.5707963268e+00 8.0269240859e-01
6.4924247668e-05 1.6665605531e+04 1.5707963268e+00 8.0521514545e-01
6.5133584782e-05 1.6671627964e+04 1.5707963268e+00 8.0773606484e-01
6.5342835826e-05 1.6677671759e+04 1.5707963268e+00 8.1025516227e-01
6.5552000629e-05 1.6683736924e+04 1.5707963268e+00 8.1277243325e-01
6.5761079019e-05 1.6689823467e+04 1.5707963268e+00 8.1528787332e-01
6.5970070826e-05 1.6695931394e+04 1.5707963268e+00 8.1780147803e-01
6.6178975881e-05 1.6702060713e+04 1.5707963268e+00 8.2031324295e-01
6.6387794017e-05 1.6708211430e+04 1.5707963268e+00 8.2282316366e-01
6.6596525066e-05 1.6714383554e+04 1.5707963268e+00 8.2533123575e-01
6.6805168863e-05 1.6720577092e+04 1.5707963268e+00 8.2783745485e-01
6.7013725242e-05 1.6726792050e+04 1.5707963268e+00 8.3034181658e-01
6.7222194039e-05 1.6733028436e+04 1.5707963268e+00 8.3284431659e-01
6.7430575093e-05 1.6739286256e+04 1.5707963268e+00 8.3534495055e-01
6.7638868239e-05 1.6745565518e+04 1.5707963268e+00 8.3784371413e-01
6.7847073319e-05 1.6751866230e+04 1.5707963268e+00 8.4034060304e-01
6.8055190171e-05 1.6758188397e+04 1.5707963268e+00 8.4283561298e-01
6.8263218637e-05 1.6764532026e+04 1.5707963268e+00 8.4532873968e-01
6.8471158559e-05 1.6770897126e+04 1.5707963268e+00 8.4781997889e-01
6.8679009780e-05 1.6777283702e+04 1.5707963268e+00 8.5030932637e-01
6.8886772144e-05 1.6783691762e+04 1.5707963268e+00 8.5279677790e-01
6.9094445497e-05 1.6790121311e+04 1.5707963268e+00 8.5528232927e-01
6.9302029683e-05 1.6796572358e+04 1.5707963268e+00 8.5776597629e-01
6.9509524551e-05 1.6803044909e+04 1.5707963268e+00 8.6024771480e-01
6.9716929948e-05 1.6809538970e+04 1.5707963268e+00 8.6272754063e-01
6.9924245724e-05 1.6816054549e+04 1.5707963268e+00 8.6520544965e-01
7.0131471728e-05 1.6822591651e+04 1.5707963268e+00 8.6768143774e-01
7.0338607812e-05 1.6829150284e+04 1.5707963268e+00 8.7015550078e-01
7.0545653828e-05 1.6835730454e+04 1.5707963268e+00 8.7262763470e-01
7.0752609629e-05 1.6842332167e+04 1.5707963268e+00 8.7509783542e-01
7.0959475069e-05 1.6848955430e+04 1.5707963268e+00 8.7756609888e-01
7.1166250004e-05 1.6855600250e+04 1.5707963268e+00 8.8003242105e-01
7.1372934289e-05 1.6862266632e+04 1.5707963268e+00 8.8249679790e-01
7.1579527782e-05 1.6868954584e+04 1.5707963268e+00 8.8495922544e-01
7.1786030340e-05 1.6875664111e+04 1.5707963268e+00 8.8741969966e-01
7.1992441823e-05 1.6882395220e+04 1.5707963268e+00 8.8987821661e-01
7.2198762092e-05 1.6889147917e+04 1.5707963268e+00 8.9233477232e-01
7.2404991006e-05 1.6895922208e+04 1.5707963268e+00 8.9478936287e-01
7.2611128430e-05 1.6902718100e+04 1.5707963268e+00 8.9724198433e-01
7.2817174224e-05 1.6909535598e+04 1.5707963268e+00 8.9969263280e-01
7.3023128255e-05 1.6916374709e+04 1.5707963268e+00 9.0214130439e-01
7.3228990386e-05 1.6923235439e+04 1.5707963268e+00 9.0458799523e-01
7.3434760485e-05 1.6930117793e+04 1.5707963268e+00 9.0703270149e-01
7.3640438418e-05 1.6937021778e+04 1.5707963268e+00 9.0947541931e-01
7.3846024053e-05 1.6943947399e+04 1.5707963268e+00 9.1191614488e-01
7.4051517261e-05 1.6950894663e+04 1.5707963268e+00 9.1435487441e-01
7.4256917910e-05 1.6957863575e+04 1.5707963268e+00 9.1679160411e-01
7.4462225872e-05 1.6964854141e+04 1.5707963268e+00 9.1922633021e-01
7.4667441019e-05 1.6971866366e+04 1.5707963268e+00 9.2165904897e-01
7.4872563225e-05 1.6978900257e+04 1.5707963268e+00 9.2408975666e-01
7.5077592364e-05 1.6985955819e+04 1.5707963268e+00 9.2651844957e-01
7.5282528310e-05 1.6993033058e+04 1.5707963268e+00 9.2894512399e-01
7.5487370941e-05 1.7000131978e+04 1.5707963268e+00 9.3136977626e-01
7.5692120132e-05 1.7007252587e+04 1.5707963268e+00 9.3379240270e-01
7.5896775763e-05 1.7014394888e+04 1.5707963268e+00 9.3621299969e-01
7.6101337713e-05 1.7021558888e+04 1.5707963268e+00 9.3863156358e-01
7.6305805861e-05 1.7028744592e+04 1.5707963268e+00 9.4104809077e-01
7.6510180089e-05 1.7035952005e+04 1.5707963268e+00 9.4346257768e-01
7.6714460280e-05 1.7043181132e+04 1.5707963268e+00 9.4587502072e-01
7.6918646315e-05 1.7050431979e+04 1.5707963268e+00 9.4828541635e-01
7.7122738079e-05 1.7057704551e+04 1.5707963268e+00 9.5069376101e-01
7.7326735458e-05 1.7064998852e+04 1.5707963268e+00 9.5310005121e-01
7.7530638338e-05 1.7072314889e+04 1.5707963268e+00 9.5550428342e-01
7.7734446605e-05 1.7079652666e+04 1.5707963268e+00 9.5790645417e-01
7.7938160148e-05 1.7087012187e+04 1.5707963268e+00 9.6030655998e-01
7.8141778856e-05 1.7094393459e+04 1.5707963268e+00 9.6270459741e-01
7.8345302618e-05 1.7101796485e+04 1.5707963268e+00 9.6510056303e-01
7.8548731327e-05 1.7109221271e+04 1.5707963268e+00 9.6749445341e-01
7.8752064873e-05 1.7116667821e+04 1.5707963268e+00 9.6988626517e-01
7.8955303151e-05 1.7124136140e+04 1.5707963268e+00 9.7227599493e-01
7.9158446053e-05 1.7131626232e+04 1.5707963268e+00 9.7466363931e-01
7.9361493476e-05 1.7139138103e+04 1.5707963268e+00 9.7704919499e-01
7.9564445314e-05 1.7146671757e+04 1.5707963268e+00 9.7943265863e-01
7.9767301465e-05 1.7154227198e+04 1.5707963268e+00 9.8181402693e-01
7.9970061828e-05 1.7161804431e+04 1.5707963268e+00 9.8419329660e-01
8.0172726300e-05 1.7169403460e+04 1.5707963268e+00 9.8657046436e-01
8.0375294781e-05 1.7177024289e+04 1.5707963268e+00 9.8894552696e-01
8.0577767173e-05 1.7184666923e+04 1.5707963268e+00 9.9131848116e-01
8.0780143378e-05 1.7192331366e+04 1.5707963268e+00 9.9368932375e-01
8.0982423297e-05 1.7200017623e+04 1.5707963268e+00 9.9605805153e-01
8.1184606836e-05 1.7207725696e+04 1.5707963268e+00 9.9842466131e-01
8.1386693898e-05 1.7215455591e+04 1.5707963268e+00 1.0007891499e+00
8.1588684389e-05 1.7223207311e+04 1.5707963268e+00 1.0031515142e+00
8.1790578217e-05 1.7230980861e+04 1.5707963268e+00 1.0055117511e+00
8.1992375288e-05 1.7238776244e+04 1.5707963268e+00 1.0078698575e+00
8.2194075512e-05 1.7246593463e+04 1.5707963268e+00 1.0102258301e+00
8.2395678797e-05 1.7254432524e+04 1.5707963268e+00 1.0125796661e+00
8.2597185055e-05 1.7262293429e+04 1.5707963268e+00 1.0149313623e+00
8.2798594197e-05 1.7270176182e+04 1.5707963268e+00 1.0172809157e+00
8.2999906136e-05 1.7278080788e+04 1.5707963268e+00 1.0196283233e+00
8.3201120784e-05 1.7286007248e+04 1.5707963268e+00 1.0219735821e+00
8.3402238057e-05 1.7293955568e+04 1.5707963268e+00 1.0243166890e+00
8.3603257869e-05 1.7301925749e+04 1.5707963268e+00 1.0266576412e+00
8.3804180137e-05 1.7309917797e+04 1.5707963268e+00 1.0289964356e+00
8.4005004779e-05 1.7317931713e+04 1.5707963268e+00 1.0313330694e+00
8.4205731712e-05 1.7325967501e+04 1.5707963268e+00 1.0336675396e+00
8.4406360855e-05 1.7334025165e+04 1.5707963268e+00 1.0359998433e+00
8.4606892130e-05 1.7342104708e+04 1.5707963268e+00 1.0383299777e+00
8.4807325456e-05 1.7350206132e+04 1.5707963268e+00 1.0406579399e+00
8.5007660755e-05 1.7358329441e+04 1.5707963268e+00 1.0429837271e+00
8.5207897952e-05 1.7366474638e+04 1.5707963268e+00 1.0453073364e+00
8.5408036969e-05 1.7374641725e+04 1.5707963268e+00 1.0476287651e+00
8.5608077731e-05 1.7382830705e+04 1.5707963268e+00 1.0499480104e+00
8.5808020165e-05 1.7391041582e+04 1.5707963268e+00 1.0522650694e+00
8.6007864197e-05 1.7399274358e+04 1.5707963268e+00 1.0545799395e+00
8.6207609754e-05 1.7407529035e+04 1.5707963268e+00 1.0568926179e+00
8.6407256765e-05 1.7415805616e+04 1.5707963268e+00 1.0592031019e+00
8.6606805160e-05 1.7424104104e+04 1.5707963268e+00 1.0615113888e+00
8.6806254869e-05 1.7432424501e+04 1.5707963268e+00 1.0638174760e+00
8.7005605824e-05 1.7440766809e+04 1.5707963268e+00 1.0661213608e+00
8.7204857957e-05 1.7449131031e+04 1.5707963268e+00 1.0684230405e+00
8.7404011201e-05 1.7457517170e+04 1.5707963268e+00 1.0707225125e+00
8.7603065490e-05 1.7465925226e+04 1.5707963268e+00 1.0730197742e+00
8.7802020759e-05 1.7474355203e+04 1.5707963268e+00 1.0753148231e+00
8.8000876945e-05 1.7482807103e+04 1.5707963268e+00 1.0776076566e+00
8.8199633984e-05 1.7491280928e+04 1.5707963268e+00 1.0798982721e+00
8.8398291814e-05 1.7499776679e+04 1.5707963268e+00 1.0821866671e+00
8.8596850374e-05 1.7508294358e+04 1.5707963268e+00 1.0844728391e+00
8.8795309604e-05 1.7516833968e+04 1.5707963268e+00 1.0867567856e+00
8.8993669444e-05 1.7525395510e+04 1.5707963268e+00 1.0890385041e+00
8.9191929835e-05 1.7533978985e+04 1.5707963268e+00 1.0913179922e+00
8.9390090721e-05 1.7542584396e+04 1.5707963268e+00 1.0935952474e+00
8.9588152044e-05 1.7551211744e+04 1.5707963268e+00 1.0958702673e+00
8.9786113749e-05 1.7559861030e+04 1.5707963268e+00 1.0981430496e+00
8.9983975780e-05 1.7568532256e+04 1.5707963268e+00 1.1004135918e+00
9.0181738085e-05 1.7577225424e+04 1.5707963268e+00 1.1026818915e+00
9.0379400609e-05 1.7585940534e+04 1.5707963268e+00 1.1049479465e+00
9.0576963301e-05 1.7594677588e+04 1.5707963268e+00 1.1072117544e+00
9.0774426109e-05 1.7603436587e+04 1.5707963268e+00 1.1094733128e+00
9.0971788983e-05 1.7612217532e+04 1.5707963268e+00 1.1117326196e+00
9.1169051874e-05 1.7621020424e+04 1.5707963268e+00 1.1139896724e+00
9.1366214732e-05 1.7629845265e+04 1.5707963268e+00 1.1162444690e+00
9.1563277511e-05 1.7638692054e+04 1.5707963268e+00 1.1184970070e+00
9.1760240162e-05 1.7647560793e+04 1.5707963268e+00 1.1207472845e+00
9.1957102642e-05 1.7656451483e+04 1.5707963268e+00 1.1229952990e+00
9.2153864903e-05 1.7665364124e+04 1.5707963268e+00 1.1252410485e+00
9.2350526903e-05 1.7674298718e+04 1.5707963268e+00 1.1274845307e+00
9.2547088597e-05 1.7683255263e+04 1.5707963268e+00 1.1297257436e+00
9.2743549944e-05 1.7692233762e+04 1.5707963268e+00 1.1319646850e+00
9.2939910902e-05 1.7701234215e+04 1.5707963268e+00 1.1342013528e+00
9.3136171430e-05 1.7710256621e+04 1.5707963268e+00 1.1364357449e+00
9.3332331488e-05 1.7719300981e+04 1.5707963268e+00 1.1386678592e+00
9.3528391037e-05 1.7728367295e+04 1.5707963268e+00 1.1408976937e+00
9.3724350040e-05 1.7737455565e+04 1.5707963268e+00 1.1431252464e+00
9.3920208459e-05 1.7746565788e+04 1.5707963268e+00 1.1453505152e+00
9.4115966258e-05 1.7755697967e+04 1.5707963268e+00 1.1475734982e+00
9.4311623401e-05 1.7764852099e+04 1.5707963268e+00 1.1497941933e+00
9.4507179853e-05 1.7774028187e+04 1.5707963268e+00 1.1520125986e+00
9.4702635581e-05 1.7783226228e+04 1.5707963268e+00 1.1542287121e+00
9.4897990552e-05 1.7792446224e+04 1.5707963268e+00 1.1564425320e+00
9.5093244734e-05 1.7801688173e+04 1.5707963268e+00 1.1586540563e+00
9.5288398095e-05 1.7810952075e+04 1.5707963268e+00 1.1608632831e+00
9.5483450606e-05 1.7820237931e+04 1.5707963268e+00 1.1630702106e+00
9.5678402235e-05 1.7829545738e+04 1.5707963268e+00 1.1652748369e+00
9.5873252956e-05 1.7838875497e+04 1.5707963268e+00 1.1674771602e+00
9.6068002739e-05 1.7848227207e+04 1.5707963268e+00 1.1696771786e+00
9.6262651559e-05 1.7857600867e+04 1.5707963268e+00 1.1718748904e+00
9.6457199387e-05 1.7866996477e+04 1.5707963268e+00 1.1740702937e+00
9.6651646201e-05 1.7876414034e+04 1.5707963268e+00 1.1762633869e+00
9.6845991973e-05 1.7885853540e+04 1.5707963268e+00 1.1784541682e+00
9.7040236682e-05 1.7895314992e+04 1.5707963268e+00 1.1806426358e+00
9.7234380304e-05 1.7904798389e+04 1.5707963268e+00 1.1828287881e+00
9.7428422816e-05 1.7914303730e+04 1.5707963268e+00 1.1850126233e+00
9.7622364199e-05 1.7923831014e+04 1.5707963268e+00 1.1871941397e+00
9.7816204430e-05 1.7933380240e+04 1.5707963268e+00 1.1893733359e+00
9.8009943491e-05 1.7942951406e+04 1.5707963268e+00 1.1915502100e+00
9.8203581363e-05 1.7952544511e+04 1.5707963268e+00 1.1937247604e+00
9.8397118028e-05 1.7962159552e+04 1.5707963268e+00 1.1958969857e+00
9.8590553468e-05 1.7971796529e+04 1.5707963268e+00 1.1980668841e+00
9.8783887667e-05 1.7981455441e+04 1.5707963268e+00 1.2002344542e+00
9.8977120609e-05 1.7991136284e+04 1.5707963268e+00 1.2023996944e+00
9.9170252280e-05 1.8000839057e+04 1.5707963268e+00 1.2045626031e+00
9.9363282666e-05 1.8010563759e+04 1.5707963268e+00 1.2067231789e+00
9.9556211753e-05 1.8020310387e+04 1.5707963268e+00 1.2088814202e+00
9.9749039529e-05 1.8030078940e+04 1.5707963268e+00 1.2110373257e+00
9.9941765983e-05 1.8039869414e+04 1.5707963268e+00 1.2131908937e+00
1.0013439110e-04 1.8049681809e+04 1.5707963268e+00 1.2153421229e+00
1.0032691488e-04 1.8059516121e+04 1.5707963268e+00 1.2174910120e+00
1.0051933730e-04 1.8069372349e+04 1.5707963268e+00 1.2196375593e+00
1.0071165836e-04 1.8079250490e+04 1.5707963268e+00 1.2217817637e+00
1.0090387806e-04 1.8089150541e+04 1.5707963268e+00 1.2239236237e+00
1.0109599637e-04 1.8099072500e+04 1.5707963268e+00 1.2260631379e+00
1.0128801331e-04 1.8109016365e+04 1.5707963268e+00 1.2282003051e+00
1.0147992886e-04 1.8118982132e+04 1.5707963268e+00 1.2303351240e+00
1.0167174301e-04 1.8128969798e+04 1.5707963268e+00 1.2324675931e+00
1.0186345577e-04 1.8138979362e+04 1.5707963268e+00 1.2345977113e+00
1.0205506713e-04 1.8149010820e+04 1.5707963268e+00 1.2367254773e+00
1.0224657708e-04 1.8159064169e+04 1.5707963268e+00 1.2388508898e+00
1.0243798564e-04 1.8169139405e+04 1.5707963268e+00 1.2409739477e+00
1.0262929279e-04 1.8179236527e+04 1.5707963268e+00 1.2430946497e+00
1.0282049853e-04 1.8189355530e+04 1.5707963268e+00 1.2452129946e+00
1.0301160287e-04 1.8199496411e+04 1.5707963268e+00 1.2473289813e+00
1.0320260581e-04 1.8209659167e+04 1.5707963268e+00 1.2494426085e+00
1.0339350735e-04 1.8219843795e+04 1.5707963268e+00 1.2515538753e+00
1.0358430749e-04 1.8230050291e+04 1.5707963268e+00 1.2536627804e+00
1.0377500624e-04 1.8240278651e+04 1.5707963268e+00 1.2557693227e+00
1.0396560360e-04 1.8250528871e+04 1.5707963268e+00 1.2578735012e+00
1.0415609957e-04 1.8260800949e+04 1.5707963268e+00 1.2599753147e+00
1.0434649417e-04 1.8271094879e+04 1.5707963268e+00 1.2620747623e+00
1.0453678739e-04 1.8281410659e+04 1.5707963268e+00 1.2641718430e+00
1.0472697925e-04 1.8291748285e+04 1.5707963268e+00 1.2662665556e+00
1.0491706975e-04 1.8302107751e+04 1.5707963268e+00 1.2683588992e+00
1.0510705890e-04 1.8312489054e+04 1.5707963268e+00 1.2704488728e+00
1.0529694672e-04 1.8322892191e+04 1.5707963268e+00 1.2725364755e+00
1.0548673320e-04 1.8333317156e+04 1.5707963268e+00 1.2746217063e+00
1.0567641837e-04 1.8343763946e+04 1.5707963268e+00 1.2767045643e+00
1.0586600223e-04 1.8354232555e+04 1.5707963268e+00 1.2787850485e+00
1.0605548479e-04 1.8364722980e+04 1.5707963268e+00 1.2808631582e+00
1.0624486608e-04 1.8375235216e+04 1.5707963268e+00 1.2829388923e+00
1.0643414610e-04 1.8385769258e+04 1.5707963268e+00 1.2850122500e+00
1.0662332486e-04 1.8396325101e+04 1.5707963268e+00 1.2870832306e+00
1.0681240239e-04 1.8406902742e+04 1.5707963268e+00 1.2891518331e+00
1.0700137869e-04 1.8417502174e+04 1.5707963268e+00 1.2912180568e+00
1.0719025379e-04 1.8428123394e+04 1.5707963268e+00 1.2932819009e+00
1.0737902770e-04 1.8438766395e+04 1.5707963268e+00 1.2953433645e+00
1.0756770043e-04 1.8449431173e+04 1.5707963268e+00 1.2974024470e+00
1.0775627202e-04 1.8460117724e+04 1.5707963268e+00 1.2994591476e+00
1.0794474247e-04 1.8470826040e+04 1.5707963268e+00 1.3015134656e+00
1.0813311180e-04 1.8481556118e+04 1.5707963268e+00 1.3035654002e+00
1.0832138005e-04 1.8492307952e+04 1.5707963268e+00 1.3056149509e+00
1.0850954722e-04 1.8503081537e+04 1.5707963268e+00 1.3076621168e+00
1.0869761333e-04 1.8513876866e+04 1.5707963268e+00 1.3097068974e+00
1.0888557843e-04 1.8524693934e+04 1.5707963268e+00 1.3117492919e+00
1.0907344251e-04 1.8535532737e+04 1.5707963268e+00 1.3137892999e+00
1.0926120562e-04 1.8546393267e+04 1.5707963268e+00 1.3158269207e+00
1.0944886776e-04 1.8557275519e+04 1.5707963268e+00 1.3178621536e+00
1.0963642898e-04 1.8568179488e+04 1.5707963268e+00 1.3198949982e+00
1.0982388929e-04 1.8579105167e+04 1.5707963268e+00 1.3219254538e+00
1.1001124872e-04 1.8590052550e+04 1.5707963268e+00 1.3239535200e+00
1.1019850730e-04 1.8601021631e+04 1.5707963268e+00 1.3259791961e+00
1.1038566505e-04 1.8612012405e+04 1.5707963268e+00 1.3280024818e+00
1.1057272201e-04 1.8623024863e+04 1.5707963268e+00 1.3300233764e+00
1.1075967820e-04 1.8634059002e+04 1.5707963268e+00 1.3320418796e+00
1.1094653365e-04 1.8645114813e+04 1.5707963268e+00 1.3340579909e+00
1.1113328839e-04 1.8656192291e+04 1.5707963268e+00 1.3360717098e+00
1.1131994245e-04 1.8667291428e+04 1.5707963268e+00 1.3380830359e+00
1.1150649587e-04 1.8678412219e+04 1.5707963268e+00 1.3400919688e+00
1.1169294868e-04 1.8689554657e+04 1.5707963268e+00 1.3420985081e+00
1.1187930090e-04 1.8700718734e+04 1.5707963268e+00 1.3441026535e+00
1.1206555258e-04 1.8711904444e+04 1.5707963268e+00 1.3461044045e+00
1.1225170374e-04 1.8723111781e+04 1.5707963268e+00 1.3481037609e+00
1.1243775443e-04 1.8734340736e+04 1.5707963268e+00 1.3501007222e+00
1.1262370467e-04 1.8745591303e+04 1.5707963268e+00 1.3520952883e+00
1.1280955450e-04 1.8756863476e+04 1.5707963268e+00 1.3540874587e+00
1.1299530396e-04 1.8768157246e+04 1.5707963268e+00 1.3560772333e+00
1.1318095308e-04 1.8779472606e+04 1.5707963268e+00 1.3580646118e+00
1.1336650191e-04 1.8790809549e+04 1.5707963268e+00 1.3600495938e+00
1.1355195047e-04 1.8802168068e+04 1.5707963268e+00 1.3620321792e+00
1.1373729882e-04 1.8813548155e+04 1.5707963268e+00 1.3640123678e+00
1.1392254698e-04 1.8824949803e+04 1.5707963268e+00 1.3659901594e+00
1.1410769500e-04 1.8836373003e+04 1.5707963268e+00 1.3679655537e+00
1.1429274293e-04 1.8847817749e+04 1.5707963268e+00 1.3699385507e+00
1.1447769079e-04 1.8859284032e+04 1.5707963268e+00 1.3719091501e+00
1.1466253863e-04 1.8870771844e+04 1.5707963268e+00 1.3738773518e+00
1.1484728649e-04 1.8882281178e+04 1.5707963268e+00 1.3758431558e+00
1.1503193443e-04 1.8893812026e+04 1.5707963268e+00 1.3778065619e+00
1.1521648247e-04 1.8905364379e+04 1.5707963268e+00 1.3797675699e+00
1.1540093066e-04 1.8916938229e+04 1.5707963268e+00 1.3817261799e+00
1.1558527906e-04 1.8928533569e+04 1.5707963268e+00 1.3836823918e+00
1.1576952769e-04 1.8940150389e+04 1.5707963268e+00 1.3856362055e+00
1.1595367662e-04 1.8951788682e+04 1.5707963268e+00 1.3875876211e+00
1.1613772587e-04 1.8963448438e+04 1.5707963268e+00 1.3895366384e+00
1.1632167551e-04 1.8975129650e+04 1.5707963268e+00 1.3914832575e+00
1.1650552558e-04 1.8986832310e+04 1.5707963268e+00 1.3934274785e+00
1.1668927613e-04 1.8998556407e+04 1.5707963268e+00 1.3953693013e+00
1.1687292719e-04 1.9010301934e+04 1.5707963268e+00 1.3973087260e+00
1.1705647884e-04 1.9022068881e+04 1.5707963268e+00 1.3992457527e+00
1.1723993110e-04 1.9033857241e+04 1.5707963268e+00 1.4011803815e+00
1.1742328404e-04 1.9045667003e+04 1.5707963268e+00 1.4031126123e+00
1.1760653770e-04 1.9057498160e+04 1.5707963268e+00 1.4050424455e+00
1.1778969213e-04 1.9069350701e+04 1.5707963268e+00 1.4069698810e+00
1.1797274739e-04 1.9081224618e+04 1.5707963268e+00 1.4088949190e+00
1.1815570352e-04 1.9093119901e+04 1.5707963268e+00 1.4108175597e+00
1.1833856059e-04 1.9105036542e+04 1.5707963268e+00 1.4127378032e+00
1.1852131864e-04 1.9116974530e+04 1.5707963268e+00 1.4146556498e+00
1.1870397772e-04 1.9128933857e+04 1.5707963268e+00 1.4165710996e+00
1.1888653790e-04 1.9140914513e+04 1.5707963268e+00 1.4184841528e+00
1.1906899921e-04 1.9152916488e+04 1.5707963268e+00 1.4203948097e+00
1.1925136173e-04 1.9164939773e+04 1.5707963268e+00 1.4223030705e+00
1.1943362551e-04 1.9176984358e+04 1.5707963268e+00 1.4242089355e+00
1.1961579059e-04 1.9189050233e+04 1.5707963268e+00 1.4261124050e+00
1.1979785705e-04 1.9201137389e+04 1.5707963268e+00 1.4280134791e+00
1.1997982493e-04 1.9213245815e+04 1.5707963268e+00 1.4299121583e+00
1.2016169429e-04 1.9225375502e+04 1.5707963268e+00 1.4318084428e+00
1.2034346519e-04 1.9237526439e+04 1.5707963268e+00 1.4337023331e+00
1.2052513769e-04 1.9249698616e+04 1.5707963268e+00 1.4355938293e+00
1.2070671185e-04 1.9261892024e+04 1.5707963268e+00 1.4374829319e+00
1.2088818773e-04 1.9274106651e+04 1.5707963268e+00 1.4393696413e+00
1.2106956538e-04 1.9286342488e+04 1.5707963268e+00 1.4412539578e+00
1.2125084487e-04 1.9298599525e+04 1.5707963268e+00 1.4431358819e+00
1.2143202626e-04 1.9310877750e+04 1.5707963268e+00 1.4450154139e+00
1.2161310961e-04 1.9323177153e+04 1.5707963268e+00 1.4468925544e+00
1.2179409498e-04 1.9335497723e+04 1.5707963268e+00 1.4487673037e+00
1.2197498244e-04 1.9347839451e+04 1.5707963268e+00 1.4506396622e+00
1.2215577204e-04 1.9360202325e+04 1.5707963268e+00 1.4525096306e+00
1.2233646386e-04 1.9372586334e+04 1.5707963268e+00 1.4543772092e+00
1.2251705794e-04 1.9384991468e+04 1.5707963268e+00 1.4562423985e+00
1.2269755437e-04 1.9397417716e+04 1.5707963268e+00 1.4581051992e+00
1.2287795319e-04 1.9409865066e+04 1.5707963268e+00 1.4599656116e+00
1.2305825448e-04 1.9422333508e+04 1.5707963268e+00 1.4618236363e+00
1.2323845831e-04 1.9434823030e+04 1.5707963268e+00 1.4636792740e+00
1.2341856473e-04 1.9447333622e+04 1.5707963268e+00 1.4655325251e+00
1.2359857382e-04 1.9459865271e+04 1.5707963268e+00 1.4673833903e+00
1.2377848564e-04 1.9472417967e+04 1.5707963268e+00 1.4692318702e+00
1.2395830026e-04 1.9484991698e+04 1.5707963268e+00 1.4710779652e+00
1.2413801775e-04 1.9497586454e+04 1.5707963268e+00 1.4729216762e+00
1.2431763817e-04 1.9510202221e+04 1.5707963268e+00 1.4747630037e+00
1.2449716159e-04 1.9522838989e+04 1.5707963268e+00 1.4766019483e+00
1.2467658808e-04 1.9535496747e+04 1.5707963268e+00 1.4784385108e+00
1.2485591772e-04 1.9548175481e+04 1.5707963268e+00 1.4802726918e+00
1.2503515056e-04 1.9560875181e+04 1.5707963268e+00 1.4821044919e+00
1.2521428668e-04 1.9573595835e+04 1.5707963268e+00 1.4839339120e+00
1.2539332616e-04 1.9586337431e+04 1.5707963268e+00 1.4857609527e+00
1.2557226906e-04 1.9599099957e+04 1.5707963268e+00 1.4875856147e+00
1.2575111545e-04 1.9611883400e+04 1.5707963268e+00 1.4894078988e+00
1.2592986541e-04 1.9624687749e+04 1.5707963268e+00 1.4912278058e+00
1.2610851900e-04 1.9637512991e+04 1.5707963268e+00 1.4930453364e+00
1.2628707630e-04 1.9650359115e+04 1.5707963268e+00 1.4948604913e+00
1.2646553739e-04 1.9663226108e+04 1.5707963268e+00 1.4966732715e+00
1.2664390233e-04 1.9676113958e+04 1.5707963268e+00 1.4984836777e+00
1.2682217120e-04 1.9689022651e+04 1.5707963268e+00 1.5002917106e+00
1.2700034407e-04 1.9701952177e+04 1.5707963268e+00 1.5020973712e+00
1.2717842102e-04 1.9714902521e+04 1.5707963268e+00 1.5039006603e+00
1.2735640213e-04 1.9727873673e+04 1.5707963268e+00 1.5057015788e+00
1.2753428746e-04 1.9740865618e+04 1.5707963268e+00 1.5075001275e+00
1.2771207710e-04 1.9753878345e+04 1.5707963268e+00 1.5092963072e+00
1.2788977111e-04 1.9766911840e+04 1.5707963268e+00 1.5110901190e+00
1.2806736959e-04 1.9779966090e+04 1.5707963268e+00 1.5128815637e+00
1.2824487259e-04 1.9793041083e+04 1.5707963268e+00 1.5146706422e+00
1.2842228020e-04 1.9806136806e+04 1.5707963268e+00 1.5164573555e+00
1.2859959250e-04 1.9819253246e+04 1.5707963268e+00 1.5182417045e+00
1.2877680957e-04 1.9832390389e+04 1.5707963268e+00 1.5200236901e+00
1.2895393148e-04 1.9845548223e+04 1.5707963268e+00 1.5218033134e+00
1.2913095831e-04 1.9858726733e+04 1.5707963268e+00 1.5235805752e+00
1.2930789014e-04 1.9871925908e+04 1.5707963268e+00 1.5253554767e+00
1.2948472705e-04 1.9885145734e+04 1.5707963268e+00 1.5271280188e+00
1.2966146912e-04 1.9898386196e+04 1.5707963268e+00 1.5288982025e+00
1.2983811643e-04 1.9911647282e+04 1.5707963268e+00 1.5306660289e+00
1.3001466905e-04 1.9924928979e+04 1.5707963268e+00 1.5324314990e+00
1.3019112708e-04 1.9938231272e+04 1.5707963268e+00 1.5341946138e+00
1.3036749058e-04 1.9951554149e+04 1.5707963268e+00 1.5359553745e+00
1.3054375965e-04 1.9964897594e+04 1.5707963268e+00 1.5377137820e+00
1.3071993436e-04 1.9978261596e+04 1.5707963268e+00 1.5394698375e+00
1.3089601480e-04 1.9991646139e+04 1.5707963268e+00 1.5412235421e+00
1.3107200104e-04 2.0005051210e+04 1.5707963268e+00 1.5429748969e+00
1.3124789318e-04 2.0018476795e+04 1.5707963268e+00 1.5447239030e+00
1.3142369128e-04 2.0031922880e+04 1.5707963268e+00 1.5464705616e+00
1.3159939545e-04 2.0045389452e+04 1.5707963268e+00 1.5482148737e+00
1.3177500575e-04 2.0058876495e+04 1.5707963268e+00 1.5499568407e+00
1.3195052227e-04 2.0072383996e+04 1.5707963268e+00 1.5516964635e+00
1.3212594510e-04 2.0085911940e+04 1.5707963268e+00 1.5534337434e+00
1.3230127433e-04 2.0099460314e+04 1.5707963268e+00 1.5551686816e+00
1.3247651003e-04 2.0113029103e+04 1.5707963268e+00 1.5569012793e+00
1.3265165229e-04 2.0126618293e+04 1.5707963268e+00 1.5586315378e+00
1.3282670119e-04 2.0140227869e+04 1.5707963268e+00 1.5603594581e+00
1.3300165683e-04 2.0153857816e+04 1.5707963268e+00 1.5620850417e+00
1.3317651929e-04 2.0167508121e+04 1.5707963268e+00 1.5638082896e+00
1.3335128865e-04 2.0181178768e+04 1.5707963268e+00 1.5655292032e+00
1.3352596500e-04 2.0194869744e+04 1.5707963268e+00 1.5672477838e+00
1.3370054843e-04 2.0208581032e+04 1.5707963268e+00 1.5689640325e+00
1.3387503903e-04 2.0222312619e+04 1.5707963268e+00 1.5706779508e+00
1.3404943687e-04 2.0236064490e+04 1.5707963268e+00 1.5723895399e+00
1.3422374206e-04 2.0249836630e+04 1.5707963268e+00 1.5740988011e+00
1.3439795467e-04 2.0263629023e+04 1.5707963268e+00 1.5758057358e+00
1.3457207480e-04 2.0277441656e+04 1.5707963268e+00 1.5775103452e+00
1.3474610253e-04 2.0291274512e+04 1.5707963268e+00 1.5792126307e+00
1.3492003796e-04 2.0305127577e+04 1.5707963268e+00 1.5809125938e+00
1.3509388117e-04 2.0319000836e+04 1.5707963268e+00 1.5826102356e+00
1.3526763225e-04 2.0332894274e+04 1.5707963268e+00 1.5843055577e+00
1.3544129129e-04 2.0346807874e+04 1.5707963268e+00 1.5859985613e+00
1.3561485837e-04 2.0360741623e+04 1.5707963268e+00 1.5876892480e+00
1.3578833360e-04 2.0374695505e+04 1.5707963268e+00 1.5893776190e+00
1.3596171706e-04 2.0388669503e+04 1.5707963268e+00 1.5910636758e+00
1.3613500885e-04 2.0402663604e+04 1.5707963268e+00 1.5927474199e+00
1.3630820904e-04 2.0416677791e+04 1.5707963268e+00 1.5944288527e+00
1.3648131774e-04 2.0430712049e+04 1.5707963268e+00 1.5961079755e+00
1.3665433503e-04 2.0444766361e+04 1.5707963268e+00 1.5977847900e+00
1.3682726100e-04 2.0458840714e+04 1.5707963268e+00 1.5994592974e+00
1.3700009576e-04 2.0472935090e+04 1.5707963268e+00 1.6011314994e+00
1.3717283938e-04 2.0487049475e+04 1.5707963268e+00 1.6028013974e+00
1.3734549197e-04 2.0501183852e+04 1.5707963268e+00 1.6044689928e+00
1.3751805361e-04 2.0515338205e+04 1.5707963268e+00 1.6061342873e+00
1.3769052440e-04 2.0529512519e+04 1.5707963268e+00 1.6077972822e+00
1.3786290443e-04 2.0543706778e+04 1.5707963268e+00 1.6094579792e+00
1.3803519379e-04 2.0557920965e+04 1.5707963268e+00 1.6111163798e+00
1.3820739258e-04 2.0572155065e+04 1.5707963268e+00 1.6127724854e+00
1.3837950089e-04 2.0586409061e+04 1.5707963268e+00 1.6144262977e+00
1.3855151881e-04 2.0600682938e+04 1.5707963268e+00 1.6160778183e+00
1.3872344644e-04 2.0614976679e+04 1.5707963268e+00 1.6177270486e+00
1.3889528387e-04 2.0629290268e+04 1.5707963268e+00 1.6193739903e+00
1.3906703121e-04 2.0643623689e+04 1.5707963268e+00 1.6210186449e+00
1.3923868853e-04 2.0657976926e+04 1.5707963268e+00 1.6226610141e+00
1.3941025594e-04 2.0672349961e+04 1.5707963268e+00 1.6243010995e+00
1.3958173353e-04 2.0686742779e+04 1.5707963268e+00 1.6259389027e+00
1.3975312140e-04 2.0701155363e+04 1.5707963268e+00 1.6275744252e+00
1.3992441964e-04 2.0715587697e+04 1.5707963268e+00 1.6292076688e+00
1.4009562835e-04 2.0730039764e+04 1.5707963268e+00 1.6308386351e+00
1.4026674763e-04 2.0744511547e+04 1.5707963268e+00 1.6324673258e+00
1.4043777757e-04 2.0759003030e+04 1.5707963268e+00 1.6340937424e+00
1.4060871826e-04 2.0773514197e+04 1.5707963268e+00 1.6357178867e+00
1.4077956981e-04 2.0788045030e+04 1.5707963268e+00 1.6373397603e+00
1.4095033231e-04 2.0802595512e+04 1.5707963268e+00 1.6389593650e+00
1.4112100585e-04 2.0817165628e+04 1.5707963268e+00 1.6405767024e+00
1.4129159054e-04 2.0831755359e+04 1.5707963268e+00 1.6421917743e+00
1.4146208648e-04 2.0846364689e+04 1.5707963268e+00 1.6438045823e+00
1.4163249375e-04 2.0860993602e+04 1.5707963268e+00 1.6454151282e+00
1.4180281246e-04 2.0875642079e+04 1.5707963268e+00 1.6470234137e+00
1.4197304270e-04 2.0890310105e+04 1.5707963268e+00 1.6486294405e+00
1.4214318458e-04 2.0904997662e+04 1.5707963268e+00 1.6502332104e+00
1.4231323819e-04 2.0919704732e+04 1.5707963268e+00 1.6518347251e+00
1.4248320362e-04 2.0934431299e+04 1.5707963268e+00 1.6534339865e+00
1.4265308099e-04 2.0949177346e+04 1.5707963268e+00 1.6550309962e+00
1.4282287038e-04 2.0963942855e+04 1.5707963268e+00 1.6566257561e+00
1.4299257190e-04 2.0978727808e+04 1.5707963268e+00 1.6582182680e+00
1.4316218564e-04 2.0993532190e+04 1.5707963268e+00 1.6598085336e+00
1.4333171171e-04 2.1008355981e+04 1.5707963268e+00 1.6613965547e+00
1.4350115020e-04 2.1023199166e+04 1.5707963268e+00 1.6629823332e+00
1.4367050121e-04 2.1038061725e+04 1.5707963268e+00 1.6645658708e+00
1.4383976485e-04 2.1052943643e+04 1.5707963268e+00 1.6661471695e+00
1.4400894121e-04 2.1067844901e+04 1.5707963268e+00 1.6677262310e+00
1.4417803039e-04 2.1082765481e+04 1.5707963268e+00 1.6693030572e+00
1.4434703249e-04 2.1097705367e+04 1.5707963268e+00 1.6708776499e+00
1.4451594762e-04 2.1112664540e+04 1.5707963268e+00 1.6724500110e+00
1.4468477587e-04 2.1127642983e+04 1.5707963268e+00 1.6740201424e+00
1.4485351734e-04 2.1142640678e+04 1.5707963268e+00 1.6755880459e+00
1.4502217214e-04 2.1157657607e+04 1.5707963268e+00 1.6771537234e+00
1.4519074036e-04 2.1172693753e+04 1.5707963268e+00 1.6787171769e+00
1.4535922211e-04 2.1187749097e+04 1.5707963268e+00 1.6802784081e+00
1.4552761749e-04 2.1202823622e+04 1.5707963268e+00 1.6818374190e+00
1.4569592660e-04 2.1217917310e+04 1.5707963268e+00 1.6833942115e+00
1.4586414954e-04 2.1233030143e+04 1.5707963268e+00 1.6849487876e+00
1.4603228641e-04 2.1248162102e+04 1.5707963268e+00 1.6865011491e+00
1.4620033731e-04 2.1263313170e+04 1.5707963268e+00 1.6880512979e+00
1.4636830235e-04 2.1278483329e+04 1.5707963268e+00 1.6895992362e+00
1.4653618162e-04 2.1293672561e+04 1.5707963268e+00 1.6911449656e+00
1.4670397524e-04 2.1308880847e+04 1.5707963268e+00 1.6926884883e+00
1.4687168329e-04 2.1324108169e+04 1.5707963268e+00 1.6942298062e+00
1.4703930590e-04 2.1339354510e+04 1.5707963268e+00 1.6957689213e+00
1.4720684314e-04 2.1354619850e+04 1.5707963268e+00 1.6973058354e+00
1.4737429514e-04 2.1369904172e+04 1.5707963268e+00 1.6988405507e+00
1.4754166199e-04 2.1385207457e+04 1.5707963268e+00 1.7003730690e+00
1.4770894379e-04 2.1400529686e+04 1.5707963268e+00 1.7019033925e+00
1.4787614065e-04 2.1415870843e+04 1.5707963268e+00 1.7034315230e+00
1.4804325267e-04 2.1431230907e+04 1.5707963268e+00 1.7049574626e+00
1.4821027995e-04 2.1446609861e+04 1.5707963268e+00 1.7064812133e+00
1.4837722260e-04 2.1462007686e+04 1.5707963268e+00 1.7080027771e+00
1.4854408072e-04 2.1477424364e+04 1.5707963268e+00 1.7095221561e+00
1.4871085441e-04 2.1492859875e+04 1.5707963268e+00 1.7110393523e+00
1.4887754378e-04 2.1508314203e+04 1.5707963268e+00 1.7125543677e+00
1.4904414893e-04 2.1523787327e+04 1.5707963268e+00 1.7140672044e+00
1.4921066996e-04 2.1539279229e+04 1.5707963268e+00 1.7155778644e+00
1.4937710698e-04 2.1554789890e+04 1.5707963268e+00 1.7170863498e+00
1.4954346010e-04 2.1570319293e+04 1.5707963268e+00 1.7185926627e+00
1.4970972940e-04 2.1585867417e+04 1.5707963268e+00 1.7200968050e+00
1.4987591501e-04 2.1601434245e+04 1.5707963268e+00 1.7215987790e+00
1.5004201702e-04 2.1617019757e+04 1.5707963268e+00 1.7230985866e+00
1.5020803555e-04 2.1632623934e+04 1.5707963268e+00 1.7245962300e+00
1.5037397068e-04 2.1648246758e+04 1.5707963268e+00 1.7260917113e+00
1.5053982253e-04 2.1663888210e+04 1.5707963268e+00 1.7275850325e+00
1.5070559120e-04 2.1679548271e+04 1.5707963268e+00 1.7290761958e+00
1.5087127680e-04 2.1695226922e+04 1.5707963268e+00 1.7305652032e+00
1.5103687943e-04 2.1710924144e+04 1.5707963268e+00 1.7320520570e+00
1.5120239919e-04 2.1726639918e+04 1.5707963268e+00 1.7335367592e+00
1.5136783620e-04 2.1742374224e+04 1.5707963268e+00 1.7350193120e+00
1.5153319055e-04 2.1758127044e+04 1.5707963268e+00 1.7364997174e+00
1.5169846235e-04 2.1773898359e+04 1.5707963268e+00 1.7379779777e+00
1.5186365170e-04 2.1789688150e+04 1.5707963268e+00 1.7394540949e+00
1.5202875872e-04 2.1805496397e+04 1.5707963268e+00 1.7409280713e+00
1.5219378350e-04 2.1821323081e+04 1.5707963268e+00 1.7423999089e+00
1.5235872615e-04 2.1837168182e+04 1.5707963268e+00 1.7438696100e+00
1.5252358678e-04 2.1853031683e+04 1.5707963268e+00 1.7453371767e+00
1.5268836549e-04 2.1868913563e+04 1.5707963268e+00 1.7468026112e+00
1.5285306239e-04 2.1884813803e+04 1.5707963268e+00 1.7482659157e+00
1.5301767758e-04 2.1900732384e+04 1.5707963268e+00 1.7497270923e+00
1.5318221116e-04 2.1916669286e+04 1.5707963268e+00 1.7511861432e+00
1.5334666325e-04 2.1932624491e+04 1.5707963268e+00 1.7526430707e+00
1.5351103395e-04 2.1948597978e+04 1.5707963268e+00 1.7540978769e+00
1.5367532337e-04 2.1964589728e+04 1.5707963268e+00 1.7555505641e+00
1.5383953160e-04 2.1980599722e+04 1.5707963268e+00 1.7570011344e+00
1.5400365877e-04 2.1996627940e+04 1.5707963268e+00 1.7584495900e+00
1.5416770496e-04 2.2012674363e+04 1.5707963268e+00 1.7598959332e+00
1.5433167029e-04 2.2028738972e+04 1.5707963268e+00 1.7613401663e+00
1.5449555487e-04 2.2044821746e+04 1.5707963268e+00 1.7627822913e+00
1.5465935880e-04 2.2060922666e+04 1.5707963268e+00 1.7642223106e+00
1.5482308218e-04 2.2077041713e+04 1.5707963268e+00 1.7656602264e+00
1.5498672513e-04 2.2093178866e+04 1.5707963268e+00 1.7670960410e+00
1.5515028774e-04 2.2109334107e+04 1.5707963268e+00 1.7685297566e+00
1.5531377013e-04 2.2125507415e+04 1.5707963268e+00 1.7699613754e+00
1.5547717240e-04 2.2141698771e+04 1.5707963268e+00 1.7713908996e+00
1.5564049466e-04 2.2157908156e+04 1.5707963268e+00 1.7728183317e+00
1.5580373701e-04 2.2174135548e+04 1.5707963268e+00 1.7742436738e+00
1.5596689956e-04 2.2190380930e+04 1.5707963268e+00 1.7756669282e+00
1.5612998242e-04 2.2206644280e+04 1.5707963268e+00 1.7770880971e+00
1.5629298569e-04 2.2222925579e+04 1.5707963268e+00 1.7785071829e+00
1.5645590948e-04 2.2239224807e+04 1.5707963268e+00 1.7799241878e+00
1.5661875389e-04 2.2255541945e+04 1.5707963268e+00 1.7813391141e+00
1.5678151903e-04 2.2271876972e+04 1.5707963268e+00 1.7827519642e+00
1.5694420502e-04 2.2288229869e+04 1.5707963268e+00 1.7841627402e+00
1.5710681195e-04 2.2304600615e+04 1.5707963268e+00 1.7855714446e+00
1.5726933993e-04 2.2320989192e+04 1.5707963268e+00 1.7869780796e+00
1.5743178907e-04 2.2337395578e+04 1.5707963268e+00 1.7883826475e+00
1.5759415947e-04 2.2353819753e+04 1.5707963268e+00 1.7897851506e+00
1.5775645124e-04 2.2370261699e+04 1.5707963268e+00 1.7911855912e+00
1.5791866449e-04 2.2386721394e+04 1.5707963268e+00 1.7925839717e+00
1.5808079933e-04 2.2403198820e+04 1.5707963268e+00 1.7939802944e+00
1.5824285586e-04 2.2419693955e+04 1.5707963268e+00 1.7953745616e+00
1.5840483418e-04 2.2436206779e+04 1.5707963268e+00 1.7967667757e+00
1.5856673441e-04 2.2452737273e+04 1.5707963268e+00 1.7981569389e+00
1.5872855665e-04 2.2469285417e+04 1.5707963268e+00 1.7995450537e+00
1.5889030101e-04 2.2485851190e+04 1.5707963268e+00 1.8009311223e+00
1.5905196759e-04 2.2502434572e+04 1.5707963268e+00 1.8023151471e+00
1.5921355650e-04 2.2519035543e+04 1.5707963268e+00 1.8036971305e+00
1.5937506785e-04 2.2535654083e+04 1.5707963268e+00 1.8050770748e+00
1.5953650175e-04 2.2552290172e+04 1.5707963268e+00 1.8064549824e+00
1.5969785829e-04 2.2568943789e+04 1.5707963268e+00 1.8078308555e+00
1.5985913760e-04 2.2585614914e+04 1.5707963268e+00 1.8092046967e+00
1.6002033977e-04 2.2602303527e+04 1.5707963268e+00 1.8105765082e+00
1.6018146491e-04 2.2619009608e+04 1.5707963268e+00 1.8119462924e+00
1.6034251313e-04 2.2635733137e+04 1.5707963268e+00 1.8133140518e+00
1.6050348453e-04 2.2652474092e+04 1.5707963268e+00 1.8146797886e+00
1.6066437923e-04 2.2669232454e+04 1.5707963268e+00 1.8160435053e+00
1.6082519732e-04 2.2686008203e+04 1.5707963268e+00 1.8174052042e+00
1.6098593892e-04 2.2702801318e+04 1.5707963268e+00 1.8187648877e+00
1.6114660413e-04 2.2719611779e+04 1.5707963268e+00 1.8201225582e+00
1.6130719306e-04 2.2736439565e+04 1.5707963268e+00 1.8214782182e+00
1.6146770581e-04 2.2753284657e+04 1.5707963268e+00 1.8228318699e+00
1.6162814250e-04 2.2770147033e+04 1.5707963268e+00 1.8241835159e+00
1.6178850322e-04 2.2787026673e+04 1.5707963268e+00 1.8255331584e+00
1.6194878809e-04 2.2803923557e+04 1.5707963268e+00 1.8268808000e+00
1.6210899721e-04 2.2820837665e+04 1.5707963268e+00 1.8282264429e+00
1.6226913069e-04 2.2837768975e+04 1.5707963268e+00 1.8295700897e+00
1.6242918863e-04 2.2854717468e+04 1.5707963268e+00 1.8309117427e+00
1.6258917115e-04 2.2871683123e+04 1.5707963268e+00 1.8322514044e+00
1.6274907834e-04 2.2888665919e+04 1.5707963268e+00 1.8335890771e+00
1.6290891032e-04 2.2905665837e+04 1.5707963268e+00 1.8349247634e+00
1.6306866719e-04 2.2922682854e+04 1.5707963268e+00 1.8362584655e+00
1.6322834905e-04 2.2939716952e+04 1.5707963268e+00 1.8375901860e+00
1.6338795602e-04 2.2956768109e+04 1.5707963268e+00 1.8389199272e+00
1.6354748820e-04 2.2973836306e+04 1.5707963268e+00 1.8402476917e+00
1.6370694570e-04 2.2990921520e+04 1.5707963268e+00 1.8415734818e+00
1.6386632862e-04 2.3008023732e+04 1.5707963268e+00 1.8428972999e+00
1.6402563707e-04 2.3025142921e+04 1.5707963268e+00 1.8442191486e+00
1.6418487116e-04 2.3042279067e+04 1.5707963268e+00 1.8455390302e+00
1.6434403099e-04 2.3059432149e+04 1.5707963268e+00 1.8468569472e+00
1.6450311667e-04 2.3076602146e+04 1.5707963268e+00 1.8481729020e+00
1.6466212830e-04 2.3093789038e+04 1.5707963268e+00 1.8494868971e+00
1.6482106600e-04 2.3110992804e+04 1.5707963268e+00 1.8507989350e+00
1.6497992986e-04 2.3128213423e+04 1.5707963268e+00 1.8521090180e+00
1.6513871999e-04 2.3145450875e+04 1.5707963268e+00 1.8534171487e+00
1.6529743651e-04 2.3162705139e+04 1.5707963268e+00 1.8547233295e+00
1.6545607951e-04 2.3179976195e+04 1.5707963268e+00 1.8560275628e+00
1.6561464910e-04 2.3197264021e+04 1.5707963268e+00 1.8573298512e+00
1.6577314539e-04 2.3214568597e+04 1.5707963268e+00 1.8586301971e+00
1.6593156849e-04 2.3231889903e+04 1.5707963268e+00 1.8599286029e+00
1.6608991849e-04 2.3249227917e+04 1.5707963268e+00 1.8612250711e+00
1.6624819551e-04 2.3266582619e+04 1.5707963268e+00 1.8625196042e+00
1.6640639966e-04 2.3283953989e+04 1.5707963268e+00 1.8638122047e+00
1.6656453102e-04 2.3301342005e+04 1.5707963268e+00 1.8651028750e+00
1.6672258973e-04 2.3318746646e+04 1.5707963268e+00 1.8663916176e+00
1.6688057587e-04 2.3336167893e+04 1.5707963268e+00 1.8676784349e+00
1.6703848955e-04 2.3353605724e+04 1.5707963268e+00 1.8689633296e+00
1.6719633089e-04 2.3371060118e+04 1.5707963268e+00 1.8702463040e+00
1.6735409998e-04 2.3388531055e+04 1.5707963268e+00 1.8715273606e+00
1.6751179693e-04 2.3406018514e+04 1.5707963268e+00 1.8728065018e+00
1.6766942185e-04 2.3423522473e+04 1.5707963268e+00 1.8740837303e+00
1.6782697484e-04 2.3441042914e+04 1.5707963268e+00 1.8753590485e+00
1.6798445601e-04 2.3458579814e+04 1.5707963268e+00 1.8766324588e+00
1.6814186547e-04 2.3476133152e+04 1.5707963268e+00 1.8779039638e+00
1.6829920331e-04 2.3493702909e+04 1.5707963268e+00 1.8791735659e+00
1.6845646964e-04 2.3511289062e+04 1.5707963268e+00 1.8804412677e+00
1.6861366457e-04 2.3528891592e+04 1.5707963268e+00 1.8817070715e+00
1.6877078821e-04 2.3546510478e+04 1.5707963268e+00 1.8829709801e+00
1.6892784066e-04 2.3564145698e+04 1.5707963268e+00 1.8842329957e+00
1.6908482202e-04 2.3581797232e+04 1.5707963268e+00 1.8854931209e+00
1.6924173239e-04 2.3599465059e+04 1.5707963268e+00 1.8867513583e+00
1.6939857190e-04 2.3617149158e+04 1.5707963268e+00 1.8880077103e+00
1.6955534063e-04 2.3634849509e+04 1.5707963268e+00 1.8892621794e+00
1.6971203869e-04 2.3652566090e+04 1.5707963268e+00 1.8905147682e+00
1.6986866619e-04 2.3670298880e+04 1.5707963268e+00 1.8917654790e+00
1.7002522324e-04 2.3688047860e+04 1.5707963268e+00 1.8930143145e+00
1.7018170993e-04 2.3705813007e+04 1.5707963268e+00 1.8942612772e+00
1.7033812638e-04 2.3723594301e+04 1.5707963268e+00 1.8955063695e+00
1.7049447268e-04 2.3741391722e+04 1.5707963268e+00 1.8967495939e+00
1.7065074894e-04 2.3759205248e+04 1.5707963268e+00 1.8979909530e+00
1.7080695526e-04 2.3777034858e+04 1.5707963268e+00 1.8992304493e+00
1.7096309176e-04 2.3794880532e+04 1.5707963268e+00 1.9004680853e+00
1.7111915853e-04 2.3812742249e+04 1.5707963268e+00 1.9017038635e+00
1.7127515568e-04 2.3830619988e+04 1.5707963268e+00 1.9029377864e+00
1.7143108331e-04 2.3848513727e+04 1.5707963268e+00 1.9041698566e+00
1.7158694152e-04 2.3866423447e+04 1.5707963268e+00 1.9054000765e+00
1.7174273043e-04 2.3884349126e+04 1.5707963268e+00 1.9066284486e+00
1.7189845013e-04 2.3902290743e+04 1.5707963268e+00 1.9078549756e+00
1.7205410072e-04 2.3920248277e+04 1.5707963268e+00 1.9090796598e+00
1.7220968232e-04 2.3938221709e+04 1.5707963268e+00 1.9103025038e+00
1.7236519503e-04 2.3956211016e+04 1.5707963268e+00 1.9115235102e+00
1.7252063894e-04 2.3974216177e+04 1.5707963268e+00 1.9127426815e+00
1.7267601416e-04 2.3992237173e+04 1.5707963268e+00 1.9139600201e+00
1.7283132080e-04 2.4010273981e+04 1.5707963268e+00 1.9151755286e+00
1.7298655896e-04 2.4028326582e+04 1.5707963268e+00 1.9163892095e+00
1.7314172873e-04 2.4046394954e+04 1.5707963268e+00 1.9176010654e+00
1.7329683024e-04 2.4064479077e+04 1.5707963268e+00 1.9188110987e+00
1.7345186357e-04 2.4082578929e+04 1.5707963268e+00 1.9200193120e+00
1.7360682884e-04 2.4100694489e+04 1.5707963268e+00 1.9212257078e+00
1.7376172614e-04 2.4118825737e+04 1.5707963268e+00 1.9224302887e+00
1.7391655557e-04 2.4136972652e+04 1.5707963268e+00 1.9236330571e+00
1.7407131725e-04 2.4155135213e+04 1.5707963268e+00 1.9248340156e+00
1.7422601127e-04 2.4173313399e+04 1.5707963268e+00 1.9260331667e+00
1.7438063773e-04 2.4191507190e+04 1.5707963268e+00 1.9272305129e+00
1.7453519675e-04 2.4209716563e+04 1.5707963268e+00 1.9284260568e+00
1.7468968841e-04 2.4227941499e+04 1.5707963268e+00 1.9296198009e+00
1.7484411283e-04 2.4246181977e+04 1.5707963268e+00 1.9308117477e+00
1.7499847010e-04 2.4264437975e+04 1.5707963268e+00 1.9320018997e+00
1.7515276033e-04 2.4282709474e+04 1.5707963268e+00 1.9331902595e+00
1.7530698362e-04 2.4300996451e+04 1.5707963268e+00 1.9343768296e+00
1.7546114007e-04 2.4319298886e+04 1.5707963268e+00 1.9355616126e+00
1.7561522979e-04 2.4337616758e+04 1.5707963268e+00 1.9367446108e+00
1.7576925287e-04 2.4355950047e+04 1.5707963268e+00 1.9379258270e+00
1.7592320942e-04 2.4374298732e+04 1.5707963268e+00 1.9391052635e+00
1.7607709953e-04 2.4392662791e+04 1.5707963268e+00 1.9402829230e+00
1.7623092332e-04 2.4411042204e+04 1.5707963268e+00 1.9414588079e+00
1.7638468088e-04 2.4429436950e+04 1.5707963268e+00 1.9426329208e+00
1.7653837232e-04 2.4447847008e+04 1.5707963268e+00 1.9438052642e+00
1.7669199773e-04 2.4466272357e+04 1.5707963268e+00 1.9449758407e+00
1.7684555722e-04 2.4484712977e+04 1.5707963268e+00 1.9461446528e+00
1.7699905088e-04 2.4503168846e+04 1.5707963268e+00 1.9473117029e+00
1.7715247883e-04 2.4521639944e+04 1.5707963268e+00 1.9484769936e+00
1.7730584115e-04 2.4540126251e+04 1.5707963268e+00 1.9496405275e+00
1.7745913795e-04 2.4558627744e+04 1.5707963268e+00 1.9508023071e+00
1.7761236934e-04 2.4577144404e+04 1.5707963268e+00 1.9519623349e+00
1.7776553541e-04 2.4595676209e+04 1.5707963268e+00 1.9531206134e+00
1.7791863626e-04 2.4614223139e+04 1.5707963268e+00 1.9542771452e+00
1.7807167200e-04 2.4632785173e+04 1.5707963268e+00 1.9554319328e+00
1.7822464272e-04 2.4651362290e+04 1.5707963268e+00 1.9565849786e+00
1.7837754852e-04 2.4669954470e+04 1.5707963268e+00 1.9577362853e+00
1.7853038951e-04 2.4688561691e+04 1.5707963268e+00 1.9588858554e+00
1.7868316578e-04 2.4707183933e+04 1.5707963268e+00 1.9600336913e+00
1.7883587744e-04 2.4725821175e+04 1.5707963268e+00 1.9611797956e+00
1.7898852459e-04 2.4744473397e+04 1.5707963268e+00 1.9623241709e+00
1.7914110731e-04 2.4763140577e+04 1.5707963268e+00 1.9634668196e+00
1.7929362573e-04 2.4781822694e+04 1.5707963268e+00 1.9646077443e+00
1.7944607992e-04 2.4800519729e+04 1.5707963268e+00 1.9657469475e+00
1.7959847000e-04 2.4819231660e+04 1.5707963268e+00 1.9668844317e+00
1.7975079607e-04 2.4837958466e+04 1.5707963268e+00 1.9680201995e+00
1.7990305822e-04 2.4856700128e+04 1.5707963268e+00 1.9691542533e+00
1.8005525654e-04 2.4875456623e+04 1.5707963268e+00 1.9702865957e+00
1.8020739115e-04 2.4894227932e+04 1.5707963268e+00 1.9714172292e+00
1.8035946214e-04 2.4913014034e+04 1.5707963268e+00 1.9725461564e+00
1.8051146961e-04 2.4931814908e+04 1.5707963268e+00 1.9736733796e+00
1.8066341366e-04 2.4950630533e+04 1.5707963268e+00 1.9747989016e+00
1.8081529438e-04 2.4969460889e+04 1.5707963268e+00 1.9759227247e+00
1.8096711188e-04 2.4988305954e+04 1.5707963268e+00 1.9770448515e+00
1.8111886626e-04 2.5007165709e+04 1.5707963268e+00 1.9781652845e+00
1.8127055760e-04 2.5026040133e+04 1.5707963268e+00 1.9792840262e+00
1.8142218602e-04 2.5044929205e+04 1.5707963268e+00 1.9804010791e+00
1.8157375161e-04 2.5063832904e+04 1.5707963268e+00 1.9815164458e+00
1.8172525446e-04 2.5082751210e+04 1.5707963268e+00 1.9826301288e+00
1.8187669468e-04 2.5101684102e+04 1.5707963268e+00 1.9837421305e+00
1.8202807236e-04 2.5120631559e+04 1.5707963268e+00 1.9848524536e+00
1.8217938760e-04 2.5139593562e+04 1.5707963268e+00 1.9859611004e+00
1.8233064051e-04 2.5158570088e+04 1.5707963268e+00 1.9870680735e+00
1.8248183116e-04 2.5177561119e+04 1.5707963268e+00 1.9881733754e+00
1.8263295968e-04 2.5196566633e+04 1.5707963268e+00 1.9892770087e+00
1.8278402614e-04 2.5215586609e+04 1.5707963268e+00 1.9903789758e+00
1.8293503065e-04 2.5234621027e+04 1.5707963268e+00 1.9914792792e+00
1.8308597331e-04 2.5253669867e+04 1.5707963268e+00 1.9925779214e+00
1.8323685421e-04 2.5272733107e+04 1.5707963268e+00 1.9936749050e+00
1.8338767345e-04 2.5291810728e+04 1.5707963268e+00 1.9947702324e+00
1.8353843113e-04 2.5310902709e+04 1.5707963268e+00 1.9958639062e+00
1.8368912734e-04 2.5330009030e+04 1.5707963268e+00 1.9969559288e+00
1.8383976218e-04 2.5349129669e+04 1.5707963268e+00 1.9980463027e+00
1.8399033575e-04 2.5368264607e+04 1.5707963268e+00 1.9991350305e+00
1.8414084814e-04 2.5387413822e+04 1.5707963268e+00 2.0002221146e+00
1.8429129945e-04 2.5406577295e+04 1.5707963268e+00 2.0013075575e+00
1.8444168978e-04 2.5425755005e+04 1.5707963268e+00 2.0023913618e+00
1.8459201922e-04 2.5444946932e+04 1.5707963268e+00 2.0034735299e+00
1.8474228786e-04 2.5464153055e+04 1.5707963268e+00 2.0045540643e+00
1.8489249581e-04 2.5483373353e+04 1.5707963268e+00 2.0056329675e+00
1.8504264316e-04 2.5502607807e+04 1.5707963268e+00 2.0067102420e+00
1.8519273000e-04 2.5521856395e+04 1.5707963268e+00 2.0077858902e+00
1.8534275644e-04 2.5541119098e+04 1.5707963268e+00 2.0088599148e+00
1.8549272256e-04 2.5560395896e+04 1.5707963268e+00 2.0099323181e+00
1.8564262846e-04 2.5579686766e+04 1.5707963268e+00 2.0110031026e+00
1.8579247424e-04 2.5598991691e+04 1.5707963268e+00 2.0120722708e+00
1.8594225998e-04 2.5618310648e+04 1.5707963268e+00 2.0131398253e+00
1.8609198580e-04 2.5637643618e+04 1.5707963268e+00 2.0142057684e+00
1.8624165177e-04 2.5656990581e+04 1.5707963268e+00 2.0152701027e+00
1.8639125801e-04 2.5676351515e+04 1.5707963268e+00 2.0163328307e+00
1.8654080459e-04 2.5695726402e+04 1.5707963268e+00 2.0173939547e+00
1.8669029162e-04 2.5715115220e+04 1.5707963268e+00 2.0184534774e+00
1.8683971918e-04 2.5734517949e+04 1.5707963268e+00 2.0195114011e+00
1.8698908738e-04 2.5753934569e+04 1.5707963268e+00 2.0205677283e+00
1.8713839631e-04 2.5773365060e+04 1.5707963268e+00 2.0216224616e+00
1.8728764606e-04 2.5792809402e+04 1.5707963268e+00 2.0226756033e+00
1.8743683673e-04 2.5812267573e+04 1.5707963268e+00 2.0237271560e+00
1.8758596840e-04 2.5831739555e+04 1.5707963268e+00 2.0247771221e+00
1.8773504118e-04 2.5851225327e+04 1.5707963268e+00 2.0258255041e+00
1.8788405516e-04 2.5870724868e+04 1.5707963268e+00 2.0268723044e+00
1.8803301043e-04 2.5890238159e+04 1.5707963268e+00 2.0279175255e+00
1.8818190707e-04 2.5909765180e+04 1.5707963268e+00 2.0289611699e+00
1.8833074520e-04 2.5929305910e+04 1.5707963268e+00 2.0300032400e+00
1.8847952490e-04 2.5948860329e+04 1.5707963268e+00 2.0310437382e+00
1.8862824626e-04 2.5968428417e+04 1.5707963268e+00 2.0320826671e+00
1.8877690937e-04 2.5988010153e+04 1.5707963268e+00 2.0331200291e+00
1.8892551433e-04 2.6007605519e+04 1.5707963268e+00 2.0341558266e+00
1.8907406124e-04 2.6027214494e+04 1.5707963268e+00 2.0351900621e+00
1.8922255017e-04 2.6046837057e+04 1.5707963268e+00 2.0362227380e+00
1.8937098124e-04 2.6066473189e+04 1.5707963268e+00 2.0372538568e+00
1.8951935452e-04 2.6086122870e+04 1.5707963268e+00 2.0382834209e+00
1.8966767011e-04 2.6105786079e+04 1.5707963268e+00 2.0393114328e+00
1.8981592810e-04 2.6125462797e+04 1.5707963268e+00 2.0403378950e+00
1.8996412859e-04 2.6145153003e+04 1.5707963268e+00 2.0413628097e+00
1.9011227167e-04 2.6164856679e+04 1.5707963268e+00 2.0423861796e+00
1.9026035742e-04 2.6184573803e+04 1.5707963268e+00 2.0434080069e+00
1.9040838594e-04 2.6204304356e+04 1.5707963268e+00 2.0444282942e+00
1.9055635732e-04 2.6224048317e+04 1.5707963268e+00 2.0454470440e+00
1.9070427165e-04 2.6243805668e+04 1.5707963268e+00 2.0464642585e+00
1.9085212903e-04 2.6263576388e+04 1.5707963268e+00 2.0474799403e+00
1.9099992954e-04 2.6283360457e+04 1.5707963268e+00 2.0484940917e+00
1.9114767327e-04 2.6303157855e+04 1.5707963268e+00 2.0495067153e+00
1.9129536032e-04 2.6322968563e+04 1.5707963268e+00 2.0505178134e+00
1.9144299078e-04 2.6342792561e+04 1.5707963268e+00 2.0515273884e+00
1.9159056473e-04 2.6362629828e+04 1.5707963268e+00 2.0525354428e+00
1.9173808227e-04 2.6382480346e+04 1.5707963268e+00 2.0535419790e+00
1.9188554349e-04 2.6402344094e+04 1.5707963268e+00 2.0545469994e+00
1.9203294848e-04 2.6422221052e+04 1.5707963268e+00 2.0555505064e+00
1.9218029732e-04 2.6442111201e+04 1.5707963268e+00 2.0565525024e+00
1.9232759011e-04 2.6462014521e+04 1.5707963268e+00 2.0575529898e+00
1.9247482694e-04 2.6481930992e+04 1.5707963268e+00 2.0585519711e+00
1.9262200790e-04 2.6501860595e+04 1.5707963268e+00 2.0595494487e+00
1.9276913307e-04 2.6521803310e+04 1.5707963268e+00 2.0605454248e+00
1.9291620255e-04 2.6541759117e+04 1.5707963268e+00 2.0615399021e+00
1.9306321643e-04 2.6561727996e+04 1.5707963268e+00 2.0625328828e+00
1.9321017479e-04 2.6581709928e+04 1.5707963268e+00 2.0635243693e+00
1.9335707772e-04 2.6601704894e+04 1.5707963268e+00 2.0645143641e+00
1.9350392532e-04 2.6621712874e+04 1.5707963268e+00 2.0655028695e+00
1.9365071767e-04 2.6641733847e+04 1.5707963268e+00 2.0664898879e+00
1.9379745486e-04 2.6661767795e+04 1.5707963268e+00 2.0674754218e+00
1.9394413698e-04 2.6681814698e+04 1.5707963268e+00 2.0684594734e+00
1.9409076411e-04 2.6701874537e+04 1.5707963268e+00 2.0694420453e+00
1.9423733635e-04 2.6721947291e+04 1.5707963268e+00 2.0704231397e+00
1.9438385379e-04 2.6742032942e+04 1.5707963268e+00 2.0714027591e+00
1.9453031650e-04 2.6762131470e+04 1.5707963268e+00 2.0723809058e+00
1.9467672459e-04 2.6782242855e+04 1.5707963268e+00 2.0733575822e+00
1.9482307813e-04 2.6802367078e+04 1.5707963268e+00 2.0743327907e+00
1.9496937722e-04 2.6822504120e+04 1.5707963268e+00 2.0753065336e+00
1.9511562195e-04 2.6842653961e+04 1.5707963268e+00 2.0762788134e+00
1.9526181239e-04 2.6862816581e+04 1.5707963268e+00 2.0772496323e+00
1.9540794864e-04 2.6882991962e+04 1.5707963268e+00 2.0782189929e+00
1.9555403078e-04 2.6903180084e+04 1.5707963268e+00 2.0791868973e+00
1.9570005891e-04 2.6923380928e+04 1.5707963268e+00 2.0801533480e+00
1.9584603311e-04 2.6943594474e+04 1.5707963268e+00 2.0811183474e+00
1.9599195346e-04 2.6963820703e+04 1.5707963268e+00 2.0820818977e+00
1.9613782005e-04 2.6984059596e+04 1.5707963268e+00 2.0830440014e+00
1.9628363298e-04 2.7004311133e+04 1.5707963268e+00 2.0840046608e+00
1.9642939231e-04 2.7024575295e+04 1.5707963268e+00 2.0849638783e+00
1.9657509815e-04 2.7044852063e+04 1.5707963268e+00 2.0859216561e+00
1.9672075058e-04 2.7065141418e+04 1.5707963268e+00 2.0868779967e+00
1.9686634968e-04 2.7085443341e+04 1.5707963268e+00 2.0878329024e+00
1.9701189555e-04 2.7105757811e+04 1.5707963268e+00 2.0887863755e+00
1.9715738825e-04 2.7126084811e+04 1.5707963268e+00 2.0897384183e+00
1.9730282789e-04 2.7146424321e+04 1.5707963268e+00 2.0906890333e+00
1.9744821455e-04 2.7166776322e+04 1.5707963268e+00 2.0916382227e+00
1.9759354831e-04 2.7187140795e+04 1.5707963268e+00 2.0925859888e+00
1.9773882925e-04 2.7207517720e+04 1.5707963268e+00 2.0935323341e+00
1.9788405747e-04 2.7227907079e+04 1.5707963268e+00 2.0944772607e+00
1.9802923304e-04 2.7248308852e+04 1.5707963268e+00 2.0954207711e+00
1.9817435606e-04 2.7268723021e+04 1.5707963268e+00 2.0963628676e+00
1.9831942661e-04 2.7289149566e+04 1.5707963268e+00 2.0973035524e+00
1.9846444477e-04 2.7309588469e+04 1.5707963268e+00 2.0982428280e+00
1.9860941062e-04 2.7330039711e+04 1.5707963268e+00 2.0991806965e+00
1.9875432425e-04 2.7350503272e+04 1.5707963268e+00 2.1001171604e+00
1.9889918576e-04 2.7370979134e+04 1.5707963268e+00 2.1010522219e+00
1.9904399521e-04 2.7391467277e+04 1.5707963268e+00 2.1019858834e+00
1.9918875269e-04 2.7411967683e+04 1.5707963268e+00 2.1029181471e+00
1.9933345829e-04 2.7432480333e+04 1.5707963268e+00 2.1038490153e+00
1.9947811209e-04 2.7453005208e+04 1.5707963268e+00 2.1047784904e+00
1.9962271418e-04 2.7473542289e+04 1.5707963268e+00 2.1057065746e+00
1.9976726463e-04 2.7494091558e+04 1.5707963268e+00 2.1066332703e+00
1.9991176354e-04 2.7514652995e+04 1.5707963268e+00 2.1075585796e+00
2.0005621098e-04 2.7535226582e+04 1.5707963268e+00 2.1084825050e+00
2.0020060704e-04 2.7555812300e+04 1.5707963268e+00 2.1094050487e+00
2.0034495180e-04 2.7576410130e+04 1.5707963268e+00 2.1103262130e+00
2.0048924534e-04 2.7597020054e+04 1.5707963268e+00 2.1112460002e+00
2.0063348775e-04 2.7617642053e+04 1.5707963268e+00 2.1121644125e+00
2.0077767911e-04 2.7638276108e+04 1.5707963268e+00 2.1130814522e+00
2.0092181951e-04 2.7658922200e+04 1.5707963268e+00 2.1139971216e+00
2.0106590901e-04 2.7679580311e+04 1.5707963268e+00 2.1149114230e+00
2.0120994771e-04 2.7700250422e+04 1.5707963268e+00 2.1158243587e+00
2.0135393569e-04 2.7720932515e+04 1.5707963268e+00 2.1167359308e+00
2.0149787303e-04 2.7741626571e+04 1.5707963268e+00 2.1176461417e+00
2.0164175982e-04 2.7762332572e+04 1.5707963268e+00 2.1185549937e+00
2.0178559612e-04 2.7783050498e+04 1.5707963268e+00 2.1194624889e+00
2.0192938204e-04 2.7803780331e+04 1.5707963268e+00 2.1203686297e+00
2.0207311764e-04 2.7824522054e+04 1.5707963268e+00 2.1212734182e+00
2.0221680300e-04 2.7845275647e+04 1.5707963268e+00 2.1221768569e+00
2.0236043822e-04 2.7866041091e+04 1.5707963268e+00 2.1230789478e+00
2.0250402337e-04 2.7886818370e+04 1.5707963268e+00 2.1239796932e+00
2.0264755853e-04 2.7907607463e+04 1.5707963268e+00 2.1248790955e+00
2.0279104378e-04 2.7928408353e+04 1.5707963268e+00 2.1257771568e+00
2.0293447920e-04 2.7949221021e+04 1.5707963268e+00 2.1266738793e+00
2.0307786488e-04 2.7970045449e+04 1.5707963268e+00 2.1275692653e+00
2.0322120089e-04 2.7990881618e+04 1.5707963268e+00 2.1284633171e+00
2.0336448732e-04 2.8011729511e+04 1.5707963268e+00 2.1293560368e+00
2.0350772424e-04 2.8032589109e+04 1.5707963268e+00 2.1302474267e+00
2.0365091174e-04 2.8053460393e+04 1.5707963268e+00 2.1311374890e+00
2.0379404989e-04 2.8074343346e+04 1.5707963268e+00 2.1320262260e+00
2.0393713878e-04 2.8095237949e+04 1.5707963268e+00 2.1329136398e+00
2.0408017848e-04 2.8116144183e+04 1.5707963268e+00 2.1337997327e+00
2.0422316907e-04 2.8137062032e+04 1.5707963268e+00 2.1346845068e+00
2.0436611064e-04 2.8157991476e+04 1.5707963268e+00 2.1355679645e+00
2.0450900325e-04 2.8178932497e+04 1.5707963268e+00 2.1364501078e+00
2.0465184700e-04 2.8199885077e+04 1.5707963268e+00 2.1373309390e+00
2.0479464196e-04 2.8220849199e+04 1.5707963268e+00 2.1382104604e+00
2.0493738821e-04 2.8241824844e+04 1.5707963268e+00 2.1390886741e+00
2.0508008583e-04 2.8262811994e+04 1.5707963268e+00 2.1399655822e+00
2.0522273490e-04 2.8283810630e+04 1.5707963268e+00 2.1408411871e+00
2.0536533549e-04 2.8304820736e+04 1.5707963268e+00 2.1417154908e+00
2.0550788768e-04 2.8325842292e+04 1.5707963268e+00 2.1425884957e+00
2.0565039156e-04 2.8346875281e+04 1.5707963268e+00 2.1434602038e+00
2.0579284720e-04 2.8367919685e+04 1.5707963268e+00 2.1443306173e+00
2.0593525467e-04 2.8388975487e+04 1.5707963268e+00 2.1451997385e+00
2.0607761407e-04 2.8410042667e+04 1.5707963268e+00 2.1460675695e+00
2.0621992545e-04 2.8431121208e+04 1.5707963268e+00 2.1469341125e+00
2.0636218891e-04 2.8452211093e+04 1.5707963268e+00 2.1477993696e+00
2.0650440451e-04 2.8473312303e+04 1.5707963268e+00 2.1486633430e+00
2.0664657235e-04 2.8494424820e+04 1.5707963268e+00 2.1495260350e+00
2.0678869248e-04 2.8515548628e+04 1.5707963268e+00 2.1503874476e+00
2.0693076500e-04 2.8536683707e+04 1.5707963268e+00 2.1512475830e+00
2.0707278998e-04 2.8557830040e+04 1.5707963268e+00 2.1521064433e+00
2.0721476749e-04 2.8578987610e+04 1.5707963268e+00 2.1529640309e+00
2.0735669761e-04 2.8600156399e+04 1.5707963268e+00 2.1538203476e+00
2.0749858042e-04 2.8621336389e+04 1.5707963268e+00 2.1546753959e+00
2.0764041600e-04 2.8642527562e+04 1.5707963268e+00 2.1555291777e+00
2.0778220441e-04 2.8663729900e+04 1.5707963268e+00 2.1563816952e+00
2.0792394575e-04 2.8684943387e+04 1.5707963268e+00 2.1572329506e+00
2.0806564007e-04 2.8706168004e+04 1.5707963268e+00 2.1580829460e+00
2.0820728747e-04 2.8727403734e+04 1.5707963268e+00 2.1589316835e+00
2.0834888801e-04 2.8748650559e+04 1.5707963268e+00 2.1597791653e+00
2.0849044177e-04 2.8769908461e+04 1.5707963268e+00 2.1606253936e+00
2.0863194883e-04 2.8791177424e+04 1.5707963268e+00 2.1614703703e+00
2.0877340927e-04 2.8812457429e+04 1.5707963268e+00 2.1623140977e+00
2.0891482315e-04 2.8833748460e+04 1.5707963268e+00 2.1631565779e+00
2.0905619055e-04 2.8855050498e+04 1.5707963268e+00 2.1639978129e+00
2.0919751155e-04 2.8876363526e+04 1.5707963268e+00 2.1648378050e+00
2.0933878622e-04 2.8897687527e+04 1.5707963268e+00 2.1656765562e+00
2.0948001464e-04 2.8919022484e+04 1.5707963268e+00 2.1665140687e+00
2.0962119689e-04 2.8940368378e+04 1.5707963268e+00 2.1673503444e+00
2.0976233303e-04 2.8961725193e+04 1.5707963268e+00 2.1681853857e+00
2.0990342314e-04 2.8983092912e+04 1.5707963268e+00 2.1690191944e+00
2.1004446730e-04 2.9004471516e+04 1.5707963268e+00 2.1698517728e+00
2.1018546558e-04 2.9025860989e+04 1.5707963268e+00 2.1706831230e+00
2.1032641805e-04 2.9047261314e+04 1.5707963268e+00 2.1715132470e+00
2.1046732479e-04 2.9068672473e+04 1.5707963268e+00 2.1723421469e+00
2.1060818588e-04 2.9090094448e+04 1.5707963268e+00 2.1731698248e+00
2.1074900138e-04 2.9111527224e+04 1.5707963268e+00 2.1739962829e+00
2.1088977137e-04 2.9132970782e+04 1.5707963268e+00 2.1748215231e+00
2.1103049592e-04 2.9154425105e+04 1.5707963268e+00 2.1756455475e+00
2.1117117511e-04 2.9175890177e+04 1.5707963268e+00 2.1764683583e+00
2.1131180901e-04 2.9197365979e+04 1.5707963268e+00 2.1772899575e+00
2.1145239769e-04 2.9218852496e+04 1.5707963268e+00 2.1781103472e+00
2.1159294122e-04 2.9240349710e+04 1.5707963268e+00 2.1789295294e+00
2.1173343969e-04 2.9261857604e+04 1.5707963268e+00 2.1797475062e+00
2.1187389316e-04 2.9283376161e+04 1.5707963268e+00 2.1805642797e+00
2.1201430170e-04 2.9304905364e+04 1.5707963268e+00 2.1813798519e+00
2.1215466539e-04 2.9326445195e+04 1.5707963268e+00 2.1821942248e+00
2.1229498430e-04 2.9347995639e+04 1.5707963268e+00 2.1830074006e+00
2.1243525849e-04 2.9369556678e+04 1.5707963268e+00 2.1838193813e+00
2.1257548806e-04 2.9391128294e+04 1.5707963268e+00 2.1846301690e+00
2.1271567305e-04 2.9412710472e+04 1.5707963268e+00 2.1854397655e+00
2.1285581356e-04 2.9434303195e+04 1.5707963268e+00 2.1862481731e+00
2.1299590964e-04 2.9455906445e+04 1.5707963268e+00 2.1870553938e+00
2.1313596137e-04 2.9477520206e+04 1.5707963268e+00 2.1878614295e+00
2.1327596883e-04 2.9499144460e+04 1.5707963268e+00 2.1886662824e+00
2.1341593208e-04 2.9520779192e+04 1.5707963268e+00 2.1894699544e+00
2.1355585120e-04 2.9542424384e+04 1.5707963268e+00 2.1902724475e+00
2.1369572625e-04 2.9564080020e+04 1.5707963268e+00 2.1910737639e+00
2.1383555730e-04 2.9585746083e+04 1.5707963268e+00 2.1918739055e+00
2.1397534444e-04 2.9607422556e+04 1.5707963268e+00 2.1926728743e+00
2.1411508772e-04 2.9629109423e+04 1.5707963268e+00 2.1934706723e+00
2.1425478723e-04 2.9650806666e+04 1.5707963268e+00 2.1942673016e+00
2.1439444302e-04 2.9672514270e+04 1.5707963268e+00 2.1950627642e+00
2.1453405517e-04 2.9694232218e+04 1.5707963268e+00 2.1958570620e+00
2.1467362376e-04 2.9715960492e+04 1.5707963268e+00 2.1966501972e+00
2.1481314884e-04 2.9737699078e+04 1.5707963268e+00 2.1974421715e+00
2.1495263050e-04 2.9759447957e+04 1.5707963268e+00 2.1982329872e+00
2.1509206879e-04 2.9781207114e+04 1.5707963268e+00 2.1990226461e+00
2.1523146380e-04 2.9802976532e+04 1.5707963268e+00 2.1998111503e+00
2.1537081559e-04 2.9824756195e+04 1.5707963268e+00 2.2005985017e+00
2.1551012423e-04 2.9846546086e+04 1.5707963268e+00 2.2013847023e+00
2.1564938978e-04 2.9868346189e+04 1.5707963268e+00 2.2021697542e+00
2.1578861233e-04 2.9890156487e+04 1.5707963268e+00 2.2029536592e+00
2.1592779193e-04 2.9911976964e+04 1.5707963268e+00 2.2037364194e+00
2.1606692866e-04 2.9933807604e+04 1.5707963268e+00 2.2045180367e+00
2.1620602258e-04 2.9955648390e+04 1.5707963268e+00 2.2052985132e+00
2.1634507377e-04 2.9977499306e+04 1.5707963268e+00 2.2060778507e+00
2.1648408230e-04 2.9999360336e+04 1.5707963268e+00 2.2068560512e+00
2.1662304822e-04 3.0021231464e+04 1.5707963268e+00 2.2076331168e+00
2.1676197162e-04 3.0043112673e+04 1.5707963268e+00 2.2084090493e+00
2.1690085255e-04 3.0065003946e+04 1.5707963268e+00 2.2091838507e+00
2.1703969109e-04 3.0086905269e+04 1.5707963268e+00 2.2099575229e+00
2.1717848731e-04 3.0108816624e+04 1.5707963268e+00 2.2107300680e+00
2.1731724127e-04 3.0130737996e+04 1.5707963268e+00 2.2115014879e+00
2.1745595304e-04 3.0152669369e+04 1.5707963268e+00 2.2122717844e+00
2.1759462268e-04 3.0174610725e+04 1.5707963268e+00 2.2130409596e+00
2.1773325028e-04 3.0196562051e+04 1.5707963268e+00 2.2138090154e+00
2.1787183589e-04 3.0218523328e+04 1.5707963268e+00 2.2145759537e+00
2.1801037958e-04 3.0240494541e+04 1.5707963268e+00 2.2153417764e+00
2.1814888142e-04 3.0262475675e+04 1.5707963268e+00 2.2161064855e+00
2.1828734147e-04 3.0284466713e+04 1.5707963268e+00 2.2168700829e+00
2.1842575981e-04 3.0306467639e+04 1.5707963268e+00 2.2176325705e+00
2.1856413650e-04 3.0328478437e+04 1.5707963268e+00 2.2183939503e+00
2.1870247160e-04 3.0350499092e+04 1.5707963268e+00 2.2191542241e+00
2.1884076519e-04 3.0372529587e+04 1.5707963268e+00 2.2199133939e+00
2.1897901733e-04 3.0394569907e+04 1.5707963268e+00 2.2206714616e+00
2.1911722808e-04 3.0416620036e+04 1.5707963268e+00 2.2214284291e+00
2.1925539752e-04 3.0438679958e+04 1.5707963268e+00 2.2221842983e+00
2.1939352570e-04 3.0460749657e+04 1.5707963268e+00 2.2229390711e+00
2.1953161270e-04 3.0482829117e+04 1.5707963268e+00 2.2236927493e+00
2.1966965858e-04 3.0504918323e+04 1.5707963268e+00 2.2244453350e+00
2.1980766341e-04 3.0527017259e+04 1.5707963268e+00 2.2251968299e+00
2.1994562725e-04 3.0549125909e+04 1.5707963268e+00 2.2259472361e+00
2.2008355017e-04 3.0571244258e+04 1.5707963268e+00 2.2266965553e+00
2.2022143223e-04 3.0593372289e+04 1.5707963268e+00 2.2274447894e+00
2.2035927350e-04 3.0615509988e+04 1.5707963268e+00 2.2281919404e+00
2.2049707405e-04 3.0637657338e+04 1.5707963268e+00 2.2289380100e+00
2.2063483393e-04 3.0659814324e+04 1.5707963268e+00 2.2296830003e+00
2.2077255322e-04 3.0681980931e+04 1.5707963268e+00 2.2304269130e+00
2.2091023198e-04 3.0704157143e+04 1.5707963268e+00 2.2311697500e+00
2.2104787028e-04 3.0726342944e+04 1.5707963268e+00 2.2319115133e+00
2.2118546817e-04 3.0748538318e+04 1.5707963268e+00 2.2326522045e+00
2.2132302573e-04 3.0770743252e+04 1.5707963268e+00 2.2333918257e+00
2.2146054301e-04 3.0792957728e+04 1.5707963268e+00 2.2341303787e+00
2.2159802009e-04 3.0815181731e+04 1.5707963268e+00 2.2348678653e+00
2.2173545702e-04 3.0837415247e+04 1.5707963268e+00 2.2356042873e+00
2.2187285388e-04 3.0859658259e+04 1.5707963268e+00 2.2363396467e+00
2.2201021072e-04 3.0881910753e+04 1.5707963268e+00 2.2370739453e+00
2.2214752761e-04 3.0904172713e+04 1.5707963268e+00 2.2378071849e+00
2.2228480461e-04 3.0926444123e+04 1.5707963268e+00 2.2385393673e+00
2.2242204179e-04 3.0948724968e+04 1.5707963268e+00 2.2392704944e+00
2.2255923920e-04 3.0971015234e+04 1.5707963268e+00 2.2400005681e+00
2.2269639693e-04 3.0993314905e+04 1.5707963268e+00 2.2407295901e+00
2.2283351501e-04 3.1015623965e+04 1.5707963268e+00 2.2414575622e+00
2.2297059353e-04 3.1037942399e+04 1.5707963268e+00 2.2421844864e+00
2.2310763254e-04 3.1060270193e+04 1.5707963268e+00 2.2429103645e+00
2.2324463211e-04 3.1082607331e+04 1.5707963268e+00 2.2436351981e+00
2.2338159229e-04 3.1104953798e+04 1.5707963268e+00 2.2443589893e+00
2.2351851316e-04 3.1127309578e+04 1.5707963268e+00 2.2450817397e+00
2.2365539477e-04 3.1149674657e+04 1.5707963268e+00 2.2458034512e+00
2.2379223718e-04 3.1172049020e+04 1.5707963268e+00 2.2465241256e+00
2.2392904047e-04 3.1194432652e+04 1.5707963268e+00 2.2472437646e+00
2.2406580469e-04 3.1216825537e+04 1.5707963268e+00 2.2479623702e+00
2.2420252990e-04 3.1239227660e+04 1.5707963268e+00 2.2486799441e+00
2.2433921617e-04 3.1261639007e+04 1.5707963268e+00 2.2493964881e+00
2.2447586355e-04 3.1284059563e+04 1.5707963268e+00 2.2501120040e+00
2.2461247212e-04 3.1306489313e+04 1.5707963268e+00 2.2508264936e+00
2.2474904192e-04 3.1328928241e+04 1.5707963268e+00 2.2515399586e+00
2.2488557303e-04 3.1351376333e+04 1.5707963268e+00 2.2522524009e+00
2.2502206550e-04 3.1373833574e+04 1.5707963268e+00 2.2529638222e+00
2.2515851940e-04 3.1396299950e+04 1.5707963268e+00 2.2536742243e+00
2.2529493479e-04 3.1418775444e+04 1.5707963268e+00 2.2543836089e+00
2.2543131172e-04 3.1441260044e+04 1.5707963268e+00 2.2550919780e+00
2.2556765027e-04 3.1463753733e+04 1.5707963268e+00 2.2557993331e+00
2.2570395048e-04 3.1486256497e+04 1.5707963268e+00 2.2565056762e+00
2.2584021243e-04 3.1508768321e+04 1.5707963268e+00 2.2572110089e+00
2.2597643617e-04 3.1531289191e+04 1.5707963268e+00 2.2579153330e+00
2.2611262176e-04 3.1553819092e+04 1.5707963268e+00 2.2586186503e+00
2.2624876926e-04 3.1576358009e+04 1.5707963268e+00 2.2593209625e+00
2.2638487874e-04 3.1598905928e+04 1.5707963268e+00 2.2600222714e+00
2.2652095025e-04 3.1621462834e+04 1.5707963268e+00 2.2607225787e+00
2.2665698386e-04 3.1644028712e+04 1.5707963268e+00 2.2614218862e+00
2.2679297961e-04 3.1666603549e+04 1.5707963268e+00 2.2621201955e+00
2.2692893759e-04 3.1689187328e+04 1.5707963268e+00 2.2628175086e+00
2.2706485784e-04 3.1711780036e+04 1.5707963268e+00 2.2635138270e+00
2.2720074042e-04 3.1734381659e+04 1.5707963268e+00 2.2642091526e+00
2.2733658539e-04 3.1756992181e+04 1.5707963268e+00 2.2649034870e+00
2.2747239282e-04 3.1779611588e+04 1.5707963268e+00 2.2655968320e+00
2.2760816276e-04 3.1802239867e+04 1.5707963268e+00 2.2662891893e+00
2.2774389527e-04 3.1824877002e+04 1.5707963268e+00 2.2669805606e+00
2.2787959042e-04 3.1847522979e+04 1.5707963268e+00 2.2676709477e+00
2.2801524825e-04 3.1870177783e+04 1.5707963268e+00 2.2683603523e+00
2.2815086883e-04 3.1892841401e+04 1.5707963268e+00 2.2690487760e+00
2.2828645222e-04 3.1915513818e+04 1.5707963268e+00 2.2697362206e+00
2.2842199848e-04 3.1938195020e+04 1.5707963268e+00 2.2704226878e+00
2.2855750766e-04 3.1960884993e+04 1.5707963268e+00 2.2711081794e+00
2.2869297983e-04 3.1983583721e+04 1.5707963268e+00 2.2717926969e+00
2.2882841504e-04 3.2006291192e+04 1.5707963268e+00 2.2724762422e+00
2.2896381335e-04 3.2029007390e+04 1.5707963268e+00 2.2731588168e+00
2.2909917482e-04 3.2051732302e+04 1.5707963268e+00 2.2738404226e+00
2.2923449951e-04 3.2074465913e+04 1.5707963268e+00 2.2745210611e+00
2.2936978747e-04 3.2097208210e+04 1.5707963268e+00 2.2752007341e+00
2.2950503876e-04 3.2119959177e+04 1.5707963268e+00 2.2758794433e+00
2.2964025345e-04 3.2142718802e+04 1.5707963268e+00 2.2765571903e+00
2.2977543158e-04 3.2165487069e+04 1.5707963268e+00 2.2772339768e+00
2.2991057322e-04 3.2188263966e+04 1.5707963268e+00 2.2779098045e+00
2.3004567843e-04 3.2211049477e+04 1.5707963268e+00 2.2785846751e+00
2.3018074726e-04 3.2233843590e+04 1.5707963268e+00 2.2792585903e+00
2.3031577976e-04 3.2256646289e+04 1.5707963268e+00 2.2799315516e+00
2.3045077600e-04 3.2279457561e+04 1.5707963268e+00 2.2806035609e+00
2.3058573603e-04 3.2302277392e+04 1.5707963268e+00 2.2812746196e+00
2.3072065992e-04 3.2325105768e+04 1.5707963268e+00 2.2819447296e+00
2.3085554771e-04 3.2347942675e+04 1.5707963268e+00 2.2826138924e+00
2.3099039946e-04 3.2370788100e+04 1.5707963268e+00 2.2832821097e+00
2.3112521523e-04 3.2393642027e+04 1.5707963268e+00 2.2839493832e+00
2.3125999508e-04 3.2416504445e+04 1.5707963268e+00 2.2846157144e+00
2.3139473907e-04 3.2439375338e+04 1.5707963268e+00 2.2852811052e+00
2.3152944724e-04 3.2462254693e+04 1.5707963268e+00 2.2859455570e+00
2.3166411966e-04 3.2485142497e+04 1.5707963268e+00 2.2866090715e+00
2.3179875638e-04 3.2508038735e+04 1.5707963268e+00 2.2872716504e+00
2.3193335746e-04 3.2530943393e+04 1.5707963268e+00 2.2879332953e+00
2.3206792295e-04 3.2553856459e+04 1.5707963268e+00 2.2885940079e+00
2.3220245291e-04 3.2576777918e+04 1.5707963268e+00 2.2892537897e+00
2.3233694740e-04 3.2599707756e+04 1.5707963268e+00 2.2899126423e+00
2.3247140647e-04 3.2622645961e+04 1.5707963268e+00 2.2905705675e+00
2.3260583017e-04 3.2645592518e+04 1.5707963268e+00 2.2912275668e+00
2.3274021857e-04 3.2668547414e+04 1.5707963268e+00 2.2918836419e+00
2.3287457171e-04 3.2691510636e+04 1.5707963268e+00 2.2925387943e+00
2.3300888966e-04 3.2714482169e+04 1.5707963268e+00 2.2931930257e+00
2.3314317247e-04 3.2737462000e+04 1.5707963268e+00 2.2938463376e+00
2.3327742018e-04 3.2760450116e+04 1.5707963268e+00 2.2944987318e+00
2.3341163287e-04 3.2783446504e+04 1.5707963268e+00 2.2951502097e+00
2.3354581058e-04 3.2806451149e+04 1.5707963268e+00 2.2958007730e+00
2.3367995336e-04 3.2829464038e+04 1.5707963268e+00 2.2964504233e+00
2.3381406128e-04 3.2852485158e+04 1.5707963268e+00 2.2970991621e+00
2.3394813438e-04 3.2875514496e+04 1.5707963268e+00 2.2977469911e+00
2.3408217272e-04 3.2898552038e+04 1.5707963268e+00 2.2983939119e+00
2.3421617636e-04 3.2921597771e+04 1.5707963268e+00 2.2990399260e+00
2.3435014535e-04 3.2944651681e+04 1.5707963268e+00 2.2996850350e+00
2.3448407974e-04 3.2967713756e+04 1.5707963268e+00 2.3003292406e+00
2.3461797959e-04 3.2990783981e+04 1.5707963268e+00 2.3009725442e+00
2.3475184495e-04 3.3013862344e+04 1.5707963268e+00 2.3016149475e+00
2.3488567587e-04 3.3036948831e+04 1.5707963268e+00 2.3022564520e+00
2.3501947241e-04 3.3060043430e+04 1.5707963268e+00 2.3028970592e+00
2.3515323463e-04 3.3083146126e+04 1.5707963268e+00 2.3035367709e+00
2.3528696257e-04 3.3106256907e+04 1.5707963268e+00 2.3041755885e+00
2.3542065629e-04 3.3129375760e+04 1.5707963268e+00 2.3048135136e+00
2.3555431585e-04 3.3152502672e+04 1.5707963268e+00 2.3054505477e+00
2.3568794128e-04 3.3175637628e+04 1.5707963268e+00 2.3060866924e+00
2.3582153266e-04 3.3198780617e+04 1.5707963268e+00 2.3067219492e+00
2.3595509003e-04 3.3221931626e+04 1.5707963268e+00 2.3073563198e+00
2.3608861345e-04 3.3245090640e+04 1.5707963268e+00 2.3079898056e+00
2.3622210296e-04 3.3268257648e+04 1.5707963268e+00 2.3086224082e+00
2.3635555862e-04 3.3291432635e+04 1.5707963268e+00 2.3092541292e+00
2.3648898049e-04 3.3314615590e+04 1.5707963268e+00 2.3098849700e+00
2.3662236861e-04 3.3337806499e+04 1.5707963268e+00 2.3105149322e+00
2.3675572304e-04 3.3361005349e+04 1.5707963268e+00 2.3111440174e+00
2.3688904383e-04 3.3384212128e+04 1.5707963268e+00 2.3117722271e+00
2.3702233103e-04 3.3407426822e+04 1.5707963268e+00 2.3123995627e+00
2.3715558469e-04 3.3430649419e+04 1.5707963268e+00 2.3130260259e+00
2.3728880488e-04 3.3453879905e+04 1.5707963268e+00 2.3136516181e+00
2.3742199163e-04 3.3477118268e+04 1.5707963268e+00 2.3142763409e+00
2.3755514500e-04 3.3500364495e+04 1.5707963268e+00 2.3149001958e+00
2.3768826505e-04 3.3523618574e+04 1.5707963268e+00 2.3155231843e+00
2.3782135181e-04 3.3546880491e+04 1.5707963268e+00 2.3161453079e+00
2.3795440536e-04 3.3570150233e+04 1.5707963268e+00 2.3167665681e+00
2.3808742573e-04 3.3593427789e+04 1.5707963268e+00 2.3173869664e+00
2.3822041298e-04 3.3616713145e+04 1.5707963268e+00 2.3180065044e+00
2.3835336715e-04 3.3640006289e+04 1.5707963268e+00 2.3186251835e+00
2.3848628831e-04 3.3663307207e+04 1.5707963268e+00 2.3192430053e+00
2.3861917650e-04 3.3686615888e+04 1.5707963268e+00 2.3198599711e+00
2.3875203178e-04 3.3709932319e+04 1.5707963268e+00 2.3204760826e+00
2.3888485418e-04 3.3733256487e+04 1.5707963268e+00 2.3210913412e+00
2.3901764378e-04 3.3756588379e+04 1.5707963268e+00 2.3217057484e+00
2.3915040060e-04 3.3779927983e+04 1.5707963268e+00 2.3223193057e+00
2.3928312472e-04 3.3803275287e+04 1.5707963268e+00 2.3229320145e+00
2.3941581616e-04 3.3826630277e+04 1.5707963268e+00 2.3235438764e+00
2.3954847500e-04 3.3849992942e+04 1.5707963268e+00 2.3241548928e+00
2.3968110127e-04 3.3873363269e+04 1.5707963268e+00 2.3247650651e+00
2.3981369503e-04 3.3896741245e+04 1.5707963268e+00 2.3253743950e+00
2.3994625633e-04 3.3920126858e+04 1.5707963268e+00 2.3259828838e+00
2.4007878521e-04 3.3943520096e+04 1.5707963268e+00 2.3265905329e+00
2.4021128173e-04 3.3966920946e+04 1.5707963268e+00 2.3271973440e+00
2.4034374594e-04 3.3990329396e+04 1.5707963268e+00 2.3278033183e+00
2.4047617789e-04 3.4013745434e+04 1.5707963268e+00 2.3284084575e+00
2.4060857762e-04 3.4037169046e+04 1.5707963268e+00 2.3290127628e+00
2.4074094519e-04 3.4060600222e+04 1.5707963268e+00 2.3296162359e+00
2.4087328064e-04 3.4084038948e+04 1.5707963268e+00 2.3302188781e+00
2.4100558403e-04 3.4107485212e+04 1.5707963268e+00 2.3308206909e+00
2.4113785541e-04 3.4130939003e+04 1.5707963268e+00 2.3314216757e+00
2.4127009481e-04 3.4154400307e+04 1.5707963268e+00 2.3320218340e+00
2.4140230230e-04 3.4177869113e+04 1.5707963268e+00 2.3326211672e+00
2.4153447793e-04 3.4201345408e+04 1.5707963268e+00 2.3332196768e+00
2.4166662173e-04 3.4224829181e+04 1.5707963268e+00 2.3338173641e+00
2.4179873376e-04 3.4248320419e+04 1.5707963268e+00 2.3344142307e+00
2.4193081407e-04 3.4271819109e+04 1.5707963268e+00 2.3350102779e+00
2.4206286271e-04 3.4295325241e+04 1.5707963268e+00 2.3356055071e+00
2.4219487972e-04 3.4318838802e+04 1.5707963268e+00 2.3361999199e+00
2.4232686516e-04 3.4342359779e+04 1.5707963268e+00 2.3367935176e+00
2.4245881907e-04 3.4365888161e+04 1.5707963268e+00 2.3373863016e+00
2.4259074150e-04 3.4389423936e+04 1.5707963268e+00 2.3379782734e+00
2.4272263249e-04 3.4412967091e+04 1.5707963268e+00 2.3385694343e+00
2.4285449211e-04 3.4436517615e+04 1.5707963268e+00 2.3391597859e+00
2.4298632039e-04 3.4460075496e+04 1.5707963268e+00 2.3397493294e+00
2.4311811738e-04 3.4483640722e+04 1.5707963268e+00 2.3403380663e+00
2.4324988314e-04 3.4507213280e+04 1.5707963268e+00 2.3409259980e+00
2.4338161770e-04 3.4530793160e+04 1.5707963268e+00 2.3415131258e+00
2.4351332112e-04 3.4554380349e+04 1.5707963268e+00 2.3420994513e+00
2.4364499344e-04 3.4577974835e+04 1.5707963268e+00 2.3426849758e+00
2.4377663471e-04 3.4601576606e+04 1.5707963268e+00 2.3432697006e+00
2.4390824499e-04 3.4625185651e+04 1.5707963268e+00 2.3438536273e+00
2.4403982431e-04 3.4648801958e+04 1.5707963268e+00 2.3444367571e+00
2.4417137272e-04 3.4672425515e+04 1.5707963268e+00 2.3450190914e+00
2.4430289027e-04 3.4696056310e+04 1.5707963268e+00 2.3456006316e+00
2.4443437701e-04 3.4719694331e+04 1.5707963268e+00 2.3461813792e+00
2.4456583298e-04 3.4743339568e+04 1.5707963268e+00 2.3467613355e+00
2.4469725824e-04 3.4766992008e+04 1.5707963268e+00 2.3473405018e+00
2.4482865282e-04 3.4790651639e+04 1.5707963268e+00 2.3479188795e+00
2.4496001678e-04 3.4814318449e+04 1.5707963268e+00 2.3484964701e+00
2.4509135016e-04 3.4837992428e+04 1.5707963268e+00 2.3490732748e+00
2.4522265301e-04 3.4861673564e+04 1.5707963268e+00 2.3496492951e+00
2.4535392537e-04 3.4885361844e+04 1.5707963268e+00 2.3502245323e+00
2.4548516729e-04 3.4909057258e+04 1.5707963268e+00 2.3507989877e+00
2.4561637882e-04 3.4932759794e+04 1.5707963268e+00 2.3513726627e+00
2.4574756000e-04 3.4956469439e+04 1.5707963268e+00 2.3519455587e+00
2.4587871088e-04 3.4980186184e+04 1.5707963268e+00 2.3525176771e+00
2.4600983151e-04 3.5003910016e+04 1.5707963268e+00 2.3530890191e+00
2.4614092193e-04 3.5027640923e+04 1.5707963268e+00 2.3536595861e+00
2.4627198218e-04 3.5051378895e+04 1.5707963268e+00 2.3542293796e+00
2.4640301232e-04 3.5075123920e+04 1.5707963268e+00 2.3547984007e+00
2.4653401238e-04 3.5098875986e+04 1.5707963268e+00 2.3553666508e+00
2.4666498242e-04 3.5122635082e+04 1.5707963268e+00 2.3559341314e+00
2.4679592248e-04 3.5146401197e+04 1.5707963268e+00 2.3565008437e+00
2.4692683261e-04 3.5170174319e+04 1.5707963268e+00 2.3570667890e+00
2.4705771284e-04 3.5193954437e+04 1.5707963268e+00 2.3576319687e+00
2.4718856323e-04 3.5217741540e+04 1.5707963268e+00 2.3581963842e+00
2.4731938382e-04 3.5241535616e+04 1.5707963268e+00 2.3587600367e+00
2.4745017466e-04 3.5265336654e+04 1.5707963268e+00 2.3593229275e+00
2.4758093578e-04 3.5289144643e+04 1.5707963268e+00 2.3598850580e+00
2.4771166724e-04 3.5312959571e+04 1.5707963268e+00 2.3604464295e+00
2.4784236909e-04 3.5336781428e+04 1.5707963268e+00 2.3610070434e+00
2.4797304135e-04 3.5360610202e+04 1.5707963268e+00 2.3615669008e+00
2.4810368409e-04 3.5384445881e+04 1.5707963268e+00 2.3621260032e+00
2.4823429734e-04 3.5408288456e+04 1.5707963268e+00 2.3626843519e+00
2.4836488115e-04 3.5432137914e+04 1.5707963268e+00 2.3632419481e+00
2.4849543556e-04 3.5455994244e+04 1.5707963268e+00 2.3637987931e+00
