0.0000000000e+00 1.1885539806e+04 1.5707963268e+00 0.0000000000e+00
2.9368134102e-07 1.1885539806e+04 1.5707963268e+00 3.7313432836e-03
5.8736268203e-07 1.1885520047e+04 1.5707963268e+00 7.4626865672e-03
8.8104545901e-07 1.1885480529e+04 1.5707963268e+00 1.1194042257e-02
1.1747311079e-06 1.1885421252e+04 1.5707963268e+00 1.4925422759e-02
1.4684210650e-06 1.1885342215e+04 1.5707963268e+00 1.8656840481e-02
1.7621167664e-06 1.1885243416e+04 1.5707963268e+00 2.2388307831e-02
2.0558196488e-06 1.1885124855e+04 1.5707963268e+00 2.6119837217e-02
2.3495311492e-06 1.1884986529e+04 1.5707963268e+00 2.9851441050e-02
2.6432527051e-06 1.1884828436e+04 1.5707963268e+00 3.3583131745e-02
2.9369857545e-06 1.1884650572e+04 1.5707963268e+00 3.7314921717e-02
3.2307317360e-06 1.1884452936e+04 1.5707963268e+00 4.1046823386e-02
3.5244920889e-06 1.1884235523e+04 1.5707963268e+00 4.4778849175e-02
3.8182682535e-06 1.1883998329e+04 1.5707963268e+00 4.8511011511e-02
4.1120616709e-06 1.1883741350e+04 1.5707963268e+00 5.2243322824e-02
4.4058737831e-06 1.1883464580e+04 1.5707963268e+00 5.5975795553e-02
4.6997060331e-06 1.1883168016e+04 1.5707963268e+00 5.9708442138e-02
4.9935598654e-06 1.1882851650e+04 1.5707963268e+00 6.3441275028e-02
5.2874367254e-06 1.1882515477e+04 1.5707963268e+00 6.7174306676e-02
5.5813380600e-06 1.1882159491e+04 1.5707963268e+00 7.0907549543e-02
5.8752653175e-06 1.1881783685e+04 1.5707963268e+00 7.4641016097e-02
6.1692199476e-06 1.1881388050e+04 1.5707963268e+00 7.8374718814e-02
6.4632034018e-06 1.1880972581e+04 1.5707963268e+00 8.2108670178e-02
6.7572171331e-06 1.1880537268e+04 1.5707963268e+00 8.5842882679e-02
7.0512625963e-06 1.1880082103e+04 1.5707963268e+00 8.9577368820e-02
7.3453412482e-06 1.1879607077e+04 1.5707963268e+00 9.3312141111e-02
7.6394545473e-06 1.1879112181e+04 1.5707963268e+00 9.7047212073e-02
7.9336039544e-06 1.1878597404e+04 1.5707963268e+00 1.0078259423e-01
8.2277909322e-06 1.1878062738e+04 1.5707963268e+00 1.0451830014e-01
8.5220169459e-06 1.1877508171e+04 1.5707963268e+00 1.0825434234e-01
8.8162834627e-06 1.1876933692e+04 1.5707963268e+00 1.1199073340e-01
9.1105919525e-06 1.1876339290e+04 1.5707963268e+00 1.1572748589e-01
9.4049438873e-06 1.1875724953e+04 1.5707963268e+00 1.1946461241e-01
9.6993407421e-06 1.1875090668e+04 1.5707963268e+00 1.2320212556e-01
9.9937839943e-06 1.1874436424e+04 1.5707963268e+00 1.2694003795e-01
1.0288275124e-05 1.1873762207e+04 1.5707963268e+00 1.3067836221e-01
1.0582815615e-05 1.1873068003e+04 1.5707963268e+00 1.3441711098e-01
1.0877406952e-05 1.1872353799e+04 1.5707963268e+00 1.3815629693e-01
1.1172050626e-05 1.1871619580e+04 1.5707963268e+00 1.4189593273e-01
1.1466748128e-05 1.1870865332e+04 1.5707963268e+00 1.4563603107e-01
1.1761500953e-05 1.1870091039e+04 1.5707963268e+00 1.4937660465e-01
1.2056310601e-05 1.1869296686e+04 1.5707963268e+00 1.5311766621e-01
1.2351178574e-05 1.1868482256e+04 1.5707963268e+00 1.5685922846e-01
1.2646106377e-05 1.1867647734e+04 1.5707963268e+00 1.6060130419e-01
1.2941095520e-05 1.1866793103e+04 1.5707963268e+00 1.6434390615e-01
1.3236147516e-05 1.1865918344e+04 1.5707963268e+00 1.6808704716e-01
1.3531263882e-05 1.1865023441e+04 1.5707963268e+00 1.7183074001e-01
1.3826446138e-05 1.1864108375e+04 1.5707963268e+00 1.7557499754e-01
1.4121695810e-05 1.1863173128e+04 1.5707963268e+00 1.7931983261e-01
1.4417014426e-05 1.1862217681e+04 1.5707963268e+00 1.8306525810e-01
1.4712403520e-05 1.1861242014e+04 1.5707963268e+00 1.8681128688e-01
1.5007864629e-05 1.1860246107e+04 1.5707963268e+00 1.9055793189e-01
1.5303399295e-05 1.1859229940e+04 1.5707963268e+00 1.9430520606e-01
1.5599009064e-05 1.1858193493e+04 1.5707963268e+00 1.9805312235e-01
1.5894695488e-05 1.1857136744e+04 1.5707963268e+00 2.0180169374e-01
1.6190460121e-05 1.1856059672e+04 1.5707963268e+00 2.0555093325e-01
1.6486304525e-05 1.1854962254e+04 1.5707963268e+00 2.0930085390e-01
1.6782230264e-05 1.1853844468e+04 1.5707963268e+00 2.1305146875e-01
1.7078238910e-05 1.1852706291e+04 1.5707963268e+00 2.1680279087e-01
1.7374332038e-05 1.1851547700e+04 1.5707963268e+00 2.2055483338e-01
1.7670511229e-05 1.1850368672e+04 1.5707963268e+00 2.2430760941e-01
1.7966778070e-05 1.1849169180e+04 1.5707963268e+00 2.2806113212e-01
1.8263134151e-05 1.1847949202e+04 1.5707963268e+00 2.3181541468e-01
1.8559581070e-05 1.1846708712e+04 1.5707963268e+00 2.3557047032e-01
1.8856120431e-05 1.1845447684e+04 1.5707963268e+00 2.3932631228e-01
1.9152753841e-05 1.1844166093e+04 1.5707963268e+00 2.4308295381e-01
1.9449482917e-05 1.1842863911e+04 1.5707963268e+00 2.4684040824e-01
1.9746309277e-05 1.1841541112e+04 1.5707963268e+00 2.5059868887e-01
2.0043234550e-05 1.1840197668e+04 1.5707963268e+00 2.5435780907e-01
2.0340260369e-05 1.1838833552e+04 1.5707963268e+00 2.5811778223e-01
2.0637388372e-05 1.1837448735e+04 1.5707963268e+00 2.6187862177e-01
2.0934620207e-05 1.1836043189e+04 1.5707963268e+00 2.6564034113e-01
2.1231957525e-05 1.1834616884e+04 1.5707963268e+00 2.6940295381e-01
2.1529401986e-05 1.1833169790e+04 1.5707963268e+00 2.7316647332e-01
2.1826955256e-05 1.1831701878e+04 1.5707963268e+00 2.7693091320e-01
2.2124619008e-05 1.1830213117e+04 1.5707963268e+00 2.8069628705e-01
2.2422394923e-05 1.1828703475e+04 1.5707963268e+00 2.8446260848e-01
2.2720284688e-05 1.1827172922e+04 1.5707963268e+00 2.8822989114e-01
2.3018289998e-05 1.1825621425e+04 1.5707963268e+00 2.9199814872e-01
2.3316412555e-05 1.1824048951e+04 1.5707963268e+00 2.9576739495e-01
2.3614654070e-05 1.1822455468e+04 1.5707963268e+00 2.9953764358e-01
2.3913016260e-05 1.1820840942e+04 1.5707963268e+00 3.0330890842e-01
2.4211500850e-05 1.1819205339e+04 1.5707963268e+00 3.0708120330e-01
2.4510109574e-05 1.1817548625e+04 1.5707963268e+00 3.1085454209e-01
2.4808844174e-05 1.1815870764e+04 1.5707963268e+00 3.1462893872e-01
2.5107706400e-05 1.1814171723e+04 1.5707963268e+00 3.1840440712e-01
2.5406698010e-05 1.1812451463e+04 1.5707963268e+00 3.2218096130e-01
2.5705820771e-05 1.1810709951e+04 1.5707963268e+00 3.2595861528e-01
2.6005076459e-05 1.1808947147e+04 1.5707963268e+00 3.2973738315e-01
2.6304466858e-05 1.1807163016e+04 1.5707963268e+00 3.3351727901e-01
2.6603993762e-05 1.1805357518e+04 1.5707963268e+00 3.3729831703e-01
2.6903658973e-05 1.1803530617e+04 1.5707963268e+00 3.4108051140e-01
2.7203464302e-05 1.1801682272e+04 1.5707963268e+00 3.4486387638e-01
2.7503411572e-05 1.1799812446e+04 1.5707963268e+00 3.4864842626e-01
2.7803502613e-05 1.1797921097e+04 1.5707963268e+00 3.5243417536e-01
2.8103739264e-05 1.1796008185e+04 1.5707963268e+00 3.5622113807e-01
2.8404123378e-05 1.1794073670e+04 1.5707963268e+00 3.6000932881e-01
2.8704656813e-05 1.1792117510e+04 1.5707963268e+00 3.6379876206e-01
2.9005341441e-05 1.1790139664e+04 1.5707963268e+00 3.6758945234e-01
2.9306179143e-05 1.1788140088e+04 1.5707963268e+00 3.7138141421e-01
2.9607171809e-05 1.1786118740e+04 1.5707963268e+00 3.7517466229e-01
2.9908321342e-05 1.1784075577e+04 1.5707963268e+00 3.7896921126e-01
3.0209629654e-05 1.1782010554e+04 1.5707963268e+00 3.8276507582e-01
3.0511098669e-05 1.1779923627e+04 1.5707963268e+00 3.8656227075e-01
3.0812730323e-05 1.1777814751e+04 1.5707963268e+00 3.9036081085e-01
3.1114526562e-05 1.1775683880e+04 1.5707963268e+00 3.9416071101e-01
3.1416489342e-05 1.1773530968e+04 1.5707963268e+00 3.9796198614e-01
3.1718620635e-05 1.1771355969e+04 1.5707963268e+00 4.0176465122e-01
3.2020922420e-05 1.1769158836e+04 1.5707963268e+00 4.0556872128e-01
3.2323396692e-05 1.1766939520e+04 1.5707963268e+00 4.0937421141e-01
3.2626045456e-05 1.1764697973e+04 1.5707963268e+00 4.1318113674e-01
3.2928870729e-05 1.1762434147e+04 1.5707963268e+00 4.1698951248e-01
3.3231874543e-05 1.1760147992e+04 1.5707963268e+00 4.2079935387e-01
3.3535058940e-05 1.1757839458e+04 1.5707963268e+00 4.2461067623e-01
3.3838425977e-05 1.1755508494e+04 1.5707963268e+00 4.2842349493e-01
3.4141977723e-05 1.1753155050e+04 1.5707963268e+00 4.3223782539e-01
3.4445716261e-05 1.1750779074e+04 1.5707963268e+00 4.3605368310e-01
3.4749643686e-05 1.1748380514e+04 1.5707963268e+00 4.3987108361e-01
3.5053762110e-05 1.1745959316e+04 1.5707963268e+00 4.4369004253e-01
3.5358073656e-05 1.1743515428e+04 1.5707963268e+00 4.4751057554e-01
3.5662580461e-05 1.1741048796e+04 1.5707963268e+00 4.5133269836e-01
3.5967284679e-05 1.1738559364e+04 1.5707963268e+00 4.5515642679e-01
3.6272188477e-05 1.1736047079e+04 1.5707963268e+00 4.5898177670e-01
3.6577294036e-05 1.1733511883e+04 1.5707963268e+00 4.6280876401e-01
3.6882603553e-05 1.1730953722e+04 1.5707963268e+00 4.6663740472e-01
3.7188119240e-05 1.1728372537e+04 1.5707963268e+00 4.7046771488e-01
3.7493843325e-05 1.1725768272e+04 1.5707963268e+00 4.7429971062e-01
3.7799778051e-05 1.1723140868e+04 1.5707963268e+00 4.7813340814e-01
3.8105925677e-05 1.1720490267e+04 1.5707963268e+00 4.8196882369e-01
3.8412288479e-05 1.1717816409e+04 1.5707963268e+00 4.8580597363e-01
3.8718868748e-05 1.1715119235e+04 1.5707963268e+00 4.8964487434e-01
3.9025668792e-05 1.1712398683e+04 1.5707963268e+00 4.9348554230e-01
3.9332690936e-05 1.1709654693e+04 1.5707963268e+00 4.9732799407e-01
3.9639937524e-05 1.1706887202e+04 1.5707963268e+00 5.0117224627e-01
3.9947410914e-05 1.1704096149e+04 1.5707963268e+00 5.0501831559e-01
4.0255113484e-05 1.1701281470e+04 1.5707963268e+00 5.0886621879e-01
4.0563047629e-05 1.1698443102e+04 1.5707963268e+00 5.1271597274e-01
4.0871215763e-05 1.1695580979e+04 1.5707963268e+00 5.1656759435e-01
4.1179620317e-05 1.1692695038e+04 1.5707963268e+00 5.2042110062e-01
4.1488263742e-05 1.1689785212e+04 1.5707963268e+00 5.2427650864e-01
4.1797148506e-05 1.1686851435e+04 1.5707963268e+00 5.2813383556e-01
4.2106277100e-05 1.1683893640e+04 1.5707963268e+00 5.3199309861e-01
4.2415652031e-05 1.1680911759e+04 1.5707963268e+00 5.3585431513e-01
4.2725275828e-05 1.1677905724e+04 1.5707963268e+00 5.3971750252e-01
4.3035151037e-05 1.1674875466e+04 1.5707963268e+00 5.4358267825e-01
4.3345280229e-05 1.1671820915e+04 1.5707963268e+00 5.4744985991e-01
4.3655665992e-05 1.1668742001e+04 1.5707963268e+00 5.5131906515e-01
4.3966310937e-05 1.1665638653e+04 1.5707963268e+00 5.5519031170e-01
4.4277217695e-05 1.1662510798e+04 1.5707963268e+00 5.5906361740e-01
4.4588388920e-05 1.1659358365e+04 1.5707963268e+00 5.6293900016e-01
4.4899827288e-05 1.1656181281e+04 1.5707963268e+00 5.6681647799e-01
4.5211535494e-05 1.1652979470e+04 1.5707963268e+00 5.7069606899e-01
4.5523516261e-05 1.1649752859e+04 1.5707963268e+00 5.7457779134e-01
4.5835772331e-05 1.1646501373e+04 1.5707963268e+00 5.7846166332e-01
4.6148306471e-05 1.1643224935e+04 1.5707963268e+00 5.8234770330e-01
4.6461121470e-05 1.1639923468e+04 1.5707963268e+00 5.8623592976e-01
4.6774220144e-05 1.1636596895e+04 1.5707963268e+00 5.9012636125e-01
4.7087605331e-05 1.1633245138e+04 1.5707963268e+00 5.9401901643e-01
4.7401279893e-05 1.1629868117e+04 1.5707963268e+00 5.9791391406e-01
4.7715246721e-05 1.1626465753e+04 1.5707963268e+00 6.0181107300e-01
4.8029508727e-05 1.1623037966e+04 1.5707963268e+00 6.0571051219e-01
4.8344068852e-05 1.1619584673e+04 1.5707963268e+00 6.0961225070e-01
4.8658930061e-05 1.1616105793e+04 1.5707963268e+00 6.1351630768e-01
4.8974095348e-05 1.1612601243e+04 1.5707963268e+00 6.1742270239e-01
4.9289567732e-05 1.1609070939e+04 1.5707963268e+00 6.2133145420e-01
4.9605350262e-05 1.1605514797e+04 1.5707963268e+00 6.2524258259e-01
4.9921446011e-05 1.1601932731e+04 1.5707963268e+00 6.2915610712e-01
5.0237858084e-05 1.1598324656e+04 1.5707963268e+00 6.3307204748e-01
5.0554589614e-05 1.1594690484e+04 1.5707963268e+00 6.3699042348e-01
5.0871643762e-05 1.1591030129e+04 1.5707963268e+00 6.4091125501e-01
5.1189023719e-05 1.1587343501e+04 1.5707963268e+00 6.4483456209e-01
5.1506732707e-05 1.1583630511e+04 1.5707963268e+00 6.4876036486e-01
5.1824773978e-05 1.1579891068e+04 1.5707963268e+00 6.5268868356e-01
5.2143150815e-05 1.1576125083e+04 1.5707963268e+00 6.5661953855e-01
5.2461866532e-05 1.1572332463e+04 1.5707963268e+00 6.6055295030e-01
5.2780924477e-05 1.1568513115e+04 1.5707963268e+00 6.6448893942e-01
5.3100328028e-05 1.1564666946e+04 1.5707963268e+00 6.6842752661e-01
5.3420080598e-05 1.1560793861e+04 1.5707963268e+00 6.7236873272e-01
5.3740185633e-05 1.1556893765e+04 1.5707963268e+00 6.7631257871e-01
5.4060646613e-05 1.1552966562e+04 1.5707963268e+00 6.8025908564e-01
5.4381467052e-05 1.1549012154e+04 1.5707963268e+00 6.8420827474e-01
5.4702650500e-05 1.1545030444e+04 1.5707963268e+00 6.8816016734e-01
5.5024200542e-05 1.1541021333e+04 1.5707963268e+00 6.9211478490e-01
5.5346120800e-05 1.1536984720e+04 1.5707963268e+00 6.9607214900e-01
5.5668414934e-05 1.1532920506e+04 1.5707963268e+00 7.0003228138e-01
5.5991086638e-05 1.1528828588e+04 1.5707963268e+00 7.0399520389e-01
5.6314139648e-05 1.1524708864e+04 1.5707963268e+00 7.0796093851e-01
5.6637577736e-05 1.1520561230e+04 1.5707963268e+00 7.1192950737e-01
5.6961404714e-05 1.1516385581e+04 1.5707963268e+00 7.1590093273e-01
5.7285624434e-05 1.1512181813e+04 1.5707963268e+00 7.1987523699e-01
5.7610240790e-05 1.1507949818e+04 1.5707963268e+00 7.2385244270e-01
5.7935257714e-05 1.1503689489e+04 1.5707963268e+00 7.2783257252e-01
5.8260679184e-05 1.1499400718e+04 1.5707963268e+00 7.3181564930e-01
5.8586509216e-05 1.1495083396e+04 1.5707963268e+00 7.3580169599e-01
5.8912751874e-05 1.1490737411e+04 1.5707963268e+00 7.3979073571e-01
5.9239411263e-05 1.1486362652e+04 1.5707963268e+00 7.4378279173e-01
5.9566491534e-05 1.1481959008e+04 1.5707963268e+00 7.4777788747e-01
5.9893996881e-05 1.1477526363e+04 1.5707963268e+00 7.5177604649e-01
6.0221931549e-05 1.1473064604e+04 1.5707963268e+00 7.5577729252e-01
6.0550299825e-05 1.1468573616e+04 1.5707963268e+00 7.5978164942e-01
6.0879106047e-05 1.1464053280e+04 1.5707963268e+00 7.6378914123e-01
6.1208354601e-05 1.1459503480e+04 1.5707963268e+00 7.6779979215e-01
6.1538049921e-05 1.1454924097e+04 1.5707963268e+00 7.7181362652e-01
6.1868196493e-05 1.1450315011e+04 1.5707963268e+00 7.7583066887e-01
6.2198798854e-05 1.1445676100e+04 1.5707963268e+00 7.7985094386e-01
6.2529861591e-05 1.1441007242e+04 1.5707963268e+00 7.8387447636e-01
6.2861389346e-05 1.1436308315e+04 1.5707963268e+00 7.8790129137e-01
6.3193386813e-05 1.1431579193e+04 1.5707963268e+00 7.9193141409e-01
6.3525858743e-05 1.1426819752e+04 1.5707963268e+00 7.9596486986e-01
6.3858809941e-05 1.1422029864e+04 1.5707963268e+00 8.0000168422e-01
6.4192245269e-05 1.1417209401e+04 1.5707963268e+00 8.0404188288e-01
6.4526169645e-05 1.1412358234e+04 1.5707963268e+00 8.0808549173e-01
6.4860588048e-05 1.1407476234e+04 1.5707963268e+00 8.1213253683e-01
6.5195505516e-05 1.1402563267e+04 1.5707963268e+00 8.1618304444e-01
6.5530927147e-05 1.1397619203e+04 1.5707963268e+00 8.2023704099e-01
6.5866858101e-05 1.1392643906e+04 1.5707963268e+00 8.2429455310e-01
6.6203303601e-05 1.1387637242e+04 1.5707963268e+00 8.2835560759e-01
6.6540268933e-05 1.1382599075e+04 1.5707963268e+00 8.3242023146e-01
6.6877759449e-05 1.1377529265e+04 1.5707963268e+00 8.3648845190e-01
6.7215780567e-05 1.1372427675e+04 1.5707963268e+00 8.4056029632e-01
6.7554337774e-05 1.1367294164e+04 1.5707963268e+00 8.4463579230e-01
6.7893436622e-05 1.1362128591e+04 1.5707963268e+00 8.4871496763e-01
6.8233082736e-05 1.1356930813e+04 1.5707963268e+00 8.5279785032e-01
6.8573281811e-05 1.1351700685e+04 1.5707963268e+00 8.5688446856e-01
6.8914039615e-05 1.1346438061e+04 1.5707963268e+00 8.6097485076e-01
6.9255361989e-05 1.1341142796e+04 1.5707963268e+00 8.6506902555e-01
6.9597254849e-05 1.1335814740e+04 1.5707963268e+00 8.6916702176e-01
6.9939724190e-05 1.1330453745e+04 1.5707963268e+00 8.7326886843e-01
7.0282776081e-05 1.1325059658e+04 1.5707963268e+00 8.7737459484e-01
7.0626416674e-05 1.1319632328e+04 1.5707963268e+00 8.8148423047e-01
7.0970652200e-05 1.1314171600e+04 1.5707963268e+00 8.8559780504e-01
7.1315488972e-05 1.1308677319e+04 1.5707963268e+00 8.8971534849e-01
7.1660933389e-05 1.1303149328e+04 1.5707963268e+00 8.9383689098e-01
7.2006991933e-05 1.1297587470e+04 1.5707963268e+00 8.9796246292e-01
7.2353671177e-05 1.1291991583e+04 1.5707963268e+00 9.0209209494e-01
7.2700977778e-05 1.1286361507e+04 1.5707963268e+00 9.0622581791e-01
7.3048918488e-05 1.1280697080e+04 1.5707963268e+00 9.1036366295e-01
7.3397500148e-05 1.1274998135e+04 1.5707963268e+00 9.1450566141e-01
7.3746729696e-05 1.1269264509e+04 1.5707963268e+00 9.1865184490e-01
7.4096614164e-05 1.1263496033e+04 1.5707963268e+00 9.2280224528e-01
7.4447160682e-05 1.1257692538e+04 1.5707963268e+00 9.2695689464e-01
7.4798376480e-05 1.1251853853e+04 1.5707963268e+00 9.3111582535e-01
7.5150268891e-05 1.1245979807e+04 1.5707963268e+00 9.3527907003e-01
7.5502845351e-05 1.1240070224e+04 1.5707963268e+00 9.3944666157e-01
7.5856113400e-05 1.1234124931e+04 1.5707963268e+00 9.4361863312e-01
7.6210080689e-05 1.1228143748e+04 1.5707963268e+00 9.4779501808e-01
7.6564754978e-05 1.1222126498e+04 1.5707963268e+00 9.5197585017e-01
7.6920144137e-05 1.1216073000e+04 1.5707963268e+00 9.5616116333e-01
7.7276256155e-05 1.1209983070e+04 1.5707963268e+00 9.6035099182e-01
7.7633099134e-05 1.1203856526e+04 1.5707963268e+00 9.6454537017e-01
7.7990681299e-05 1.1197693181e+04 1.5707963268e+00 9.6874433319e-01
7.8349010993e-05 1.1191492846e+04 1.5707963268e+00 9.7294791599e-01
7.8708096687e-05 1.1185255334e+04 1.5707963268e+00 9.7715615396e-01
7.9067946977e-05 1.1178980452e+04 1.5707963268e+00 9.8136908280e-01
7.9428570589e-05 1.1172668007e+04 1.5707963268e+00 9.8558673852e-01
7.9789976381e-05 1.1166317803e+04 1.5707963268e+00 9.8980915741e-01
8.0152173347e-05 1.1159929645e+04 1.5707963268e+00 9.9403637609e-01
8.0515170619e-05 1.1153503332e+04 1.5707963268e+00 9.9826843149e-01
8.0878977470e-05 1.1147038665e+04 1.5707963268e+00 1.0025053608e+00
8.1243603315e-05 1.1140535439e+04 1.5707963268e+00 1.0067472017e+00
8.1609057719e-05 1.1133993451e+04 1.5707963268e+00 1.0109939920e+00
8.1975350397e-05 1.1127412493e+04 1.5707963268e+00 1.0152457699e+00
8.2342491215e-05 1.1120792356e+04 1.5707963268e+00 1.0195025740e+00
8.2710490200e-05 1.1114132830e+04 1.5707963268e+00 1.0237644432e+00
8.3079357536e-05 1.1107433702e+04 1.5707963268e+00 1.0280314167e+00
8.3449103572e-05 1.1100694756e+04 1.5707963268e+00 1.0323035341e+00
8.3819738826e-05 1.1093915774e+04 1.5707963268e+00 1.0365808354e+00
8.4191273986e-05 1.1087096539e+04 1.5707963268e+00 1.0408633608e+00
8.4563719916e-05 1.1080236827e+04 1.5707963268e+00 1.0451511509e+00
8.4937087658e-05 1.1073336415e+04 1.5707963268e+00 1.0494442469e+00
8.5311388440e-05 1.1066395077e+04 1.5707963268e+00 1.0537426901e+00
8.5686633675e-05 1.1059412585e+04 1.5707963268e+00 1.0580465222e+00
8.6062834969e-05 1.1052388708e+04 1.5707963268e+00 1.0623557855e+00
8.6440004124e-05 1.1045323213e+04 1.5707963268e+00 1.0666705224e+00
8.6818153144e-05 1.1038215864e+04 1.5707963268e+00 1.0709907759e+00
8.7197294237e-05 1.1031066424e+04 1.5707963268e+00 1.0753165894e+00
8.7577439823e-05 1.1023874654e+04 1.5707963268e+00 1.0796480065e+00
8.7958602535e-05 1.1016640309e+04 1.5707963268e+00 1.0839850713e+00
8.8340795230e-05 1.1009363146e+04 1.5707963268e+00 1.0883278285e+00
8.8724030989e-05 1.1002042916e+04 1.5707963268e+00 1.0926763231e+00
8.9108323125e-05 1.0994679370e+04 1.5707963268e+00 1.0970306003e+00
8.9493685187e-05 1.0987272255e+04 1.5707963268e+00 1.1013907061e+00
8.9880130967e-05 1.0979821316e+04 1.5707963268e+00 1.1057566867e+00
9.0267674507e-05 1.0972326294e+04 1.5707963268e+00 1.1101285888e+00
9.0656330102e-05 1.0964786930e+04 1.5707963268e+00 1.1145064595e+00
9.1046112311e-05 1.0957202961e+04 1.5707963268e+00 1.1188903466e+00
9.1437035958e-05 1.0949574119e+04 1.5707963268e+00 1.1232802981e+00
9.1829116143e-05 1.0941900137e+04 1.5707963268e+00 1.1276763624e+00
9.2222368247e-05 1.0934180743e+04 1.5707963268e+00 1.1320785887e+00
9.2616807940e-05 1.0926415662e+04 1.5707963268e+00 1.1364870265e+00
9.3012451187e-05 1.0918604618e+04 1.5707963268e+00 1.1409017256e+00
9.3409314259e-05 1.0910747330e+04 1.5707963268e+00 1.1453227368e+00
9.3807413737e-05 1.0902843516e+04 1.5707963268e+00 1.1497501108e+00
9.4206766522e-05 1.0894892888e+04 1.5707963268e+00 1.1541838993e+00
9.4607389842e-05 1.0886895157e+04 1.5707963268e+00 1.1586241543e+00
9.5009301266e-05 1.0878850033e+04 1.5707963268e+00 1.1630709282e+00
9.5412518704e-05 1.0870757219e+04 1.5707963268e+00 1.1675242743e+00
9.5817060424e-05 1.0862616416e+04 1.5707963268e+00 1.1719842461e+00
9.6222945058e-05 1.0854427324e+04 1.5707963268e+00 1.1764508977e+00
9.6630191614e-05 1.0846189636e+04 1.5707963268e+00 1.1809242840e+00
9.7038819483e-05 1.0837903046e+04 1.5707963268e+00 1.1854044602e+00
9.7448848454e-05 1.0829567241e+04 1.5707963268e+00 1.1898914822e+00
9.7860298720e-05 1.0821181906e+04 1.5707963268e+00 1.1943854065e+00
9.8273190894e-05 1.0812746723e+04 1.5707963268e+00 1.1988862900e+00
9.8687546018e-05 1.0804261371e+04 1.5707963268e+00 1.2033941905e+00
9.9103385577e-05 1.0795725523e+04 1.5707963268e+00 1.2079091662e+00
9.9520731510e-05 1.0787138851e+04 1.5707963268e+00 1.2124312759e+00
9.9939606223e-05 1.0778501023e+04 1.5707963268e+00 1.2169605792e+00
1.0036003261e-04 1.0769811702e+04 1.5707963268e+00 1.2214971362e+00
1.0078203404e-04 1.0761070549e+04 1.5707963268e+00 1.2260410077e+00
1.0120563442e-04 1.0752277219e+04 1.5707963268e+00 1.2305922551e+00
1.0163085816e-04 1.0743431365e+04 1.5707963268e+00 1.2351509406e+00
1.0205773023e-04 1.0734532636e+04 1.5707963268e+00 1.2397171269e+00
1.0248627614e-04 1.0725580677e+04 1.5707963268e+00 1.2442908775e+00
1.0291652198e-04 1.0716575127e+04 1.5707963268e+00 1.2488722565e+00
1.0334849443e-04 1.0707515625e+04 1.5707963268e+00 1.2534613289e+00
1.0378222079e-04 1.0698401802e+04 1.5707963268e+00 1.2580581602e+00
1.0421772897e-04 1.0689233286e+04 1.5707963268e+00 1.2626628169e+00
1.0465504754e-04 1.0680009703e+04 1.5707963268e+00 1.2672753659e+00
1.0509420574e-04 1.0670730671e+04 1.5707963268e+00 1.2718958751e+00
1.0553523350e-04 1.0661395807e+04 1.5707963268e+00 1.2765244131e+00
1.0597816146e-04 1.0652004721e+04 1.5707963268e+00 1.2811610493e+00
1.0642302098e-04 1.0642557020e+04 1.5707963268e+00 1.2858058539e+00
1.0686984421e-04 1.0633052306e+04 1.5707963268e+00 1.2904588978e+00
1.0731866405e-04 1.0623490177e+04 1.5707963268e+00 1.2951202528e+00
1.0776951424e-04 1.0613870226e+04 1.5707963268e+00 1.2997899916e+00
1.0822242934e-04 1.0604192040e+04 1.5707963268e+00 1.3044681876e+00
1.0867744477e-04 1.0594455203e+04 1.5707963268e+00 1.3091549152e+00
1.0913459686e-04 1.0584659293e+04 1.5707963268e+00 1.3138502496e+00
1.0959392285e-04 1.0574803884e+04 1.5707963268e+00 1.3185542668e+00
1.1005546095e-04 1.0564888545e+04 1.5707963268e+00 1.3232670438e+00
1.1051925035e-04 1.0554912837e+04 1.5707963268e+00 1.3279886587e+00
1.1098533126e-04 1.0544876321e+04 1.5707963268e+00 1.3327191901e+00
1.1145374496e-04 1.0534778547e+04 1.5707963268e+00 1.3374587179e+00
1.1192453384e-04 1.0524619065e+04 1.5707963268e+00 1.3422073228e+00
1.1239774140e-04 1.0514397415e+04 1.5707963268e+00 1.3469650867e+00
1.1287341234e-04 1.0504113135e+04 1.5707963268e+00 1.3517320921e+00
1.1335159258e-04 1.0493765756e+04 1.5707963268e+00 1.3565084229e+00
1.1383232930e-04 1.0483354802e+04 1.5707963268e+00 1.3612941638e+00
1.1431567101e-04 1.0472879794e+04 1.5707963268e+00 1.3660894006e+00
1.1480166757e-04 1.0462340245e+04 1.5707963268e+00 1.3708942203e+00
1.1529037026e-04 1.0451735663e+04 1.5707963268e+00 1.3757087108e+00
1.1578183185e-04 1.0441065550e+04 1.5707963268e+00 1.3805329612e+00
1.1627610661e-04 1.0430329400e+04 1.5707963268e+00 1.3853670617e+00
1.1677325043e-04 1.0419526705e+04 1.5707963268e+00 1.3902111037e+00
1.1727332082e-04 1.0408656946e+04 1.5707963268e+00 1.3950651796e+00
1.1777637704e-04 1.0397719601e+04 1.5707963268e+00 1.3999293831e+00
1.1828248010e-04 1.0386714139e+04 1.5707963268e+00 1.4048038092e+00
1.1879169291e-04 1.0375640024e+04 1.5707963268e+00 1.4096885539e+00
1.1930408028e-04 1.0364496714e+04 1.5707963268e+00 1.4145837147e+00
1.1981970908e-04 1.0353283657e+04 1.5707963268e+00 1.4194893902e+00
1.2033864823e-04 1.0342000297e+04 1.5707963268e+00 1.4244056803e+00
1.2086096889e-04 1.0330646071e+04 1.5707963268e+00 1.4293326863e+00
1.2138674448e-04 1.0319220407e+04 1.5707963268e+00 1.4342705107e+00
1.2191605081e-04 1.0307722727e+04 1.5707963268e+00 1.4392192576e+00
1.2244896618e-04 1.0296152445e+04 1.5707963268e+00 1.4441790323e+00
1.2298557149e-04 1.0284508967e+04 1.5707963268e+00 1.4491499416e+00
1.2352595037e-04 1.0272791695e+04 1.5707963268e+00 1.4541320936e+00
1.2407018927e-04 1.0261000018e+04 1.5707963268e+00 1.4591255981e+00
1.2461837764e-04 1.0249133320e+04 1.5707963268e+00 1.4641305662e+00
1.2517060800e-04 1.0237190978e+04 1.5707963268e+00 1.4691471107e+00
1.2572697616e-04 1.0225172359e+04 1.5707963268e+00 1.4741753457e+00
1.2628758133e-04 1.0213076823e+04 1.5707963268e+00 1.4792153873e+00
1.2685252629e-04 1.0200903721e+04 1.5707963268e+00 1.4842673527e+00
1.2742191757e-04 1.0188652396e+04 1.5707963268e+00 1.4893313611e+00
1.2799586565e-04 1.0176322182e+04 1.5707963268e+00 1.4944075334e+00
1.2857448513e-04 1.0163912404e+04 1.5707963268e+00 1.4994959919e+00
1.2915789493e-04 1.0151422379e+04 1.5707963268e+00 1.5045968609e+00
1.2974621856e-04 1.0138851416e+04 1.5707963268e+00 1.5097102664e+00
1.3033958432e-04 1.0126198813e+04 1.5707963268e+00 1.5148363362e+00
1.3093812557e-04 1.0113463860e+04 1.5707963268e+00 1.5199752000e+00
1.3154198095e-04 1.0100645836e+04 1.5707963268e+00 1.5251269894e+00
1.3215129476e-04 1.0087744013e+04 1.5707963268e+00 1.5302918377e+00
1.3276621719e-04 1.0074757652e+04 1.5707963268e+00 1.5354698804e+00
1.3338690466e-04 1.0061686004e+04 1.5707963268e+00 1.5406612549e+00
1.3401352019e-04 1.0048528311e+04 1.5707963268e+00 1.5458661007e+00
1.3464623379e-04 1.0035283805e+04 1.5707963268e+00 1.5510845592e+00
1.3528522281e-04 1.0021951708e+04 1.5707963268e+00 1.5563167742e+00
1.3593067242e-04 1.0008531232e+04 1.5707963268e+00 1.5615628914e+00
1.3658277605e-04 9.9950215761e+03 1.5707963268e+00 1.5668230589e+00
1.3724173592e-04 9.9814219330e+03 1.5707963268e+00 1.5720974268e+00
1.3790776354e-04 9.9677314825e+03 1.5707963268e+00 1.5773861478e+00
1.3858108031e-04 9.9539493943e+03 1.5707963268e+00 1.5826893767e+00
1.3926191814e-04 9.9400748275e+03 1.5707963268e+00 1.5880072709e+00
1.3995052015e-04 9.9261069304e+03 1.5707963268e+00 1.5933399900e+00
1.4064714134e-04 9.9120448404e+03 1.5707963268e+00 1.5986876963e+00
1.4135204948e-04 9.8978876839e+03 1.5707963268e+00 1.6040505546e+00
1.4206552586e-04 9.8836345766e+03 1.5707963268e+00 1.6094287322e+00
1.4278786631e-04 9.8692846231e+03 1.5707963268e+00 1.6148223991e+00
1.4351938217e-04 9.8548369168e+03 1.5707963268e+00 1.6202317280e+00
1.4426040139e-04 9.8402905403e+03 1.5707963268e+00 1.6256568944e+00
1.4501126977e-04 9.8256445652e+03 1.5707963268e+00 1.6310980766e+00
1.4577235224e-04 9.8108980522e+03 1.5707963268e+00 1.6365554558e+00
1.4654403431e-04 9.7960500511e+03 1.5707963268e+00 1.6420292160e+00
1.4732672364e-04 9.7810996010e+03 1.5707963268e+00 1.6475195444e+00
1.4812085180e-04 9.7660457303e+03 1.5707963268e+00 1.6530266312e+00
1.4892687612e-04 9.7508874573e+03 1.5707963268e+00 1.6585506697e+00
1.4974528181e-04 9.7356237899e+03 1.5707963268e+00 1.6640918563e+00
1.5057658429e-04 9.7202537263e+03 1.5707963268e+00 1.6696503909e+00
1.5142133169e-04 9.7047762553e+03 1.5707963268e+00 1.6752264764e+00
1.5228010774e-04 9.6891903566e+03 1.5707963268e+00 1.6808203195e+00
1.5315353486e-04 9.6734950015e+03 1.5707963268e+00 1.6864321300e+00
1.5404227767e-04 9.6576891536e+03 1.5707963268e+00 1.6920621215e+00
1.5494704690e-04 9.6417717692e+03 1.5707963268e+00 1.6977105110e+00
1.5586860372e-04 9.6257417986e+03 1.5707963268e+00 1.7033775194e+00
1.5680776465e-04 9.6095981871e+03 1.5707963268e+00 1.7090633712e+00
1.5776540701e-04 9.5933398760e+03 1.5707963268e+00 1.7147682949e+00
1.5874247512e-04 9.5769658042e+03 1.5707963268e+00 1.7204925226e+00
1.5973998728e-04 9.5604749098e+03 1.5707963268e+00 1.7262362908e+00
1.6075904366e-04 9.5438661324e+03 1.5707963268e+00 1.7319998397e+00
1.6180083534e-04 9.5271384150e+03 1.5707963268e+00 1.7377834139e+00
1.6286665451e-04 9.5102907071e+03 1.5707963268e+00 1.7435872621e+00
1.6395790629e-04 9.4933219678e+03 1.5707963268e+00 1.7494116372e+00
1.6507612217e-04 9.4762311693e+03 1.5707963268e+00 1.7552567966e+00
1.6622297562e-04 9.4590173019e+03 1.5707963268e+00 1.7611230021e+00
1.6740030013e-04 9.4416793787e+03 1.5707963268e+00 1.7670105198e+00
1.6861011019e-04 9.4242164422e+03 1.5707963268e+00 1.7729196206e+00
1.6985462583e-04 9.4066275715e+03 1.5707963268e+00 1.7788505798e+00
1.7113630146e-04 9.3889118914e+03 1.5707963268e+00 1.7848036776e+00
1.7245785992e-04 9.3710685826e+03 1.5707963268e+00 1.7907791985e+00
1.7382233293e-04 9.3530968944e+03 1.5707963268e+00 1.7967774319e+00
1.7523310939e-04 9.3349961604e+03 1.5707963268e+00 1.8027986720e+00
1.7669399354e-04 9.3167658167e+03 1.5707963268e+00 1.8088432175e+00
1.7820927530e-04 9.2984054249e+03 1.5707963268e+00 1.8149113718e+00
1.7978381625e-04 9.2799146999e+03 1.5707963268e+00 1.8210034429e+00
1.8142315522e-04 9.2612935446e+03 1.5707963268e+00 1.8271197433e+00
1.8313363951e-04 9.2425420932e+03 1.5707963268e+00 1.8332605897e+00
1.8492258922e-04 9.2236607655e+03 1.5707963268e+00 1.8394263031e+00
1.8679850537e-04 9.2046503362e+03 1.5707963268e+00 1.8456172079e+00
1.8877133649e-04 9.1855120244e+03 1.5707963268e+00 1.8518336323e+00
1.9085282448e-04 9.1662476086e+03 1.5707963268e+00 1.8580759071e+00
1.9305695959e-04 9.1468595802e+03 1.5707963268e+00 1.8643443652e+00
1.9540058853e-04 9.1273513474e+03 1.5707963268e+00 1.8706393408e+00
1.9790424136e-04 9.1077275133e+03 1.5707963268e+00 1.8769611681e+00
2.0059327865e-04 9.0879942617e+03 1.5707963268e+00 1.8833101792e+00
2.0349951879e-04 9.0681599023e+03 1.5707963268e+00 1.8896867025e+00
2.0666360708e-04 9.0482356643e+03 1.5707963268e+00 1.8960910590e+00
2.1013856917e-04 9.0282368803e+03 1.5707963268e+00 1.9025235584e+00
2.1399533167e-04 9.0081848157e+03 1.5707963268e+00 1.9089844926e+00
2.1833166509e-04 8.9881096091e+03 1.5707963268e+00 1.9154741267e+00
2.2328742441e-04 8.9680552313e+03 1.5707963268e+00 1.9219926858e+00
2.2907220660e-04 8.9480883539e+03 1.5707963268e+00 1.9285403334e+00
2.3601973002e-04 8.9283154445e+03 1.5707963268e+00 1.9351171371e+00
2.4470673408e-04 8.9089191043e+03 1.5707963268e+00 1.9417230067e+00
2.5625466749e-04 8.8902464853e+03 1.5707963268e+00 1.9483575781e+00
2.7329136266e-04 8.8730729162e+03 1.5707963268e+00 1.9550199610e+00
