0.0000000000e+00 9.5793902915e+03 1.5707963268e+00 0.0000000000e+00
5.4353848329e-07 9.5793902915e+03 1.5707963268e+00 -4.6296296296e-03
1.0870769666e-06 9.5793104450e+03 1.5707963268e+00 -9.2592592593e-03
1.6306720814e-06 9.5791507561e+03 1.5707963268e+00 -1.3888966067e-02
2.1743804819e-06 9.5789112247e+03 1.5707963268e+00 -1.8518827231e-02
2.7182588859e-06 9.5785918462e+03 1.5707963268e+00 -2.3148919939e-02
3.2623641169e-06 9.5781926116e+03 1.5707963268e+00 -2.7779321398e-02
3.8067531454e-06 9.5777135076e+03 1.5707963268e+00 -3.2410108847e-02
4.3514831305e-06 9.5771545166e+03 1.5707963268e+00 -3.7041359562e-02
4.8966114628e-06 9.5765156165e+03 1.5707963268e+00 -4.1673150872e-02
5.4421958066e-06 9.5757967809e+03 1.5707963268e+00 -4.6305560162e-02
5.9882941431e-06 9.5749979793e+03 1.5707963268e+00 -5.0938664892e-02
6.5349648139e-06 9.5741191763e+03 1.5707963268e+00 -5.5572542598e-02
7.0822665660e-06 9.5731603327e+03 1.5707963268e+00 -6.0207270908e-02
7.6302585960e-06 9.5721214045e+03 1.5707963268e+00 -6.4842927549e-02
8.1790005966e-06 9.5710023436e+03 1.5707963268e+00 -6.9479590361e-02
8.7285528034e-06 9.5698030975e+03 1.5707963268e+00 -7.4117337302e-02
9.2789760424e-06 9.5685236092e+03 1.5707963268e+00 -7.8756246462e-02
9.8303317793e-06 9.5671638173e+03 1.5707963268e+00 -8.3396396072e-02
1.0382682170e-05 9.5657236562e+03 1.5707963268e+00 -8.8037864514e-02
1.0936090110e-05 9.5642030557e+03 1.5707963268e+00 -9.2680730332e-02
1.1490619290e-05 9.5626019414e+03 1.5707963268e+00 -9.7325072241e-02
1.2046334251e-05 9.5609202342e+03 1.5707963268e+00 -1.0197096914e-01
1.2603300436e-05 9.5591578509e+03 1.5707963268e+00 -1.0661850012e-01
1.3161584251e-05 9.5573147036e+03 1.5707963268e+00 -1.1126774448e-01
1.3721253126e-05 9.5553907000e+03 1.5707963268e+00 -1.1591878173e-01
1.4282375574e-05 9.5533857435e+03 1.5707963268e+00 -1.2057169160e-01
1.4845021258e-05 9.5512997328e+03 1.5707963268e+00 -1.2522655405e-01
1.5409261054e-05 9.5491325624e+03 1.5707963268e+00 -1.2988344932e-01
1.5975167125e-05 9.5468841219e+03 1.5707963268e+00 -1.3454245786e-01
1.6542812987e-05 9.5445542967e+03 1.5707963268e+00 -1.3920366042e-01
1.7112273589e-05 9.5421429676e+03 1.5707963268e+00 -1.4386713803e-01
1.7683625387e-05 9.5396500107e+03 1.5707963268e+00 -1.4853297200e-01
1.8256946430e-05 9.5370752978e+03 1.5707963268e+00 -1.5320124393e-01
1.8832316437e-05 9.5344186959e+03 1.5707963268e+00 -1.5787203576e-01
1.9409816895e-05 9.5316800675e+03 1.5707963268e+00 -1.6254542973e-01
1.9989531143e-05 9.5288592704e+03 1.5707963268e+00 -1.6722150844e-01
2.0571544477e-05 9.5259561579e+03 1.5707963268e+00 -1.7190035482e-01
2.1155944244e-05 9.5229705784e+03 1.5707963268e+00 -1.7658205216e-01
2.1742819955e-05 9.5199023760e+03 1.5707963268e+00 -1.8126668413e-01
2.2332263394e-05 9.5167513898e+03 1.5707963268e+00 -1.8595433478e-01
2.2924368738e-05 9.5135174543e+03 1.5707963268e+00 -1.9064508856e-01
2.3519232676e-05 9.5102003992e+03 1.5707963268e+00 -1.9533903032e-01
2.4116954547e-05 9.5068000495e+03 1.5707963268e+00 -2.0003624532e-01
2.4717636472e-05 9.5033162255e+03 1.5707963268e+00 -2.0473681928e-01
2.5321383499e-05 9.4997487425e+03 1.5707963268e+00 -2.0944083835e-01
2.5928303760e-05 9.4960974111e+03 1.5707963268e+00 -2.1414838914e-01
2.6538508631e-05 9.4923620371e+03 1.5707963268e+00 -2.1885955872e-01
2.7152112900e-05 9.4885424215e+03 1.5707963268e+00 -2.2357443466e-01
2.7769234954e-05 9.4846383601e+03 1.5707963268e+00 -2.2829310502e-01
2.8389996967e-05 9.4806496443e+03 1.5707963268e+00 -2.3301565838e-01
2.9014525105e-05 9.4765760601e+03 1.5707963268e+00 -2.3774218383e-01
2.9642949742e-05 9.4724173888e+03 1.5707963268e+00 -2.4247277100e-01
3.0275405689e-05 9.4681734068e+03 1.5707963268e+00 -2.4720751009e-01
3.0912032439e-05 9.4638438853e+03 1.5707963268e+00 -2.5194649184e-01
3.1552974425e-05 9.4594285908e+03 1.5707963268e+00 -2.5668980759e-01
3.2198381300e-05 9.4549272846e+03 1.5707963268e+00 -2.6143754927e-01
3.2848408230e-05 9.4503397230e+03 1.5707963268e+00 -2.6618980941e-01
3.3503216209e-05 9.4456656573e+03 1.5707963268e+00 -2.7094668117e-01
3.4162972395e-05 9.4409048338e+03 1.5707963268e+00 -2.7570825836e-01
3.4827850471e-05 9.4360569937e+03 1.5707963268e+00 -2.8047463543e-01
3.5498031032e-05 9.4311218732e+03 1.5707963268e+00 -2.8524590750e-01
3.6173701993e-05 9.4260992033e+03 1.5707963268e+00 -2.9002217039e-01
3.6855059038e-05 9.4209887101e+03 1.5707963268e+00 -2.9480352060e-01
3.7542306089e-05 9.4157901147e+03 1.5707963268e+00 -2.9959005536e-01
3.8235655822e-05 9.4105031329e+03 1.5707963268e+00 -3.0438187264e-01
3.8935330219e-05 9.4051274756e+03 1.5707963268e+00 -3.0917907115e-01
3.9641561154e-05 9.3996628489e+03 1.5707963268e+00 -3.1398175036e-01
4.0354591039e-05 9.3941089536e+03 1.5707963268e+00 -3.1879001054e-01
4.1074673513e-05 9.3884654858e+03 1.5707963268e+00 -3.2360395274e-01
4.1802074188e-05 9.3827321364e+03 1.5707963268e+00 -3.2842367886e-01
4.2537071462e-05 9.3769085916e+03 1.5707963268e+00 -3.3324929159e-01
4.3279957390e-05 9.3709945329e+03 1.5707963268e+00 -3.3808089451e-01
4.4031038644e-05 9.3649896367e+03 1.5707963268e+00 -3.4291859207e-01
4.4790637544e-05 9.3588935752e+03 1.5707963268e+00 -3.4776248957e-01
4.5559093187e-05 9.3527060157e+03 1.5707963268e+00 -3.5261269327e-01
4.6336762677e-05 9.3464266210e+03 1.5707963268e+00 -3.5746931031e-01
4.7124022469e-05 9.3400550498e+03 1.5707963268e+00 -3.6233244881e-01
4.7921269838e-05 9.3335909564e+03 1.5707963268e+00 -3.6720221783e-01
4.8728924489e-05 9.3270339911e+03 1.5707963268e+00 -3.7207872742e-01
4.9547430324e-05 9.3203838004e+03 1.5707963268e+00 -3.7696208862e-01
5.0377257384e-05 9.3136400273e+03 1.5707963268e+00 -3.8185241351e-01
5.1218903993e-05 9.3068023111e+03 1.5707963268e+00 -3.8674981521e-01
5.2072899118e-05 9.2998702883e+03 1.5707963268e+00 -3.9165440787e-01
5.2939804980e-05 9.2928435926e+03 1.5707963268e+00 -3.9656630674e-01
5.3820219952e-05 9.2857218551e+03 1.5707963268e+00 -4.0148562818e-01
5.4714781774e-05 9.2785047053e+03 1.5707963268e+00 -4.0641248963e-01
5.5624171127e-05 9.2711917710e+03 1.5707963268e+00 -4.1134700971e-01
5.6549115631e-05 9.2637826791e+03 1.5707963268e+00 -4.1628930815e-01
5.7490394304e-05 9.2562770562e+03 1.5707963268e+00 -4.2123950589e-01
5.8448842570e-05 9.2486745296e+03 1.5707963268e+00 -4.2619772504e-01
5.9425357885e-05 9.2409747277e+03 1.5707963268e+00 -4.3116408894e-01
6.0420906079e-05 9.2331772812e+03 1.5707963268e+00 -4.3613872213e-01
6.1436528528e-05 9.2252818243e+03 1.5707963268e+00 -4.4112175042e-01
6.2473350286e-05 9.2172879957e+03 1.5707963268e+00 -4.4611330086e-01
6.3532589334e-05 9.2091954405e+03 1.5707963268e+00 -4.5111350179e-01
6.4615567145e-05 9.2010038114e+03 1.5707963268e+00 -4.5612248283e-01
6.5723720781e-05 9.1927127711e+03 1.5707963268e+00 -4.6114037491e-01
6.6858616806e-05 9.1843219944e+03 1.5707963268e+00 -4.6616731024e-01
6.8021967353e-05 9.1758311711e+03 1.5707963268e+00 -4.7120342239e-01
6.9215648740e-05 9.1672400086e+03 1.5707963268e+00 -4.7624884622e-01
7.0441723162e-05 9.1585482366e+03 1.5707963268e+00 -4.8130371792e-01
7.1702464068e-05 9.1497556105e+03 1.5707963268e+00 -4.8636817501e-01
7.3000385998e-05 9.1408619172e+03 1.5707963268e+00 -4.9144235633e-01
7.4338279866e-05 9.1318669809e+03 1.5707963268e+00 -4.9652640200e-01
7.5719254909e-05 9.1227706709e+03 1.5707963268e+00 -5.0162045344e-01
7.7146788879e-05 9.1135729102e+03 1.5707963268e+00 -5.0672465331e-01
7.8624788485e-05 9.1042736863e+03 1.5707963268e+00 -5.1183914549e-01
8.0157662695e-05 9.0948730645e+03 1.5707963268e+00 -5.1696407503e-01
8.1750412327e-05 9.0853712039e+03 1.5707963268e+00 -5.2209958807e-01
8.3408740439e-05 9.0757683777e+03 1.5707963268e+00 -5.2724583175e-01
8.5139189588e-05 9.0660649973e+03 1.5707963268e+00 -5.3240295413e-01
8.6949314153e-05 9.0562616447e+03 1.5707963268e+00 -5.3757110401e-01
8.8847899018e-05 9.0463591113e+03 1.5707963268e+00 -5.4275043077e-01
9.0845240349e-05 9.0363584501e+03 1.5707963268e+00 -5.4794108416e-01
9.2953510779e-05 9.0262610420e+03 1.5707963268e+00 -5.5314321399e-01
9.5187241245e-05 9.0160686840e+03 1.5707963268e+00 -5.5835696975e-01
9.7563966963e-05 9.0057837075e+03 1.5707963268e+00 -5.6358250013e-01
1.0010510911e-04 8.9954091397e+03 1.5707963268e+00 -5.6881995245e-01
1.0283720285e-04 8.9849489280e+03 1.5707963268e+00 -5.7406947175e-01
1.0579364768e-04 8.9744082585e+03 1.5707963268e+00 -5.7933119973e-01
1.0901726918e-04 8.9637940225e+03 1.5707963268e+00 -5.8460527329e-01
1.1256418591e-04 8.9531155148e+03 1.5707963268e+00 -5.8989182237e-01
1.1650986163e-04 8.9423855219e+03 1.5707963268e+00 -5.9519096712e-01
1.2095899764e-04 8.9316220851e+03 1.5707963268e+00 -6.0050281354e-01
1.2606257726e-04 8.9208515031e+03 1.5707963268e+00 -6.0582744709e-01
1.3204922684e-04 8.9101137739e+03 1.5707963268e+00 -6.1116492252e-01
1.3928799402e-04 8.8994732572e+03 1.5707963268e+00 -6.1651524703e-01
1.4842901075e-04 8.8890418524e+03 1.5707963268e+00 -6.2187835032e-01
1.6077339791e-04 8.8790372373e+03 1.5707963268e+00 -6.2725402621e-01
1.7952417995e-04 8.8699657665e+03 1.5707963268e+00 -6.3264180273e-01
